[{"mapping": [6, 5, 1, 0, 8, 7, 11, 10, 9, 3, 2, 12], "R": [[0.8645986156956704, -0.5024631665476887, -1.7213521112434813e-09], [-0.5024631665476887, -0.8645986156956704, 1.801626534411641e-09], [-2.3935296259227456e-09, -6.927677750939439e-10, -1.0]], "T": [-0.013582877912335964, -0.07479138793756478, -1.8958898851329124e-10], "aligned_model": [[-0.08964361235770685, -0.08964360958921262, 0.5822830760045372, 0.5822830773887844, 0.02638307435688747, 0.026383057814143823, -0.5539973523305954, -0.5539973509463483, 0.4907368165900052, -0.3952671227703129, -0.39526712138606573, -0.08964361097345973], [-0.04122548181808414, -0.041225484715685816, -0.09765714970766864, -0.09765715115646947, 0.5270279108408806, 0.5270279256450162, 0.09151400969344949, 0.09151400824464868, 0.3942884318114951, -0.6151410434355536, -0.6151410448843545, -0.041225483266884994], [-0.8041626862352466, 0.8041626862388697, -0.40208134437500875, 0.40208134186204936, -0.4020813422926599, 0.40208134394439826, -0.40208134207825424, 0.40208134415880387, -2.1259407798278247e-10, -0.40208134362461334, 0.40208134261244477, 1.8115539894690055e-12]], "inverted": false, "swapped": true, "error_lsq": 0.025843789623781102, "error_max": 0.11171848306791594, "target": "averaged_4.xyz", "model": "0.xyz", "model_rescale": 4.5108708085295355, "target_rescale": 4.449845859852703},
{"mapping": [6, 5, 1, 0, 8, 7, 11, 10, 9, 3, 2, 12], "R": [[0.8645986156956702, -0.5024631665476894, -1.7213524635233968e-09], [-0.5024631665476894, -0.8645986156956702, 1.801626681871416e-09], [-2.3935300045965783e-09, -6.927677255797777e-10, -1.0000000000000002]], "T": [-0.013582877912335995, -0.0747913879375648, -1.8958907296728355e-10], "aligned_model": [[-0.08964361235770715, -0.08964360958921236, 0.5822830760045371, 0.5822830773887845, 0.026383074356887765, 0.026383057814144326, -0.5539973523305955, -0.5539973509463483, 0.4907368165900056, -0.39526712277031334, -0.395267121386066, -0.08964361097345973], [-0.041225481818084, -0.041225484715685906, -0.097657149707669, -0.09765715115646995, 0.5270279108408807, 0.5270279256450162, 0.0915140096934499, 0.09151400824464893, 0.39428843181149487, -0.6151410434355535, -0.6151410448843544, -0.04122548326688496], [-0.8041626862352469, 0.8041626862388698, -0.40208134437500914, 0.4020813418620492, -0.40208134229266, 0.4020813439443984, -0.4020813420782542, 0.40208134415880414, -2.1259427092807063e-10, -0.40208134362461345, 0.4020813426124449, 1.8115012797660786e-12]], "inverted": false, "swapped": true, "error_lsq": 0.025843789623781106, "error_max": 0.11171848306791604, "target": "averaged_4.xyz", "model": "1.xyz", "model_rescale": 4.510870808529536, "target_rescale": 4.449845859852703},
{"mapping": [6, 5, 1, 0, 8, 7, 11, 10, 9, 3, 2, 12], "R": [[0.8645986156956702, -0.5024631665476894, -1.7213521525407718e-09], [-0.5024631665476894, -0.8645986156956702, 1.8016266179432443e-09], [-2.3935297035998797e-09, -6.927678265648837e-10, -1.0000000000000002]], "T": [-0.013582877912336016, -0.0747913879375648, -1.8958894861044443e-10], "aligned_model": [[-0.08964361235770693, -0.08964360958921264, 0.5822830760045372, 0.5822830773887844, 0.02638307435688787, 0.02638305781414418, -0.5539973523305954, -0.5539973509463484, 0.49073681659000556, -0.3952671227703133, -0.3952671213860662, -0.08964361097345976], [-0.04122548181808405, -0.04122548471568585, -0.09765714970766903, -0.09765715115646992, 0.5270279108408807, 0.5270279256450162, 0.09151400969344987, 0.09151400824464896, 0.39428843181149487, -0.6151410434355535, -0.6151410448843544, -0.04122548326688496], [-0.8041626862352467, 0.80416268623887, -0.4020813443750088, 0.4020813418620495, -0.40208134229265996, 0.4020813439443985, -0.4020813420782543, 0.40208134415880403, -2.1259401972398418e-10, -0.40208134362461345, 0.4020813426124449, 1.8115998372318557e-12]], "inverted": false, "swapped": true, "error_lsq": 0.025843789623781113, "error_max": 0.11171848306791594, "target": "averaged_4.xyz", "model": "2.xyz", "model_rescale": 4.5108708085295355, "target_rescale": 4.449845859852703},
{"mapping": [4, 5, 9, 10, 7, 0, 1, 2, 3, 8, 11, 12, 13], "R": [[-0.5296834617332971, 0.8464503552299083, 0.05438038706549333], [-0.8461101055975615, -0.5317870942866638, 0.0360579471937875], [0.059440050234785484, -0.02691249674981905, 0.9978690284535225]], "T": [0.03848291880144869, -0.015443934266410681, -0.033862440855560574], "aligned_model": [[0.5088635841552324, 0.5520128242475874, -0.1674762450662735, -0.12432700497391852, 0.58161134311049, -0.042786014412960954, 0.04351246577174898, -0.3624339066555722, -0.3192846665632172, 0.18673405492718284, -0.5488048533548117, -0.5056556132624567, 0.00036322567939400807], [-0.31547927588521846, -0.28686835373734243, 0.5171000881560661, 0.5457110103039422, 0.4313513946624551, 0.03130589477658012, 0.08852773907233218, -0.5515844828648168, -0.5229735607169407, -0.6298283936435319, 0.13816054008761114, 0.16677146223548717, 0.05991681692445615], [-0.4462373401698467, 0.34554242847375927, -0.4394643882443705, 0.35231538039923543, 0.31797657775656124, -0.8262879759291837, 0.7572715613580279, -0.39022301134399046, 0.4015567572996155, -0.019740859940952905, -0.40499034550844154, 0.3867894231351644, -0.03450820728557789]], "inverted": false, "swapped": false, "error_lsq": 0.03619558451309249, "error_max": 0.3252768357891581, "target": "averaged_4.xyz", "model": "3.xyz", "model_rescale": 4.509807743048502, "target_rescale": 4.449845859852703},
{"mapping": [4, 5, 9, 10, 7, 0, 1, 2, 3, 8, 11, 12, 13], "R": [[-0.5296834617332975, 0.8464503552299084, 0.0543803870654932], [-0.8461101055975616, -0.5317870942866643, 0.03605794719378741], [0.059440050234785345, -0.026912496749818965, 0.9978690284535229]], "T": [0.03848291880144872, -0.015443934266410685, -0.03386244085556049], "aligned_model": [[0.5088635841552325, 0.5520128242475874, -0.16747624506627332, -0.12432700497391844, 0.5816113431104902, -0.04278601441296083, 0.04351246577174893, -0.36243390665557235, -0.31928466656321747, 0.18673405492718273, -0.5488048533548117, -0.5056556132624569, 0.00036322567939404277], [-0.31547927588521874, -0.28686835373734276, 0.5171000881560665, 0.5457110103039423, 0.43135139466245503, 0.031305894776580225, 0.08852773907233213, -0.5515844828648168, -0.5229735607169409, -0.6298283936435322, 0.13816054008761142, 0.1667714622354874, 0.05991681692445618], [-0.4462373401698466, 0.34554242847375927, -0.4394643882443705, 0.3523153803992354, 0.3179765777565613, -0.8262879759291839, 0.7572715613580284, -0.39022301134399057, 0.4015567572996153, -0.019740859940952944, -0.40499034550844165, 0.38678942313516423, -0.03450820728557791]], "inverted": false, "swapped": false, "error_lsq": 0.036195584513092474, "error_max": 0.32527683578915817, "target": "averaged_4.xyz", "model": "4.xyz", "model_rescale": 4.509807743048502, "target_rescale": 4.449845859852703},
{"mapping": [0, 6, 8, 5, 4, 2, 7, 11, 10, 9, 3, 1, 13], "R": [[0.4130354949989405, -0.4542949563350109, 0.7893147487026649], [-0.38646306538405045, -0.8722245239041468, -0.29978438750900277], [0.8246502161310235, -0.18121940444873819, -0.535827909394706]], "T": [-0.05745176833951422, -0.023676590000461132, -0.006141720608883064], "aligned_model": [[0.5540021433348422, 0.6186384916759096, -0.034811865591645175, -0.10401599897017567, 0.5222820735166894, -0.030918142202057478, -0.007659580810955538, -0.06840229734848914, -0.4224887785043627, 0.20380929398250242, -0.6572162146889227, -0.6985940016388877, -0.07229592915202293], [-0.34148411941331974, -0.20631787125682388, 0.5412943504072061, 0.5837331886100681, 0.3458630811945648, 0.06763648477522625, 0.03155223615867937, -0.5772717919358847, -0.4355866236818664, -0.6734567310973697, 0.3055065921907295, 0.13425609541768674, -0.10361401199781643], [-0.4084486964428827, 0.35155838975778614, -0.28888074096627864, 0.3258482904118303, -0.09931541948989243, -0.758558981205543, 0.7767220996595089, -0.4529634096374912, 0.4270018561495515, 0.0018381462478288067, -0.33339527130382035, 0.4418787233605626, 0.016715013458840147]], "inverted": true, "swapped": false, "error_lsq": 0.038597078683703316, "error_max": 0.21826226401581938, "target": "averaged_4.xyz", "model": "5.xyz", "model_rescale": 4.509807743048502, "target_rescale": 4.449845859852703},
{"mapping": [4, 5, 9, 10, 6, 0, 1, 2, 3, 8, 11, 12, 13], "R": [[-0.5296833790641938, 0.8464504073687398, -0.05438038073085098], [-0.846110157829042, -0.5317870112477528, -0.03605794623514301], [-0.059440043418991034, 0.026912497719038135, 0.9978690288333792]], "T": [0.03848291258514428, -0.015443923922066748, 0.03386244158971215], "aligned_model": [[0.5520129552197462, 0.5088637186550634, -0.12432679133220395, -0.1674760278968869, 0.5816112171817341, 0.043512353482089254, -0.04278611964727661, -0.3192845428955654, -0.36243377946024835, 0.18673383243345942, -0.505655751245105, -0.5488049878097879, 0.0003631169174063212], [-0.28686836389215653, -0.31547928627310506, 0.5457108448908963, 0.5170999225099477, 0.4313515304424157, 0.08852780749822073, 0.03130596273632376, -0.522973664727007, -0.5515845871079555, -0.6298282133362274, 0.1667714819467018, 0.13816055956575332, 0.059916885117272244], [-0.3455424376678782, 0.44623735877762044, -0.35231538720215383, 0.4394644092433448, -0.3179765965659158, -0.7572715917544534, 0.8262880011365435, -0.40155676450396743, 0.3902230319415312, 0.01974085468482882, -0.386789439613022, 0.4049903568324766, 0.03450820469104508]], "inverted": false, "swapped": false, "error_lsq": 0.03619558179739697, "error_max": 0.3252768678008423, "target": "averaged_4.xyz", "model": "6.xyz", "model_rescale": 4.509807586411629, "target_rescale": 4.449845859852703},
{"mapping": [4, 5, 9, 10, 7, 0, 1, 2, 3, 8, 11, 12, 13], "R": [[-0.5296833788425811, 0.8464504072214776, 0.05438038518161836], [-0.8461101577405381, -0.5317870113189375, 0.03605794726206635], [0.05944004665365209, -0.026912500944111434, 0.99786902855372]], "T": [0.038482912434672834, -0.015443923959763402, -0.033862441839167735], "aligned_model": [[0.5088637166506633, 0.5520129567468995, -0.1674760298283881, -0.12432678973215183, 0.5816112186228242, -0.0427861233283153, 0.04351235686415725, -0.36243378122702247, -0.31928454113078625, 0.18673383231443683, -0.5488049896070246, -0.5056557495107883, 0.00036311676792096653], [-0.31547928676046133, -0.28686836356467926, 0.517099922064269, 0.5457108452600511, 0.4313515307399292, 0.03130596188508229, 0.08852780827664634, -0.551584587492822, -0.52297366429704, -0.6298282133669553, 0.13816055917520684, 0.16677148237098885, 0.05991688508086432], [-0.4462373608146204, 0.34554243540897644, -0.43946440912408696, 0.3523153870995099, 0.31797659343391327, -0.8262880010719095, 0.7572715913752848, -0.3902230298502823, 0.40155676637331456, -0.01974085496125903, -0.40499035462206273, 0.3867894416015341, -0.03450820484831244]], "inverted": false, "swapped": false, "error_lsq": 0.03619558160686282, "error_max": 0.32527686493160635, "target": "averaged_4.xyz", "model": "7.xyz", "model_rescale": 4.509807586411629, "target_rescale": 4.449845859852703},
{"mapping": [0, 6, 8, 5, 4, 2, 7, 11, 10, 9, 3, 1, 13], "R": [[0.4130354687867461, -0.45429498899952275, 0.7893147436188157], [-0.38646311045212495, -0.87222449940646, -0.2997844006862586], [0.8246502081390521, -0.1812194404722465, -0.5358279095112015]], "T": [-0.057451773539530716, -0.023676595477340343, -0.0061417228623583085], "aligned_model": [[0.5540021014652285, 0.6186384476184111, -0.0348119947591662, -0.10401593534233702, 0.5222821548635382, -0.03091808268665123, -0.007659642587464134, -0.0684023697239711, -0.42248866743567187, 0.20380942277020334, -0.6572161728925264, -0.6985940789465215, -0.07229598874064673], [-0.3414842432809343, -0.2063180192783678, 0.5412940833020516, 0.5837332913341335, 0.3458631652010419, 0.06763660409934798, 0.03155210685472387, -0.5772718974689118, -0.4355863536643798, -0.6734564797974715, 0.3055067302324396, 0.13425600898524898, -0.10361411714784259], [-0.4084487358075548, 0.35155838229774206, -0.2888807935049845, 0.3258483401592845, -0.09931538460187081, -0.7585589860021092, 0.7767221070588973, -0.45296346676741284, 0.42700191025088086, 0.001838185489725589, -0.3333952612409541, 0.4418787137147556, 0.016714988953600553]], "inverted": true, "swapped": false, "error_lsq": 0.03859708456228488, "error_max": 0.21826235922800757, "target": "averaged_4.xyz", "model": "8.xyz", "model_rescale": 4.509807586411629, "target_rescale": 4.449845859852703},
{"mapping": [6, 7, 11, 12, 5, 0, 1, 2, 3, 8, 9, 10, 13], "R": [[0.5296835111531099, -0.8464503241549045, 0.05438038939332935], [0.8461100745294535, 0.5317871437947562, 0.036057946064328446], [-0.05944005208843615, 0.026912495846207633, 0.9978690283674766]], "T": [0.03848294209072424, -0.015443889124085949, -0.03386244549095879], "aligned_model": [[0.508863520862228, 0.5520127650843126, -0.16747610780369088, -0.1243268635816062, 0.581611327468059, -0.042786204164256894, 0.04351228427991239, -0.362433842132274, -0.3192845979101893, 0.18673414401310962, -0.5488047583965461, -0.5056555141744614, 0.00036304005782774457], [-0.315479215983897, -0.28686829321865254, 0.5171001137124297, 0.5457110364776742, 0.4313514913902305, 0.0313058168574068, 0.08852766238789567, -0.5515845023522642, -0.5229735795870197, -0.6298284485944572, 0.13816056794691903, 0.1667714907121635, 0.05991673962265123], [-0.44623736312531365, 0.3455424473363646, -0.43946441836763883, 0.3523153920940394, 0.3179765936805261, -0.8262880063990592, 0.757271614524297, -0.39022303662613356, 0.40155677383554467, -0.019740865585202785, -0.4049903729458605, 0.38678943751581774, -0.03450819593738106]], "inverted": false, "swapped": false, "error_lsq": 0.03619556989030995, "error_max": 0.325276868076652, "target": "averaged_4.xyz", "model": "9.xyz", "model_rescale": 4.509807504472865, "target_rescale": 4.449845859852703},
{"mapping": [6, 7, 11, 12, 5, 0, 1, 2, 3, 8, 9, 10, 13], "R": [[0.5296835111531099, -0.8464503241549045, 0.05438038939332932], [0.8461100745294535, 0.5317871437947562, 0.03605794606432844], [-0.059440052088436134, 0.026912495846207626, 0.9978690283674766]], "T": [0.03848294209072424, -0.015443889124085949, -0.03386244549095874], "aligned_model": [[0.508863520862228, 0.5520127650843126, -0.16747610780369082, -0.12432686358160623, 0.581611327468059, -0.042786204164256894, 0.04351228427991238, -0.362433842132274, -0.3192845979101893, 0.18673414401310962, -0.5488047583965461, -0.5056555141744614, 0.00036304005782773763], [-0.315479215983897, -0.28686829321865254, 0.5171001137124297, 0.5457110364776742, 0.4313514913902305, 0.0313058168574068, 0.08852766238789568, -0.5515845023522642, -0.5229735795870197, -0.6298284485944572, 0.13816056794691906, 0.16677149071216346, 0.05991673962265123], [-0.44623736312531354, 0.34554244733636447, -0.4394644183676387, 0.3523153920940393, 0.317976593680526, -0.8262880063990592, 0.7572716145242974, -0.39022303662613345, 0.40155677383554456, -0.019740865585202834, -0.4049903729458604, 0.3867894375158176, -0.0345081959373811]], "inverted": false, "swapped": false, "error_lsq": 0.03619556989030994, "error_max": 0.3252768680766519, "target": "averaged_4.xyz", "model": "10.xyz", "model_rescale": 4.509807504472865, "target_rescale": 4.449845859852703},
{"mapping": [0, 4, 8, 7, 6, 2, 5, 9, 12, 11, 3, 1, 13], "R": [[-0.4130355370267038, 0.45429493530974674, 0.7893147388114425], [0.38646299645190463, 0.8722245505454196, -0.2997843988590074], [-0.8246502273852097, 0.18121932892976478, -0.5358279176151315]], "T": [-0.05745174583562119, -0.02367660400728679, -0.006141675768091041], "aligned_model": [[0.5540020517371699, 0.6186385182830368, -0.034811819605029146, -0.10401603649994684, 0.5222820612706386, -0.030918098012369173, -0.0076595794875485915, -0.06840222370587185, -0.4224886962639347, 0.20380940150665072, -0.6572161957829545, -0.698594143804001, -0.07229604603341576], [-0.3414841691683816, -0.20631794601788203, 0.5412944445502176, 0.583733131054706, 0.34586300204961856, 0.0676365221613208, 0.031552182987205496, -0.5772717691460311, -0.4355865449697568, -0.6734566739748443, 0.3055066511664083, 0.13425608884179333, -0.10361404016329406], [-0.40844887640347105, 0.35155842136520493, -0.28888073008881326, 0.32584829325217574, -0.09931544566401676, -0.758558963223075, 0.7767221602813975, -0.4529633304381558, 0.42700198510009685, 0.0018382461839043865, -0.33339522430688256, 0.4418786014289139, 0.01671486251272157]], "inverted": true, "swapped": false, "error_lsq": 0.03859708437360459, "error_max": 0.21826231761862244, "target": "averaged_4.xyz", "model": "11.xyz", "model_rescale": 4.509807504472865, "target_rescale": 4.449845859852703},
{"mapping": [6, 7, 11, 12, 4, 0, 1, 2, 3, 8, 9, 10, 13], "R": [[0.5296834020179766, -0.846450393086859, -0.05438037945587212], [0.8461101434230156, 0.5317870341312898, -0.03605794678750582], [0.0594400439379617, -0.02691249473661672, 0.9978690288829015]], "T": [0.03848285125854492, -0.01544382810954896, 0.03386244042353982], "aligned_model": [[0.5520128652093985, 0.5088636313796213, -0.12432683189191093, -0.1674760657216882, 0.5816113331130818, 0.04351236321651229, -0.042786104443042206, -0.31928460460298624, -0.36243383843276356, 0.18673412396622485, -0.5056557868734906, -0.5488050207032678, 0.0003631293867350435], [-0.28686827032221807, -0.31547919199881824, 0.5457109234650281, 0.517100001788428, 0.43135147655692146, 0.0885275950900488, 0.03130575173684848, -0.5229735381151965, -0.5515844597917967, -0.6298283327926941, 0.16677158600884007, 0.1381606643322399, 0.05991667341344864], [-0.34554242538758284, 0.44623733947596755, -0.35231537144347946, 0.439464393420071, -0.31797657803243207, -0.7572715683387553, 0.8262879613883453, -0.4015567485019512, 0.39022301636159923, 0.01974086444071917, -0.3867894223854235, 0.40499034247812693, 0.034508196524794955]], "inverted": false, "swapped": false, "error_lsq": 0.03619557411489861, "error_max": 0.32527685052303645, "target": "averaged_4.xyz", "model": "12.xyz", "model_rescale": 4.509807766519439, "target_rescale": 4.449845859852703},
{"mapping": [6, 7, 11, 12, 5, 0, 1, 2, 3, 8, 9, 10, 13], "R": [[0.5296834017963633, -0.8464503929395975, 0.054380383906639414], [0.8461101433345124, 0.5317870342024741, 0.03605794781442935], [-0.059440047172622947, 0.02691249796168979, 0.9978690286032424]], "T": [0.0384828511080735, -0.015443828147245584, -0.03386244067299525], "aligned_model": [[0.5088636293752217, 0.552012866736552, -0.1674760676531898, -0.12432683029185942, 0.5816113345541714, -0.0427861081240807, 0.04351236659858006, -0.36243384019953717, -0.3192846028382068, 0.18673412384720278, -0.5488050225005048, -0.5056557851391743, 0.00036312923724966806], [-0.3154791924861743, -0.28686826999474047, 0.5171000013427494, 0.5457109238341833, 0.43135147685443564, 0.03130575088560692, 0.08852759586847458, -0.5515844601766637, -0.52297353768523, -0.6298283328234222, 0.13816066394169302, 0.16677158643312684, 0.05991667337704075], [-0.44623734151296734, 0.34554242312868155, -0.43946439330081327, 0.3523153713408356, 0.3179765749004291, -0.8262879613237112, 0.7572715679595872, -0.3902230142703503, 0.4015567503712986, -0.01974086471715046, -0.4049903402677132, 0.3867894243739357, -0.034508196682062175]], "inverted": false, "swapped": false, "error_lsq": 0.03619557392436441, "error_max": 0.32527684765380055, "target": "averaged_4.xyz", "model": "13.xyz", "model_rescale": 4.509807766519439, "target_rescale": 4.449845859852703},
{"mapping": [0, 4, 8, 7, 6, 2, 5, 9, 12, 11, 3, 1, 13], "R": [[-0.4130354710951082, 0.4542949756823419, 0.7893147500756734], [0.3864631083395408, 0.8722245051212798, -0.29978438678236624], [-0.8246502079729214, 0.18121944635087972, -0.5358279077786993]], "T": [-0.05745180495690778, -0.02367672003783741, -0.00614170221698785], "aligned_model": [[0.5540020609642701, 0.6186384911530215, -0.034811832648657406, -0.1040159749909445, 0.5222820953258438, -0.03091811349584473, -0.007659579163766868, -0.06840239093459283, -0.42248868004461765, 0.20380939027217077, -0.6572161838126331, -0.6985940796693063, -0.07229600935251826], [-0.3414840653379786, -0.20631793504488224, 0.5412943246386852, 0.583733140291856, 0.3458630346908936, 0.067636479790848, 0.03155217055608016, -0.5772719979909919, -0.43558646907060417, -0.6734565746715666, 0.3055065853918104, 0.1342561458639461, -0.10361395973701616], [-0.40844884082666694, 0.35155843067146736, -0.2888806784714822, 0.3258483501991689, -0.09931535620756907, -0.7585589347755448, 0.7767221370782054, -0.4529634309073999, 0.42700191022424294, 0.001838203817504984, -0.3333952283688068, 0.44187857198680885, 0.016714865580071136]], "inverted": true, "swapped": false, "error_lsq": 0.03859707533808618, "error_max": 0.21826225693661336, "target": "averaged_4.xyz", "model": "14.xyz", "model_rescale": 4.509807766519439, "target_rescale": 4.449845859852703},
{"mapping": [5, 6, 0, 1, 10, 11, 7, 8, 9, 2, 3, 12], "R": [[0.8645986112031626, -0.5024631742780387, -1.7213523139886306e-09], [-0.5024631742780387, -0.8645986112031626, 1.8016268309498944e-09], [-2.3935299564094872e-09, -6.927679082080591e-10, -1.0]], "T": [0.013582734011401379, 0.07479149843696252, 1.8958912789213542e-10], "aligned_model": [[0.08964346538816616, 0.0896434681566607, -0.5822832210852769, -0.5822832197010295, 0.5539972055584823, 0.5539972069427295, -0.026383207095926647, -0.02638322363866999, -0.49073696468496825, 0.39526698231638085, 0.3952669837006281, 0.0896434667724134], [0.041225594535027096, 0.04122559163742495, 0.09765726698348669, 0.09765726553468561, -0.09151390257708016, -0.09151390402588121, -0.5270278147882842, -0.5270277999841487, -0.39428831680299037, 0.6151411519711252, 0.6151411505223241, 0.04122559308622603], [-0.8041626862388696, 0.8041626862352467, -0.40208134186204914, 0.402081344375009, -0.4020813441588039, 0.4020813420782542, -0.4020813439443983, 0.4020813422926599, 2.1259419585301663e-10, -0.40208134261244455, 0.40208134362461356, -1.811440693754592e-12]], "inverted": true, "swapped": true, "error_lsq": 0.02584379410938857, "error_max": 0.11171863537961359, "target": "averaged_4.xyz", "model": "15.xyz", "model_rescale": 4.510870436145588, "target_rescale": 4.449845859852703},
{"mapping": [6, 5, 1, 0, 11, 10, 8, 7, 9, 3, 2, 12], "R": [[-0.8645986112031625, 0.5024631742780389, 1.7213524247798682e-09], [0.5024631742780389, 0.8645986112031625, -1.8016269034954903e-09], [-2.3935300886509283e-09, -6.927679152623632e-10, -1.0000000000000002]], "T": [0.01358273401140139, 0.07479149843696253, -1.8958908924366344e-10], "aligned_model": [[0.08964346815666079, 0.08964346538816607, -0.5822832197010295, -0.5822832210852769, 0.5539972069427295, 0.5539972055584822, -0.02638322363867013, -0.026383207095926817, -0.49073696468496836, 0.39526698370062835, 0.39526698231638097, 0.08964346677241342], [0.04122559163742489, 0.041225594535027145, 0.09765726553468573, 0.09765726698348687, -0.09151390402588136, -0.09151390257708023, -0.5270277999841487, -0.5270278147882842, -0.3942883168029902, 0.615141150522324, 0.6151411519711251, 0.04122559308622603], [-0.8041626862352469, 0.8041626862388698, -0.40208134437500914, 0.4020813418620492, -0.4020813420782542, 0.40208134415880414, -0.4020813422926599, 0.4020813439443985, -2.1259417904907386e-10, -0.4020813436246136, 0.4020813426124447, 1.8114902041479284e-12]], "inverted": false, "swapped": true, "error_lsq": 0.025843794109388574, "error_max": 0.11171863537961352, "target": "averaged_4.xyz", "model": "16.xyz", "model_rescale": 4.510870436145588, "target_rescale": 4.449845859852703},
{"mapping": [5, 6, 0, 1, 10, 11, 7, 8, 9, 2, 3, 12], "R": [[0.8645986112031626, -0.5024631742780387, -1.721352457041234e-09], [-0.5024631742780387, -0.8645986112031626, 1.801626867489303e-09], [-2.3935300984522766e-09, -6.927678679213158e-10, -1.0]], "T": [0.013582734011401379, 0.07479149843696252, 1.8958918215012516e-10], "aligned_model": [[0.08964346538816605, 0.08964346815666081, -0.5822832210852769, -0.5822832197010295, 0.5539972055584823, 0.5539972069427295, -0.026383207095926703, -0.026383223638669934, -0.49073696468496825, 0.3952669823163808, 0.3952669837006282, 0.0896434667724134], [0.041225594535027124, 0.041225591637424924, 0.0976572669834867, 0.0976572655346856, -0.09151390257708016, -0.09151390402588121, -0.5270278147882842, -0.5270277999841487, -0.39428831680299037, 0.6151411519711252, 0.6151411505223241, 0.04122559308622603], [-0.8041626862388694, 0.8041626862352468, -0.40208134186204897, 0.40208134437500914, -0.4020813441588039, 0.4020813420782542, -0.40208134394439826, 0.4020813422926599, 2.125943051153532e-10, -0.40208134261244455, 0.40208134362461356, -1.811398542929001e-12]], "inverted": true, "swapped": true, "error_lsq": 0.02584379410938857, "error_max": 0.11171863537961357, "target": "averaged_4.xyz", "model": "17.xyz", "model_rescale": 4.510870436145588, "target_rescale": 4.449845859852703},
{"mapping": [9, 8, 3, 5, 7, 0, 6, 1, 2, 10, 11, 4, 12], "R": [[0.357459179631807, 0.8403613758784422, 0.40745023356067345], [0.43295846203846916, -0.5356737596139592, 0.7249831676737949], [0.8275082507420932, -0.08274286188389923, -0.5553230715187538]], "T": [-0.09074697119365144, -0.1186463409059342, 0.07233280446121695], "aligned_model": [[0.5793859747711387, 0.33860837180496345, -0.3214379035366818, 0.20639410334714064, 0.6650790554141788, -0.04075556409347034, -0.12007658026207463, -0.3672262477026856, -0.2584829122261286, 0.2529152911619234, -0.5521535793130687, -0.6479085871458969, 0.06798777138308673], [-0.06019619889527003, -0.34561310135076434, 0.6333655017193691, 0.7139742746312189, 0.2352817684036624, 0.010956376763258918, 0.13307940487679207, -0.5699384929911678, -0.5743734707746452, -0.6410910686496968, 0.07767385469359894, 0.052470631964942255, 0.006521398979781767], [-0.44181562469175306, 0.451764330176497, -0.19730991974431036, 0.29520568430853944, 0.006810105464536392, -0.8039334718973857, 0.7401599090204999, -0.3589792471854252, 0.4364472149059204, 0.00313860002020748, -0.3706248755389361, 0.24764430496765016, -0.008507009806040147]], "inverted": true, "swapped": false, "error_lsq": 0.05034014202699174, "error_max": 0.33425181647296287, "target": "averaged_4.xyz", "model": "18.xyz", "model_rescale": 4.466005644533647, "target_rescale": 4.449845859852703},
{"mapping": [5, 4, 9, 8, 7, 3, 2, 1, 0, 12, 11, 10, 13], "R": [[0.5296833798200049, -0.8464504070044333, -0.05438037903955434], [0.8461101573864066, 0.5317870119166301, -0.03605794675701851], [0.05944004298456085, -0.026912495960262423, 0.9978690289066909]], "T": [0.0384829093895386, -0.015443862816946086, 0.03386244268637762], "aligned_model": [[0.5520129369077603, 0.5088637028826873, -0.12432679024095553, -0.1674760242660285, 0.5816113863413968, 0.04351223141277254, -0.042786236637373444, -0.3192845373033487, -0.3624337713284217, 0.18673401231535328, -0.505655739922022, -0.5488049739470949, 0.0003629973876995568], [-0.2868682954357765, -0.31547921743671603, 0.5457108907650023, 0.517099968764063, 0.43135146100813365, 0.08852767854517819, 0.03130583454329923, -0.5229735890129668, -0.5515845110139062, -0.6298282532031446, 0.16677153865230715, 0.13816061665136767, 0.05991675654423871], [-0.3455424270788457, 0.4462373474488163, -0.35231537478945996, 0.43946439973820206, -0.31797658041957466, -0.7572715818297894, 0.8262879672255347, -0.4015567509925801, 0.3902230235350819, 0.019740861538408344, -0.3867894258006643, 0.40499034872699774, 0.0345081926978726]], "inverted": true, "swapped": false, "error_lsq": 0.03619557037583869, "error_max": 0.32527685497194153, "target": "averaged_4.xyz", "model": "19.xyz", "model_rescale": 4.509807711582247, "target_rescale": 4.449845859852703},
{"mapping": [3, 7, 12, 4, 5, 1, 6, 11, 8, 9, 0, 2, 13], "R": [[-0.4130354541915208, 0.4542949930961332, 0.789314748898428], [0.38646313727419634, 0.8722244907381587, -0.2997843913294112], [-0.8246502028793723, 0.18121947192380905, -0.5358279069688943]], "T": [-0.05745177437971637, -0.023676659429280364, -0.006141690319464762], "aligned_model": [[0.554001995324397, 0.618638522302741, -0.034811887188584974, -0.10401593494356058, 0.5222821420685028, -0.030918072940441785, -0.0076595547093222666, -0.06840236817441518, -0.42248866740452706, 0.20380940960753624, -0.6572161499525051, -0.6985941586997294, -0.07229608168766626], [-0.3414842058365366, -0.20631790018131285, 0.5412942050181704, 0.5837332013495108, 0.34586308924293585, 0.06763655900741125, 0.03155221192526206, -0.5772719331468583, -0.43558641583078267, -0.6734565279373576, 0.30550667111398616, 0.1342560183766131, -0.10361409372996172], [-0.4084488754424811, 0.351558449401697, -0.28888069639491426, 0.325848380264822, -0.09931533067858261, -0.7585589295800054, 0.7767221603451016, -0.4529634378675821, 0.4270019137933495, 0.001838202849944879, -0.3333952186366008, 0.4418785464443279, 0.016714835500923432]], "inverted": false, "swapped": false, "error_lsq": 0.03859708440422542, "error_max": 0.21826231330429616, "target": "averaged_4.xyz", "model": "20.xyz", "model_rescale": 4.509807711582248, "target_rescale": 4.449845859852703},
{"mapping": [10, 7, 4, 6, 8, 1, 5, 0, 2, 9, 11, 3, 12], "R": [[-0.3574591796318062, -0.8403613758784425, 0.40745023356067367], [-0.43295846203846877, 0.5356737596139589, 0.7249831676737954], [-0.827508250742094, 0.0827428618838989, -0.555323071518753]], "T": [-0.09074697119365153, -0.11864634090593437, 0.07233280446121693], "aligned_model": [[0.5793859747711392, 0.33860837180496334, -0.32143790353668206, 0.2063941033471401, 0.6650790554141788, -0.040755564093469795, -0.12007658026207531, -0.3672262477026852, -0.25848291222612885, 0.2529152911619238, -0.5521535793130687, -0.6479085871458974, 0.06798777138308672], [-0.06019619889526964, -0.3456131013507645, 0.633365501719369, 0.7139742746312188, 0.23528176840366258, 0.010956376763259251, 0.13307940487679168, -0.5699384929911678, -0.5743734707746456, -0.6410910686496968, 0.077673854693599, 0.05247063196494192, 0.006521398979781767], [-0.4418156246917526, 0.4517643301764971, -0.1973099197443101, 0.2952056843085403, 0.006810105464537253, -0.803933471897386, 0.7401599090205001, -0.3589792471854262, 0.4364472149059201, 0.00313860002020723, -0.37062487553893664, 0.24764430496764972, -0.008507009806040022]], "inverted": false, "swapped": false, "error_lsq": 0.05034014202699175, "error_max": 0.33425181647296326, "target": "averaged_4.xyz", "model": "21.xyz", "model_rescale": 4.466005644533646, "target_rescale": 4.449845859852703},
{"mapping": [9, 8, 3, 5, 7, 0, 6, 1, 2, 10, 11, 4, 12], "R": [[0.3574591163801269, 0.8403614171068543, 0.4074502040187229], [0.4329585001985293, -0.5356737013245692, 0.7249831879534012], [0.8275082580993252, -0.08274282051873927, -0.5553230667188467]], "T": [-0.09074697526207197, -0.11864634127854351, 0.07233280423074905], "aligned_model": [[0.5793858980963363, 0.33860846643427533, -0.3214378580753711, 0.2063941279612561, 0.6650791289992126, -0.04075544838401972, -0.12007653460368123, -0.3672261109489571, -0.25848299374959033, 0.252915235531399, -0.5521538658334734, -0.6479085206403085, 0.06798766881534708], [-0.06019609928681441, -0.3456131272069931, 0.6333654268932378, 0.7139742455009117, 0.23528176346954066, 0.010956307428673817, 0.13307935482437788, -0.5699385832478598, -0.5743734210902021, -0.6410909899633481, 0.07767399624651988, 0.05247053621670414, 0.006521469586331818], [-0.4418155943322999, 0.4517643441451189, -0.19730995213553915, 0.29520567539925696, 0.006810119699660153, -0.8039334884815187, 0.7401598998447158, -0.35897926403606, 0.4364472273288233, 0.0031386301131588468, -0.3706248727386002, 0.2476442723099196, -0.008506997116635565]], "inverted": true, "swapped": false, "error_lsq": 0.05034013794991957, "error_max": 0.33425176659838085, "target": "averaged_4.xyz", "model": "22.xyz", "model_rescale": 4.46600560860683, "target_rescale": 4.449845859852703},
{"mapping": [5, 4, 9, 8, 7, 3, 2, 1, 0, 12, 11, 10, 13], "R": [[0.5296834386891786, -0.8464503700173679, -0.05438038135088822], [0.8461101203499904, 0.5317870708839357, -0.03605794617014039], [0.05944004558992192, -0.02691249409000914, 0.9978690288019381]], "T": [0.03848290330050163, -0.015443862044109264, 0.03386244275696178], "aligned_model": [[0.5520128222543025, 0.5088635860392494, -0.12432685255971815, -0.16747608877477116, 0.5816113218986649, 0.04351232628710462, -0.04278614614300142, -0.3192846755805817, -0.3624339117956348, 0.1867342462451539, -0.5056556440626709, -0.5488048802777239, 0.00036309007205161115], [-0.28686827245061153, -0.31547919422193593, 0.545710967688892, 0.5171000459175676, 0.4313514877717711, 0.08852762340085707, 0.03130577985820818, -0.5229735071868619, -0.5515844289581863, -0.6298284446436385, 0.1667715211684047, 0.13816059939708025, 0.05991670162953262], [-0.3455424340929942, 0.4462373468841595, -0.35231537905943927, 0.4394644019177144, -0.3179765849118346, -0.7572715849707082, 0.826287976983599, -0.40155675905310684, 0.39022302192404684, 0.01974086844680896, -0.38678942552592244, 0.40499035545123124, 0.03450819600644525]], "inverted": true, "swapped": false, "error_lsq": 0.03619557384789448, "error_max": 0.3252768582963429, "target": "averaged_4.xyz", "model": "23.xyz", "model_rescale": 4.509807674373902, "target_rescale": 4.449845859852703},
{"mapping": [3, 7, 12, 4, 5, 1, 6, 11, 8, 9, 0, 2, 13], "R": [[-0.41303549443171295, 0.4542949611310021, 0.7893147462391233], [0.38646306872750735, 0.8722245213005356, -0.29978439077405156], [-0.8246502148482521, 0.1812194049571751, -0.5358279111969617]], "T": [-0.05745177109672914, -0.023676654158358425, -0.006141687702705667], "aligned_model": [[0.5540020559763357, 0.6186384988908832, -0.034811764851450176, -0.10401599874232823, 0.5222820813269518, -0.030918145380997547, -0.007659581178396796, -0.06840230388760551, -0.4224886874574011, 0.20380939261187894, -0.6572162254502776, -0.6985941041622237, -0.07229602409294407], [-0.3414841052650478, -0.2063179422009, 0.5412944885606612, 0.5837331334499085, 0.3458630198214385, 0.06763642298462547, 0.03155217142757005, -0.5772718638064676, -0.43558649947032413, -0.6734566130987941, 0.30550653661309557, 0.13425612199189205, -0.10361399163657788], [-0.40844885404279024, 0.3515584266769231, -0.28888067138530016, 0.3258483293523162, -0.09931538845376564, -0.7585589596676272, 0.776722144483005, -0.4529633843356355, 0.4270019358539183, 0.0018382180478364709, -0.3333952418615454, 0.44187858156937315, 0.016714863763291538]], "inverted": false, "swapped": false, "error_lsq": 0.03859707502592072, "error_max": 0.2182622332646406, "target": "averaged_4.xyz", "model": "24.xyz", "model_rescale": 4.509807674373903, "target_rescale": 4.449845859852703},
{"mapping": [10, 7, 4, 6, 8, 1, 5, 0, 2, 9, 11, 3, 12], "R": [[-0.3574591163801268, -0.8403614171068545, 0.40745020401872245], [-0.4329585001985293, 0.5356737013245687, 0.7249831879534014], [-0.8275082580993252, 0.08274282051873943, -0.5553230667188465]], "T": [-0.09074697526207198, -0.11864634127854368, 0.07233280423074906], "aligned_model": [[0.5793858980963363, 0.33860846643427567, -0.3214378580753716, 0.20639412796125578, 0.6650791289992126, -0.04075544838401993, -0.1200765346036812, -0.36722611094895685, -0.25848299374959005, 0.2529152355313994, -0.5521538658334736, -0.6479085206403086, 0.06798766881534701], [-0.060196099286814186, -0.345613127206993, 0.6333654268932376, 0.7139742455009117, 0.23528176346954083, 0.010956307428673762, 0.13307935482437783, -0.5699385832478601, -0.5743734210902023, -0.641090989963348, 0.07767399624651963, 0.052470536216703834, 0.006521469586331818], [-0.4418155943322999, 0.45176434414511873, -0.19730995213553892, 0.2952056753992572, 0.006810119699660222, -0.8039334884815187, 0.7401598998447156, -0.3589792640360601, 0.4364472273288232, 0.003138630113158611, -0.3706248727386002, 0.24764427230991956, -0.00850699711663555]], "inverted": false, "swapped": false, "error_lsq": 0.050340137949919574, "error_max": 0.33425176659838135, "target": "averaged_4.xyz", "model": "25.xyz", "model_rescale": 4.466005608606829, "target_rescale": 4.449845859852703},
{"mapping": [9, 8, 3, 5, 7, 0, 6, 1, 2, 10, 11, 4, 12], "R": [[0.3574592057661464, 0.840361358880506, 0.4074502456908639], [0.43295841852266276, -0.5356737808578337, 0.7249831779647227], [0.8275082622206202, -0.08274289698809967, -0.5553230491836497]], "T": [-0.09074698486218023, -0.11864635618378466, 0.07233276319039232], "aligned_model": [[0.5793859654043899, 0.33860837909875197, -0.32143792965045975, 0.20639414477581203, 0.6650790582764394, -0.040755630442812316, -0.12007653440187542, -0.3672263096204998, -0.2584828859841711, 0.25291528622670245, -0.5521535344452221, -0.6479086088281473, 0.06798779319351643], [-0.06019616726283761, -0.3456130860261459, 0.6333654228891603, 0.7139742541477228, 0.2352817667950175, 0.010956340956099875, 0.13307940132655943, -0.5699385118650635, -0.5743734274784382, -0.641091020084001, 0.07767391056228334, 0.05247057006799696, 0.00652142534272529], [-0.4418155596164492, 0.45176434903626184, -0.19731000815777205, 0.29520575445720126, 0.006810161506916587, -0.8039335634665611, 0.7401599419865464, -0.3589793759372158, 0.43644723501740634, 0.003138627912895986, -0.37062478959886425, 0.24764417937157318, -0.00850695251193899]], "inverted": true, "swapped": false, "error_lsq": 0.05034014430742677, "error_max": 0.33425178888912416, "target": "averaged_4.xyz", "model": "26.xyz", "model_rescale": 4.466005838112752, "target_rescale": 4.449845859852703},
{"mapping": [5, 4, 9, 8, 7, 3, 2, 1, 0, 12, 11, 10, 13], "R": [[0.5296833140833522, -0.8464504481137043, -0.05438037945607233], [0.8461101988130881, 0.5317869461665167, -0.03605794435858914], [0.059440039082707875, -0.026912502206217923, 0.9978690289706594]], "T": [0.03848288377580303, -0.015443894906949421, 0.03386243889696669], "aligned_model": [[0.5520128541498875, 0.5088636215307107, -0.12432679280593328, -0.16747602542511014, 0.5816113641169921, 0.043512258812827706, -0.04278620642552598, -0.3192845665283788, -0.3624337991475556, 0.18673408710129363, -0.5056556976756287, -0.5488049302948056, 0.0003630261936508686], [-0.28686837314314495, -0.3154792920896541, 0.5457109147302016, 0.5170999957836925, 0.43135154448960766, 0.08852773122715575, 0.0313058933341374, -0.5229737250868357, -0.5515846440333448, -0.6298281553706143, 0.16677154809787076, 0.13816062915136157, 0.059916812280646575], [-0.34554241874041025, 0.44623732397558413, -0.3523153606898807, 0.4394643820261137, -0.31797656467341673, -0.7572715478653329, 0.8262879375666559, -0.4015567416384661, 0.3902230010775283, 0.019740869454663974, -0.3867894090298474, 0.404990333686147, 0.03450819485066133]], "inverted": true, "swapped": false, "error_lsq": 0.0361955736148722, "error_max": 0.3252768531840003, "target": "averaged_4.xyz", "model": "27.xyz", "model_rescale": 4.509807893063789, "target_rescale": 4.449845859852703},
