[{"mapping": [10, 9, 3, 2, 5, 4, 0, 11, 7, 6, 8, 11], "R": [[-0.8557789616013659, 0.5161131878499816, -0.03563069193571062], [0.516988060469006, 0.8557092822384927, -0.022022025869095647], [0.019123655847754065, -0.03726662874762478, -0.9991223569557451]], "T": [-0.02893534642050062, 0.04094041399365421, -0.2008476337180437], "aligned_model": [[0.007761479217855548, 0.036026724097327045, -0.6493182428100731, -0.6210529979306015, 0.23584929501982788, 0.26411453989929934, -0.03220109267219046, -0.06046633755166195, 0.5868255655856457, 0.6150908104651173, -0.2056128329353124, -0.06046633755166195], [-0.5911163142026615, -0.5736466014321332, 0.2750190402610709, 0.2924887530315992, 0.45632282085757697, 0.4737925336281053, -0.07827197651221113, -0.09574168928273945, -0.17140769155843472, -0.15393797878790638, 0.6037492373341827, -0.09574168928273945], [-0.585215153254381, 0.20737226365191486, -0.5808731925921665, 0.21171422431412928, -0.6164362126277032, 0.17615120427859265, 0.5958769019473713, -0.19671051495892433, -0.6151166843429114, 0.1774707325633843, -0.20695204058124197, -0.19671051495892433]], "inverted": false, "swapped": false, "error_lsq": 0.05528655159220027, "error_max": 0.5706163583295207, "target": "averaged_5.xyz", "model": "0.xyz", "model_rescale": 4.5108708085295355, "target_rescale": 4.392213531783543},
{"mapping": [10, 9, 3, 2, 5, 4, 0, 11, 7, 6, 8, 11], "R": [[-0.8557789616013659, 0.5161131878499816, -0.03563069193571086], [0.516988060469006, 0.8557092822384927, -0.022022025869095678], [0.019123655847754256, -0.03726662874762493, -0.9991223569557451]], "T": [-0.028935346420500628, 0.04094041399365421, -0.20084763371804382], "aligned_model": [[0.007761479217855458, 0.036026724097327135, -0.6493182428100731, -0.6210529979306015, 0.23584929501982768, 0.2641145398992994, -0.032201092672190276, -0.06046633755166195, 0.5868255655856456, 0.6150908104651172, -0.20561283293531246, -0.06046633755166195], [-0.5911163142026615, -0.5736466014321332, 0.2750190402610708, 0.29248875303159916, 0.45632282085757686, 0.4737925336281052, -0.07827197651221104, -0.09574168928273939, -0.17140769155843466, -0.15393797878790633, 0.6037492373341826, -0.09574168928273939], [-0.5852151532543808, 0.20737226365191463, -0.5808731925921662, 0.21171422431412923, -0.6164362126277031, 0.17615120427859232, 0.5958769019473712, -0.19671051495892433, -0.6151166843429114, 0.17747073256338392, -0.20695204058124195, -0.19671051495892433]], "inverted": false, "swapped": false, "error_lsq": 0.05528655159220028, "error_max": 0.5706163583295207, "target": "averaged_5.xyz", "model": "1.xyz", "model_rescale": 4.510870808529536, "target_rescale": 4.392213531783543},
{"mapping": [10, 9, 3, 2, 5, 4, 0, 11, 7, 6, 8, 11], "R": [[-0.8557789616013659, 0.5161131878499815, -0.035630691935710807], [0.5169880604690059, 0.8557092822384927, -0.02202202586909569], [0.019123655847754207, -0.0372666287476249, -0.9991223569557451]], "T": [-0.028935346420500635, 0.0409404139936542, -0.20084763371804365], "aligned_model": [[0.007761479217855513, 0.036026724097327156, -0.6493182428100731, -0.6210529979306015, 0.23584929501982768, 0.26411453989929934, -0.03220109267219031, -0.06046633755166196, 0.5868255655856456, 0.6150908104651172, -0.2056128329353125, -0.06046633755166196], [-0.5911163142026615, -0.5736466014321332, 0.27501904026107077, 0.29248875303159916, 0.45632282085757697, 0.4737925336281053, -0.07827197651221107, -0.09574168928273943, -0.1714076915584347, -0.15393797878790633, 0.6037492373341827, -0.09574168928273943], [-0.5852151532543809, 0.2073722636519149, -0.5808731925921664, 0.21171422431412945, -0.6164362126277032, 0.17615120427859265, 0.5958769019473713, -0.19671051495892455, -0.6151166843429116, 0.17747073256338425, -0.2069520405812422, -0.19671051495892455]], "inverted": false, "swapped": false, "error_lsq": 0.05528655159220027, "error_max": 0.5706163583295207, "target": "averaged_5.xyz", "model": "2.xyz", "model_rescale": 4.5108708085295355, "target_rescale": 4.392213531783543},
{"mapping": [9, 10, 2, 3, 4, 5, 1, 11, 6, 7, 8, 13], "R": [[0.8527053948379971, -0.5151902000159136, -0.08644401322092002], [-0.5205051441892947, -0.8519642058453881, -0.056845288553395705], [-0.0443610694940631, 0.09346683778645942, -0.9946336238774268]], "T": [-0.025081417752130367, 0.015088514253973452, -0.16523729203412776], "aligned_model": [[0.022284542302341587, 0.09087532810392014, -0.6322153021471136, -0.563624516345535, 0.2505517538200599, 0.3191425396216384, 0.04343519043173434, -0.4880437073548381, 0.6000184666048708, 0.6686092524064494, -0.16932737924011226, -0.0251555953698442], [-0.5782671583789297, -0.5331620913451922, 0.29012058128550067, 0.3352256483192382, 0.4668322626374509, 0.5119373296711884, -0.024124157708250146, -0.40928050554829504, -0.16191064233941, -0.11680557530567248, 0.6301719775080684, -0.06922922474198766], [-0.5343182645958015, 0.2548943055340881, -0.5270655019744241, 0.2621470681554653, -0.6138865700553362, 0.17532600007455332, 0.6288006512775485, -0.49962335172525385, -0.6083249576321572, 0.1808876124977323, -0.1878540592649345, -0.16041191885234085]], "inverted": true, "swapped": false, "error_lsq": 0.03761309538554316, "error_max": 0.30603415219980745, "target": "averaged_5.xyz", "model": "3.xyz", "model_rescale": 4.509807743048502, "target_rescale": 4.392213531783543},
{"mapping": [9, 10, 2, 3, 4, 5, 1, 11, 6, 7, 8, 13], "R": [[0.8527053948379969, -0.5151902000159141, -0.08644401322092005], [-0.5205051441892952, -0.8519642058453879, -0.05684528855339593], [-0.04436106949406296, 0.09346683778645964, -0.9946336238774268]], "T": [-0.025081417752130374, 0.015088514253973463, -0.1652372920341277], "aligned_model": [[0.022284542302341295, 0.09087532810391985, -0.6322153021471135, -0.5636245163455349, 0.2505517538200602, 0.3191425396216387, 0.043435190431734334, -0.4880437073548383, 0.6000184666048707, 0.6686092524064493, -0.169327379240112, -0.025155595369844255], [-0.5782671583789298, -0.5331620913451922, 0.29012058128550083, 0.33522564831923857, 0.4668322626374507, 0.5119373296711884, -0.024124157708249945, -0.409280505548295, -0.1619106423394104, -0.11680557530567272, 0.6301719775080685, -0.06922922474198764], [-0.5343182645958011, 0.2548943055340881, -0.5270655019744241, 0.26214706815546507, -0.6138865700553362, 0.17532600007455298, 0.6288006512775487, -0.49962335172525363, -0.608324957632157, 0.1808876124977322, -0.18785405926493473, -0.16041191885234088]], "inverted": true, "swapped": false, "error_lsq": 0.03761309538554316, "error_max": 0.3060341521998072, "target": "averaged_5.xyz", "model": "4.xyz", "model_rescale": 4.509807743048502, "target_rescale": 4.392213531783543},
{"mapping": [10, 9, 3, 2, 5, 4, 0, 12, 7, 6, 8, 13], "R": [[-0.852705394837997, 0.5151902000159139, -0.08644401322091895], [0.5205051441892949, 0.851964205845388, -0.05684528855339571], [0.04436106949406217, -0.0934668377864589, -0.994633623877427]], "T": [-0.025081417752130318, 0.01508851425397347, -0.1652372920341276], "aligned_model": [[0.022284542302341934, 0.09087532810391963, -0.6322153021471132, -0.5636245163455355, 0.2505517538200605, 0.31914253962163824, 0.04343519043173353, -0.48804370735483776, 0.6000184666048712, 0.668609252406449, -0.16932737924011215, -0.025155595369844196], [-0.5782671583789298, -0.5331620913451923, 0.29012058128550083, 0.33522564831923835, 0.46683226263745087, 0.5119373296711884, -0.02412415770825012, -0.409280505548295, -0.1619106423394102, -0.11680557530567266, 0.6301719775080685, -0.06922922474198766], [-0.5343182645958013, 0.2548943055340882, -0.5270655019744249, 0.2621470681554646, -0.613886570055336, 0.1753260000745536, 0.6288006512775487, -0.4996233517252544, -0.6083249576321565, 0.18088761249773302, -0.18785405926493481, -0.160411918852341]], "inverted": false, "swapped": false, "error_lsq": 0.03761309538554316, "error_max": 0.30603415219980806, "target": "averaged_5.xyz", "model": "5.xyz", "model_rescale": 4.509807743048502, "target_rescale": 4.392213531783543},
{"mapping": [10, 9, 3, 2, 5, 4, 0, 12, 7, 6, 8, 13], "R": [[-0.852705368561329, 0.5151902402175028, -0.08644403282656543], [0.5205051875611613, 0.8519641773062242, -0.056845319146340514], [0.04436106568387327, -0.09346687633360125, -0.9946336204250442]], "T": [-0.025081429634123804, 0.01508849872174143, -0.1652372902733936], "aligned_model": [[0.022284668082148677, 0.09087547182256081, -0.6322152706274035, -0.5636244668869913, 0.2505518231987358, 0.31914262693914797, 0.04343513531361073, -0.4880438189014144, 0.6000184031429177, 0.6686092068833298, -0.16932753770627001, -0.0251556684268014], [-0.5782669263976513, -0.5331618335226981, 0.2901206868663491, 0.3352257797413023, 0.4668323280228252, 0.5119374208977784, -0.024124244612029506, -0.40928061928245785, -0.1619108046492464, -0.11680571177429322, 0.6301717062508132, -0.06922933748698268], [-0.5343182867634615, 0.254894308038386, -0.5270655225094342, 0.2621470722924133, -0.6138866147206841, 0.17532598008116348, 0.628800691194545, -0.49962332852641034, -0.6083249652693338, 0.18088762953251372, -0.18785404630325597, -0.1604119036073024]], "inverted": false, "swapped": false, "error_lsq": 0.037613106346341754, "error_max": 0.3060341169970576, "target": "averaged_5.xyz", "model": "6.xyz", "model_rescale": 4.509807586411629, "target_rescale": 4.392213531783543},
{"mapping": [9, 10, 2, 3, 4, 5, 1, 11, 6, 7, 8, 13], "R": [[0.852705368561329, -0.5151902402175028, -0.08644403282656563], [-0.5205051875611613, -0.8519641773062242, -0.05684531914634082], [-0.04436106568387327, 0.09346687633360162, -0.9946336204250442]], "T": [-0.025081429634123818, 0.015088498721741415, -0.16523729027339365], "aligned_model": [[0.022284668082148608, 0.09087547182256087, -0.6322152706274035, -0.5636244668869913, 0.25055182319873576, 0.319142626939148, 0.04343513531361088, -0.48804381890141446, 0.6000184031429175, 0.6686092068833299, -0.16932753770627004, -0.02515566842680142], [-0.5782669263976514, -0.533161833522698, 0.290120686866349, 0.33522577974130235, 0.4668323280228251, 0.5119374208977785, -0.024124244612029264, -0.409280619282458, -0.1619108046492465, -0.11680571177429311, 0.6301717062508132, -0.06922933748698268], [-0.5343182867634612, 0.2548943080383861, -0.527065522509434, 0.2621470722924133, -0.6138866147206841, 0.17532598008116315, 0.6288006911945452, -0.49962332852641, -0.6083249652693338, 0.1808876295325135, -0.1878540463032563, -0.16041190360730254]], "inverted": true, "swapped": false, "error_lsq": 0.03761310634634175, "error_max": 0.3060341169970573, "target": "averaged_5.xyz", "model": "7.xyz", "model_rescale": 4.509807586411629, "target_rescale": 4.392213531783543},
{"mapping": [10, 9, 3, 2, 5, 4, 0, 12, 7, 6, 8, 13], "R": [[-0.8527053685613287, 0.5151902402175028, -0.08644403282656504], [0.5205051875611613, 0.851964177306224, -0.056845319146340445], [0.04436106568387296, -0.09346687633360101, -0.994633620425044]], "T": [-0.025081429634123777, 0.015088498721741443, -0.1652372902733935], "aligned_model": [[0.022284668082148802, 0.09087547182256064, -0.632215270627403, -0.5636244668869912, 0.250551823198736, 0.3191426269391478, 0.043435135313610436, -0.4880438189014142, 0.6000184031429177, 0.6686092068833295, -0.1693275377062699, -0.02515566842680141], [-0.5782669263976513, -0.5331618335226982, 0.2901206868663492, 0.3352257797413023, 0.46683232802282515, 0.5119374208977783, -0.024124244612029534, -0.4092806192824577, -0.16191080464924637, -0.11680571177429325, 0.6301717062508132, -0.06922933748698265], [-0.5343182867634613, 0.2548943080383859, -0.5270655225094342, 0.2621470722924131, -0.6138866147206836, 0.17532598008116357, 0.6288006911945448, -0.49962332852641034, -0.6083249652693334, 0.18088762953251386, -0.18785404630325622, -0.16041190360730262]], "inverted": false, "swapped": false, "error_lsq": 0.03761310634634173, "error_max": 0.3060341169970577, "target": "averaged_5.xyz", "model": "8.xyz", "model_rescale": 4.509807586411629, "target_rescale": 4.392213531783543},
{"mapping": [12, 11, 3, 2, 7, 6, 0, 10, 5, 4, 8, 13], "R": [[0.8527054270410718, -0.515190137683055, -0.08644406705389536], [-0.5205050873741339, -0.8519642399443303, -0.056845297727472065], [-0.044361117122418095, 0.09346687054884423, -0.994633618674463]], "T": [-0.02508138889300531, 0.015088491885481004, -0.165237293169881], "aligned_model": [[0.022284649041284556, 0.09087548118630664, -0.632215287626415, -0.5636244554813928, 0.2505516839666028, 0.3191425161116249, 0.043435025346119656, -0.48804363689225655, 0.6000184575654581, 0.6686092897104803, -0.16932734329533858, -0.02515580679890242], [-0.5782671157768984, -0.5331620390776741, 0.290120626126115, 0.33522570282533937, 0.4668321865911146, 0.511937263290339, -0.0241241539008333, -0.40928048798159167, -0.16191072828133835, -0.11680565158211403, 0.6301720724213087, -0.06922923060005763], [-0.5343182963358799, 0.2548943114161489, -0.5270654983756392, 0.2621471093763895, -0.6138866020770752, 0.17532600567495354, 0.6288007085108552, -0.49962335263817714, -0.608325007459705, 0.18088760029232376, -0.18785406570388163, -0.16041189924117344]], "inverted": false, "swapped": false, "error_lsq": 0.037613106580391145, "error_max": 0.3060341672289723, "target": "averaged_5.xyz", "model": "9.xyz", "model_rescale": 4.509807504472865, "target_rescale": 4.392213531783543},
{"mapping": [11, 12, 2, 3, 6, 7, 1, 9, 4, 5, 8, 13], "R": [[-0.8527054270410718, 0.515190137683055, -0.08644406705389497], [0.5205050873741337, 0.8519642399443303, -0.05684529772747195], [0.044361117122417845, -0.09346687054884391, -0.9946336186744629]], "T": [-0.025081388893005305, 0.015088491885480998, -0.1652372931698811], "aligned_model": [[0.022284649041284736, 0.09087548118630649, -0.6322152876264148, -0.5636244554813931, 0.25055168396660304, 0.31914251611162475, 0.043435025346119385, -0.4880436368922563, 0.6000184575654584, 0.6686092897104801, -0.16932734329533855, -0.02515580679890242], [-0.5782671157768984, -0.5331620390776741, 0.2901206261261149, 0.33522570282533914, 0.46683218659111464, 0.5119372632903388, -0.024124153900833376, -0.40928048798159167, -0.16191072828133812, -0.11680565158211392, 0.6301720724213087, -0.06922923060005762], [-0.5343182963358798, 0.2548943114161487, -0.5270654983756393, 0.2621471093763892, -0.6138866020770749, 0.17532600567495363, 0.6288007085108552, -0.49962335263817725, -0.6083250074597046, 0.18088760029232384, -0.18785406570388177, -0.16041189924117363]], "inverted": true, "swapped": false, "error_lsq": 0.03761310658039114, "error_max": 0.3060341672289725, "target": "averaged_5.xyz", "model": "10.xyz", "model_rescale": 4.509807504472865, "target_rescale": 4.392213531783543},
{"mapping": [11, 12, 2, 3, 6, 7, 1, 9, 4, 5, 8, 13], "R": [[-0.8527054270410719, 0.515190137683055, -0.08644406705389408], [0.5205050873741335, 0.8519642399443303, -0.05684529772747206], [0.04436111712241704, -0.09346687054884355, -0.9946336186744629]], "T": [-0.025081388893005284, 0.015088491885480986, -0.16523729316988123], "aligned_model": [[0.02228464904128516, 0.09087548118630623, -0.6322152876264144, -0.5636244554813934, 0.25055168396660343, 0.3191425161116245, 0.04343502534611867, -0.48804363689225594, 0.6000184575654587, 0.6686092897104797, -0.16932734329533852, -0.02515580679890236], [-0.5782671157768983, -0.533162039077674, 0.2901206261261147, 0.3352257028253391, 0.4668321865911146, 0.511937263290339, -0.02412415390083331, -0.4092804879815917, -0.1619107282813381, -0.11680565158211377, 0.6301720724213086, -0.06922923060005762], [-0.5343182963358798, 0.2548943114161489, -0.52706549837564, 0.26214710937638874, -0.6138866020770748, 0.17532600567495388, 0.6288007085108549, -0.49962335263817775, -0.6083250074597042, 0.18088760029232442, -0.18785406570388172, -0.16041189924117338]], "inverted": true, "swapped": false, "error_lsq": 0.037613106580391145, "error_max": 0.3060341672289731, "target": "averaged_5.xyz", "model": "11.xyz", "model_rescale": 4.509807504472865, "target_rescale": 4.392213531783543},
{"mapping": [11, 12, 2, 3, 6, 7, 1, 9, 4, 5, 8, 13], "R": [[-0.8527053611795198, 0.5151902497416018, -0.08644404888071307], [0.5205051966377149, 0.8519641746730329, -0.05684527550141809], [0.04436110107784626, -0.0934668478386018, -0.9946336215241656]], "T": [-0.025081454476207916, 0.015088387270028085, -0.16523728040974012], "aligned_model": [[0.022284628026686876, 0.0908754417662885, -0.6322152732570899, -0.5636244595174883, 0.2505517862506654, 0.319142599990267, 0.04343504462268232, -0.4880438358667498, 0.6000184584703138, 0.6686092722099154, -0.16932732074500034, -0.025155769116919288], [-0.5782669989795153, -0.5331619425368843, 0.2901205877164206, 0.3352256441590515, 0.466832214167832, 0.5119372706104628, -0.024124085004152612, -0.4092806935292881, -0.16191070921567788, -0.11680565277304697, 0.6301719508852908, -0.0692291414467835], [-0.5343182882625697, 0.25489427589268177, -0.5270654770815038, 0.26214708707374773, -0.613886571868121, 0.17532599228713053, 0.6288006557257841, -0.49962331632319607, -0.6083249756340319, 0.18088758852121967, -0.18785404846253492, -0.1604119084294672]], "inverted": true, "swapped": false, "error_lsq": 0.03761310483004668, "error_max": 0.3060341096338566, "target": "averaged_5.xyz", "model": "12.xyz", "model_rescale": 4.509807766519439, "target_rescale": 4.392213531783543},
{"mapping": [11, 12, 2, 3, 6, 7, 1, 9, 4, 5, 8, 13], "R": [[-0.8527053611795193, 0.5151902497416021, -0.08644404888071355], [0.5205051966377152, 0.8519641746730325, -0.056845275501417575], [0.04436110107784691, -0.09346684783860162, -0.9946336215241655]], "T": [-0.02508145447620793, 0.015088387270028123, -0.16523728040974006], "aligned_model": [[0.02228462802668634, 0.09087544176628834, -0.6322152732570899, -0.5636244595174879, 0.2505517862506653, 0.3191425999902673, 0.04343504462268267, -0.4880438358667501, 0.6000184584703133, 0.6686092722099154, -0.169327320745, -0.02515576911691935], [-0.578266998979515, -0.5331619425368844, 0.29012058771642096, 0.3352256441590515, 0.466832214167832, 0.5119372706104625, -0.02412408500415295, -0.4092806935292876, -0.16191070921567788, -0.11680565277304741, 0.6301719508852909, -0.06922914144678345], [-0.5343182882625699, 0.2548942758926812, -0.5270654770815032, 0.2621470870737479, -0.6138865718681207, 0.17532599228713042, 0.6288006557257843, -0.4996233163231959, -0.6083249756340321, 0.18088758852121906, -0.1878540484625346, -0.1604119084294673]], "inverted": true, "swapped": false, "error_lsq": 0.03761310483004667, "error_max": 0.3060341096338563, "target": "averaged_5.xyz", "model": "13.xyz", "model_rescale": 4.509807766519439, "target_rescale": 4.392213531783543},
{"mapping": [12, 11, 3, 2, 7, 6, 0, 10, 5, 4, 8, 13], "R": [[0.8527053611795196, -0.5151902497416018, -0.08644404888071323], [-0.5205051966377149, -0.8519641746730325, -0.05684527550141836], [-0.04436110107784626, 0.09346684783860212, -0.9946336215241653]], "T": [-0.025081454476207903, 0.015088387270028097, -0.16523728040973992], "aligned_model": [[0.022284628026686758, 0.0908754417662885, -0.6322152732570899, -0.5636244595174882, 0.25055178625066526, 0.319142599990267, 0.04343504462268246, -0.4880438358667499, 0.6000184584703134, 0.6686092722099152, -0.16932732074500026, -0.025155769116919306], [-0.5782669989795151, -0.5331619425368839, 0.29012058771642046, 0.33522564415905154, 0.46683221416783166, 0.5119372706104628, -0.024124085004152356, -0.409280693529288, -0.16191070921567807, -0.11680565277304694, 0.6301719508852908, -0.06922914144678348], [-0.5343182882625696, 0.25489427589268177, -0.5270654770815036, 0.2621470870737477, -0.613886571868121, 0.17532599228713028, 0.6288006557257843, -0.4996233163231958, -0.6083249756340318, 0.18088758852121953, -0.18785404846253517, -0.16041190842946726]], "inverted": false, "swapped": false, "error_lsq": 0.037613104830046686, "error_max": 0.3060341096338563, "target": "averaged_5.xyz", "model": "14.xyz", "model_rescale": 4.509807766519439, "target_rescale": 4.392213531783543},
{"mapping": [10, 9, 3, 2, 7, 6, 0, 11, 5, 4, 8, 11], "R": [[0.8557789725155186, -0.5161131671418702, -0.035630729757773066], [-0.5169880409084147, -0.8557092944123067, -0.02202201203505167], [-0.019123696242172666, 0.03726663600568915, -0.9991223559118557]], "T": [-0.0289351687031702, 0.04094043354986926, -0.20084764438107414], "aligned_model": [[0.007761621813735874, 0.0360268990302017, -0.6493180985056604, -0.6210528212891946, 0.23584931723364805, 0.2641145944501139, -0.032201223762701375, -0.0604665009791672, 0.586825516551214, 0.6150907937676797, -0.20561302449713145, -0.0604665009791672], [-0.5911161882123612, -0.5736464849739848, 0.2750189185769091, 0.29248862181528545, 0.4563228492134225, 0.47379255245179885, -0.07827190147822206, -0.09574160471659846, -0.17140789683467209, -0.1539381935962957, 0.6037493765250261, -0.09574160471659846], [-0.585215208325765, 0.20737227318255866, -0.5808732053942419, 0.2117142761140817, -0.6164362554179248, 0.17615122609039888, 0.5958769659247886, -0.19671051558353495, -0.615116741419316, 0.17747074008900757, -0.20695202623737827, -0.19671051558353495]], "inverted": false, "swapped": false, "error_lsq": 0.0552865441386974, "error_max": 0.5706162572027458, "target": "averaged_5.xyz", "model": "15.xyz", "model_rescale": 4.510870436145588, "target_rescale": 4.392213531783543},
{"mapping": [10, 9, 3, 2, 7, 6, 0, 11, 5, 4, 8, 11], "R": [[0.8557789725155185, -0.5161131671418705, -0.03563072975777341], [-0.516988040908415, -0.8557092944123066, -0.02202201203505179], [-0.01912369624217289, 0.03726663600568943, -0.9991223559118558]], "T": [-0.02893516870317022, 0.04094043354986927, -0.20084764438107425], "aligned_model": [[0.007761621813735499, 0.0360268990302016, -0.6493180985056604, -0.6210528212891944, 0.23584931723364808, 0.2641145944501142, -0.03220122376270116, -0.060466500979167254, 0.586825516551214, 0.6150907937676799, -0.20561302449713134, -0.060466500979167254], [-0.5911161882123612, -0.5736464849739848, 0.27501891857690924, 0.29248862181528573, 0.45632284921342237, 0.47379255245179885, -0.07827190147822193, -0.09574160471659841, -0.1714078968346724, -0.1539381935962959, 0.6037493765250264, -0.09574160471659841], [-0.5852152083257649, 0.20737227318255866, -0.5808732053942418, 0.2117142761140818, -0.6164362554179249, 0.1761512260903987, 0.5958769659247887, -0.19671051558353492, -0.6151167414193163, 0.17747074008900734, -0.2069520262373783, -0.19671051558353492]], "inverted": false, "swapped": false, "error_lsq": 0.05528654413869739, "error_max": 0.5706162572027457, "target": "averaged_5.xyz", "model": "16.xyz", "model_rescale": 4.510870436145588, "target_rescale": 4.392213531783543},
{"mapping": [10, 9, 3, 2, 7, 6, 0, 11, 5, 4, 8, 11], "R": [[0.8557789725155189, -0.5161131671418698, -0.03563072975777319], [-0.5169880409084143, -0.855709294412307, -0.022022012035051646], [-0.01912369624217281, 0.03726663600568918, -0.9991223559118558]], "T": [-0.028935168703170214, 0.04094043354986925, -0.20084764438107405], "aligned_model": [[0.007761621813736089, 0.03602689903020202, -0.6493180985056606, -0.6210528212891946, 0.23584931723364783, 0.26411459445011376, -0.03220122376270123, -0.06046650097916716, 0.5868255165512141, 0.61509079376768, -0.20561302449713176, -0.06046650097916716], [-0.5911161882123613, -0.573646484973985, 0.2750189185769088, 0.2924886218152852, 0.45632284921342264, 0.473792552451799, -0.0782719014782221, -0.09574160471659848, -0.1714078968346718, -0.15393819359629543, 0.6037493765250261, -0.09574160471659848], [-0.5852152083257649, 0.2073722731825588, -0.5808732053942418, 0.2117142761140819, -0.6164362554179248, 0.17615122609039902, 0.5958769659247887, -0.19671051558353517, -0.6151167414193162, 0.17747074008900765, -0.20695202623737843, -0.19671051558353517]], "inverted": false, "swapped": false, "error_lsq": 0.05528654413869739, "error_max": 0.5706162572027458, "target": "averaged_5.xyz", "model": "17.xyz", "model_rescale": 4.510870436145588, "target_rescale": 4.392213531783543},
{"mapping": [7, 8, 3, 4, 0, 1, 2, 5, 9, 10, 11, 12], "R": [[0.5301526624347613, -0.8436339870773052, 0.08496970260853728], [0.8428969220076027, 0.535242726526676, 0.05513621831790079], [-0.0919942029882497, 0.042390087854818084, 0.9948568475254205]], "T": [-0.03335613489765996, 0.01970266660809806, 0.03616865384505072], "aligned_model": [[0.10033147906327561, 0.16841370018329394, -0.5795899252076565, -0.5115077040876381, 0.2988233776775419, 0.36690559879756024, 0.055972956849096166, -0.6107877457018038, 0.48530157610294966, 0.553383797222968, -0.19858727379509378, -0.012109264270922203], [-0.5660158216402625, -0.5218377664982434, 0.2771505888172902, 0.3213286439593094, 0.5112743402018608, 0.5554523953438799, -0.02337442115811981, -0.4473281890859589, -0.18548864878145105, -0.1413105936394319, 0.6292103928349754, -0.06755247630013897], [-0.5468345944636896, 0.25029734547068305, -0.5354925483584247, 0.2616393915759479, -0.6234923601917015, 0.17363957974267114, 0.6349729161739013, -0.4926764490366645, -0.6008037902035882, 0.19632814973078444, -0.1848476032403078, -0.16215902376047164]], "inverted": false, "swapped": false, "error_lsq": 0.036790982856863524, "error_max": 0.30254714750707695, "target": "averaged_5.xyz", "model": "18.xyz", "model_rescale": 4.466005644533647, "target_rescale": 4.392213531783543},
{"mapping": [9, 8, 1, 0, 5, 4, 2, 11, 7, 6, 12, 13], "R": [[-0.8527053494399028, 0.5151902656300525, -0.08644406999100149], [0.5205052159133853, 0.8519641607737838, -0.05684530731716282], [0.04436110056720273, -0.09346688695499801, -0.9946336178711276]], "T": [-0.02508142720935417, 0.015088434065469041, -0.1652372848008857], "aligned_model": [[0.022284636107190253, 0.09087546743273964, -0.6322152549009974, -0.563624423575448, 0.25055181730500686, 0.31914264863055625, 0.04343497357573561, -0.4880438297850386, 0.6000184807858047, 0.6686093121113541, -0.16932739710351813, -0.025155857749813777], [-0.5782669728742481, -0.5331618906373009, 0.2901206382895991, 0.3352257205265462, 0.46683224555618086, 0.511937327793128, -0.024124202190518137, -0.40928065355402615, -0.16191069258383012, -0.11680561034688301, 0.6301718185025266, -0.06922928442746523], [-0.5343182780436784, 0.2548942928269572, -0.527065483013656, 0.2621470878569796, -0.6138866025148619, 0.17532596835577366, 0.6288006816854083, -0.49962330116998765, -0.6083249919627784, 0.1808875789078571, -0.18785405030364685, -0.16041188918522736]], "inverted": false, "swapped": false, "error_lsq": 0.03761311163828482, "error_max": 0.3060340918928152, "target": "averaged_5.xyz", "model": "19.xyz", "model_rescale": 4.509807711582247, "target_rescale": 4.392213531783543},
{"mapping": [9, 8, 1, 0, 5, 4, 2, 11, 7, 6, 12, 13], "R": [[-0.8527053494399034, 0.5151902656300519, -0.08644406999100124], [0.5205052159133846, 0.8519641607737841, -0.05684530731716357], [0.04436110056720219, -0.09346688695499848, -0.9946336178711276]], "T": [-0.025081427209354162, 0.015088434065469, -0.16523728480088568], "aligned_model": [[0.022284636107190878, 0.09087546743274007, -0.6322152549009975, -0.5636244235754483, 0.25055181730500653, 0.31914264863055575, 0.043434973575735475, -0.48804382978503813, 0.6000184807858049, 0.6686093121113541, -0.16932739710351868, -0.02515585774981368], [-0.5782669728742481, -0.5331618906373005, 0.2901206382895983, 0.3352257205265459, 0.4668322455561807, 0.5119373277931283, -0.024124202190517568, -0.4092806535540267, -0.16191069258382998, -0.11680561034688228, 0.6301718185025263, -0.06922928442746525], [-0.534318278043678, 0.25489429282695764, -0.5270654830136564, 0.26214708785697927, -0.6138866025148622, 0.17532596835577346, 0.6288006816854084, -0.4996233011699876, -0.6083249919627782, 0.1808875789078574, -0.18785405030364707, -0.16041188918522709]], "inverted": false, "swapped": false, "error_lsq": 0.037613111638284825, "error_max": 0.30603409189281533, "target": "averaged_5.xyz", "model": "20.xyz", "model_rescale": 4.509807711582248, "target_rescale": 4.392213531783543},
{"mapping": [8, 7, 4, 3, 1, 0, 2, 6, 10, 9, 11, 12], "R": [[-0.5301526624347617, 0.8436339870773052, 0.08496970260853773], [-0.8428969220076027, -0.5352427265266764, 0.055136218317901074], [0.0919942029882502, -0.042390087854818286, 0.9948568475254205]], "T": [-0.033356134897659914, 0.019702666608098093, 0.03616865384505083], "aligned_model": [[0.10033147906327534, 0.16841370018329405, -0.5795899252076568, -0.5115077040876381, 0.298823377677542, 0.36690559879756074, 0.05597295684909649, -0.6107877457018043, 0.4853015761029497, 0.5533837972229685, -0.19858727379509372, -0.012109264270922234], [-0.566015821640263, -0.5218377664982435, 0.2771505888172903, 0.32132864395930966, 0.5112743402018608, 0.5554523953438801, -0.02337442115811965, -0.4473281890859589, -0.18548864878145138, -0.141310593639432, 0.6292103928349756, -0.06755247630013902], [-0.5468345944636894, 0.25029734547068305, -0.5354925483584245, 0.26163939157594795, -0.6234923601917017, 0.17363957974267072, 0.6349729161739014, -0.49267644903666397, -0.6008037902035883, 0.1963281497307842, -0.1848476032403079, -0.1621590237604716]], "inverted": true, "swapped": false, "error_lsq": 0.03679098285686351, "error_max": 0.3025471475070765, "target": "averaged_5.xyz", "model": "21.xyz", "model_rescale": 4.466005644533646, "target_rescale": 4.392213531783543},
{"mapping": [7, 8, 3, 4, 0, 1, 2, 5, 9, 10, 11, 12], "R": [[0.5301527183126286, -0.8436339493528346, 0.0849697285218083], [0.8428968861809256, 0.5352427842221067, 0.055136205932827635], [-0.09199420923205177, 0.042390110137937344, 0.9948568459985905]], "T": [-0.03335613202181986, 0.019702668365900174, 0.03616865612851533], "aligned_model": [[0.10033152424949496, 0.16841376668028515, -0.5795898272966165, -0.5115075848658263, 0.2988234967869166, 0.36690573921770675, 0.055972876349309156, -0.6107876968755909, 0.48530146043437716, 0.5533837028651674, -0.19858751863017118, -0.012109366081481034], [-0.5660158898693135, -0.5218378442954795, 0.2771505740205241, 0.32132861959435804, 0.5112742675031484, 0.5554523130769824, -0.023374369901442846, -0.4473282078486127, -0.1854886202010952, -0.14131057462726127, 0.6292105920771781, -0.06755241547527677], [-0.5468346084430196, 0.2502973366805104, -0.5354925415780689, 0.261639403545461, -0.6234923721135399, 0.17363957300998994, 0.6349729257503134, -0.49267644598500965, -0.6008038011827828, 0.1963281439407472, -0.1848475808122461, -0.16215901937321678]], "inverted": false, "swapped": false, "error_lsq": 0.036790985072836034, "error_max": 0.30254714056371734, "target": "averaged_5.xyz", "model": "22.xyz", "model_rescale": 4.46600560860683, "target_rescale": 4.392213531783543},
{"mapping": [9, 8, 1, 0, 5, 4, 2, 11, 7, 6, 12, 13], "R": [[-0.8527053841816126, 0.5151902105801129, -0.08644405537749651], [0.520505158476271, 0.851964197455045, -0.05684528348397441], [0.044361106695853275, -0.09346685603571042, -0.9946336205033084]], "T": [-0.025081416774699793, 0.015088448282181956, -0.16523728754817318], "aligned_model": [[0.022284632899572027, 0.09087545319564552, -0.6322153207403904, -0.563624500444317, 0.2505517480677599, 0.3191425683638335, 0.04343503559575194, -0.4880437344664091, 0.6000184557514708, 0.6686092760475443, -0.1693272567365685, -0.025155784700321586], [-0.5782670439375132, -0.5331619802393602, 0.29012053110012187, 0.3352255947982749, 0.46683220050056834, 0.5119372641987213, -0.02412411289956879, -0.40928056892625414, -0.16191071999200474, -0.11680565629385176, 0.6301721123422974, -0.06922917659772176], [-0.5343182905675322, 0.2548942889030908, -0.5270654768566947, 0.2621471026139283, -0.6138865821796566, 0.17532599729096626, 0.6288006747117885, -0.4996233346953816, -0.6083249864238838, 0.18088759304673918, -0.18785406764538984, -0.16041190475883457]], "inverted": false, "swapped": false, "error_lsq": 0.03761310586422959, "error_max": 0.30603413663109164, "target": "averaged_5.xyz", "model": "23.xyz", "model_rescale": 4.509807674373902, "target_rescale": 4.392213531783543},
{"mapping": [9, 8, 1, 0, 5, 4, 2, 11, 7, 6, 12, 13], "R": [[-0.8527053841816126, 0.5151902105801126, -0.08644405537749732], [0.5205051584762707, 0.8519641974550451, -0.05684528348397448], [0.044361106695853955, -0.09346685603571088, -0.9946336205033083]], "T": [-0.025081416774699807, 0.01508844828218193, -0.16523728754817316], "aligned_model": [[0.022284632899571853, 0.09087545319564602, -0.6322153207403907, -0.5636245004443166, 0.2505517480677593, 0.31914256836383353, 0.04343503559575256, -0.4880437344664092, 0.6000184557514703, 0.6686092760475444, -0.16932725673656862, -0.025155784700321565], [-0.578267043937513, -0.5331619802393599, 0.29012053110012154, 0.3352255947982746, 0.4668322005005682, 0.5119372641987212, -0.024124112899568742, -0.40928056892625425, -0.16191071999200454, -0.11680565629385149, 0.6301721123422972, -0.06922917659772176], [-0.5343182905675323, 0.25489428890309074, -0.5270654768566942, 0.2621471026139288, -0.613886582179657, 0.17532599729096607, 0.6288006747117884, -0.4996233346953812, -0.6083249864238844, 0.18088759304673865, -0.18785406764538953, -0.16041190475883435]], "inverted": false, "swapped": false, "error_lsq": 0.0376131058642296, "error_max": 0.30603413663109125, "target": "averaged_5.xyz", "model": "24.xyz", "model_rescale": 4.509807674373903, "target_rescale": 4.392213531783543},
{"mapping": [8, 7, 4, 3, 1, 0, 2, 6, 10, 9, 11, 12], "R": [[-0.5301527183126286, 0.8436339493528348, 0.0849697285218086], [-0.8428968861809257, -0.5352427842221067, 0.055136205932827774], [0.09199420923205205, -0.04239011013793754, 0.9948568459985905]], "T": [-0.033356132021819834, 0.019702668365900188, 0.03616865612851547], "aligned_model": [[0.10033152424949496, 0.16841376668028535, -0.5795898272966168, -0.5115075848658264, 0.29882349678691644, 0.36690573921770686, 0.05597287634930939, -0.6107876968755911, 0.48530146043437716, 0.5533837028651676, -0.1985875186301713, -0.012109366081481061], [-0.5660158898693138, -0.5218378442954797, 0.2771505740205241, 0.3213286195943581, 0.5112742675031485, 0.5554523130769825, -0.023374369901442777, -0.4473282078486129, -0.18548862020109524, -0.14131057462726124, 0.6292105920771782, -0.06755241547527681], [-0.5468346084430193, 0.25029733668051035, -0.5354925415780686, 0.2616394035454611, -0.62349237211354, 0.17363957300998975, 0.6349729257503135, -0.49267644598500926, -0.6008038011827828, 0.19632814394074702, -0.1848475808122461, -0.16215901937321672]], "inverted": true, "swapped": false, "error_lsq": 0.03679098507283602, "error_max": 0.30254714056371707, "target": "averaged_5.xyz", "model": "25.xyz", "model_rescale": 4.466005608606829, "target_rescale": 4.392213531783543},
{"mapping": [7, 8, 3, 4, 0, 1, 2, 5, 9, 10, 11, 12], "R": [[0.5301525976536331, -0.8436340269356715, 0.08496971105875256], [0.842896961784912, 0.5352426629640451, 0.05513622726413813], [-0.09199421185525739, 0.04239009718626046, 0.9948568463078845]], "T": [-0.03335611040544313, 0.019702695631090027, 0.03616864352682078], "aligned_model": [[0.10033147522128237, 0.16841370016103485, -0.5795898443615055, -0.511507619421753, 0.2988234016635671, 0.36690562660331955, 0.05597292895705332, -0.6107877269913448, 0.48530152617120165, 0.5533837511109541, -0.1985873502975391, -0.012109295982699178], [-0.5660158529923729, -0.521837792597054, 0.27715065836830394, 0.3213287187636228, 0.5112744656761137, 0.5554525260714326, -0.023374476369356405, -0.447328279114119, -0.18548866771056763, -0.14131060731524875, 0.6292102880376302, -0.06755253676467529], [-0.5468345694154179, 0.25029733499170215, -0.5354925379285577, 0.26163936647856234, -0.6234923576790127, 0.17363954672810727, 0.6349728891771764, -0.4926764176235142, -0.600803768665168, 0.196328135741952, -0.1848475931367464, -0.16215901522994372]], "inverted": false, "swapped": false, "error_lsq": 0.03679098440002076, "error_max": 0.3025471357615097, "target": "averaged_5.xyz", "model": "26.xyz", "model_rescale": 4.466005838112752, "target_rescale": 4.392213531783543},
{"mapping": [9, 8, 1, 0, 5, 4, 2, 11, 7, 6, 12, 13], "R": [[-0.8527053191922431, 0.5151903176415755, -0.08644405838244558], [0.5205052671405397, 0.8519641289519458, -0.05684531518171214], [0.04436108091796964, -0.09346689032767273, -0.994633618430558]], "T": [-0.02508145767263753, 0.015088455521291132, -0.16523728232573803], "aligned_model": [[0.02228466859429628, 0.09087548794859819, -0.6322153336841978, -0.5636245143298959, 0.25055171480192634, 0.31914253415622823, 0.0434350206023405, -0.48804376724711185, 0.6000185158689386, 0.6686093352232405, -0.16932729034883048, -0.025155798751961417], [-0.5782669928859674, -0.5331619062238289, 0.29012073771846536, 0.3352258243806039, 0.46683228430628415, 0.5119373709684227, -0.02412423055708812, -0.409280649601047, -0.16191076463271542, -0.11680567797057685, 0.6301717657703833, -0.06922931721922668], [-0.5343182571661952, 0.2548942823892154, -0.5270654738010854, 0.2621470657543253, -0.6138865788183546, 0.17532596073705597, 0.6288006488336977, -0.499623291585691, -0.6083249648445445, 0.18088757471086614, -0.18785406204843733, -0.16041189072171294]], "inverted": false, "swapped": false, "error_lsq": 0.03761311361647067, "error_max": 0.3060340964835784, "target": "averaged_5.xyz", "model": "27.xyz", "model_rescale": 4.509807893063789, "target_rescale": 4.392213531783543},
{"mapping": [9, 8, 1, 0, 5, 4, 2, 11, 7, 6, 12, 13], "R": [[-0.852705319192243, 0.5151903176415755, -0.08644405838244529], [0.5205052671405395, 0.8519641289519456, -0.05684531518171192], [0.04436108091796952, -0.0934668903276724, -0.9946336184305576]], "T": [-0.025081457672637503, 0.015088455521291134, -0.16523728232573803], "aligned_model": [[0.022284668594296356, 0.09087548794859805, -0.6322153336841974, -0.5636245143298957, 0.2505517148019264, 0.31914253415622806, 0.04343502060234028, -0.4880437672471116, 0.6000185158689386, 0.6686093352232403, -0.16932729034883034, -0.025155798751961382], [-0.578266992885967, -0.5331619062238286, 0.2901207377184652, 0.3352258243806036, 0.46683228430628404, 0.5119373709684225, -0.024124230557088254, -0.40928064960104676, -0.16191076463271523, -0.1168056779705768, 0.6301717657703829, -0.06922931721922664], [-0.5343182571661953, 0.25489428238921524, -0.5270654738010855, 0.2621470657543251, -0.6138865788183545, 0.17532596073705609, 0.6288006488336975, -0.4996232915856913, -0.6083249648445443, 0.18088757471086625, -0.18785406204843702, -0.16041189072171277]], "inverted": false, "swapped": false, "error_lsq": 0.03761311361647068, "error_max": 0.3060340964835787, "target": "averaged_5.xyz", "model": "28.xyz", "model_rescale": 4.5098078930637895, "target_rescale": 4.392213531783543},
{"mapping": [8, 7, 4, 3, 1, 0, 2, 6, 10, 9, 11, 12], "R": [[-0.5301525976536337, 0.8436340269356709, 0.08496971105875245], [-0.8428969617849115, -0.5352426629640457, 0.05513622726413803], [0.09199421185525727, -0.042390097186260356, 0.9948568463078844]], "T": [-0.03335611040544315, 0.01970269563109006, 0.03616864352682078], "aligned_model": [[0.10033147522128202, 0.16841370016103438, -0.5795898443615051, -0.5115076194217527, 0.29882340166356747, 0.3669056266033198, 0.05597292895705316, -0.610787726991345, 0.48530152617120137, 0.5533837511109537, -0.19858735029753866, -0.012109295982699244], [-0.566015852992373, -0.5218377925970542, 0.2771506583683043, 0.3213287187636231, 0.5112744656761135, 0.5554525260714321, -0.02337447636935644, -0.44732827911411843, -0.18548866771056793, -0.14131060731524914, 0.6292102880376302, -0.06755253676467524], [-0.5468345694154176, 0.2502973349917019, -0.5354925379285574, 0.26163936647856206, -0.6234923576790125, 0.17363954672810714, 0.6349728891771762, -0.492676417623514, -0.6008037686651677, 0.19632813574195182, -0.18484759313674642, -0.16215901522994375]], "inverted": true, "swapped": false, "error_lsq": 0.036790984400020744, "error_max": 0.30254713576150943, "target": "averaged_5.xyz", "model": "29.xyz", "model_rescale": 4.466005838112752, "target_rescale": 4.392213531783543},
