[{"mapping": [10, 4, 8, 7, 1, 2, 9, 3, 6, 3, 5, 11], "R": [[0.08168958343794186, -0.9683649194637078, -0.2357884533003739], [-0.6067019840145762, -0.23601115957214974, 0.7590859207956546], [-0.7907208828344633, 0.08104390976166154, -0.6067885712009013]], "T": [-0.062169491759705986, -0.011534930047771418, -0.07450905113345904], "aligned_model": [[-0.4303219660743849, 0.337459418350365, 0.2800046216292056, 0.23075474547128177, -0.0007288213609282779, -0.3107327155829769, -0.6173690878174047, -0.12368559383995709, 0.04370762372826201, -0.12368559383995709, 0.5245065400933848, -0.18777594310394802], [-0.6541798782812234, 0.3973370542033219, 0.34885102339911084, -0.6679726896367364, -0.671638811113528, 0.655714553513959, -0.05200943840984936, 0.05354411364258497, -0.06580224976536239, 0.05354411364258497, -0.20483338566805215, -0.0694683712421541], [-0.08171882995695959, -0.37197796025457985, 0.24336641243519594, -0.35585745439940286, 0.3831809696260604, 0.20312671251152262, -0.563074274471036, 0.6844821570255989, -0.8372128989134792, 0.6844821570255989, 0.10937748425949656, -0.09817447488801584]], "inverted": true, "swapped": false, "error_lsq": 0.06104550813262332, "error_max": 0.4726837222487102, "target": "averaged_6.xyz", "model": "0.xyz", "model_rescale": 4.5108708085295355, "target_rescale": 4.156650634858175},
{"mapping": [9, 5, 8, 6, 0, 3, 10, 2, 7, 2, 4, 11], "R": [[-0.08168958343794241, 0.9683649194637078, -0.23578845330037335], [0.6067019840145771, 0.23601115957214958, 0.7590859207956538], [0.7907208828344625, -0.08104390976166112, -0.6067885712009022]], "T": [-0.06216949175970589, -0.011534930047771563, -0.07450905113345908], "aligned_model": [[-0.4303219660743848, 0.3374594183503653, 0.2800046216292053, 0.23075474547128194, -0.0007288213609285693, -0.3107327155829768, -0.617369087817404, -0.1236855938399576, 0.04370762372826269, -0.1236855938399576, 0.5245065400933846, -0.18777594310394785], [-0.6541798782812231, 0.39733705420332116, 0.34885102339911084, -0.6679726896367366, -0.6716388111135274, 0.655714553513959, -0.05200943840985006, 0.05354411364258588, -0.06580224976536347, 0.05354411364258588, -0.20483338566805193, -0.06946837124215433], [-0.08171882995695932, -0.37197796025457985, 0.24336641243519574, -0.35585745439940186, 0.3831809696260611, 0.2031267125115216, -0.5630742744710361, 0.6844821570255984, -0.8372128989134787, 0.6844821570255984, 0.10937748425949693, -0.09817447488801583]], "inverted": false, "swapped": false, "error_lsq": 0.061045508132623306, "error_max": 0.4726837222487095, "target": "averaged_6.xyz", "model": "1.xyz", "model_rescale": 4.510870808529536, "target_rescale": 4.156650634858175},
{"mapping": [10, 4, 8, 7, 1, 2, 9, 3, 6, 3, 5, 11], "R": [[0.08168958343794153, -0.9683649194637078, -0.23578845330037385], [-0.6067019840145762, -0.23601115957214946, 0.7590859207956544], [-0.7907208828344632, 0.0810439097616617, -0.6067885712009013]], "T": [-0.062169491759706, -0.011534930047771418, -0.07450905113345907], "aligned_model": [[-0.43032196607438505, 0.3374594183503651, 0.28000462162920575, 0.23075474547128155, -0.000728821360928375, -0.31073271558297666, -0.6173690878174047, -0.12368559383995692, 0.04370762372826183, -0.12368559383995692, 0.5245065400933848, -0.18777594310394796], [-0.6541798782812231, 0.3973370542033216, 0.3488510233991105, -0.6679726896367364, -0.6716388111135276, 0.6557145535139589, -0.05200943840984936, 0.05354411364258508, -0.06580224976536256, 0.05354411364258508, -0.20483338566805223, -0.06946837124215427], [-0.08171882995695948, -0.3719779602545799, 0.24336641243519597, -0.35585745439940275, 0.3831809696260604, 0.20312671251152248, -0.5630742744710359, 0.6844821570255988, -0.837212898913479, 0.6844821570255988, 0.10937748425949645, -0.09817447488801564]], "inverted": true, "swapped": false, "error_lsq": 0.061045508132623306, "error_max": 0.4726837222487103, "target": "averaged_6.xyz", "model": "2.xyz", "model_rescale": 4.5108708085295355, "target_rescale": 4.156650634858175},
{"mapping": [11, 4, 5, 2, 3, 7, 9, 10, 0, 1, 8, 13], "R": [[0.5547461725895889, 0.8316410415329765, 0.025097052319913105], [-0.8269887877500199, 0.5478288854045318, 0.1263845609723786], [0.09135769772139968, -0.0908663323479863, 0.9916637941927046]], "T": [-0.0497495192347472, -0.05088625922162683, -0.002365896172622784], "aligned_model": [[-0.44451688624435637, 0.4023518967300145, 0.4222656706952146, 0.26086467173426786, 0.28077844569946797, -0.22064021495489966, -0.6339515944416225, -0.6140378204764225, -0.15400442948424398, -0.11417688155384378, 0.57129102546841, -0.13409065551904387], [-0.5441692440082401, 0.22695696644328717, 0.32723940391097583, -0.6587410375852356, -0.5584586001175469, 0.6490089101812626, -0.043345329478893004, 0.05693710798879567, -0.15472497899197235, 0.04583989594340496, -0.16901451847689863, -0.0544425415242837], [-0.3295780694519605, -0.44928835676083695, 0.33756774073223306, -0.3328280540272958, 0.45402804346577424, 0.3128298655783872, -0.38861234913652176, 0.39824374835654824, -0.7866342486027078, 0.7870779463834319, -0.003028115427413901, 0.00022184889036211278]], "inverted": false, "swapped": false, "error_lsq": 0.05296763940244916, "error_max": 0.3590639452318273, "target": "averaged_6.xyz", "model": "3.xyz", "model_rescale": 4.509807743048502, "target_rescale": 4.156650634858175},
{"mapping": [12, 4, 5, 2, 3, 7, 9, 10, 0, 1, 8, 13], "R": [[0.5511933895412201, 0.8306472478428601, -0.07880987867737818], [-0.8326371540257658, 0.5536820137611941, 0.01231248850647099], [0.05386294702236312, 0.058833470817479014, 0.996813626336255]], "T": [-0.044433657265631143, -0.05155477821791084, -0.06762318213585768], "aligned_model": [[-0.4605105945438175, 0.44839638161826817, 0.38586305737759957, 0.30515758560250883, 0.24262426136184023, -0.25446837154600954, -0.5856694153937183, -0.648202739634387, -0.0660146545883411, -0.1910813030696784, 0.5745869992976873, -0.12854797882900976], [-0.4940394199677013, 0.2749860127958903, 0.2847556108324073, -0.6180566245819301, -0.6082870265454132, 0.6079708396479808, 0.0006935365700704785, 0.010463134606587467, -0.06505765750337751, -0.04551846143034352, -0.16953585067265442, -0.055288059466860516], [0.3029500327065546, -0.43069603807695656, 0.36024629998166424, -0.43099002977174294, 0.35995230828687785, 0.3056282404184171, -0.5090631219350658, 0.2818792161235551, -0.8651696368729059, 0.7167150392443362, -0.01722501129044876, -0.07422729881428494]], "inverted": false, "swapped": false, "error_lsq": 0.05219957047841844, "error_max": 0.3483473689828637, "target": "averaged_6.xyz", "model": "4.xyz", "model_rescale": 4.509807743048502, "target_rescale": 4.156650634858175},
{"mapping": [11, 4, 5, 2, 3, 7, 9, 10, 0, 1, 8, 13], "R": [[0.5547461725895889, 0.8316410415329765, 0.02509705231991316], [-0.8269887877500199, 0.5478288854045318, 0.1263845609723786], [0.09135769772139965, -0.09086633234798636, 0.9916637941927046]], "T": [-0.04974951923474721, -0.050886259221626845, -0.0023658961726228593], "aligned_model": [[-0.44451688624435637, 0.4023518967300145, 0.4222656706952146, 0.26086467173426786, 0.28077844569946797, -0.22064021495489963, -0.6339515944416226, -0.6140378204764224, -0.15400442948424403, -0.11417688155384376, 0.57129102546841, -0.13409065551904387], [-0.5441692440082401, 0.22695696644328714, 0.32723940391097583, -0.6587410375852356, -0.5584586001175469, 0.6490089101812626, -0.04334532947889301, 0.05693710798879566, -0.15472497899197235, 0.04583989594340494, -0.16901451847689863, -0.054442541524283676], [-0.32957806945196044, -0.44928835676083695, 0.337567740732233, -0.3328280540272958, 0.45402804346577413, 0.31282986557838716, -0.3886123491365217, 0.39824374835654824, -0.7866342486027078, 0.7870779463834319, -0.0030281154274137186, 0.0002218488903623357]], "inverted": false, "swapped": false, "error_lsq": 0.05296763940244916, "error_max": 0.3590639452318272, "target": "averaged_6.xyz", "model": "5.xyz", "model_rescale": 4.509807743048502, "target_rescale": 4.156650634858175},
{"mapping": [11, 4, 5, 2, 3, 7, 9, 10, 0, 1, 8, 13], "R": [[0.5547462327976166, 0.8316410012810187, 0.025097055308481303], [-0.8269887483454395, 0.5478289450766004, 0.12638456015788718], [0.09135768882199204, -0.09086634098808889, 0.9916637942208741]], "T": [-0.04974953685072764, -0.050886269872604306, -0.0023658942960376075], "aligned_model": [[-0.4445169784891602, 0.40235196174677584, 0.42226573877497214, 0.26086479654478695, 0.28077857357298325, -0.2206403769071406, -0.6339513609584566, -0.6140375839302603, -0.15400454501068303, -0.11417699095429035, 0.5712907612459022, -0.1340907679824867], [-0.5441693598811019, 0.22695705966475532, 0.3272394999692283, -0.658740985543917, -0.5584585452394439, 0.6490088500602493, -0.04334519838952402, 0.05693724191494896, -0.1547250593749921, 0.045839821233953845, -0.16901467105898177, -0.054442619070519116], [-0.32957806537804846, -0.4492883852307916, 0.3375677396141063, -0.33282807906659384, 0.4540280457783041, 0.31282989238899717, -0.38861238379681345, 0.39824374104808447, -0.7866342629007657, 0.7870779867890298, -0.0030280911896410734, 0.00022186194413214557]], "inverted": false, "swapped": false, "error_lsq": 0.052967632075104194, "error_max": 0.35906388330550615, "target": "averaged_6.xyz", "model": "6.xyz", "model_rescale": 4.509807586411629, "target_rescale": 4.156650634858175},
{"mapping": [12, 4, 5, 2, 3, 7, 9, 10, 0, 1, 8, 13], "R": [[0.5511934490809677, 0.8306472078963191, -0.07880988329058797], [-0.8326371142364261, 0.553682073623487, 0.012312487321118958], [0.05386295281790403, 0.05883347144309145, 0.9968136259861676]], "T": [-0.0444336743552598, -0.0515547889334616, -0.06762318571664575], "aligned_model": [[-0.46051068781678883, 0.4483964516686565, 0.3858631215956029, 0.3051577147543105, 0.2426243846812568, -0.25446853674131575, -0.5856691770986006, -0.6482025071716543, -0.0660147605679331, -0.1910814207140405, 0.5745867357044355, -0.12854809064098677], [-0.4940395356301297, 0.27498610854082206, 0.28475570597611954, -0.6180565701332245, -0.6082869726979271, 0.6079707770565488, 0.000693671015970336, 0.010463268451267792, -0.06505773519858508, -0.04551854032799016, -0.16953600500492844, -0.05528813776328762], [0.30295003590090186, -0.43069604736535083, 0.36024631788688743, -0.43099003560234805, 0.3599523296498902, 0.3056282395358707, -0.5090631235390632, 0.281879241713175, -0.8651696746975188, 0.7167150558069583, -0.017225029844121928, -0.07422730944528043]], "inverted": false, "swapped": false, "error_lsq": 0.05219956279072572, "error_max": 0.3483472991749141, "target": "averaged_6.xyz", "model": "7.xyz", "model_rescale": 4.509807586411629, "target_rescale": 4.156650634858175},
{"mapping": [11, 4, 5, 2, 3, 7, 9, 10, 0, 1, 8, 13], "R": [[0.5547462327976166, 0.8316410012810187, 0.025097055308481366], [-0.8269887483454395, 0.5478289450766004, 0.12638456015788724], [0.09135768882199205, -0.09086634098808898, 0.9916637942208741]], "T": [-0.04974953685072764, -0.05088626987260432, -0.002365894296037675], "aligned_model": [[-0.4445169784891603, 0.4023519617467758, 0.4222657387749722, 0.2608647965447869, 0.2807785735729833, -0.22064037690714058, -0.6339513609584566, -0.6140375839302603, -0.15400454501068309, -0.11417699095429029, 0.5712907612459022, -0.13409076798248667], [-0.5441693598811019, 0.22695705966475532, 0.32723949996922835, -0.6587409855439171, -0.558458545239444, 0.6490088500602492, -0.043345198389524046, 0.05693724191494896, -0.15472505937499215, 0.04583982123395387, -0.16901467105898174, -0.054442619070519095], [-0.3295780653780484, -0.4492883852307917, 0.3375677396141062, -0.3328280790665938, 0.4540280457783041, 0.3128298923889971, -0.38861238379681345, 0.3982437410480844, -0.7866342629007658, 0.7870779867890297, -0.003028091189640876, 0.00022186194413237543]], "inverted": false, "swapped": false, "error_lsq": 0.052967632075104194, "error_max": 0.3590638833055061, "target": "averaged_6.xyz", "model": "8.xyz", "model_rescale": 4.509807586411629, "target_rescale": 4.156650634858175},
{"mapping": [10, 7, 6, 3, 2, 4, 12, 11, 1, 0, 8, 13], "R": [[0.5547461174649883, 0.8316410781203485, 0.02509705840025834], [-0.8269888238066818, 0.5478288294099513, 0.12638456775320306], [0.09135770605900129, -0.09086633507601738, 0.9916637931746275]], "T": [-0.04974954947405399, -0.05088621101149501, -0.0023659015937570493], "aligned_model": [[-0.4445168771548726, 0.40235181769435613, 0.4222655975376006, 0.2608647105395659, 0.2807784903828104, -0.2206403007002052, -0.6339515619814512, -0.6140377821382067, -0.15400443950032358, -0.11417687981383462, 0.5712911124445824, -0.13409065965707911], [-0.5441691377309477, 0.22695693478793125, 0.32723938294109794, -0.6587409842336392, -0.5584585360804727, 0.6490089487113904, -0.043345184631756836, 0.0569372635214098, -0.15472518014633097, 0.0458397161600023, -0.16901445702086415, -0.05444273199316434], [-0.32957809897568735, -0.44928837706345515, 0.3375677612476782, -0.3328280811027829, 0.45402805720835043, 0.31282988054565525, -0.38861238649096774, 0.3982437518201656, -0.7866342645394468, 0.7870780120828196, -0.0030281285040152602, 0.0002218737716863724]], "inverted": true, "swapped": false, "error_lsq": 0.052967636780785254, "error_max": 0.35906400390770343, "target": "averaged_6.xyz", "model": "9.xyz", "model_rescale": 4.509807504472865, "target_rescale": 4.156650634858175},
{"mapping": [10, 6, 7, 2, 3, 5, 11, 12, 0, 1, 8, 13], "R": [[-0.5511933337418319, -0.8306472847505111, -0.07880987993373172], [0.8326371913294772, -0.553681957726948, 0.012312485639139956], [-0.053862941374615544, -0.05883347707094971, 0.9968136262723424]], "T": [-0.044433686925237095, -0.05155472950453546, -0.06762318855040884], "aligned_model": [[-0.4605105844877769, 0.44839630853336404, 0.3858629799877083, 0.30515762940058727, 0.24262430085493153, -0.2544684610797167, -0.5856693771766524, -0.6482027057223081, -0.06601465450103504, -0.1910813115923466, 0.5745870864828779, -0.1285479830466908], [-0.4940393084740835, 0.2749859874009152, 0.2847555836791156, -0.6180565648651001, -0.6082869685868996, 0.6079708728647203, 0.0006936892358810828, 0.010463285514081495, -0.06505784756420464, -0.045518655007803804, -0.169535788625962, -0.055288251286004224], [0.3029500479380734, -0.43069606652724035, 0.3602463133227136, -0.4309900527817222, 0.35995232706823177, 0.30562825217284467, -0.5090631458823254, 0.28187923396762865, -0.8651696802134632, 0.7167150794864453, -0.017225008187677013, -0.0742273003635091]], "inverted": false, "swapped": false, "error_lsq": 0.052199567845850864, "error_max": 0.34834743211280467, "target": "averaged_6.xyz", "model": "10.xyz", "model_rescale": 4.509807504472865, "target_rescale": 4.156650634858175},
{"mapping": [9, 7, 6, 3, 2, 4, 12, 11, 1, 0, 8, 13], "R": [[0.551193333741832, 0.8306472847505109, -0.07880987993373186], [-0.832637191329477, 0.5536819577269481, 0.012312485639140093], [0.05386294137461574, 0.05883347707094974, 0.9968136262723423]], "T": [-0.044433686925237095, -0.051554729504535476, -0.06762318855040875], "aligned_model": [[-0.46051058448777676, 0.44839630853336393, 0.3858629799877081, 0.3051576294005874, 0.24262430085493153, -0.2544684610797169, -0.5856693771766522, -0.6482027057223082, -0.06601465450103494, -0.19108131159234665, 0.5745870864828778, -0.1285479830466908], [-0.49403930847408356, 0.2749859874009152, 0.2847555836791157, -0.6180565648650999, -0.6082869685868993, 0.6079708728647202, 0.00069368923588084, 0.01046328551408137, -0.06505784756420478, -0.045518655007803735, -0.16953578862596186, -0.05528825128600426], [0.30295004793807345, -0.43069606652724035, 0.3602463133227136, -0.4309900527817221, 0.359952327068232, 0.3056282521728446, -0.5090631458823254, 0.2818792339676286, -0.8651696802134629, 0.7167150794864451, -0.017225008187677013, -0.0742273003635092]], "inverted": true, "swapped": false, "error_lsq": 0.052199567845850864, "error_max": 0.3483474321128047, "target": "averaged_6.xyz", "model": "11.xyz", "model_rescale": 4.509807504472865, "target_rescale": 4.156650634858175},
{"mapping": [9, 6, 7, 2, 3, 5, 11, 12, 0, 1, 8, 13], "R": [[-0.5547462268891307, -0.8316410053433098, 0.025097051297750368], [0.8269887522153702, -0.5478289397886164, 0.12638455775665633], [-0.09135768966834817, 0.09086633568956823, 0.9916637946284075]], "T": [-0.049749658919142514, -0.05088628552646103, -0.002365889230841334], "aligned_model": [[-0.4445170864509894, 0.4023518256416766, 0.42226559869218094, 0.26086465967134337, 0.2807784327218477, -0.22064030466095275, -0.6339514577585649, -0.6140376847080605, -0.15400435235317314, -0.1141768062521645, 0.5712909824124678, -0.13409057930266882], [-0.5441693524897729, 0.22695703093613467, 0.32723946533033016, -0.6587409782285278, -0.5584585438343324, 0.649008928347915, -0.043345209615312644, 0.05693722477888287, -0.1547251303259196, 0.045839738462471344, -0.16901444314548852, -0.05444269593172415], [-0.32957805028591236, -0.44928835948149637, 0.33756773426216097, -0.3328280606562949, 0.45402803308736245, 0.3128298654603797, -0.38861236614365574, 0.3982437276000016, -0.7866342271488492, 0.7870779603384651, -0.00302812362696942, 0.00022186659480800388]], "inverted": false, "swapped": false, "error_lsq": 0.052967621083695994, "error_max": 0.35906384031173727, "target": "averaged_6.xyz", "model": "12.xyz", "model_rescale": 4.509807766519439, "target_rescale": 4.156650634858175},
{"mapping": [10, 6, 7, 2, 3, 5, 11, 12, 0, 1, 8, 13], "R": [[-0.5511934437966615, -0.8306472116908862, -0.07880988025452423], [0.8326371177739668, -0.55368206826492, 0.01231248906362766], [-0.05386295220871251, -0.058833468298548845, 0.996813626204681]], "T": [-0.04443379654675554, -0.05155480502099635, -0.067623192512813], "aligned_model": [[-0.4605107951857859, 0.4483963108535456, 0.3858629856869076, 0.3051575738198829, 0.2426242486532449, -0.2544684609389804, -0.5856692786420782, -0.6482026038087162, -0.06601457794268084, -0.19108122827595686, 0.5745869565428785, -0.12854790310931882], [-0.49403953086953145, 0.27498607574299494, 0.2847556741707543, -0.6180565663295094, -0.6082869679017502, 0.6079708592352673, 0.0006936558370602836, 0.01046325426481963, -0.06505781344284808, -0.045518616587329384, -0.1695357748201834, -0.05528821501508874], [0.3029500160836207, -0.4306960415247747, 0.3602462923130493, -0.4309900282258566, 0.3599523056119674, 0.3056282306896436, -0.5090631111650387, 0.28187922267278526, -0.8651696245723421, 0.7167150431033062, -0.01722501425184237, -0.07422729073451806]], "inverted": false, "swapped": false, "error_lsq": 0.05219955175985242, "error_max": 0.3483472569551027, "target": "averaged_6.xyz", "model": "13.xyz", "model_rescale": 4.509807766519439, "target_rescale": 4.156650634858175},
{"mapping": [9, 7, 6, 3, 2, 4, 12, 11, 1, 0, 8, 13], "R": [[0.5511934437966621, 0.830647211690886, -0.07880988025452451], [-0.8326371177739665, 0.5536820682649206, 0.012312489063627578], [0.05386295220871262, 0.05883346829854908, 0.9968136262046812]], "T": [-0.044433796546755555, -0.05155480502099635, -0.0676231925128129], "aligned_model": [[-0.4605107951857858, 0.4483963108535456, 0.38586298568690736, 0.30515757381988345, 0.24262424865324522, -0.25446846093898096, -0.5856692786420783, -0.6482026038087165, -0.06601457794268065, -0.19108122827595705, 0.5745869565428787, -0.12854790310931882], [-0.49403953086953184, 0.2749860757429954, 0.28475567417075465, -0.6180565663295092, -0.60828696790175, 0.6079708592352673, 0.0006936558370599782, 0.010463254264819262, -0.06505781344284808, -0.04551861658732951, -0.16953577482018306, -0.05528821501508879], [0.30295001608362077, -0.43069604152477475, 0.36024629231304955, -0.4309900282258567, 0.3599523056119676, 0.30562823068964373, -0.509063111165039, 0.28187922267278526, -0.865169624572342, 0.7167150431033064, -0.017225014251842308, -0.07422729073451817]], "inverted": true, "swapped": false, "error_lsq": 0.05219955175985244, "error_max": 0.3483472569551026, "target": "averaged_6.xyz", "model": "14.xyz", "model_rescale": 4.509807766519439, "target_rescale": 4.156650634858175},
{"mapping": [9, 7, 8, 4, 0, 3, 10, 2, 5, 2, 6, 11], "R": [[0.08168955352436685, -0.9683649240515915, -0.23578844482193123], [-0.6067019566752314, -0.23601113773386734, 0.7590859494365647], [-0.7907209069016925, 0.08104391853878246, -0.6067885386660201]], "T": [-0.062169377672672554, -0.011534962494768257, -0.0745091510662688], "aligned_model": [[-0.43032180072292786, 0.33745945413571926, 0.2800046444779334, 0.23075453072302826, -0.0007288453448763554, -0.3107326981356259, -0.6173689311813579, -0.12368556767719585, 0.04370740026459825, -0.12368556767719585, 0.5245065845941492, -0.18777597580330632], [-0.6541798606531946, 0.39733709741483014, 0.34885117567306834, -0.6679727845511124, -0.6716387410828264, 0.655714478785398, -0.05200934835073589, 0.053543966482939416, -0.06580227224865381, 0.053543966482939416, -0.20483341488762846, -0.06946822878036793], [-0.08171886906853897, -0.3719779801418451, 0.24336661787556518, -0.3558574927124237, 0.3831811537104166, 0.2031265861830724, -0.5630743275103534, 0.6844820446248868, -0.837212951154238, 0.6844820446248868, 0.10937747829996929, -0.09817430473139763]], "inverted": false, "swapped": false, "error_lsq": 0.061045494826758716, "error_max": 0.47268368392456456, "target": "averaged_6.xyz", "model": "15.xyz", "model_rescale": 4.510870436145588, "target_rescale": 4.156650634858175},
{"mapping": [9, 7, 8, 4, 0, 3, 10, 2, 5, 2, 6, 11], "R": [[0.08168955352436574, -0.9683649240515919, -0.23578844482193095], [-0.6067019566752316, -0.2360111377338665, 0.7590859494365652], [-0.7907209069016927, 0.08104391853878312, -0.6067885386660199]], "T": [-0.06216937767267257, -0.011534962494768153, -0.07450915106626882], "aligned_model": [[-0.43032180072292864, 0.3374594541357196, 0.28000464447793405, 0.23075453072302748, -0.0007288453448766746, -0.31073269813562504, -0.6173689311813584, -0.12368556767719531, 0.043707400264597754, -0.12368556767719531, 0.5245065845941492, -0.1877759758033064], [-0.6541798606531942, 0.3973370974148298, 0.34885117567306817, -0.6679727845511128, -0.6716387410828266, 0.6557144787853983, -0.05200934835073545, 0.053543966482939576, -0.06580227224865398, 0.053543966482939576, -0.20483341488762893, -0.0694682287803678], [-0.08171886906853879, -0.37197798014184524, 0.24336661787556502, -0.3558574927124241, 0.3831811537104166, 0.20312658618307272, -0.5630743275103529, 0.6844820446248867, -0.8372129511542381, 0.6844820446248867, 0.10937747829996886, -0.0981743047313975]], "inverted": false, "swapped": false, "error_lsq": 0.061045494826758716, "error_max": 0.47268368392456495, "target": "averaged_6.xyz", "model": "16.xyz", "model_rescale": 4.510870436145588, "target_rescale": 4.156650634858175},
{"mapping": [10, 6, 8, 5, 1, 2, 9, 3, 4, 3, 7, 11], "R": [[-0.08168955352436646, 0.9683649240515916, -0.2357884448219313], [0.6067019566752314, 0.23601113773386717, 0.7590859494365649], [0.7907209069016925, -0.08104391853878279, -0.6067885386660198]], "T": [-0.06216937767267261, -0.011534962494768104, -0.07450915106626887], "aligned_model": [[-0.43032180072292814, 0.3374594541357192, 0.2800046444779336, 0.23075453072302798, -0.000728845344876411, -0.31073269813562565, -0.6173689311813582, -0.1236855676771956, 0.043707400264597976, -0.1236855676771956, 0.5245065845941492, -0.18777597580330632], [-0.6541798606531946, 0.3973370974148302, 0.3488511756730682, -0.6679727845511125, -0.6716387410828265, 0.655714478785398, -0.052009348350735736, 0.05354396648293935, -0.0658022722486537, 0.05354396648293935, -0.2048334148876286, -0.06946822878036799], [-0.0817188690685389, -0.37197798014184513, 0.24336661787556513, -0.35585749271242373, 0.3831811537104164, 0.20312658618307255, -0.563074327510353, 0.6844820446248867, -0.8372129511542379, 0.6844820446248867, 0.10937747829996902, -0.09817430473139747]], "inverted": true, "swapped": false, "error_lsq": 0.0610454948267587, "error_max": 0.47268368392456467, "target": "averaged_6.xyz", "model": "17.xyz", "model_rescale": 4.510870436145588, "target_rescale": 4.156650634858175},
{"mapping": [0, 6, 2, 3, 11, 8, 7, 10, 5, 1, 4, 12], "R": [[-0.19178394031743554, 0.8486027302968318, 0.49304393959269066], [-0.6053646465401303, -0.4977034503986932, 0.6211480662294449], [0.7724976148543512, -0.17934514655824416, 0.6091656207061759]], "T": [-0.009015720837586512, -0.010597107902675693, 0.08251878160328555], "aligned_model": [[-0.4684468617908553, 0.3968607261822667, 0.2337425460126757, 0.18595478562067053, 0.19377580549378537, -0.22216588465953058, -0.6172187739450563, -0.4284803112857712, 0.001807836896740904, -0.07339397250532953, 0.5810076749061963, -0.16131034327285018], [-0.7556019203092158, 0.40112027416762525, 0.42568393416195466, -0.6576386949145715, -0.6323908451021428, 0.5617867078879196, 0.06409001488977446, 0.3024729703975195, -0.0965764188305198, -0.2579052273110708, -0.1599420019164265, -0.0720127588361905], [0.22753412047452834, -0.3369716541610235, 0.42766968036609443, -0.4020129539099999, 0.22357667296472242, 0.00022674858318881552, -0.4878689751208516, 0.4316271680337417, -0.8250673778650639, 0.7156298441785687, 0.08608276979404042, -0.06042604333794607]], "inverted": false, "swapped": false, "error_lsq": 0.04909874711722408, "error_max": 0.2665127739198405, "target": "averaged_6.xyz", "model": "18.xyz", "model_rescale": 4.466005644533647, "target_rescale": 4.156650634858175},
{"mapping": [10, 4, 5, 0, 1, 7, 8, 9, 2, 3, 12, 13], "R": [[0.5547462522954352, 0.8316409883525072, 0.025097052739996288], [-0.8269887355872606, 0.5478289649408872, 0.1263845575360389], [0.09135768591614668, -0.09086633955355071, 0.9916637946200242]], "T": [-0.049749598353778, -0.050886245312462816, -0.0023658958573092256], "aligned_model": [[-0.444517017561388, 0.4023518809746528, 0.4222656554121208, 0.2608647405892828, 0.2807785150267508, -0.22064026560070749, -0.6339514065822851, -0.6140376321448171, -0.15400447848850385, -0.11417692961356778, 0.5712908696924403, -0.1340907040510358], [-0.5441693298593596, 0.22695708859979258, 0.3272395240405467, -0.6587409357328519, -0.5584585002920978, 0.6490089716272698, -0.043345186534733966, 0.0569372489060201, -0.1547252152211095, 0.04583965566039867, -0.1690145071288638, -0.05444277978035539], [-0.3295780592939889, -0.44928837367248137, 0.3375677296497806, -0.3328280735519551, 0.4540280297703069, 0.3128298642679466, -0.3886123743743874, 0.3982437289478746, -0.7866342227306959, 0.787077983913828, -0.0030281135177938918, 0.0002218805915661171]], "inverted": false, "swapped": false, "error_lsq": 0.052967627519041556, "error_max": 0.35906387462491257, "target": "averaged_6.xyz", "model": "19.xyz", "model_rescale": 4.509807711582247, "target_rescale": 4.156650634858175},
{"mapping": [11, 4, 5, 0, 1, 7, 8, 9, 2, 3, 12, 13], "R": [[0.5511934688943008, 0.8306471948410679, -0.07880988231771885], [-0.8326371010017788, 0.5536820935001547, 0.012312488482812967], [0.053862954649936956, 0.05883346870575398, 0.9968136260487352]], "T": [-0.04443373584520438, -0.05155476434848291, -0.06762318904891303], "aligned_model": [[-0.46051072679522326, 0.4483963682958897, 0.3858630407304042, 0.3051576565342223, 0.2426243289687368, -0.25446842338110914, -0.5856692253655922, -0.6482025529310778, -0.06601469992962367, -0.19108135506059462, 0.5745868440820191, -0.12854802749510913], [-0.49403950750402315, 0.2749861346456285, 0.28475573273153887, -0.6180565226394669, -0.6082869245535564, 0.6079709022632038, 0.0006936799739406391, 0.010463278059851047, -0.06505789780342153, -0.04551870163160072, -0.1695358395399272, -0.055288299717511126], [0.30295002415652567, -0.43069604223857444, 0.3602463011105455, -0.43099002757057364, 0.3599523157785463, 0.3056282371509862, -0.5090631140911582, 0.2818792292579617, -0.8651696438817718, 0.7167150428164677, -0.01722502195630264, -0.0742273005326521]], "inverted": false, "swapped": false, "error_lsq": 0.052199558196996176, "error_max": 0.34834729110244445, "target": "averaged_6.xyz", "model": "20.xyz", "model_rescale": 4.509807711582248, "target_rescale": 4.156650634858175},
{"mapping": [1, 5, 2, 4, 11, 7, 8, 9, 6, 0, 3, 12], "R": [[0.1917839403174361, -0.8486027302968319, 0.4930439395926908], [0.6053646465401304, 0.49770345039869357, 0.6211480662294446], [-0.7724976148543511, 0.17934514655824405, 0.6091656207061762]], "T": [-0.009015720837586446, -0.010597107902675616, 0.08251878160328563], "aligned_model": [[-0.46844686179085576, 0.39686072618226714, 0.23374254601267586, 0.1859547856206707, 0.19377580549378526, -0.22216588465953052, -0.6172187739450563, -0.4284803112857714, 0.001807836896741303, -0.07339397250532993, 0.5810076749061966, -0.1613103432728502], [-0.7556019203092159, 0.40112027416762525, 0.42568393416195466, -0.6576386949145716, -0.6323908451021432, 0.5617867078879197, 0.06409001488977498, 0.30247297039751975, -0.09657641883051951, -0.2579052273110711, -0.15994200191642682, -0.07201275883619038], [0.2275341204745283, -0.3369716541610234, 0.4276696803660947, -0.40201295391, 0.2235766729647225, 0.00022674858318884328, -0.4878689751208517, 0.4316271680337417, -0.825067377865064, 0.7156298441785689, 0.08608276979404052, -0.0604260433379461]], "inverted": true, "swapped": false, "error_lsq": 0.04909874711722409, "error_max": 0.26651277391984035, "target": "averaged_6.xyz", "model": "21.xyz", "model_rescale": 4.466005644533646, "target_rescale": 4.156650634858175},
{"mapping": [0, 6, 2, 3, 11, 8, 7, 10, 5, 1, 4, 12], "R": [[-0.19178402026995023, 0.8486027372208165, 0.49304389657558223], [-0.6053646051790236, -0.49770347466302184, 0.6211480870974326], [0.7724976274174183, -0.17934504645986982, 0.6091656342447158]], "T": [-0.009015711044508028, -0.01059711305206603, 0.0825187778630255], "aligned_model": [[-0.46844697722198825, 0.39686068916342343, 0.2337426299301028, 0.1859547334017201, 0.19377607801723856, -0.22216595380977466, -0.6172188118057232, -0.42848023529531476, 0.0018078311674749777, -0.07339411922603974, 0.5810075913976686, -0.16131022806584575], [-0.7556018602451156, 0.4011203000893637, 0.4256838892919799, -0.6576386768523027, -0.6323910192013249, 0.5617867629174956, 0.06409004919508962, 0.3024729368055448, -0.09657641363304229, -0.25790514652270957, -0.1599419631298967, -0.07201282443042617], [0.22753413351064214, -0.3369716251693201, 0.42766965959546344, -0.4020128923611429, 0.22357665869068102, 0.00022671718937690433, -0.48786902128894793, 0.4316270942576049, -0.825067363647645, 0.715629871988967, 0.08608284611718194, -0.060426078882861445]], "inverted": false, "swapped": false, "error_lsq": 0.049098741162441596, "error_max": 0.2665127249316647, "target": "averaged_6.xyz", "model": "22.xyz", "model_rescale": 4.46600560860683, "target_rescale": 4.156650634858175},
{"mapping": [10, 4, 5, 0, 1, 7, 8, 9, 2, 3, 12, 13], "R": [[0.5547461922777722, 0.8316410283723349, 0.025097053235753314], [-0.8269887748606218, 0.5478289049228146, 0.12638456070896345], [0.09135769484745584, -0.09086633512404384, 0.991663794203098]], "T": [-0.0497495968947705, -0.050886243833399916, -0.0023658961456004737], "aligned_model": [[-0.44451695966189997, 0.40235181771545137, 0.4222655927105874, 0.26086461172369646, 0.2807783867188325, -0.22064031034780002, -0.6339514982742651, -0.614037723279129, -0.1540043863564693, -0.1141768363661972, 0.5712911444314683, -0.13409061136133324], [-0.5441692450792064, 0.2269569970138739, 0.3272394357996346, -0.6587410239091402, -0.5584585851233794, 0.6490089319624515, -0.04334520582600043, 0.05693723295976029, -0.15472515032536277, 0.04583972724615866, -0.16901436889453178, -0.054442711539602055], [-0.3295780732898557, -0.44928836506573105, 0.33756774441769943, -0.3328280607658106, 0.4540280487176199, 0.31282987167206855, -0.3886123728533532, 0.3982437366300773, -0.786634239942969, 0.7870779790238919, -0.0030281380840987047, 0.0002218695404615366]], "inverted": false, "swapped": false, "error_lsq": 0.05296762766604677, "error_max": 0.3590639272766148, "target": "averaged_6.xyz", "model": "23.xyz", "model_rescale": 4.509807674373902, "target_rescale": 4.156650634858175},
{"mapping": [11, 4, 5, 0, 1, 7, 8, 9, 2, 3, 12, 13], "R": [[0.551193409031239, 0.8306472347886733, -0.0788098799545574], [-0.8326371410093643, 0.5536820333441402, 0.012312488117780788], [0.05386294878924995, 0.05883347082935767, 0.99681362624008]], "T": [-0.04443373450282971, -0.051554762829340434, -0.06762318945728696], "aligned_model": [[-0.4605106680984611, 0.4483963045812628, 0.3858629783749429, 0.30515752734581436, 0.24262420113949446, -0.25446846783179455, -0.585669317474661, -0.6482026436809809, -0.06601460882554826, -0.19108126123818808, 0.5745871183929299, -0.12854793503186815], [-0.49403942054006955, 0.27498604419234596, 0.28475564206921855, -0.6180566101470687, -0.6082870122701961, 0.6079708606969294, 0.0006936621763575512, 0.010463260053230089, -0.06505782862408147, -0.04551863287033639, -0.1695356997044649, -0.05528823074720893], [0.3029500312642641, -0.43069605091727337, 0.3602462991093739, -0.4309900414495288, 0.35995230857711846, 0.3056282376058607, -0.5090631235461321, 0.2818792264805151, -0.8651696443973279, 0.7167150556559659, -0.017225004012154932, -0.07422729437068107]], "inverted": false, "swapped": false, "error_lsq": 0.05219955847494625, "error_max": 0.34834734898382996, "target": "averaged_6.xyz", "model": "24.xyz", "model_rescale": 4.509807674373903, "target_rescale": 4.156650634858175},
{"mapping": [1, 5, 2, 4, 11, 7, 8, 9, 6, 0, 3, 12], "R": [[0.19178402026994928, -0.8486027372208165, 0.4930438965755822], [0.605364605179024, 0.4977034746630212, 0.6211480870974326], [-0.7724976274174179, 0.17934504645987062, 0.6091656342447158]], "T": [-0.009015711044507959, -0.010597113052066023, 0.08251877786302554], "aligned_model": [[-0.4684469772219875, 0.39686068916342293, 0.2337426299301028, 0.18595473340172022, 0.19377607801723903, -0.22216595380977514, -0.6172188118057236, -0.4284802352953146, 0.001807831167474492, -0.07339411922603915, 0.5810075913976687, -0.1613102280658458], [-0.7556018602451159, 0.4011203000893641, 0.4256838892919799, -0.6576386768523023, -0.6323910192013249, 0.5617867629174955, 0.06409004919508958, 0.30247293680554427, -0.09657641363304177, -0.25790514652271007, -0.15994196312989645, -0.07201282443042624], [0.22753413351064206, -0.3369716251693201, 0.42766965959546355, -0.40201289236114335, 0.2235766586906805, 0.00022671718937734842, -0.4878690212889474, 0.4316270942576053, -0.8250673636476448, 0.7156298719889668, 0.08608284611718141, -0.0604260788828614]], "inverted": true, "swapped": false, "error_lsq": 0.049098741162441596, "error_max": 0.266512724931665, "target": "averaged_6.xyz", "model": "25.xyz", "model_rescale": 4.466005608606829, "target_rescale": 4.156650634858175},
{"mapping": [0, 6, 2, 3, 11, 8, 7, 10, 5, 1, 4, 12], "R": [[-0.19178390985149435, 0.848602740564564, 0.49304393377100303], [-0.6053646797373871, -0.4977034208452036, 0.6211480575558722], [0.7724975964030729, -0.1793451799890184, 0.6091656342622931]], "T": [-0.009015729168910802, -0.01059713558137463, 0.08251880871102434], "aligned_model": [[-0.4684468488067084, 0.39686070293111925, 0.23374254304047476, 0.18595475615375467, 0.19377582929753873, -0.2221658793250233, -0.6172187468223305, -0.42848028213452316, 0.0018078354338120772, -0.07339398130940127, 0.5810076236510618, -0.16131032445683247], [-0.7556020012065937, 0.401120322642786, 0.42568394943860216, -0.657638739470772, -0.6323907776550687, 0.5617867203641317, 0.06409005588838387, 0.3024729728791636, -0.09657634183296179, -0.25790533673084587, -0.15994207499502408, -0.07201271503714571], [0.22753420912972094, -0.3369716878063278, 0.42766961742741644, -0.40201284629343836, 0.22357658126504465, 0.00022671737624359312, -0.4878689960331565, 0.43162711247712615, -0.8250674012157279, 0.715629922539121, 0.08608286711596172, -0.06042609598198377]], "inverted": false, "swapped": false, "error_lsq": 0.049098756483122404, "error_max": 0.2665128879765784, "target": "averaged_6.xyz", "model": "26.xyz", "model_rescale": 4.466005838112752, "target_rescale": 4.156650634858175},
{"mapping": [10, 4, 5, 0, 1, 7, 8, 9, 2, 3, 12, 13], "R": [[0.5547462995625226, 0.8316409567345362, 0.02509705567099809], [-0.826988704674775, 0.5478290117208146, 0.12638455703658477], [0.09135767872503076, -0.09086634689840341, 0.9916637946095003]], "T": [-0.049749578384880755, -0.05088627778680342, -0.0023658921588029956], "aligned_model": [[-0.4445170188713338, 0.4023519241714119, 0.42226570013318304, 0.260864840290345, 0.28077861625211614, -0.22064033629879118, -0.6339514289314803, -0.6140376529697091, -0.1540045179288822, -0.11417696600533987, 0.5712908097785339, -0.13409074196711104], [-0.5441692722893913, 0.22695697945159954, 0.32723941046053345, -0.6587410173919935, -0.5584585863830597, 0.6490089924933558, -0.04334515962116585, 0.05693727138776804, -0.1547251561641743, 0.045839705853693485, -0.16901440835726975, -0.05444272515524039], [-0.32957804951851566, -0.4492883458915894, 0.3375677257580335, -0.33282805073113536, 0.45402802091848754, 0.3128298482244775, -0.3886123593478717, 0.3982437123017512, -0.7866341967476406, 0.7870779465516052, -0.003028126419584667, 0.00022187490198240538]], "inverted": false, "swapped": false, "error_lsq": 0.052967634122673246, "error_max": 0.35906388095822794, "target": "averaged_6.xyz", "model": "27.xyz", "model_rescale": 4.509807893063789, "target_rescale": 4.156650634858175},
{"mapping": [11, 4, 5, 0, 1, 7, 8, 9, 2, 3, 12, 13], "R": [[0.5511935159793296, 0.8306471639032489, -0.07880987908779952], [-0.8326370698669778, 0.5536821403764532, 0.012312485999301476], [0.053862954112060546, 0.05883346435183494, 0.9968136263347744]], "T": [-0.044433716431784606, -0.05155479684709998, -0.06762318432828873], "aligned_model": [[-0.46051072538079857, 0.4483964091761833, 0.38586308668998026, 0.30515775345106055, 0.24262443096485753, -0.25446849228493273, -0.5856692499611974, -0.6482025724474004, -0.06601474313694332, -0.19108138810934938, 0.5745867843146288, -0.12854806562314633], [-0.49403945257920756, 0.2749860237248235, 0.284755619446997, -0.6180566056870274, -0.6082870099648539, 0.6079709244457744, 0.0006937063531946494, 0.010463302075368185, -0.06505784022215738, -0.045518648777810325, -0.16953574003046132, -0.05528824449998385], [0.30295001049743386, -0.43069601951495873, 0.3602462922323999, -0.43099000252165237, 0.35995230922570626, 0.3056282204140425, -0.5090630955503672, 0.2818792161969914, -0.8651696129270292, 0.7167150105676874, -0.01722502744058247, -0.07422730117967105]], "inverted": false, "swapped": false, "error_lsq": 0.05219956514871304, "error_max": 0.3483473029070643, "target": "averaged_6.xyz", "model": "28.xyz", "model_rescale": 4.5098078930637895, "target_rescale": 4.156650634858175},
