[{"mapping": [10, 4, 8, 7, 1, 2, 9, 3, 6, 3, 5, 11], "R": [[0.08168954470755696, -0.9683649335774799, -0.23578840875444929], [-0.6067019890538942, -0.23601110083884708, 0.7590859350290218], [-0.7907208829691554, 0.08104391216074608, -0.6067885707049538]], "T": [-0.062169485258949386, -0.011534888809359857, -0.07450905106490478], "aligned_model": [[-0.43032199856321296, 0.33745944891720664, 0.2800046507639988, 0.2307547114740654, -0.0007288537689888741, -0.3107326679376922, -0.6173690849686797, -0.12368558153222554, 0.04370762506859874, -0.12368558153222554, 0.5245065353226733, -0.1877759401744555], [-0.6541798147177212, 0.39733707117490485, 0.34885104392139793, -0.6679726661925189, -0.6716387735516188, 0.655714609855979, -0.05200936355525002, 0.053544158693507725, -0.06580221503004771, 0.053544158693507725, -0.20483337998756637, -0.06946832238914771], [-0.08171882891659303, -0.3719779612097371, 0.2433664116261055, -0.35585745497793186, 0.38318096961532383, 0.20312671311725744, -0.5630742730372423, 0.6844821572379067, -0.8372128990985811, 0.6844821572379067, 0.10937748291091225, -0.09817447450532539]], "inverted": true, "swapped": false, "error_lsq": 0.06104550315960076, "error_max": 0.472683674876271, "target": "100.xyz", "model": "0.xyz", "model_rescale": 4.5108708085295355, "target_rescale": 4.156650603218003},
{"mapping": [9, 5, 8, 6, 0, 3, 10, 2, 7, 2, 4, 11], "R": [[-0.08168954470755735, 0.9683649335774798, -0.23578840875444962], [0.6067019890538949, 0.23601110083884763, 0.7590859350290211], [0.7907208829691549, -0.0810439121607461, -0.6067885707049545]], "T": [-0.06216948525894937, -0.01153488880936001, -0.07450905106490478], "aligned_model": [[-0.4303219985632126, 0.33745944891720636, 0.2800046507639985, 0.23075471147406568, -0.0007288537689885272, -0.31073266793769255, -0.6173690849686795, -0.12368558153222568, 0.043707625068598835, -0.12368558153222568, 0.5245065353226732, -0.18777594017445542], [-0.6541798147177215, 0.39733707117490463, 0.34885104392139826, -0.667972666192519, -0.6716387735516186, 0.6557146098559787, -0.05200936355525106, 0.05354415869350846, -0.06580221503004866, 0.05354415869350846, -0.2048333799875658, -0.06946832238914802], [-0.0817188289165927, -0.37197796120973725, 0.24336641162610528, -0.3558574549779313, 0.3831809696153244, 0.20312671311725683, -0.5630742730372423, 0.6844821572379064, -0.8372128990985809, 0.6844821572379064, 0.10937748291091236, -0.0981744745053253]], "inverted": false, "swapped": false, "error_lsq": 0.06104550315960074, "error_max": 0.47268367487627067, "target": "100.xyz", "model": "1.xyz", "model_rescale": 4.510870808529536, "target_rescale": 4.156650603218003},
{"mapping": [10, 4, 8, 7, 1, 2, 9, 3, 6, 3, 5, 11], "R": [[0.08168954470755674, -0.96836493357748, -0.23578840875444962], [-0.6067019890538949, -0.2360111008388473, 0.7590859350290213], [-0.7907208829691551, 0.08104391216074663, -0.6067885707049544]], "T": [-0.06216948525894943, -0.011534888809359885, -0.07450905106490484], "aligned_model": [[-0.43032199856321307, 0.33745944891720653, 0.28000465076399894, 0.23075471147406534, -0.0007288537689886659, -0.3107326679376923, -0.6173690849686799, -0.12368558153222534, 0.04370762506859842, -0.12368558153222534, 0.5245065353226736, -0.18777594017445548], [-0.6541798147177216, 0.39733707117490474, 0.34885104392139815, -0.6679726661925194, -0.6716387735516186, 0.6557146098559791, -0.05200936355525066, 0.05354415869350831, -0.06580221503004846, 0.05354415869350831, -0.20483337998756612, -0.06946832238914802], [-0.08171882891659248, -0.37197796120973764, 0.24336641162610528, -0.3558574549779315, 0.38318096961532433, 0.20312671311725705, -0.5630742730372422, 0.6844821572379068, -0.8372128990985811, 0.6844821572379068, 0.10937748291091214, -0.09817447450532518]], "inverted": true, "swapped": false, "error_lsq": 0.06104550315960075, "error_max": 0.4726836748762712, "target": "100.xyz", "model": "2.xyz", "model_rescale": 4.5108708085295355, "target_rescale": 4.156650603218003},
{"mapping": [12, 5, 4, 3, 2, 6, 10, 9, 1, 0, 8, 13], "R": [[-0.554746119879339, -0.8316410767618411, 0.025097050050230444], [0.8269888207201318, -0.5478288315916587, 0.12638457849296136], [-0.09135771933856267, 0.09086633435615027, 0.9916637920172001]], "T": [-0.04974951486995052, -0.050886218738102534, -0.002365896787316227], "aligned_model": [[-0.44451690940110533, 0.40235192307743617, 0.42226569524170976, 0.26086464143831134, 0.28077841360258493, -0.2206401700105702, -0.6339515856390032, -0.6140378134747297, -0.154004423567725, -0.11417687923917788, 0.5712910224447834, -0.13409065140345144], [-0.5441691851105308, 0.22695697001950502, 0.32723942138926154, -0.6587410229093246, -0.558458571539568, 0.6490089674313327, -0.04334525985848452, 0.05693719151127205, -0.15472494708066073, 0.04583995565885235, -0.16901451688532454, -0.0544424957109042], [-0.32957806462307754, -0.449288358082741, 0.3375677376841302, -0.332828039750238, 0.45402805601663315, 0.31282984973455175, -0.3886123558946128, 0.39824373987225836, -0.7866342482886974, 0.7870779432450445, -0.0030281073914228285, 0.00022184747817354748]], "inverted": true, "swapped": false, "error_lsq": 0.0529676395537658, "error_max": 0.35906395384211964, "target": "100.xyz", "model": "3.xyz", "model_rescale": 4.509807743048502, "target_rescale": 4.156650603218003},
{"mapping": [12, 4, 5, 2, 3, 7, 9, 10, 0, 1, 8, 13], "R": [[0.5511933370379511, 0.8306472832980915, -0.07880987218913461], [-0.8326371894495778, 0.5536819605697125, 0.012312484931462274], [0.05386293670489635, 0.0588334708238393, 0.9968136268933852]], "T": [-0.04443365333643065, -0.05155473742933337, -0.06762318187663444], "aligned_model": [[-0.4605106165583489, 0.44839640418017546, 0.3858630850877376, 0.30515755151973323, 0.24262423242729533, -0.2544683236480215, -0.5856694106780471, -0.6482027297704851, -0.06601465608197406, -0.19108129426684992, 0.5745869960322599, -0.12854797517441197], [-0.494039355975951, 0.27498602544856626, 0.2847556206484188, -0.6180566028415192, -0.6082870076416665, 0.6079708905480571, 0.0006936154844625966, 0.010463210684315168, -0.0650576084862154, -0.04551841808651026, -0.16953584958016837, -0.05528801328636283], [0.30295003154219535, -0.4306960378308473, 0.36024630066983987, -0.43099003638665156, 0.3599523021140356, 0.3056282475528407, -0.5090631181275811, 0.2818792203731061, -0.865169636606259, 0.7167150403951159, -0.017225015590220855, -0.07422729810557176]], "inverted": false, "swapped": false, "error_lsq": 0.05219957222084903, "error_max": 0.3483474078079197, "target": "100.xyz", "model": "4.xyz", "model_rescale": 4.509807743048502, "target_rescale": 4.156650603218003},
{"mapping": [12, 5, 4, 3, 2, 6, 10, 9, 1, 0, 8, 13], "R": [[-0.554746119879339, -0.8316410767618411, 0.025097050050230444], [0.8269888207201318, -0.5478288315916587, 0.12638457849296136], [-0.09135771933856267, 0.09086633435615027, 0.9916637920172001]], "T": [-0.04974951486995052, -0.050886218738102534, -0.002365896787316169], "aligned_model": [[-0.44451690940110533, 0.40235192307743617, 0.42226569524170976, 0.26086464143831134, 0.28077841360258493, -0.2206401700105702, -0.6339515856390032, -0.6140378134747297, -0.154004423567725, -0.11417687923917788, 0.5712910224447834, -0.13409065140345144], [-0.5441691851105308, 0.22695697001950502, 0.32723942138926154, -0.6587410229093246, -0.558458571539568, 0.6490089674313327, -0.04334525985848452, 0.05693719151127204, -0.15472494708066073, 0.04583995565885235, -0.1690145168853246, -0.05444249571090423], [-0.3295780646230775, -0.4492883580827409, 0.3375677376841302, -0.33282803975023795, 0.45402805601663315, 0.3128298497345518, -0.38861235589461274, 0.39824373987225836, -0.7866342482886973, 0.7870779432450447, -0.0030281073914230636, 0.00022184747817331242]], "inverted": true, "swapped": false, "error_lsq": 0.0529676395537658, "error_max": 0.35906395384211964, "target": "100.xyz", "model": "5.xyz", "model_rescale": 4.509807743048502, "target_rescale": 4.156650603218003},
{"mapping": [12, 5, 4, 3, 2, 6, 10, 9, 1, 0, 8, 13], "R": [[-0.5547461800873641, -0.8316410365098907, 0.025097053038797966], [0.8269887813155588, -0.5478288912637246, 0.12638457767846953], [-0.09135771043915564, 0.09086634299625321, 0.9916637920453699]], "T": [-0.04974953248593151, -0.05088622938907876, -0.002365894910731052], "aligned_model": [[-0.44451700164591884, 0.4023519880942061, 0.4222657633214753, 0.26086476624883087, 0.2807785414761001, -0.22064033196281116, -0.6339513521558282, -0.6140375769285591, -0.15400453909416836, -0.11417698863962994, 0.571290758222265, -0.13409076386689914], [-0.5441693009833842, 0.22695706324096604, 0.32723951744750707, -0.6587409708680159, -0.5584585166614748, 0.6490089073103311, -0.0433451287691271, 0.05693732543741392, -0.15472502746367267, 0.045839880949409315, -0.16901466946739446, -0.054442573257131685], [-0.32957806054916483, -0.4492883865526962, 0.33756773656600303, -0.33282806478953536, 0.4540280583291638, 0.31282987654516115, -0.3886123905549055, 0.3982437325637937, -0.7866342625867552, 0.7870779836506429, -0.0030280831536489265, 0.00022186053194377066]], "inverted": true, "swapped": false, "error_lsq": 0.052967632226416865, "error_max": 0.3590638919157762, "target": "100.xyz", "model": "6.xyz", "model_rescale": 4.509807586411629, "target_rescale": 4.156650603218003},
{"mapping": [12, 4, 5, 2, 3, 7, 9, 10, 0, 1, 8, 13], "R": [[0.5511933965776952, 0.8306472433515587, -0.07880987680234357], [-0.8326371496602459, 0.5536820204320014, 0.012312483746110856], [0.053862942500436564, 0.058833471449451974, 0.9968136265432981]], "T": [-0.044433670426059904, -0.051554748144882895, -0.06762318545742249], "aligned_model": [[-0.46051070983133063, 0.4483964742305723, 0.38586314930575016, 0.3051576806715338, 0.2426243557467117, -0.25446848884332635, -0.5856691723829209, -0.648202497307743, -0.06601476206157189, -0.19108141191121614, 0.5745867324389976, -0.12854808698639403], [-0.49403947163837025, 0.2749861211934901, 0.28475571579212355, -0.6180565483928241, -0.6082869537941907, 0.6079708279566368, 0.0006937499303517544, 0.010463344528985181, -0.06505768618141541, -0.04551849698414856, -0.16953600391243004, -0.05528809158278199], [0.3029500347365425, -0.4306960471192415, 0.3602463185750634, -0.43099004221725745, 0.3599523234770474, 0.3056282466702952, -0.5090631197315785, 0.2818792459627264, -0.8651696744308722, 0.7167150569577381, -0.01722503414389437, -0.0742273087365672]], "inverted": false, "swapped": false, "error_lsq": 0.05219956453315258, "error_max": 0.3483473379999538, "target": "100.xyz", "model": "7.xyz", "model_rescale": 4.509807586411629, "target_rescale": 4.156650603218003},
{"mapping": [12, 5, 4, 3, 2, 6, 10, 9, 1, 0, 8, 13], "R": [[-0.5547461800873641, -0.8316410365098907, 0.025097053038797935], [0.8269887813155588, -0.5478288912637246, 0.12638457767846956], [-0.09135771043915566, 0.09086634299625318, 0.9916637920453699]], "T": [-0.0497495324859315, -0.050886229389078746, -0.0023658949107309857], "aligned_model": [[-0.44451700164591884, 0.4023519880942061, 0.4222657633214753, 0.26086476624883087, 0.2807785414761001, -0.2206403319628112, -0.6339513521558282, -0.6140375769285591, -0.15400453909416834, -0.11417698863962995, 0.571290758222265, -0.13409076386689917], [-0.5441693009833842, 0.22695706324096607, 0.3272395174475071, -0.6587409708680159, -0.5584585166614748, 0.6490089073103311, -0.04334512876912709, 0.056937325437413935, -0.15472502746367267, 0.04583988094940934, -0.16901466946739446, -0.054442573257131706], [-0.3295780605491648, -0.4492883865526961, 0.33756773656600303, -0.3328280647895353, 0.4540280583291638, 0.3128298765451611, -0.38861239055490543, 0.3982437325637937, -0.7866342625867552, 0.7870779836506429, -0.0030280831536491255, 0.00022186053194354124]], "inverted": true, "swapped": false, "error_lsq": 0.052967632226416865, "error_max": 0.35906389191577615, "target": "100.xyz", "model": "8.xyz", "model_rescale": 4.509807586411629, "target_rescale": 4.156650603218003},
{"mapping": [9, 6, 7, 2, 3, 5, 11, 12, 0, 1, 8, 13], "R": [[-0.5547460647547237, -0.8316411133492182, 0.025097056130576046], [0.8269888567767983, -0.5478287755970633, 0.1263845852737876], [-0.09135772767616766, 0.09086633708417965, 0.9916637909991228]], "T": [-0.049749545109253904, -0.05088617052796866, -0.00236590220845201], "aligned_model": [[-0.44451690031162094, 0.4023518440417815, 0.4222656220840997, 0.26086468024360504, 0.28077845828592324, -0.22064025575586338, -0.6339515531788215, -0.6140377751365033, -0.15400443358381674, -0.11417687749918046, 0.5712911094209583, -0.1340906555414986], [-0.5441690788332344, 0.22695693836414627, 0.32723940041938293, -0.6587409695577364, -0.5584585075024997, 0.6490090059614699, -0.04334511501134306, 0.056937347043893596, -0.1547251482350192, 0.045839775875454083, -0.16901445542930488, -0.05444268617978257], [-0.3295780941468059, -0.44928837838535923, 0.3375677581995749, -0.3328280668257235, 0.4540280697592106, 0.31282986470181606, -0.38861239324906244, 0.3982437433358717, -0.786634264225433, 0.787078008944435, -0.003028120468023214, 0.00022187235950099334]], "inverted": false, "swapped": false, "error_lsq": 0.05296763693210941, "error_max": 0.3590640125180356, "target": "100.xyz", "model": "9.xyz", "model_rescale": 4.509807504472865, "target_rescale": 4.156650603218003},
{"mapping": [10, 6, 7, 2, 3, 5, 11, 12, 0, 1, 8, 13], "R": [[-0.5511932812385474, -0.8306473202057475, -0.07880987344548879], [0.8326372267532939, -0.5536819045354509, 0.012312482064131991], [-0.05386293105714865, -0.05883347707731018, 0.9968136268294723]], "T": [-0.04443368299603316, -0.05155468871595583, -0.06762318829118497], "aligned_model": [[-0.4605106065023079, 0.4483963310952752, 0.38586300769785, 0.30515759531780695, 0.24262427192038172, -0.25446841318171604, -0.5856693724609701, -0.6482026958583953, -0.06601465599467962, -0.19108130278953017, 0.574587083217453, -0.12854797939210488], [-0.49403924448232733, 0.2749860000535888, 0.2847555934951252, -0.6180565431246964, -0.6082869496831599, 0.607970923764805, 0.0006937681502798346, 0.010463361591816274, -0.06505779854704116, -0.045518611663968284, -0.16953578753349083, -0.05528820510550472], [0.3029500467737145, -0.4306960662811303, 0.36024631401088986, -0.43099005939663043, 0.3599523208953897, 0.3056282593072693, -0.5090631420748398, 0.2818792382171803, -0.8651696799468178, 0.716715080637223, -0.017225012487448677, -0.07422729965479755]], "inverted": false, "swapped": false, "error_lsq": 0.052199569588289335, "error_max": 0.34834747093790003, "target": "100.xyz", "model": "10.xyz", "model_rescale": 4.509807504472865, "target_rescale": 4.156650603218003},
{"mapping": [9, 7, 6, 3, 2, 4, 12, 11, 1, 0, 8, 13], "R": [[0.5511932812385465, 0.8306473202057482, -0.07880987344548855], [-0.8326372267532945, 0.55368190453545, 0.01231248206413198], [0.05386293105714844, 0.05883347707731004, 0.9968136268294723]], "T": [-0.04443368299603316, -0.05155468871595581, -0.06762318829118487], "aligned_model": [[-0.46051060650230835, 0.44839633109527555, 0.3858630076978504, 0.3051575953178063, 0.24262427192038116, -0.2544684131817152, -0.5856693724609702, -0.6482026958583952, -0.06601465599467983, -0.19108130278953, 0.5745870832174528, -0.12854797939210488], [-0.494039244482327, 0.2749860000535883, 0.2847555934951247, -0.6180565431246968, -0.6082869496831603, 0.6079709237648053, 0.0006937681502805215, 0.010463361591816954, -0.06505779854704104, -0.04551861166396818, -0.16953578753349147, -0.05528820510550461], [0.3029500467737147, -0.4306960662811304, 0.3602463140108899, -0.4309900593966306, 0.3599523208953897, 0.3056282593072695, -0.5090631420748398, 0.2818792382171805, -0.8651696799468176, 0.7167150806372229, -0.017225012487448926, -0.07422729965479762]], "inverted": true, "swapped": false, "error_lsq": 0.05219956958828934, "error_max": 0.3483474709379002, "target": "100.xyz", "model": "11.xyz", "model_rescale": 4.509807504472865, "target_rescale": 4.156650603218003},
{"mapping": [9, 6, 7, 2, 3, 5, 11, 12, 0, 1, 8, 13], "R": [[-0.5547461741788892, -0.831641040572174, 0.02509704902806655], [0.8269887851854817, -0.5478288859757515, 0.1263845752772394], [-0.09135771128551114, 0.09086633769773361, 0.9916637924529033]], "T": [-0.04974965455434771, -0.050886245042928005, -0.0023658898455358175], "aligned_model": [[-0.4445171096077418, 0.4023518519891004, 0.4222656232386773, 0.26086462937539506, 0.28077840062497195, -0.2206402597166274, -0.6339514489559384, -0.6140376777063614, -0.15400434643666328, -0.1141768039375095, 0.5712909793888465, -0.1340905751870864], [-0.5441692935920539, 0.22695703451236016, 0.3272394828086237, -0.6587409635526141, -0.5584585152563506, 0.6490089855979895, -0.04334513999491742, 0.05693730830134615, -0.15472509841461335, 0.04583979817791371, -0.16901444155390766, -0.05444265011834983], [-0.3295780454570293, -0.44928836080340234, 0.33756773121405625, -0.33282804637923824, 0.45402804563822036, 0.3128298496165431, -0.38861237290174766, 0.39824371911571094, -0.7866342268348353, 0.7870779572000816, -0.0030281155909803177, 0.00022186518262307673]], "inverted": false, "swapped": false, "error_lsq": 0.05296762123501838, "error_max": 0.35906384892203996, "target": "100.xyz", "model": "12.xyz", "model_rescale": 4.509807766519439, "target_rescale": 4.156650603218003},
{"mapping": [10, 6, 7, 2, 3, 5, 11, 12, 0, 1, 8, 13], "R": [[-0.551193391293401, -0.8306472471461173, -0.07880987376628076], [0.8326371531977781, -0.5536820150734468, 0.012312485488619886], [-0.053862941891246935, -0.05883346830490908, 0.9968136267618113]], "T": [-0.044433792617556964, -0.05155476423241015, -0.06762319225358922], "aligned_model": [[-0.4605108172003216, 0.44839633341545454, 0.38586301339704715, 0.30515753973711496, 0.24262421971870757, -0.2544684130409961, -0.5856692739264001, -0.6482025939448074, -0.06601457943632369, -0.19108121947313844, 0.5745869532774568, -0.12854789945473105], [-0.494039466877771, 0.2749860883956784, 0.2847556839867741, -0.6180565445890959, -0.6082869489980002, 0.6079709101353481, 0.0006937347514389194, 0.010463330342534598, -0.06505776442569243, -0.045518573243501045, -0.16953577372769016, -0.05528816883459674], [0.3029500149192624, -0.430696041278665, 0.36024629300122546, -0.4309900348407638, 0.35995229943912666, 0.30562823782406706, -0.5090631073575541, 0.2818792269223364, -0.8651696243056973, 0.7167150442540842, -0.01722501855161339, -0.07422729002580666]], "inverted": false, "swapped": false, "error_lsq": 0.052199553502289414, "error_max": 0.3483472957801782, "target": "100.xyz", "model": "13.xyz", "model_rescale": 4.509807766519439, "target_rescale": 4.156650603218003},
{"mapping": [9, 7, 6, 3, 2, 4, 12, 11, 1, 0, 8, 13], "R": [[0.551193391293401, 0.8306472471461173, -0.07880987376628097], [-0.8326371531977781, 0.5536820150734468, 0.012312485488619997], [0.05386294189124714, 0.05883346830490918, 0.9968136267618113]], "T": [-0.04443379261755696, -0.05155476423241016, -0.0676231922535891], "aligned_model": [[-0.46051081720032166, 0.4483963334154546, 0.3858630133970471, 0.305157539737115, 0.24262421971870754, -0.2544684130409962, -0.5856692739264, -0.6482025939448075, -0.06601457943632352, -0.19108121947313858, 0.5745869532774568, -0.12854789945473102], [-0.49403946687777095, 0.2749860883956783, 0.2847556839867741, -0.6180565445890959, -0.6082869489980002, 0.6079709101353481, 0.0006937347514388639, 0.01046333034253464, -0.06505776442569251, -0.04551857324350097, -0.16953577372769016, -0.05528816883459675], [0.3029500149192625, -0.43069604127866506, 0.3602462930012256, -0.4309900348407638, 0.3599522994391269, 0.30562823782406706, -0.5090631073575543, 0.2818792269223364, -0.8651696243056971, 0.716715044254084, -0.017225018551613333, -0.07422729002580677]], "inverted": true, "swapped": false, "error_lsq": 0.05219955350228942, "error_max": 0.34834729578017826, "target": "100.xyz", "model": "14.xyz", "model_rescale": 4.509807766519439, "target_rescale": 4.156650603218003},
{"mapping": [9, 7, 8, 4, 0, 3, 10, 2, 5, 2, 6, 11], "R": [[0.08168951479396941, -0.9683649381653681, -0.23578840027598602], [-0.6067019617145495, -0.23601107900054108, 0.7590859636699374], [-0.7907209070363848, 0.08104392093786628, -0.6067885381700726]], "T": [-0.06216937117191662, -0.01153492125636283, -0.07450915099771482], "aligned_model": [[-0.4303218332117691, 0.3374594847025751, 0.28000467361274645, 0.2307544967257919, -0.0007288777529469992, -0.31073265049032855, -0.6173689283326267, -0.12368555536947089, 0.04370740160493425, -0.12368555536947089, 0.5245065798234327, -0.18777597287380463], [-0.6541797970896929, 0.3973371143864023, 0.3488511961953466, -0.6679727611068883, -0.6716387035209167, 0.6557145351274238, -0.052009273496131804, 0.053544011533862644, -0.06580223751332723, 0.053544011533862644, -0.20483340920715884, -0.06946817992735571], [-0.0817188680281733, -0.3719779810970021, 0.24336661706647505, -0.3558574932909523, 0.38318115369968, 0.20312658678880724, -0.5630743260765606, 0.6844820448371945, -0.8372129513393396, 0.6844820448371945, 0.10937747695138525, -0.09817430434870723]], "inverted": false, "swapped": false, "error_lsq": 0.06104548985373128, "error_max": 0.4726836365521143, "target": "100.xyz", "model": "15.xyz", "model_rescale": 4.510870436145588, "target_rescale": 4.156650603218003},
{"mapping": [9, 7, 8, 4, 0, 3, 10, 2, 5, 2, 6, 11], "R": [[0.08168951479396919, -0.9683649381653681, -0.23578840027598597], [-0.6067019617145498, -0.2360110790005409, 0.7590859636699374], [-0.7907209070363845, 0.0810439209378665, -0.6067885381700728]], "T": [-0.062169371171916635, -0.011534921256362789, -0.07450915099771489], "aligned_model": [[-0.43032183321176914, 0.33745948470257514, 0.28000467361274656, 0.23075449672579174, -0.0007288777529470408, -0.31073265049032833, -0.6173689283326268, -0.12368555536947079, 0.04370740160493414, -0.12368555536947079, 0.5245065798234326, -0.1877759728738046], [-0.654179797089693, 0.3973371143864021, 0.3488511961953467, -0.6679727611068885, -0.6716387035209168, 0.655714535127424, -0.05200927349613193, 0.05354401153386291, -0.06580223751332753, 0.05354401153386291, -0.20483340920715892, -0.06946817992735574], [-0.08171886802817303, -0.3719779810970022, 0.24336661706647483, -0.355857493290952, 0.3831811536996802, 0.20312658678880718, -0.5630743260765604, 0.6844820448371945, -0.8372129513393395, 0.6844820448371945, 0.10937747695138515, -0.0981743043487072]], "inverted": false, "swapped": false, "error_lsq": 0.06104548985373128, "error_max": 0.47268363655211443, "target": "100.xyz", "model": "16.xyz", "model_rescale": 4.510870436145588, "target_rescale": 4.156650603218003},
{"mapping": [10, 6, 8, 5, 1, 2, 9, 3, 4, 3, 7, 11], "R": [[-0.08168951479396919, 0.9683649381653683, -0.2357884002759856], [0.6067019617145494, 0.2360110790005407, 0.7590859636699376], [0.790720907036385, -0.08104392093786622, -0.6067885381700725]], "T": [-0.06216937117191663, -0.01153492125636267, -0.07450915099771492], "aligned_model": [[-0.43032183321176937, 0.3374594847025754, 0.2800046736127467, 0.23075449672579168, -0.000728877752947367, -0.3107326504903282, -0.6173689283326268, -0.1236855553694709, 0.04370740160493434, -0.1236855553694709, 0.5245065798234327, -0.18777597287380457], [-0.6541797970896928, 0.39733711438640223, 0.34885119619534644, -0.6679727611068884, -0.6716387035209168, 0.655714535127424, -0.05200927349613137, 0.05354401153386258, -0.06580223751332707, 0.05354401153386258, -0.20483340920715915, -0.06946817992735572], [-0.0817188680281734, -0.37197798109700203, 0.24336661706647522, -0.35585749329095245, 0.38318115369967976, 0.20312658678880746, -0.5630743260765606, 0.6844820448371947, -0.8372129513393397, 0.6844820448371947, 0.10937747695138524, -0.09817430434870716]], "inverted": true, "swapped": false, "error_lsq": 0.06104548985373128, "error_max": 0.4726836365521144, "target": "100.xyz", "model": "17.xyz", "model_rescale": 4.510870436145588, "target_rescale": 4.156650603218003},
{"mapping": [0, 6, 2, 3, 11, 8, 7, 10, 5, 1, 4, 12], "R": [[-0.19178396974432985, 0.8486026959749897, 0.4930439872192799], [-0.60536464601075, -0.49770350236792943, 0.6211480251043031], [0.7724976079635363, -0.17934516473737422, 0.6091656240924457]], "T": [-0.009015712831458265, -0.01059707123023837, 0.08251878228115977], "aligned_model": [[-0.4684469000187168, 0.396860755518958, 0.2337425864420879, 0.1859547458805265, 0.1937757751612684, -0.22216584076987608, -0.617218768216345, -0.42848027875169575, 0.0018078280724891163, -0.07339397257224797, 0.5810076733269953, -0.16131034100438102], [-0.7556018562350137, 0.40112029109715097, 0.42568394989289116, -0.6576386633893787, -0.6323908236669328, 0.5617867595650532, 0.06409009951854741, 0.30247302876745974, -0.09657636894935481, -0.25790519618850805, -0.15994200334287303, -0.0720127101536147], [0.2275341154503197, -0.3369716522219199, 0.427669684710072, -0.40201296557111604, 0.22357666159321005, 0.00022676068217625245, -0.4878689657351227, 0.43162717872502715, -0.8250673786392189, 0.7156298418676186, 0.08608276084618285, -0.060426041707226985]], "inverted": false, "swapped": false, "error_lsq": 0.04909874957158992, "error_max": 0.2665126779795314, "target": "100.xyz", "model": "18.xyz", "model_rescale": 4.466005644533647, "target_rescale": 4.156650603218003},
{"mapping": [11, 5, 4, 1, 0, 6, 9, 8, 3, 2, 12, 13], "R": [[-0.5547461995851857, -0.8316410235813791, 0.025097050470311643], [0.8269887685573798, -0.5478289111280141, 0.1263845750566228], [-0.09135770753331177, 0.09086634156171557, 0.9916637924445197]], "T": [-0.04974959398898038, -0.05088620482893351, -0.002365896472003969], "aligned_model": [[-0.4445170407181433, 0.4023519073220844, 0.42226567995862435, 0.2608647102933317, 0.2807784829298716, -0.22064022065637237, -0.6339513977796559, -0.614037625143116, -0.15400447257199848, -0.11417692729891868, 0.5712908666688139, -0.13409069993545858], [-0.5441692709616409, 0.226957092176009, 0.32723954151883194, -0.658740921056947, -0.5584584717141241, 0.6490090288773441, -0.04334511691433589, 0.05693733242848706, -0.15472518330979484, 0.04583971537585106, -0.1690145055372823, -0.05444273396697189], [-0.32957805446510585, -0.44928837499438723, 0.3375677266016759, -0.33282805927489706, 0.45402804232116606, 0.3128298484241083, -0.38861238113248053, 0.3982437204635826, -0.7866342224166819, 0.7870779807754443, -0.0030281054818035165, 0.00022187917938104032]], "inverted": true, "swapped": false, "error_lsq": 0.05296762767036337, "error_max": 0.35906388323520566, "target": "100.xyz", "model": "19.xyz", "model_rescale": 4.509807711582247, "target_rescale": 4.156650603218003},
{"mapping": [11, 4, 5, 0, 1, 7, 8, 9, 2, 3, 12, 13], "R": [[0.5511934163910304, 0.8306472302963077, -0.0788098758294748], [-0.8326371364255989, 0.5536820403086717, 0.01231248490780533], [0.053862944332470256, 0.058833468712114714, 0.9968136266058656]], "T": [-0.044433731916002944, -0.05155472355990036, -0.06762318878968922], "aligned_model": [[-0.46051074880976284, 0.4483963908578066, 0.3858630684405523, 0.30515762245144973, 0.24262430003419536, -0.25446837548311296, -0.5856692206499118, -0.6482025430671662, -0.06601470142327225, -0.19108134625778092, 0.5745868408165918, -0.12854802384052655], [-0.49403944351226176, 0.2749861472983023, 0.2847557425475491, -0.6180565008990624, -0.6082869056498155, 0.6079709531632848, 0.0006937588883236048, 0.010463354137570428, -0.06505784878625664, -0.045518658287763004, -0.1695358384474347, -0.05528825353700982], [0.3029500229921669, -0.4306960419924645, 0.3602463017987221, -0.43099003418548176, 0.3599523096057048, 0.30562824428541063, -0.5090631102836735, 0.28187923350751315, -0.8651696436151269, 0.7167150439672457, -0.017225026256073958, -0.07422729982394066]], "inverted": false, "swapped": false, "error_lsq": 0.05219955993943243, "error_max": 0.3483473299275081, "target": "100.xyz", "model": "20.xyz", "model_rescale": 4.509807711582248, "target_rescale": 4.156650603218003},
{"mapping": [1, 5, 2, 4, 11, 7, 8, 9, 6, 0, 3, 12], "R": [[0.19178396974433035, -0.8486026959749896, 0.49304398721927994], [0.6053646460107499, 0.4977035023679298, 0.6211480251043029], [-0.7724976079635362, 0.1793451647373739, 0.6091656240924459]], "T": [-0.009015712831458203, -0.010597071230238293, 0.08251878228115983], "aligned_model": [[-0.46844690001871714, 0.3968607555189583, 0.233742586442088, 0.18595474588052657, 0.1937757751612682, -0.22216584076987594, -0.6172187682163447, -0.4284802787516959, 0.0018078280724895118, -0.07339397257224838, 0.5810076733269953, -0.16131034100438102], [-0.7556018562350136, 0.40112029109715075, 0.4256839498928911, -0.6576386633893789, -0.6323908236669331, 0.5617867595650532, 0.06409009951854788, 0.30247302876745996, -0.09657636894935467, -0.25790519618850816, -0.1599420033428734, -0.0720127101536146], [0.22753411545031976, -0.3369716522219199, 0.42766968471007216, -0.402012965571116, 0.22357666159321013, 0.00022676068217611367, -0.48786896573512284, 0.43162717872502704, -0.8250673786392189, 0.7156298418676187, 0.086082760846183, -0.06042604170722707]], "inverted": true, "swapped": false, "error_lsq": 0.04909874957158992, "error_max": 0.2665126779795313, "target": "100.xyz", "model": "21.xyz", "model_rescale": 4.466005644533646, "target_rescale": 4.156650603218003},
{"mapping": [0, 6, 2, 3, 11, 8, 7, 10, 5, 1, 4, 12], "R": [[-0.19178404969683951, 0.8486027028989775, 0.49304394420216735], [-0.6053646046496408, -0.49770352663225426, 0.6211480459722956], [0.7724976205266035, -0.17934506463899902, 0.6091656376309886]], "T": [-0.00901570303838076, -0.010597076379629283, 0.08251877854089966], "aligned_model": [[-0.46844701544984163, 0.39686071850011434, 0.2337426703595075, 0.18595469366158265, 0.1937760476847132, -0.22216590992012106, -0.6172188060770095, -0.4284802027612457, 0.0018078223432258199, -0.07339411929295307, 0.5810075898184712, -0.1613102257973811], [-0.7556017961709094, 0.4011203170188946, 0.4256839050229122, -0.6576386453271053, -0.6323909977661312, 0.561786814594633, 0.06409013382386278, 0.3024729951754779, -0.09657636375187548, -0.2579051154001394, -0.15994196455633522, -0.072012775747858], [0.22753412848643367, -0.3369716232302138, 0.42766966393944067, -0.4020129040222584, 0.22357664731916205, 0.00022672928836652007, -0.48786901190321924, 0.43162710494888856, -0.8250673644217996, 0.7156298696780194, 0.08608283716932734, -0.060426077252145174]], "inverted": false, "swapped": false, "error_lsq": 0.049098743616810075, "error_max": 0.2665126289914148, "target": "100.xyz", "model": "22.xyz", "model_rescale": 4.46600560860683, "target_rescale": 4.156650603218003},
{"mapping": [10, 4, 5, 0, 1, 7, 8, 9, 2, 3, 12, 13], "R": [[0.5547461395675151, 0.8316410636012065, 0.025097050966069907], [-0.8269888078307402, 0.5478288511099341, 0.12638457822954768], [0.09135771646462135, -0.09086633713220765, 0.9916637920275935]], "T": [-0.049749592529972644, -0.050886203349870596, -0.0023658967602951963], "aligned_model": [[-0.4445169828186529, 0.402351844062879, 0.42226561725708783, 0.260864581427736, 0.2807783546219449, -0.22064026540346288, -0.6339514894716369, -0.614037716277428, -0.1540043804399604, -0.11417683405154261, 0.5712911414078502, -0.1340906072457515], [-0.5441691861814892, 0.22695700059009166, 0.32723945327792164, -0.6587410092332289, -0.5584585565453989, 0.6490089892125298, -0.04334513620559328, 0.05693731648223671, -0.15472511841405392, 0.04583978696160604, -0.16901436730297142, -0.054442665726223936], [-0.32957806846097343, -0.44928836638763614, 0.3375677413695953, -0.33282804648875197, 0.45402806126847944, 0.31282985582823014, -0.3886123796114468, 0.3982437281457846, -0.7866342396289551, 0.7870779758855077, -0.003028130048108051, 0.00022186812827635228]], "inverted": false, "swapped": false, "error_lsq": 0.05296762781737029, "error_max": 0.3590639358869263, "target": "100.xyz", "model": "23.xyz", "model_rescale": 4.509807674373902, "target_rescale": 4.156650603218003},
{"mapping": [11, 4, 5, 0, 1, 7, 8, 9, 2, 3, 12, 13], "R": [[0.5511933565279616, 0.8306472702439122, -0.07880987346631373], [-0.8326371764331834, 0.55368198015265, 0.012312484542772895], [0.05386293847178306, 0.0588334708357183, 0.9968136267972101]], "T": [-0.04443373057362804, -0.05155472204075785, -0.06762318919806311], "aligned_model": [[-0.4605106901129974, 0.44839632714317595, 0.3858630060850869, 0.3051574932630336, 0.24262417220494453, -0.2544684199337976, -0.5856693127589812, -0.6482026338170701, -0.06601461031919204, -0.19108125243537005, 0.574587115127511, -0.12854793137728104], [-0.4940393565483097, 0.27498605684502164, 0.28475565188523033, -0.6180565884066574, -0.6082869933664486, 0.607970911597014, 0.0006937410907497596, 0.01046333613095849, -0.06505777960692169, -0.045518589526504234, -0.16953569861199314, -0.05528818456671296], [0.30295003009990534, -0.4306960506711633, 0.36024629979755035, -0.4309900480644369, 0.3599523024042767, 0.3056282447402852, -0.509063119738647, 0.28187923073006665, -0.8651696441306828, 0.7167150568067439, -0.017225008311926374, -0.07422729366196958]], "inverted": false, "swapped": false, "error_lsq": 0.05219956021738426, "error_max": 0.348347387808909, "target": "100.xyz", "model": "24.xyz", "model_rescale": 4.509807674373903, "target_rescale": 4.156650603218003},
{"mapping": [1, 5, 2, 4, 11, 7, 8, 9, 6, 0, 3, 12], "R": [[0.19178404969683993, -0.8486027028989769, 0.493043944202168], [0.6053646046496404, 0.49770352663225503, 0.6211480459722954], [-0.7724976205266038, 0.179345064638999, 0.6091656376309883]], "T": [-0.009015703038380628, -0.010597076379629242, 0.08251877854089967], "aligned_model": [[-0.46844701544984213, 0.39686071850011473, 0.23374267035950808, 0.18595469366158218, 0.19377604768471268, -0.2221659099201205, -0.6172188060770094, -0.4284802027612453, 0.0018078223432257297, -0.07339411929295316, 0.5810075898184711, -0.16131022579738108], [-0.7556017961709092, 0.40112031701889417, 0.42568390502291226, -0.6576386453271057, -0.6323909977661314, 0.5617868145946331, 0.06409013382386315, 0.3024729951754783, -0.09657636375187577, -0.25790511540013916, -0.1599419645563358, -0.07201277574785793], [0.22753412848643406, -0.3369716232302142, 0.4276696639394405, -0.40201290402225826, 0.22357664731916232, 0.00022672928836627027, -0.48786901190321913, 0.43162710494888845, -0.8250673644217996, 0.7156298696780194, 0.08608283716932717, -0.06042607725214516]], "inverted": true, "swapped": false, "error_lsq": 0.049098743616810075, "error_max": 0.2665126289914149, "target": "100.xyz", "model": "25.xyz", "model_rescale": 4.466005608606829, "target_rescale": 4.156650603218003},
{"mapping": [0, 6, 2, 3, 11, 8, 7, 10, 5, 1, 4, 12], "R": [[-0.1917839392783909, 0.8486027062427239, 0.49304398139759065], [-0.6053646792080114, -0.4977034728144385, 0.6211480164307288], [0.7724975895122546, -0.17934519816814942, 0.6091656376485655]], "T": [-0.00901572116278413, -0.01059709890893748, 0.08251880938889848], "aligned_model": [[-0.4684468870345734, 0.3968607322678128, 0.23374258346988627, 0.18595471641360997, 0.19377579896502534, -0.22216583543536902, -0.6172187410936163, -0.428480249600449, 0.0018078266095655979, -0.0733939813763261, 0.5810076220718572, -0.16131032218836103], [-0.755601937132395, 0.4011203395723153, 0.42568396516953844, -0.6576387079455772, -0.6323907562198594, 0.5617867720412653, 0.06409014051715664, 0.30247303124910074, -0.09657629195179326, -0.25790530560828645, -0.15994207642146863, -0.07201266635457025], [0.227534204105508, -0.33697168586722115, 0.42766962177139634, -0.4020128579545569, 0.22357656989353097, 0.0002267294752333615, -0.4878689866474272, 0.43162712316841245, -0.8250674019898818, 0.7156299202281685, 0.08608285816810372, -0.06042609435126438]], "inverted": false, "swapped": false, "error_lsq": 0.04909875893748486, "error_max": 0.2665127920362568, "target": "100.xyz", "model": "26.xyz", "model_rescale": 4.466005838112752, "target_rescale": 4.156650603218003},
{"mapping": [10, 4, 5, 0, 1, 7, 8, 9, 2, 3, 12, 13], "R": [[0.5547462468522728, 0.8316409919634125, 0.025097053401314948], [-0.8269887376448986, 0.5478289579079412, 0.12638457455716764], [0.09135770034219444, -0.09086634890657005, 0.9916637924339959]], "T": [-0.04974957402008513, -0.05088623730327525, -0.002365892773496829], "aligned_model": [[-0.44451704202808723, 0.4023519505188367, 0.422265724679681, 0.2608648099943865, 0.28077858415523077, -0.22064029135445212, -0.63395142012885, -0.6140376459680056, -0.15400451201237458, -0.11417696369068593, 0.5712908067549134, -0.13409073785153025], [-0.5441692133916708, 0.2269569830278131, 0.32723942793881444, -0.6587410027160948, -0.5584585578050935, 0.6490090497434343, -0.04334509000076435, 0.05693735491023705, -0.15472512425285578, 0.045839765569147026, -0.16901440676568621, -0.05444267934185435], [-0.32957804468963364, -0.449288347213493, 0.3375677227099312, -0.33282803645407555, 0.4540280334693486, 0.31282983238063883, -0.38861236610596483, 0.3982437038174593, -0.7866341964336281, 0.7870779434132202, -0.003028118383597343, 0.00022187348979625827]], "inverted": false, "swapped": false, "error_lsq": 0.05296763427399501, "error_max": 0.35906388956854557, "target": "100.xyz", "model": "27.xyz", "model_rescale": 4.509807893063789, "target_rescale": 4.156650603218003},
{"mapping": [11, 4, 5, 0, 1, 7, 8, 9, 2, 3, 12, 13], "R": [[0.5511934634760605, 0.8306471993584922, -0.07880987259955612], [-0.8326371052908014, 0.5536820871849712, 0.012312482424293853], [0.05386294379459426, 0.05883346435819661, 0.9968136268919046]], "T": [-0.044433712502585154, -0.0515547560585187, -0.0676231840690653], "aligned_model": [[-0.46051074739533515, 0.44839643173809385, 0.3858631144001212, 0.3051577193682826, 0.24262440203031, -0.2544684443869347, -0.5856692452455148, -0.6482025625834875, -0.06601474463058762, -0.19108137930653285, 0.5745867810492078, -0.12854806196856022], [-0.49403938858744556, 0.27498603637749386, 0.2847556292630039, -0.6180565839466298, -0.6082869910611196, 0.60797097534586, 0.0006937852675796205, 0.010463378153089682, -0.06505779120499008, -0.04551860543396996, -0.1695357389379656, -0.05528819831948002], [0.30295000933307537, -0.4306960192688497, 0.3602462929205753, -0.4309900091365614, 0.35995230305286363, 0.3056282275484672, -0.5090630917428822, 0.2818792204465428, -0.8651696126603835, 0.7167150117184659, -0.017225031740352233, -0.07422730047095896]], "inverted": false, "swapped": false, "error_lsq": 0.052199566891148914, "error_max": 0.3483473417321503, "target": "100.xyz", "model": "28.xyz", "model_rescale": 4.5098078930637895, "target_rescale": 4.156650603218003},
{"mapping": [1, 5, 2, 4, 11, 7, 8, 9, 6, 0, 3, 12], "R": [[0.1917839392783909, -0.8486027062427237, 0.49304398139759076], [0.6053646792080116, 0.4977034728144385, 0.6211480164307286], [-0.7724975895122546, 0.1793451981681495, 0.6091656376485655]], "T": [-0.009015721162784068, -0.010597098908937452, 0.08251880938889852], "aligned_model": [[-0.46844688703457327, 0.3968607322678128, 0.23374258346988636, 0.18595471641360986, 0.19377579896502523, -0.2221658354353689, -0.6172187410936161, -0.4284802496004487, 0.0018078266095656048, -0.0733939813763261, 0.5810076220718571, -0.16131032218836103], [-0.755601937132395, 0.4011203395723153, 0.42568396516953827, -0.657638707945577, -0.6323907562198594, 0.5617867720412651, 0.06409014051715695, 0.30247303124910063, -0.0965762919517929, -0.25790530560828673, -0.15994207642146877, -0.0720126663545702], [0.2275342041055081, -0.33697168586722126, 0.42766962177139634, -0.40201285795455677, 0.2235765698935309, 0.00022672947523334763, -0.48786898664742706, 0.43162712316841234, -0.8250674019898817, 0.7156299202281685, 0.08608285816810361, -0.060426094351264364]], "inverted": true, "swapped": false, "error_lsq": 0.04909875893748487, "error_max": 0.26651279203625683, "target": "100.xyz", "model": "29.xyz", "model_rescale": 4.466005838112752, "target_rescale": 4.156650603218003},
