[{"mapping": [10, 4, 8, 7, 1, 2, 9, 3, 6, 3, 5, 11], "R": [[0.081689581849137, -0.9683649182866907, -0.23578845868473758], [-0.6067019800413439, -0.23601116324436533, 0.7590859228295268], [-0.7907208860471726, 0.08104391313141662, -0.60678856656427]], "T": [-0.062169489151872495, -0.011534930027179216, -0.07450905070413914], "aligned_model": [[-0.430321961314183, 0.33745941819363556, 0.28000462447957014, 0.2307547490121854, -0.000728814394039809, -0.31073271396213287, -0.6173690873285304, -0.12368558794778549, 0.04370762299783801, -0.12368558794778549, 0.5245065442079829, -0.18777594040838713], [-0.6541798794790423, 0.39733705697328164, 0.34885102309787724, -0.6679726873050229, -0.671638813022968, 0.6557145513916549, -0.05200943799423087, 0.05354410990684348, -0.06580224582021145, 0.05354410990684348, -0.20483338451152983, -0.06946837153815667], [-0.08171883083056909, -0.37197795976024406, 0.24336641296830974, -0.3558574583908942, 0.3831809666866259, 0.20312671720728442, -0.5630742716664817, 0.684482158043197, -0.8372128992268068, 0.684482158043197, 0.1093774810756686, -0.09817447414928665]], "inverted": true, "swapped": false, "error_lsq": 0.06104550099481299, "error_max": 0.4726836684941187, "target": "101.xyz", "model": "0.xyz", "model_rescale": 4.5108708085295355, "target_rescale": 4.156650630931146},
{"mapping": [9, 5, 8, 6, 0, 3, 10, 2, 7, 2, 4, 11], "R": [[-0.08168958184913594, 0.9683649182866909, -0.2357884586847374], [0.6067019800413433, 0.2360111632443646, 0.7590859228295277], [0.7907208860471735, -0.08104391313141704, -0.6067885665642692]], "T": [-0.06216948915187247, -0.011534930027179174, -0.07450905070413902], "aligned_model": [[-0.4303219613141835, 0.3374594181936357, 0.2800046244795706, 0.23075474901218457, -0.0007288143940399477, -0.3107327139621321, -0.6173690873285307, -0.12368558794778493, 0.04370762299783744, -0.12368558794778493, 0.5245065442079828, -0.18777594040838713], [-0.6541798794790419, 0.3973370569732816, 0.34885102309787663, -0.6679726873050228, -0.6716388130229686, 0.6557145513916549, -0.05200943799422994, 0.053544109906843024, -0.06580224582021085, 0.053544109906843024, -0.20483338451153035, -0.06946837153815658], [-0.08171883083056952, -0.3719779597602437, 0.2433664129683101, -0.355857458390895, 0.38318096668662527, 0.2031267172072855, -0.5630742716664813, 0.6844821580431972, -0.8372128992268068, 0.6844821580431972, 0.109377481075668, -0.09817447414928644]], "inverted": false, "swapped": false, "error_lsq": 0.06104550099481299, "error_max": 0.47268366849411925, "target": "101.xyz", "model": "1.xyz", "model_rescale": 4.510870808529536, "target_rescale": 4.156650630931146},
{"mapping": [10, 4, 8, 7, 1, 2, 9, 3, 6, 3, 5, 11], "R": [[0.08168958184913733, -0.9683649182866907, -0.2357884586847378], [-0.6067019800413436, -0.23601116324436566, 0.759085922829527], [-0.790720886047173, 0.08104391313141635, -0.6067885665642697]], "T": [-0.06216948915187252, -0.01153493002717916, -0.07450905070413913], "aligned_model": [[-0.4303219613141828, 0.33745941819363545, 0.28000462447957, 0.23075474901218568, -0.0007288143940396424, -0.3107327139621332, -0.6173690873285304, -0.12368558794778566, 0.04370762299783812, -0.12368558794778566, 0.524506544207983, -0.18777594040838708], [-0.6541798794790425, 0.397337056973282, 0.34885102309787713, -0.6679726873050228, -0.6716388130229682, 0.6557145513916549, -0.05200943799423076, 0.053544109906843204, -0.06580224582021106, 0.053544109906843204, -0.20483338451152971, -0.06946837153815687], [-0.0817188308305695, -0.3719779597602437, 0.24336641296831021, -0.35585745839089455, 0.3831809666866256, 0.20312671720728495, -0.5630742716664818, 0.6844821580431972, -0.8372128992268069, 0.6844821580431972, 0.10937748107566861, -0.09817447414928651]], "inverted": true, "swapped": false, "error_lsq": 0.06104550099481299, "error_max": 0.47268366849411864, "target": "101.xyz", "model": "2.xyz", "model_rescale": 4.5108708085295355, "target_rescale": 4.156650630931146},
{"mapping": [11, 4, 5, 2, 3, 7, 9, 10, 0, 1, 8, 13], "R": [[0.5547461854558166, 0.8316410331620451, 0.025097045311888437], [-0.8269887795599297, 0.5478288995475712, 0.12638455325899348], [0.09135769373292549, -0.09086632369400299, 0.9916637953531116]], "T": [-0.04974951641911886, -0.05088625971974703, -0.002365896082526915], "aligned_model": [[-0.4445168738405747, 0.40235189730976, 0.4222656657142983, 0.26086468600029766, 0.28077845440483595, -0.22064022499606778, -0.6339515898110298, -0.6140378214064915, -0.1540044210636296, -0.11417688425455294, 0.5712910301906138, -0.13409065265909126], [-0.5441692481882079, 0.22695697688782063, 0.32723940823516473, -0.6587410303736536, -0.5584585990263096, 0.6490089043496035, -0.043345336227735724, 0.056937095119608386, -0.15472497474981622, 0.04583988794487197, -0.16901450896353545, -0.05444254340247212], [-0.32957807537905265, -0.4492883521296928, 0.3375677462841261, -0.3328280573558122, 0.45402804105800665, 0.3128298705410458, -0.3886123519136163, 0.3982437465002026, -0.78663424988532, 0.7870779469423175, -0.003028113190702522, 0.00022184852849868077]], "inverted": false, "swapped": false, "error_lsq": 0.05296763862691498, "error_max": 0.35906392180036906, "target": "101.xyz", "model": "3.xyz", "model_rescale": 4.509807743048502, "target_rescale": 4.156650630931146},
{"mapping": [12, 4, 5, 2, 3, 7, 9, 10, 0, 1, 8, 13], "R": [[0.5511934030824016, 0.8306472394771104, -0.0788098721449099], [-0.8326371448681108, 0.5536820273816759, 0.012312495295337206], [0.05386295001503115, 0.05883346074788566, 0.9968136267688685]], "T": [-0.044433654901329986, -0.05155477919122334, -0.06762318222199741], "aligned_model": [[-0.46051058267562867, 0.4483963763642769, 0.38586305730693, 0.30515759448020596, 0.24262427542285903, -0.25446837710062875, -0.5856694168355265, -0.6482027358928735, -0.06601465739284725, -0.1910812955075411, 0.5745870038693359, -0.12854797645019417], [-0.4940394245385249, 0.27498601669528266, 0.2847556201185656, -0.6180566229518657, -0.6082870195285827, 0.6079708383596603, 0.000693523472115827, 0.010463126895398793, -0.06505766524792626, -0.04551845840136033, -0.16953584144278136, -0.0552880618246433], [0.3029500389956867, -0.4306960441216423, 0.36024629428024457, -0.43099002765017325, 0.35995231075171363, 0.3056282364327817, -0.5090631187897114, 0.2818792196121754, -0.8651696367045408, 0.7167150400992335, -0.017225014603113348, -0.07422729830265387]], "inverted": false, "swapped": false, "error_lsq": 0.052199569497017644, "error_max": 0.34834733986580263, "target": "101.xyz", "model": "4.xyz", "model_rescale": 4.509807743048502, "target_rescale": 4.156650630931146},
{"mapping": [11, 4, 5, 2, 3, 7, 9, 10, 0, 1, 8, 13], "R": [[0.5547461854558166, 0.8316410331620451, 0.025097045311888472], [-0.8269887795599297, 0.5478288995475712, 0.12638455325899345], [0.09135769373292545, -0.090866323694003, 0.9916637953531116]], "T": [-0.04974951641911886, -0.050886259719747036, -0.00236589608252699], "aligned_model": [[-0.44451687384057476, 0.40235189730975995, 0.42226566571429835, 0.2608646860002976, 0.280778454404836, -0.22064022499606778, -0.6339515898110298, -0.6140378214064915, -0.15400442106362963, -0.11417688425455291, 0.5712910301906138, -0.13409065265909126], [-0.5441692481882079, 0.22695697688782063, 0.32723940823516473, -0.6587410303736536, -0.5584585990263096, 0.6490089043496035, -0.04334533622773571, 0.056937095119608365, -0.1547249747498162, 0.04583988794487193, -0.16901450896353543, -0.05444254340247209], [-0.32957807537905265, -0.4492883521296928, 0.33756774628412606, -0.3328280573558123, 0.4540280410580066, 0.3128298705410458, -0.38861235191361626, 0.3982437465002026, -0.7866342498853202, 0.7870779469423174, -0.003028113190702332, 0.0002218485284989015]], "inverted": false, "swapped": false, "error_lsq": 0.05296763862691498, "error_max": 0.35906392180036906, "target": "101.xyz", "model": "5.xyz", "model_rescale": 4.509807743048502, "target_rescale": 4.156650630931146},
{"mapping": [12, 5, 4, 3, 2, 6, 10, 9, 1, 0, 8, 13], "R": [[-0.5547462456638267, -0.8316409929100984, 0.025097048300456663], [0.8269887401553594, -0.547828959219622, 0.12638455244450292], [-0.09135768483352102, 0.09086633233410384, 0.9916637953812812]], "T": [-0.04974953403509867, -0.05088627037072441, -0.0023658942059418815], "aligned_model": [[-0.44451696608538577, 0.4023519623265275, 0.42226573379406185, 0.260864810810805, 0.28077858227833935, -0.2206403869482939, -0.6339513563278646, -0.6140375848603302, -0.15400453659006696, -0.11417699365499814, 0.5712907659681066, -0.13409076512253254], [-0.5441693640610632, 0.22695707010928062, 0.32723950429340953, -0.6587409783323392, -0.5584585441482104, 0.6490088442285917, -0.043345205138350884, 0.056937229045778, -0.1547250551328362, 0.04583981323542155, -0.16901466154563544, -0.054442620948707325], [-0.32957807130514255, -0.44928838059964576, 0.3375677451660012, -0.3328280823951078, 0.45402804337053915, 0.31282989735165306, -0.3886123865739075, 0.39824373919173944, -0.7866342641833795, 0.7870779873479141, -0.0030280889529304546, 0.00022186158226732968]], "inverted": true, "swapped": false, "error_lsq": 0.05296763129956842, "error_max": 0.3590638598740749, "target": "101.xyz", "model": "6.xyz", "model_rescale": 4.509807586411629, "target_rescale": 4.156650630931146},
{"mapping": [12, 4, 5, 2, 3, 7, 9, 10, 0, 1, 8, 13], "R": [[0.5511934626221301, 0.830647199530581, -0.07880987675811868], [-0.8326371050787823, 0.5536820872439495, 0.012312494109985073], [0.053862955810569435, 0.05883346137349829, 0.9968136264187812]], "T": [-0.04443367199095807, -0.05155478990677399, -0.06762318580278523], "aligned_model": [[-0.46051067594860734, 0.4483964464146713, 0.38586312152494034, 0.3051577236319942, 0.24262439874226324, -0.25446854229591853, -0.5856691785404097, -0.6482025034301405, -0.06601476337243872, -0.19108141315190072, 0.5745867402760844, -0.1285480882621697], [-0.49403954020094565, 0.2749861124402056, 0.2847557152622691, -0.6180565685031648, -0.6082869656811013, 0.6079707757682298, 0.0006936579180326988, 0.01046326074009623, -0.0650577429431335, -0.045518537299006435, -0.16953599577507306, -0.05528814012106997], [0.3029500421900351, -0.43069605341003747, 0.360246312185467, -0.4309900334807809, 0.35995233211472355, 0.30562823555023844, -0.5090631203937112, 0.2818792452017933, -0.8651696745291525, 0.716715056661857, -0.017225033156784093, -0.07422730893364787]], "inverted": false, "swapped": false, "error_lsq": 0.0521995618093233, "error_max": 0.34834727005788046, "target": "101.xyz", "model": "7.xyz", "model_rescale": 4.509807586411629, "target_rescale": 4.156650630931146},
{"mapping": [11, 4, 5, 2, 3, 7, 9, 10, 0, 1, 8, 13], "R": [[0.5547462456638271, 0.8316409929100981, 0.025097048300456733], [-0.8269887401553591, 0.5478289592196225, 0.12638455244450297], [0.09135768483352097, -0.09086633233410399, 0.9916637953812811]], "T": [-0.04974953403509869, -0.05088627037072445, -0.002365894205942057], "aligned_model": [[-0.44451696608538555, 0.40235196232652726, 0.42226573379406174, 0.2608648108108052, 0.2807785822783397, -0.22064038694829421, -0.6339513563278647, -0.6140375848603303, -0.15400453659006705, -0.11417699365499812, 0.5712907659681065, -0.13409076512253257], [-0.5441693640610634, 0.22695707010928085, 0.32723950429340976, -0.6587409783323391, -0.5584585441482103, 0.6490088442285915, -0.043345205138351224, 0.05693722904577771, -0.15472505513283633, 0.045839813235421495, -0.16901466154563508, -0.05444262094870738], [-0.32957807130514244, -0.44928838059964576, 0.337567745166001, -0.3328280823951078, 0.454028043370539, 0.31282989735165295, -0.38861238657390734, 0.39824373919173944, -0.7866342641833795, 0.7870779873479139, -0.0030280889529304272, 0.0002218615822674611]], "inverted": false, "swapped": false, "error_lsq": 0.052967631299568434, "error_max": 0.35906385987407485, "target": "101.xyz", "model": "8.xyz", "model_rescale": 4.509807586411629, "target_rescale": 4.156650630931146},
{"mapping": [9, 6, 7, 2, 3, 5, 11, 12, 0, 1, 8, 13], "R": [[-0.5547461303312017, -0.8316410697494281, 0.025097051392232964], [0.8269888156166021, -0.5478288435529767, 0.12638456003981785], [-0.09135770207052832, 0.0908663264220321, 0.9916637943350345]], "T": [-0.049749546658426, -0.05088621150961532, -0.002365901503661069], "aligned_model": [[-0.4445168647510999, 0.4023518182741088, 0.4222655925566907, 0.2608647248055856, 0.2807784990881675, -0.2206403107413622, -0.6339515573508591, -0.6140377830682772, -0.15400443107970513, -0.11417688251454138, 0.5712911171667834, -0.13409065679712323], [-0.5441691419109079, 0.22695694523245602, 0.3272393872652777, -0.6587409770220616, -0.5584585349892399, 0.6490089428797331, -0.04334519138058833, 0.056937250652233345, -0.1547251759041729, 0.04583970816147043, -0.16901444750751, -0.054442733871351234], [-0.32957810490277956, -0.4492883724323104, 0.33756776679957184, -0.33282808443129763, 0.4540280548005846, 0.312829885508313, -0.3886123892680626, 0.39824374996381967, -0.7866342658220612, 0.7870780126417031, -0.0030281262673012787, 0.00022187340982098838]], "inverted": false, "swapped": false, "error_lsq": 0.052967636005254955, "error_max": 0.3590639804762332, "target": "101.xyz", "model": "9.xyz", "model_rescale": 4.509807504472865, "target_rescale": 4.156650630931146},
{"mapping": [10, 6, 7, 2, 3, 5, 11, 12, 0, 1, 8, 13], "R": [[-0.5511933472829991, -0.8306472763847721, -0.07880987340126308], [0.832637182171833, -0.5536819713474153, 0.012312492428007192], [-0.05386294436728389, -0.05883346700135672, 0.9968136267049559]], "T": [-0.04443368456093637, -0.051554730477848226, -0.06762318863654875], "aligned_model": [[-0.46051057261959705, 0.4483963032793791, 0.3858629799170457, 0.3051576382782734, 0.24262431491594, -0.25446846663432415, -0.5856693786184617, -0.6482027019807952, -0.0660146573055384, -0.1910813040302054, 0.5745870910545237, -0.12854798066787188], [-0.4940393130448991, 0.27498599130029766, 0.2847555929652651, -0.618056563235041, -0.6082869615700734, 0.6079708715764022, 0.0006936761379370895, 0.010463277802904562, -0.06505785530875278, -0.04551865197881781, -0.1695357793960984, -0.0552882536437853], [0.3029500542272044, -0.43069607257192527, 0.3602463076212948, -0.43099005066015345, 0.3599523295330666, 0.3056282481872099, -0.5090631427369725, 0.28187923745624754, -0.8651696800450965, 0.7167150803413441, -0.017225011500342745, -0.07422729985187641]], "inverted": false, "swapped": false, "error_lsq": 0.052199566864453956, "error_max": 0.34834740299573197, "target": "101.xyz", "model": "10.xyz", "model_rescale": 4.509807504472865, "target_rescale": 4.156650630931146},
{"mapping": [9, 7, 6, 3, 2, 4, 12, 11, 1, 0, 8, 13], "R": [[0.5511933472829991, 0.8306472763847721, -0.07880987340126314], [-0.832637182171833, 0.5536819713474153, 0.012312492428007187], [0.053862944367283914, 0.05883346700135678, 0.9968136267049559]], "T": [-0.04443368456093637, -0.051554730477848226, -0.06762318863654865], "aligned_model": [[-0.4605105726195971, 0.4483963032793792, 0.38586297991704566, 0.30515763827827347, 0.24262431491593994, -0.2544684666343242, -0.5856693786184617, -0.6482027019807952, -0.06601465730553838, -0.1910813040302054, 0.5745870910545237, -0.12854798066787188], [-0.4940393130448991, 0.27498599130029766, 0.2847555929652651, -0.618056563235041, -0.6082869615700734, 0.6079708715764022, 0.0006936761379370895, 0.010463277802904562, -0.06505785530875277, -0.045518651978817826, -0.1695357793960984, -0.0552882536437853], [0.3029500542272045, -0.43069607257192527, 0.36024630762129495, -0.43099005066015345, 0.3599523295330667, 0.30562824818721, -0.5090631427369726, 0.2818792374562476, -0.8651696800450963, 0.716715080341344, -0.017225011500342793, -0.07422729985187652]], "inverted": true, "swapped": false, "error_lsq": 0.05219956686445396, "error_max": 0.348347402995732, "target": "101.xyz", "model": "11.xyz", "model_rescale": 4.509807504472865, "target_rescale": 4.156650630931146},
{"mapping": [9, 6, 7, 2, 3, 5, 11, 12, 0, 1, 8, 13], "R": [[-0.5547462397553409, -0.8316409969723892, 0.025097044289726218], [0.8269887440252903, -0.5478289539316383, 0.12638455004327195], [-0.0913576856798768, 0.09086632703558359, 0.9916637957888145]], "T": [-0.049749656103513326, -0.05088628602458316, -0.0023658891407464483], "aligned_model": [[-0.44451707404721513, 0.40235182622142834, 0.4222655937112713, 0.26086467393736107, 0.28077844142720404, -0.2206403147021071, -0.633951453127973, -0.6140376856381299, -0.15400434393255646, -0.11417680895287047, 0.5712909871346683, -0.13409057644271347], [-0.5441693566697363, 0.2269570413806577, 0.3272394696545093, -0.6587409710169525, -0.558458542743101, 0.649008922516259, -0.04334521636414131, 0.05693721190971025, -0.15472512608376093, 0.045839730463942144, -0.16901443363213825, -0.054442697809909395], [-0.3295780562130066, -0.4492883548503515, 0.33756773981405463, -0.3328280639848095, 0.45402803067959663, 0.31282987042303667, -0.3886123689207499, 0.39824372574365624, -0.7866342284314625, 0.7870779608973495, -0.0030281213902562418, 0.00022186623294344647]], "inverted": false, "swapped": false, "error_lsq": 0.0529676203081643, "error_max": 0.35906381688031774, "target": "101.xyz", "model": "12.xyz", "model_rescale": 4.509807766519439, "target_rescale": 4.156650630931146},
{"mapping": [10, 6, 7, 2, 3, 5, 11, 12, 0, 1, 8, 13], "R": [[-0.5511934573378244, -0.830647203325148, -0.07880987372205643], [0.8326371086163229, -0.5536820818853833, 0.012312495852493598], [-0.05386295520137865, -0.05883345822895701, 0.9968136266372948]], "T": [-0.044433794182453516, -0.051554805994310726, -0.06762319259895154], "aligned_model": [[-0.46051078331760503, 0.4483963055995615, 0.3858629856162448, 0.30515758269756765, 0.24262426271425097, -0.2544684664935854, -0.5856692800838864, -0.6482026000672031, -0.06601458074718367, -0.191081220713817, 0.574586961114524, -0.12854790073050032], [-0.4940395354403497, 0.27498607964237676, 0.28475568345690183, -0.6180565646994517, -0.6082869608849267, 0.6079708579469494, 0.0006936427391208769, 0.010463246553645937, -0.06505782118739309, -0.045518613558342955, -0.16953576559032407, -0.05528821737286802], [0.3029500223727541, -0.4306960475694595, 0.3602462866116308, -0.43099002610428816, 0.3599523080768021, 0.30562822670401, -0.5090631080196868, 0.2818792261614035, -0.8651696244039767, 0.7167150439582044, -0.017225017564507006, -0.07422729022288628]], "inverted": false, "swapped": false, "error_lsq": 0.05219955077845412, "error_max": 0.3483472278380804, "target": "101.xyz", "model": "13.xyz", "model_rescale": 4.509807766519439, "target_rescale": 4.156650630931146},
{"mapping": [9, 7, 6, 3, 2, 4, 12, 11, 1, 0, 8, 13], "R": [[0.5511934573378249, 0.8306472033251477, -0.07880987372205651], [-0.8326371086163227, 0.5536820818853837, 0.012312495852493648], [0.05386295520137875, 0.058833458228957025, 0.9968136266372949]], "T": [-0.04443379418245353, -0.05155480599431074, -0.06762319259895146], "aligned_model": [[-0.46051078331760475, 0.4483963055995614, 0.38586298561624466, 0.305157582697568, 0.24262426271425125, -0.2544684664935858, -0.5856692800838865, -0.6482026000672032, -0.06601458074718361, -0.19108122071381706, 0.574586961114524, -0.12854790073050032], [-0.4940395354403499, 0.274986079642377, 0.28475568345690205, -0.6180565646994516, -0.6082869608849264, 0.6079708579469494, 0.0006936427391205577, 0.010463246553645666, -0.06505782118739317, -0.04551861355834296, -0.16953576559032374, -0.05528821737286807], [0.30295002237275426, -0.4306960475694597, 0.36024628661163094, -0.43099002610428827, 0.35995230807680234, 0.30562822670401013, -0.509063108019687, 0.2818792261614036, -0.8651696244039766, 0.7167150439582044, -0.01722501756450706, -0.07422729022288639]], "inverted": true, "swapped": false, "error_lsq": 0.052199550778454125, "error_max": 0.34834722783808053, "target": "101.xyz", "model": "14.xyz", "model_rescale": 4.509807766519439, "target_rescale": 4.156650630931146},
{"mapping": [9, 8, 7, 0, 4, 3, 2, 10, 2, 5, 6, 11], "R": [[-0.08168955193556116, 0.9683649228745752, 0.23578845020629344], [0.6067019527020014, 0.23601114140608118, -0.7590859514704362], [-0.7907209101144006, 0.08104392190853776, -0.6067885340293907]], "T": [-0.0621693750648393, -0.011534962474175285, 0.07450915063694985], "aligned_model": [[-0.43032179596272724, 0.2800046473282991, 0.3374594539789906, -0.0007288383779884, 0.23075453426393125, -0.3107326965147812, -0.1236855617850244, -0.6173689306924841, -0.1236855617850244, 0.04370739953417446, 0.5245065887087474, -0.18777597310774516], [-0.6541798618510126, 0.34885117537183413, 0.3973371001847889, -0.671638742992267, -0.6679727822194013, 0.6557144766630961, 0.053543962747200365, -0.052009347935116905, 0.053543962747200365, -0.06580226830350555, -0.2048334137311068, -0.06946822907637136], [0.08171886994214819, -0.24336661840867885, 0.37197797964751034, -0.38318115077098386, 0.35585749670391337, -0.20312659087883228, -0.6844820456424842, 0.5630743247058, -0.6844820456424842, 0.8372129514675651, -0.10937747511614149, 0.09817430399266786]], "inverted": true, "swapped": false, "error_lsq": 0.06104548768893799, "error_max": 0.4726836301699428, "target": "101.xyz", "model": "15.xyz", "model_rescale": 4.510870436145588, "target_rescale": 4.156650630931146},
{"mapping": [9, 7, 8, 4, 0, 3, 10, 2, 5, 2, 6, 11], "R": [[0.08168955193556132, -0.9683649228745748, -0.2357884502062944], [-0.6067019527020011, -0.2360111414060821, 0.7590859514704361], [-0.7907209101144008, 0.08104392190853815, -0.6067885340293904]], "T": [-0.0621693750648394, -0.011534962474175237, -0.07450915063694978], "aligned_model": [[-0.4303217959627267, 0.33745945397898996, 0.2800046473282988, 0.2307545342639316, -0.0007288383779876645, -0.3107326965147817, -0.6173689306924842, -0.12368556178502418, 0.043707399534174074, -0.12368556178502418, 0.5245065887087474, -0.1877759731077452], [-0.6541798618510128, 0.39733710018478924, 0.34885117537183435, -0.6679727822194008, -0.671638742992267, 0.6557144766630956, -0.052009347935117356, 0.053543962747200136, -0.06580226830350527, 0.053543962747200136, -0.20483341373110625, -0.0694682290763715], [-0.0817188699421481, -0.3719779796475103, 0.2433666184086789, -0.35585749670391364, 0.3831811507709838, 0.20312659087883267, -0.5630743247057995, 0.6844820456424843, -0.837212951467565, 0.6844820456424843, 0.10937747511614122, -0.09817430399266767]], "inverted": false, "swapped": false, "error_lsq": 0.06104548768893798, "error_max": 0.47268363016994297, "target": "101.xyz", "model": "16.xyz", "model_rescale": 4.510870436145588, "target_rescale": 4.156650630931146},
{"mapping": [9, 7, 8, 4, 0, 3, 10, 2, 5, 2, 6, 11], "R": [[0.08168955193556154, -0.968364922874575, -0.23578845020629347], [-0.6067019527020012, -0.2360111414060816, 0.7590859514704362], [-0.7907209101144006, 0.08104392190853749, -0.6067885340293907]], "T": [-0.06216937506483928, -0.011534962474175306, -0.07450915063694975], "aligned_model": [[-0.430321795962727, 0.3374594539789905, 0.2800046473282988, 0.2307545342639315, -0.0007288383779883237, -0.3107326965147814, -0.6173689306924839, -0.1236855617850246, 0.04370739953417469, -0.1236855617850246, 0.5245065887087472, -0.18777597310774516], [-0.6541798618510127, 0.39733710018478907, 0.3488511753718344, -0.667972782219401, -0.671638742992267, 0.6557144766630959, -0.05200934793511709, 0.05354396274720012, -0.06580226830350534, 0.05354396274720012, -0.20483341373110664, -0.06946822907637121], [-0.08171886994214823, -0.3719779796475101, 0.2433666184086789, -0.35585749670391326, 0.3831811507709839, 0.20312659087883228, -0.5630743247058001, 0.684482045642484, -0.837212951467565, 0.684482045642484, 0.10937747511614172, -0.09817430399266797]], "inverted": false, "swapped": false, "error_lsq": 0.061045487688938, "error_max": 0.4726836301699425, "target": "101.xyz", "model": "17.xyz", "model_rescale": 4.510870436145588, "target_rescale": 4.156650630931146},
{"mapping": [0, 6, 2, 3, 11, 8, 7, 10, 5, 1, 4, 12], "R": [[-0.19178393223690562, 0.8486027267521419, 0.4930439488367946], [-0.6053646396314989, -0.4977034541048766, 0.6211480699928971], [0.7724976222743833, -0.17934515304547477, 0.609165609386741]], "T": [-0.009015716480713934, -0.010597107500284718, 0.08251878080395542], "aligned_model": [[-0.468446857567782, 0.3968607263681229, 0.23374255582773096, 0.1859547822247989, 0.1937758099894894, -0.22216587983556318, -0.6172187765279542, -0.42848030174334567, 0.0018078296757319395, -0.07339396087539099, 0.5810076789171899, -0.16131034086466006], [-0.7556019175028653, 0.4011202700295366, 0.42568393679238986, -0.6576386990407104, -0.6323908440599936, 0.5617867081650477, 0.06409001215142571, 0.3024729747921569, -0.09657642598408547, -0.2579052214892432, -0.15994200302708828, -0.07201275922123229], [0.22753413160145386, -0.33697166345235086, 0.42766967291149427, -0.40201295178157426, 0.2235766747859046, 0.00022674570273711891, -0.4878689689315732, 0.43162716988488625, -0.8250673780866613, 0.7156298462357642, 0.08608276285273608, -0.06042604172281618]], "inverted": false, "swapped": false, "error_lsq": 0.04909874619544783, "error_max": 0.26651278258852795, "target": "101.xyz", "model": "18.xyz", "model_rescale": 4.466005644533647, "target_rescale": 4.156650630931146},
{"mapping": [10, 4, 5, 0, 1, 7, 8, 9, 2, 3, 12, 13], "R": [[0.5547462651616398, 0.8316409799815901, 0.025097045731971572], [-0.8269887273971838, 0.5478289790839034, 0.12638454982265437], [0.09135768192767635, -0.09086633089956475, 0.9916637957804313]], "T": [-0.04974959553814928, -0.05088624581058379, -0.0023658957672137333], "aligned_model": [[-0.4445170051576167, 0.4023518815544063, 0.4222656504312125, 0.2608647548552967, 0.2807785237321029, -0.22064027564185842, -0.6339514019516929, -0.6140376330748867, -0.15400447006788526, -0.1141769323142729, 0.5712908744146414, -0.13409070119107908], [-0.5441693340393191, 0.2269570990443138, 0.3272395283647238, -0.658740928521277, -0.5584584992008671, 0.6490089657956154, -0.04334519328355778, 0.05693723603685216, -0.15472521097895203, 0.045839647661867836, -0.16901449761551934, -0.05444278165854209], [-0.3295780652210834, -0.4492883690413353, 0.3375677352016757, -0.3328280768804687, 0.4540280273625423, 0.3128298692306039, -0.3886123771514821, 0.3982437270915289, -0.786634224013311, 0.787077984472711, -0.0030281112810809463, 0.0002218802297001012]], "inverted": false, "swapped": false, "error_lsq": 0.052967626743507044, "error_max": 0.3590638511934824, "target": "101.xyz", "model": "19.xyz", "model_rescale": 4.509807711582247, "target_rescale": 4.156650630931146},
{"mapping": [11, 4, 5, 0, 1, 7, 8, 9, 2, 3, 12, 13], "R": [[0.5511934824354583, 0.8306471864753324, -0.07880987578525014], [-0.8326370918441381, 0.5536821071206126, 0.012312495271679144], [0.053862957642602155, 0.05883345863616149, 0.9968136264813492]], "T": [-0.04443373348090289, -0.0515547653217962, -0.06762318913505232], "aligned_model": [[-0.46051071492704493, 0.4483963630419063, 0.3858630406597429, 0.3051576654119025, 0.24262434302973912, -0.25446842893571026, -0.5856692268074006, -0.648202549189564, -0.06601470273412592, -0.19108134749845263, 0.5745868486536647, -0.12854802511628927], [-0.49403951207483765, 0.27498613854500825, 0.28475574201768467, -0.6180565210094098, -0.6082869175367334, 0.6079709009748879, 0.0006936668760056247, 0.01046327034868201, -0.06505790554796821, -0.04551869860261545, -0.16953583031007352, -0.055288302075291826], [0.3029500304456586, -0.4306960482832606, 0.3602462954091259, -0.43099002544900666, 0.3599523182433798, 0.30562823316535237, -0.5090631109458065, 0.28187923274658, -0.8651696437134049, 0.7167150436713676, -0.01722502526896654, -0.07422730002101874]], "inverted": false, "swapped": false, "error_lsq": 0.052199557215594994, "error_max": 0.3483472619854117, "target": "101.xyz", "model": "20.xyz", "model_rescale": 4.509807711582248, "target_rescale": 4.156650630931146},
{"mapping": [1, 5, 2, 4, 11, 7, 8, 9, 6, 0, 3, 12], "R": [[0.19178393223690532, -0.8486027267521421, 0.49304394883679425], [0.6053646396314991, 0.4977034541048761, 0.6211480699928971], [-0.7724976222743832, 0.17934515304547494, 0.6091656093867412]], "T": [-0.0090157164807139, -0.010597107500284655, 0.08251878080395549], "aligned_model": [[-0.4684468575677816, 0.3968607263681227, 0.23374255582773074, 0.18595478222479936, 0.19377580998948976, -0.22216587983556357, -0.6172187765279542, -0.428480301743346, 0.0018078296757321408, -0.07339396087539096, 0.58100767891719, -0.1613103408646601], [-0.7556019175028654, 0.4011202700295369, 0.4256839367923899, -0.65763869904071, -0.6323908440599936, 0.5617867081650477, 0.06409001215142578, 0.3024729747921565, -0.09657642598408507, -0.25790522148924355, -0.1599420030270881, -0.0720127592212323], [0.2275341316014538, -0.33697166345235097, 0.42766967291149444, -0.4020129517815744, 0.2235766747859046, 0.00022674570273721606, -0.48786896893157317, 0.43162716988488636, -0.8250673780866614, 0.7156298462357642, 0.08608276285273597, -0.060426041722816196]], "inverted": true, "swapped": false, "error_lsq": 0.049098746195447816, "error_max": 0.26651278258852806, "target": "101.xyz", "model": "21.xyz", "model_rescale": 4.466005644533646, "target_rescale": 4.156650630931146},
{"mapping": [0, 6, 2, 3, 11, 8, 7, 10, 5, 1, 4, 12], "R": [[-0.1917840121894269, 0.8486027336761244, 0.49304390581968915], [-0.605364598270389, -0.49770347836921114, 0.6211480908608824], [0.7724976348374515, -0.17934505294709696, 0.6091656229252818]], "T": [-0.009015706687635284, -0.010597112649675146, 0.08251877706369526], "aligned_model": [[-0.46844697299892024, 0.39686068934928465, 0.23374263974516013, 0.1859547300058459, 0.193776082512937, -0.22216594898580275, -0.6172188143886188, -0.4284802257528886, 0.0018078239464685113, -0.07339410759610414, 0.581007595408662, -0.16131022565765607], [-0.7556018574387608, 0.4011202959512716, 0.42568389192241346, -0.6576386809784431, -0.6323910181591778, 0.5617867631946253, 0.06409004645674413, 0.302472941200185, -0.09657642078660952, -0.25790514070087983, -0.15994196424056203, -0.07201282481546772], [0.22753414463756827, -0.3369716344606467, 0.42766965214086256, -0.402012890232715, 0.2235766605118628, 0.00022671430892404199, -0.4878690150996713, 0.43162709610874705, -0.8250673638692421, 0.7156298740461636, 0.08608283917588029, -0.06042607726773286]], "inverted": false, "swapped": false, "error_lsq": 0.049098740240664934, "error_max": 0.26651273360036903, "target": "101.xyz", "model": "22.xyz", "model_rescale": 4.46600560860683, "target_rescale": 4.156650630931146},
{"mapping": [10, 4, 5, 0, 1, 7, 8, 9, 2, 3, 12, 13], "R": [[0.5547462051439842, 0.8316410200014134, 0.025097046227728334], [-0.826988766670541, 0.5478289190658385, 0.1263845529955785], [0.09135769085898382, -0.09086632647005857, 0.9916637953635046]], "T": [-0.04974959407914199, -0.05088624433152104, -0.00236589605550493], "aligned_model": [[-0.4445169472581259, 0.40235181829520295, 0.42226558772967693, 0.2608646259897162, 0.2807783954241902, -0.2206403203889561, -0.6339514936436726, -0.6140377242091987, -0.1540043779358516, -0.1141768390669037, 0.5712911491536677, -0.13409060850137766], [-0.544169249259168, 0.22695700745839795, 0.3272394401238142, -0.6587410166975645, -0.5584585840321483, 0.6490089261307942, -0.043345212574830774, 0.05693722009058543, -0.15472514608320428, 0.045839719247628107, -0.1690143593811774, -0.05444271341778808], [-0.32957807921694887, -0.4492883604345859, 0.33756774996959305, -0.3328280640943259, 0.45402804630985305, 0.31282987663472567, -0.38861237563044765, 0.3982437347737313, -0.7866342412255823, 0.7870779795827755, -0.0030281358473838687, 0.0002218691785966522]], "inverted": false, "swapped": false, "error_lsq": 0.052967626890512626, "error_max": 0.35906390384516707, "target": "101.xyz", "model": "23.xyz", "model_rescale": 4.509807674373902, "target_rescale": 4.156650630931146},
{"mapping": [11, 4, 5, 0, 1, 7, 8, 9, 2, 3, 12, 13], "R": [[0.5511934225724046, 0.8306472264229343, -0.07880987342208902], [-0.8326371318517196, 0.5536820469646061, 0.012312494906647382], [0.053862951781916885, 0.05883346075976498, 0.9968136266726937]], "T": [-0.04443373213852842, -0.051554763802653884, -0.06762318954342626], "aligned_model": [[-0.4605106562302806, 0.4483962993272779, 0.3858629783042799, 0.3051575362235009, 0.24262421520050287, -0.2544684733864011, -0.5856693189164699, -0.648202639939468, -0.06601461163005151, -0.19108125367604753, 0.5745871229645745, -0.1285479326530495], [-0.49403942511088644, 0.2749860480917285, 0.28475565135536735, -0.6180566085170114, -0.6082870052533724, 0.6079708594086113, 0.0006936490784156119, 0.010463252342054502, -0.06505783636862793, -0.04551862984135015, -0.16953569047460137, -0.05528823310498904], [0.30295003755339633, -0.43069605696195845, 0.3602462934079551, -0.43099003932795943, 0.35995231104195413, 0.3056282336202267, -0.5090631204007796, 0.2818792299691339, -0.865169644228962, 0.7167150565108644, -0.017225007324821552, -0.0742272938590489]], "inverted": false, "swapped": false, "error_lsq": 0.052199557493545455, "error_max": 0.34834731986677964, "target": "101.xyz", "model": "24.xyz", "model_rescale": 4.509807674373903, "target_rescale": 4.156650630931146},
{"mapping": [1, 5, 2, 4, 11, 7, 8, 9, 6, 0, 3, 12], "R": [[0.19178401218942692, -0.8486027336761243, 0.4930439058196895], [0.6053645982703889, 0.49770347836921136, 0.6211480908608822], [-0.7724976348374515, 0.17934505294709702, 0.6091656229252816]], "T": [-0.009015706687635187, -0.010597112649675132, 0.08251877706369529], "aligned_model": [[-0.46844697299892035, 0.39686068934928476, 0.2337426397451604, 0.1859547300058459, 0.19377608251293693, -0.22216594898580266, -0.6172188143886189, -0.4284802257528886, 0.0018078239464684974, -0.07339410759610408, 0.5810075954086622, -0.16131022565765607], [-0.7556018574387607, 0.4011202959512714, 0.4256838919224134, -0.6576386809784431, -0.6323910181591779, 0.5617867631946253, 0.06409004645674446, 0.3024729412001851, -0.09657642078660941, -0.25790514070087994, -0.15994196424056237, -0.07201282481546767], [0.22753414463756846, -0.33697163446064693, 0.4276696521408625, -0.402012890232715, 0.2235766605118628, 0.00022671430892391709, -0.4878690150996713, 0.43162709610874705, -0.8250673638692421, 0.7156298740461636, 0.08608283917588014, -0.06042607726773286]], "inverted": true, "swapped": false, "error_lsq": 0.049098740240664934, "error_max": 0.2665127336003691, "target": "101.xyz", "model": "25.xyz", "model_rescale": 4.466005608606829, "target_rescale": 4.156650630931146},
{"mapping": [0, 6, 2, 3, 11, 8, 7, 10, 5, 1, 4, 12], "R": [[-0.1917839017709684, 0.8486027370198727, 0.49304394301510723], [-0.6053646728287551, -0.4977034245513897, 0.621148061319323], [0.7724976038231044, -0.1793451864762472, 0.6091656229428596]], "T": [-0.009015724812037981, -0.010597135178983488, 0.0825188079116946], "aligned_model": [[-0.46844684458363656, 0.39686070311697724, 0.23374255285552958, 0.1859547527578836, 0.19377583379323954, -0.2221658745010544, -0.6172187494052266, -0.42848027259209837, 0.0018078282128050766, -0.07339396967946434, 0.5810076276620558, -0.1613103220486427], [-0.755601998400241, 0.4011203185046958, 0.42568395206903603, -0.6576387435969102, -0.6323907766129208, 0.5617867206412601, 0.06409005315003656, 0.30247297727380146, -0.09657634898652774, -0.2579053309090174, -0.15994207610568667, -0.07201271542218764], [0.22753422025664588, -0.33697169709765445, 0.4276696099728168, -0.4020128441650114, 0.22357658308622652, 0.00022671449579125813, -0.48786898984388033, 0.4316271143282693, -0.8250674014373259, 0.7156299245963175, 0.08608286017466017, -0.060426094366854824]], "inverted": false, "swapped": false, "error_lsq": 0.04909875556134646, "error_max": 0.2665128966452736, "target": "101.xyz", "model": "26.xyz", "model_rescale": 4.466005838112752, "target_rescale": 4.156650630931146},
{"mapping": [11, 5, 4, 1, 0, 6, 9, 8, 3, 2, 12, 13], "R": [[-0.5547463124287257, -0.8316409483636187, 0.025097048662973666], [0.8269886964846977, -0.5478290258638292, 0.12638454932320015], [-0.09135767473656073, 0.0908663382444173, 0.991663795769907]], "T": [-0.0497495755692515, -0.050886278284924105, -0.002365892068707704], "aligned_model": [[-0.44451700646756387, 0.4023519247511672, 0.42226569515227697, 0.2608648545563593, 0.2807786249574691, -0.22064034633994145, -0.6339514243008885, -0.6140376538997786, -0.1540045095082649, -0.11417696870604531, 0.5712908145007333, -0.13409073910715508], [-0.5441692764693501, 0.22695698989612068, 0.32723941478471064, -0.6587410101804173, -0.5584585852918275, 0.6490089866617004, -0.04334516636998949, 0.05693725851860043, -0.1547251519220175, 0.04583969785516234, -0.16901439884392683, -0.05444272703342759], [-0.3295780554456094, -0.4492883412604437, 0.3375677313099279, -0.332828054059649, 0.4540280185107226, 0.3128298531871347, -0.3886123621249659, 0.3982437104454057, -0.7866341980302551, 0.7870779471104881, -0.0030281241828715483, 0.00022187454011642896]], "inverted": true, "swapped": false, "error_lsq": 0.05296763334714085, "error_max": 0.35906385752678954, "target": "101.xyz", "model": "27.xyz", "model_rescale": 4.509807893063789, "target_rescale": 4.156650630931146},
{"mapping": [11, 4, 5, 0, 1, 7, 8, 9, 2, 3, 12, 13], "R": [[0.5511935295204862, 0.8306471555375132, -0.07880987255533085], [-0.8326370607093365, 0.5536821539969101, 0.012312492788167859], [0.053862957104725315, 0.05883345428224232, 0.9968136267673882]], "T": [-0.04443371406748255, -0.05155479782041293, -0.06762318441442787], "aligned_model": [[-0.4605107135126215, 0.44839640392220215, 0.3858630866193209, 0.30515776232874203, 0.24262444502586075, -0.25446849783953385, -0.5856692514030061, -0.6482025687058873, -0.06601474594144621, -0.19108138054720855, 0.5745867888862729, -0.12854806324432735], [-0.4940394571500219, 0.27498602762420377, 0.2847556287331432, -0.6180566040569689, -0.6082870029480295, 0.6079709231574574, 0.0006936932552595865, 0.010463294364199044, -0.06505784796670457, -0.04551864574882568, -0.1695357308006089, -0.05528824685776512], [0.3029500167865663, -0.43069602555964404, 0.3602462865309808, -0.43099000040008506, 0.35995231169053976, 0.3056282164284087, -0.5090630924050153, 0.2818792196856094, -0.8651696127586622, 0.7167150114225868, -0.017225030753246676, -0.07422730066803787]], "inverted": false, "swapped": false, "error_lsq": 0.05219956416731405, "error_max": 0.3483472737900236, "target": "101.xyz", "model": "28.xyz", "model_rescale": 4.5098078930637895, "target_rescale": 4.156650630931146},
{"mapping": [1, 5, 2, 4, 11, 7, 8, 9, 6, 0, 3, 12], "R": [[0.19178390177096843, -0.8486027370198725, 0.4930439430151074], [0.6053646728287547, 0.49770342455138994, 0.6211480613193232], [-0.7724976038231044, 0.17934518647624714, 0.6091656229428594]], "T": [-0.009015724812037922, -0.010597135178983398, 0.08251880791169462], "aligned_model": [[-0.4684468445836366, 0.39686070311697724, 0.2337425528555297, 0.1859547527578835, 0.1937758337932395, -0.22216587450105438, -0.6172187494052266, -0.42848027259209825, 0.00180782821280508, -0.07339396967946438, 0.5810076276620557, -0.16131032204864268], [-0.7556019984002408, 0.40112031850469554, 0.42568395206903614, -0.6576387435969103, -0.6323907766129206, 0.5617867206412601, 0.0640900531500366, 0.3024729772738017, -0.09657634898652798, -0.2579053309090172, -0.1599420761056868, -0.07201271542218762], [0.2275342202566461, -0.33697169709765445, 0.42766960997281667, -0.4020128441650111, 0.22357658308622663, 0.00022671449579106384, -0.48786898984388005, 0.43162711432826917, -0.8250674014373257, 0.7156299245963172, 0.08608286017466006, -0.060426094366854796]], "inverted": true, "swapped": false, "error_lsq": 0.04909875556134646, "error_max": 0.26651289664527367, "target": "101.xyz", "model": "29.xyz", "model_rescale": 4.466005838112752, "target_rescale": 4.156650630931146},
