[{"mapping": [9, 8, 5, 0, 6, 3, 2, 10, 2, 7, 4, 11], "R": [[0.081689581849137, -0.9683649182866905, 0.23578845868473747], [-0.6067019800413435, -0.23601116324436522, -0.759085922829527], [0.790720886047173, -0.0810439131314164, -0.6067885665642696]], "T": [-0.062169489151872454, -0.011534930027179258, 0.07450905070413907], "aligned_model": [[-0.4303219613141829, 0.2800046244795701, 0.33745941819363545, -0.0007288143940398228, 0.23075474901218532, -0.3107327139621328, -0.12368558794778553, -0.6173690873285302, -0.12368558794778553, 0.043707622997838036, 0.5245065442079828, -0.18777594040838708], [-0.6541798794790421, 0.34885102309787697, 0.39733705697328175, -0.6716388130229682, -0.6679726873050227, 0.6557145513916549, 0.05354410990684316, -0.05200943799423047, 0.05354410990684316, -0.06580224582021105, -0.20483338451152994, -0.06946837153815669], [0.08171883083056958, -0.2433664129683101, 0.3719779597602437, -0.3831809666866255, 0.35585745839089455, -0.2031267172072849, -0.6844821580431972, 0.5630742716664818, -0.6844821580431972, 0.8372128992268069, -0.10937748107566847, 0.09817447414928664]], "inverted": true, "swapped": false, "error_lsq": 0.061045500994813005, "error_max": 0.4726836684941189, "target": "102.xyz", "model": "0.xyz", "model_rescale": 4.5108708085295355, "target_rescale": 4.156650630931146},
{"mapping": [9, 5, 8, 6, 0, 3, 10, 2, 7, 2, 4, 11], "R": [[-0.08168958184913594, 0.9683649182866909, -0.2357884586847374], [0.6067019800413433, 0.2360111632443646, 0.7590859228295277], [0.7907208860471735, -0.08104391313141704, -0.6067885665642692]], "T": [-0.06216948915187247, -0.011534930027179174, -0.07450905070413909], "aligned_model": [[-0.4303219613141835, 0.3374594181936357, 0.2800046244795706, 0.23075474901218457, -0.0007288143940399477, -0.3107327139621321, -0.6173690873285307, -0.12368558794778493, 0.04370762299783744, -0.12368558794778493, 0.5245065442079828, -0.18777594040838713], [-0.6541798794790419, 0.3973370569732816, 0.34885102309787663, -0.6679726873050228, -0.6716388130229686, 0.6557145513916549, -0.05200943799422994, 0.053544109906843024, -0.06580224582021085, 0.053544109906843024, -0.20483338451153035, -0.06946837153815658], [-0.08171883083056959, -0.3719779597602438, 0.24336641296831002, -0.35585745839089505, 0.3831809666866252, 0.20312671720728542, -0.5630742716664813, 0.6844821580431972, -0.8372128992268068, 0.6844821580431972, 0.10937748107566793, -0.09817447414928651]], "inverted": false, "swapped": false, "error_lsq": 0.061045500994813005, "error_max": 0.47268366849411936, "target": "102.xyz", "model": "1.xyz", "model_rescale": 4.510870808529536, "target_rescale": 4.156650630931146},
{"mapping": [10, 4, 8, 7, 1, 2, 9, 3, 6, 3, 5, 11], "R": [[0.08168958184913655, -0.9683649182866907, -0.23578845868473758], [-0.6067019800413433, -0.2360111632443651, 0.7590859228295272], [-0.790720886047173, 0.08104391313141679, -0.6067885665642694]], "T": [-0.06216948915187251, -0.011534930027179133, -0.07450905070413917], "aligned_model": [[-0.4303219613141831, 0.33745941819363556, 0.2800046244795703, 0.23075474901218504, -0.0007288143940398228, -0.31073271396213265, -0.6173690873285305, -0.12368558794778522, 0.04370762299783769, -0.12368558794778522, 0.5245065442079829, -0.18777594040838708], [-0.6541798794790422, 0.39733705697328175, 0.3488510230978768, -0.6679726873050228, -0.6716388130229681, 0.6557145513916549, -0.05200943799423034, 0.05354410990684301, -0.06580224582021092, 0.05354410990684301, -0.2048333845115301, -0.06946837153815676], [-0.08171883083056942, -0.37197795976024384, 0.24336641296831002, -0.3558574583908948, 0.3831809666866253, 0.20312671720728503, -0.5630742716664815, 0.6844821580431971, -0.8372128992268069, 0.6844821580431971, 0.1093774810756682, -0.0981744741492865]], "inverted": true, "swapped": false, "error_lsq": 0.06104550099481299, "error_max": 0.4726836684941191, "target": "102.xyz", "model": "2.xyz", "model_rescale": 4.5108708085295355, "target_rescale": 4.156650630931146},
{"mapping": [11, 4, 5, 2, 3, 7, 9, 10, 0, 1, 8, 13], "R": [[0.5547461854558166, 0.8316410331620451, 0.02509704531188843], [-0.8269887795599297, 0.5478288995475712, 0.12638455325899348], [0.09135769373292549, -0.09086632369400299, 0.9916637953531116]], "T": [-0.04974951641911886, -0.05088625971974703, -0.0023658960825269884], "aligned_model": [[-0.4445168738405747, 0.40235189730976, 0.4222656657142983, 0.26086468600029766, 0.28077845440483595, -0.22064022499606778, -0.6339515898110298, -0.6140378214064915, -0.1540044210636296, -0.11417688425455295, 0.5712910301906138, -0.13409065265909126], [-0.5441692481882079, 0.22695697688782063, 0.32723940823516473, -0.6587410303736536, -0.5584585990263096, 0.6490089043496035, -0.043345336227735724, 0.056937095119608386, -0.15472497474981622, 0.04583988794487197, -0.16901450896353545, -0.05444254340247212], [-0.3295780753790527, -0.44928835212969287, 0.33756774628412606, -0.3328280573558123, 0.4540280410580066, 0.3128298705410457, -0.38861235191361637, 0.39824374650020256, -0.7866342498853202, 0.7870779469423174, -0.0030281131907025955, 0.00022184852849860747]], "inverted": false, "swapped": false, "error_lsq": 0.05296763862691498, "error_max": 0.359063921800369, "target": "102.xyz", "model": "3.xyz", "model_rescale": 4.509807743048502, "target_rescale": 4.156650630931146},
{"mapping": [12, 4, 5, 2, 3, 7, 9, 10, 0, 1, 8, 13], "R": [[0.5511934030824016, 0.8306472394771104, -0.0788098721449099], [-0.8326371448681108, 0.5536820273816759, 0.012312495295337206], [0.05386295001503115, 0.05883346074788566, 0.9968136267688685]], "T": [-0.044433654901329986, -0.05155477919122334, -0.06762318222199748], "aligned_model": [[-0.46051058267562867, 0.4483963763642769, 0.38586305730693, 0.30515759448020596, 0.24262427542285903, -0.25446837710062875, -0.5856694168355265, -0.6482027358928735, -0.06601465739284725, -0.1910812955075411, 0.5745870038693359, -0.12854797645019417], [-0.4940394245385249, 0.27498601669528266, 0.2847556201185656, -0.6180566229518657, -0.6082870195285827, 0.6079708383596603, 0.000693523472115827, 0.010463126895398793, -0.06505766524792626, -0.04551845840136033, -0.16953584144278136, -0.0552880618246433], [0.3029500389956866, -0.43069604412164236, 0.3602462942802445, -0.4309900276501733, 0.3599523107517136, 0.30562823643278164, -0.5090631187897116, 0.2818792196121753, -0.865169636704541, 0.7167150400992334, -0.017225014603113417, -0.07422729830265394]], "inverted": false, "swapped": false, "error_lsq": 0.05219956949701765, "error_max": 0.3483473398658027, "target": "102.xyz", "model": "4.xyz", "model_rescale": 4.509807743048502, "target_rescale": 4.156650630931146},
{"mapping": [11, 4, 5, 2, 3, 7, 9, 10, 0, 1, 8, 13], "R": [[0.5547461854558166, 0.8316410331620451, 0.025097045311888465], [-0.8269887795599297, 0.5478288995475712, 0.12638455325899348], [0.09135769373292546, -0.090866323694003, 0.9916637953531116]], "T": [-0.04974951641911886, -0.050886259719747036, -0.002365896082527064], "aligned_model": [[-0.44451687384057476, 0.40235189730975995, 0.42226566571429835, 0.2608646860002976, 0.280778454404836, -0.22064022499606778, -0.6339515898110298, -0.6140378214064915, -0.1540044210636296, -0.11417688425455293, 0.5712910301906138, -0.13409065265909126], [-0.5441692481882079, 0.22695697688782063, 0.32723940823516473, -0.6587410303736536, -0.5584585990263096, 0.6490089043496035, -0.043345336227735724, 0.05693709511960838, -0.15472497474981622, 0.04583988794487196, -0.16901450896353543, -0.05444254340247209], [-0.32957807537905276, -0.4492883521296929, 0.33756774628412595, -0.3328280573558124, 0.4540280410580065, 0.3128298705410456, -0.38861235191361637, 0.3982437465002025, -0.7866342498853202, 0.7870779469423174, -0.003028113190702399, 0.00022184852849882692]], "inverted": false, "swapped": false, "error_lsq": 0.05296763862691498, "error_max": 0.35906392180036906, "target": "102.xyz", "model": "5.xyz", "model_rescale": 4.509807743048502, "target_rescale": 4.156650630931146},
{"mapping": [11, 4, 5, 2, 3, 7, 9, 10, 0, 1, 8, 13], "R": [[0.5547462456638271, 0.8316409929100981, 0.025097048300456642], [-0.8269887401553591, 0.5478289592196225, 0.12638455244450292], [0.091357684833521, -0.09086633233410388, 0.9916637953812812]], "T": [-0.049749534035098686, -0.050886270370724435, -0.002365894205942064], "aligned_model": [[-0.4445169660853855, 0.4023519623265273, 0.4222657337940617, 0.26086481081080526, 0.28077858227833963, -0.22064038694829424, -0.6339513563278647, -0.6140375848603303, -0.15400453659006696, -0.11417699365499817, 0.5712907659681066, -0.13409076512253257], [-0.5441693640610634, 0.22695707010928087, 0.32723950429340976, -0.6587409783323391, -0.5584585441482103, 0.6490088442285915, -0.043345205138351196, 0.05693722904577769, -0.15472505513283627, 0.04583981323542147, -0.1690146615456351, -0.0544426209487074], [-0.3295780713051426, -0.4492883805996459, 0.33756774516600113, -0.33282808239510786, 0.4540280433705391, 0.312829897351653, -0.3886123865739075, 0.39824373919173944, -0.7866342641833796, 0.787077987347914, -0.003028088952930665, 0.00022186158226715057]], "inverted": false, "swapped": false, "error_lsq": 0.052967631299568434, "error_max": 0.35906385987407485, "target": "102.xyz", "model": "6.xyz", "model_rescale": 4.509807586411629, "target_rescale": 4.156650630931146},
{"mapping": [12, 4, 5, 2, 3, 7, 9, 10, 0, 1, 8, 13], "R": [[0.5511934626221301, 0.830647199530581, -0.07880987675811865], [-0.8326371050787823, 0.5536820872439495, 0.01231249410998507], [0.05386295581056942, 0.05883346137349828, 0.9968136264187812]], "T": [-0.04443367199095807, -0.05155478990677399, -0.0676231858027853], "aligned_model": [[-0.46051067594860734, 0.4483964464146713, 0.38586312152494034, 0.3051577236319942, 0.24262439874226324, -0.25446854229591853, -0.5856691785404097, -0.6482025034301405, -0.06601476337243875, -0.1910814131519007, 0.5745867402760844, -0.1285480882621697], [-0.49403954020094565, 0.2749861124402056, 0.2847557152622691, -0.6180565685031648, -0.6082869656811013, 0.6079707757682298, 0.0006936579180326988, 0.01046326074009623, -0.0650577429431335, -0.04551853729900644, -0.16953599577507306, -0.05528814012106997], [0.302950042190035, -0.4306960534100376, 0.3602463121854669, -0.43099003348078097, 0.3599523321147235, 0.3056282355502383, -0.5090631203937112, 0.28187924520179325, -0.8651696745291525, 0.716715056661857, -0.017225033156784177, -0.07422730893364794]], "inverted": false, "swapped": false, "error_lsq": 0.0521995618093233, "error_max": 0.3483472700578805, "target": "102.xyz", "model": "7.xyz", "model_rescale": 4.509807586411629, "target_rescale": 4.156650630931146},
{"mapping": [11, 4, 5, 2, 3, 7, 9, 10, 0, 1, 8, 13], "R": [[0.5547462456638271, 0.8316409929100981, 0.025097048300456733], [-0.8269887401553591, 0.5478289592196225, 0.12638455244450297], [0.09135768483352097, -0.09086633233410399, 0.9916637953812811]], "T": [-0.04974953403509869, -0.05088627037072445, -0.0023658942059421304], "aligned_model": [[-0.44451696608538555, 0.40235196232652726, 0.42226573379406174, 0.2608648108108052, 0.2807785822783397, -0.22064038694829421, -0.6339513563278647, -0.6140375848603303, -0.15400453659006705, -0.11417699365499812, 0.5712907659681065, -0.13409076512253257], [-0.5441693640610634, 0.22695707010928085, 0.32723950429340976, -0.6587409783323391, -0.5584585441482103, 0.6490088442285915, -0.043345205138351224, 0.05693722904577771, -0.15472505513283633, 0.045839813235421495, -0.16901466154563508, -0.05444262094870738], [-0.3295780713051425, -0.4492883805996458, 0.33756774516600097, -0.33282808239510786, 0.4540280433705389, 0.3128298973516529, -0.3886123865739074, 0.3982437391917394, -0.7866342641833796, 0.7870779873479138, -0.003028088952930501, 0.0002218615822673878]], "inverted": false, "swapped": false, "error_lsq": 0.052967631299568434, "error_max": 0.35906385987407474, "target": "102.xyz", "model": "8.xyz", "model_rescale": 4.509807586411629, "target_rescale": 4.156650630931146},
{"mapping": [9, 6, 7, 2, 3, 5, 11, 12, 0, 1, 8, 13], "R": [[-0.5547461303312015, -0.8316410697494281, 0.025097051392232967], [0.8269888156166021, -0.5478288435529765, 0.1263845600398178], [-0.09135770207052829, 0.09086632642203205, 0.9916637943350344]], "T": [-0.049749546658425986, -0.05088621150961532, -0.0023659015036611416], "aligned_model": [[-0.44451686475109997, 0.4023518182741088, 0.4222655925566907, 0.26086472480558553, 0.28077849908816743, -0.22064031074136206, -0.6339515573508591, -0.6140377830682772, -0.15400443107970507, -0.11417688251454135, 0.5712911171667833, -0.13409065679712323], [-0.5441691419109078, 0.2269569452324559, 0.32723938726527757, -0.6587409770220616, -0.5584585349892399, 0.6490089428797331, -0.0433451913805882, 0.05693725065223344, -0.15472517590417284, 0.04583970816147041, -0.1690144475075101, -0.054442733871351214], [-0.3295781049027796, -0.44928837243231035, 0.3375677667995718, -0.33282808443129763, 0.4540280548005845, 0.31282988550831287, -0.3886123892680626, 0.39824374996381956, -0.7866342658220611, 0.787078012641703, -0.0030281262673013372, 0.00022187340982091248]], "inverted": false, "swapped": false, "error_lsq": 0.052967636005254955, "error_max": 0.3590639804762332, "target": "102.xyz", "model": "9.xyz", "model_rescale": 4.509807504472865, "target_rescale": 4.156650630931146},
{"mapping": [10, 6, 7, 2, 3, 5, 11, 12, 0, 1, 8, 13], "R": [[-0.5511933472829991, -0.8306472763847722, -0.07880987340126289], [0.8326371821718331, -0.5536819713474153, 0.012312492428007143], [-0.05386294436728373, -0.05883346700135659, 0.9968136267049559]], "T": [-0.04443368456093638, -0.051554730477848226, -0.06762318863654881], "aligned_model": [[-0.46051057261959705, 0.4483963032793791, 0.3858629799170458, 0.30515763827827336, 0.24262431491594005, -0.2544684666343241, -0.5856693786184619, -0.6482027019807952, -0.06601465730553857, -0.19108130403020523, 0.5745870910545237, -0.12854798066787188], [-0.4940393130448991, 0.27498599130029766, 0.2847555929652651, -0.618056563235041, -0.6082869615700734, 0.6079708715764022, 0.0006936761379371589, 0.010463277802904604, -0.06505785530875273, -0.045518651978817846, -0.16953577939609846, -0.05528825364378529], [0.3029500542272044, -0.4306960725719254, 0.36024630762129467, -0.4309900506601536, 0.35995232953306644, 0.30562824818720996, -0.5090631427369725, 0.2818792374562476, -0.8651696800450966, 0.716715080341344, -0.017225011500342946, -0.07422729985187647]], "inverted": false, "swapped": false, "error_lsq": 0.052199566864453976, "error_max": 0.3483474029957321, "target": "102.xyz", "model": "10.xyz", "model_rescale": 4.509807504472865, "target_rescale": 4.156650630931146},
{"mapping": [9, 7, 6, 3, 2, 4, 12, 11, 1, 0, 8, 13], "R": [[0.5511933472829992, 0.8306472763847722, -0.07880987340126314], [-0.8326371821718331, 0.5536819713474154, 0.012312492428007176], [0.053862944367283914, 0.058833467001356776, 0.996813626704956]], "T": [-0.044433684560936375, -0.051554730477848226, -0.06762318863654873], "aligned_model": [[-0.46051057261959716, 0.44839630327937924, 0.3858629799170457, 0.3051576382782736, 0.24262431491594005, -0.2544684666343243, -0.5856693786184618, -0.6482027019807953, -0.06601465730553838, -0.1910813040302054, 0.5745870910545238, -0.12854798066787188], [-0.4940393130448991, 0.27498599130029766, 0.2847555929652651, -0.618056563235041, -0.6082869615700734, 0.6079708715764022, 0.0006936761379370895, 0.010463277802904555, -0.06505785530875277, -0.04551865197881784, -0.1695357793960984, -0.05528825364378531], [0.30295005422720445, -0.43069607257192544, 0.36024630762129495, -0.4309900506601536, 0.3599523295330668, 0.30562824818721, -0.5090631427369727, 0.28187923745624754, -0.8651696800450965, 0.716715080341344, -0.017225011500342884, -0.07422729985187661]], "inverted": true, "swapped": false, "error_lsq": 0.052199566864453976, "error_max": 0.3483474029957321, "target": "102.xyz", "model": "11.xyz", "model_rescale": 4.509807504472865, "target_rescale": 4.156650630931146},
{"mapping": [9, 6, 7, 2, 3, 5, 11, 12, 0, 1, 8, 13], "R": [[-0.5547462397553409, -0.8316409969723892, 0.025097044289726245], [0.8269887440252903, -0.5478289539316383, 0.12638455004327195], [-0.09135768567987676, 0.0908663270355836, 0.9916637957888145]], "T": [-0.049749656103513326, -0.05088628602458316, -0.0023658891407465203], "aligned_model": [[-0.44451707404721513, 0.40235182622142834, 0.42226559371127137, 0.26086467393736107, 0.2807784414272041, -0.2206403147021071, -0.633951453127973, -0.6140376856381299, -0.1540043439325565, -0.11417680895287044, 0.5712909871346683, -0.13409057644271347], [-0.5441693566697363, 0.2269570413806577, 0.3272394696545093, -0.6587409710169525, -0.558458542743101, 0.649008922516259, -0.04334521636414131, 0.05693721190971025, -0.15472512608376093, 0.045839730463942144, -0.16901443363213825, -0.054442697809909395], [-0.32957805621300673, -0.4492883548503516, 0.3375677398140545, -0.3328280639848097, 0.4540280306795965, 0.31282987042303656, -0.38861236892075, 0.39824372574365613, -0.7866342284314626, 0.7870779608973494, -0.0030281213902563346, 0.00022186623294337708]], "inverted": false, "swapped": false, "error_lsq": 0.0529676203081643, "error_max": 0.35906381688031774, "target": "102.xyz", "model": "12.xyz", "model_rescale": 4.509807766519439, "target_rescale": 4.156650630931146},
{"mapping": [10, 6, 7, 2, 3, 5, 11, 12, 0, 1, 8, 13], "R": [[-0.5511934573378249, -0.8306472033251476, -0.07880987372205642], [0.8326371086163226, -0.5536820818853837, 0.012312495852493555], [-0.053862955201378626, -0.058833458228957, 0.9968136266372948]], "T": [-0.04443379418245353, -0.05155480599431074, -0.06762319259895161], "aligned_model": [[-0.46051078331760475, 0.4483963055995613, 0.3858629856162446, 0.30515758269756793, 0.24262426271425125, -0.2544684664935858, -0.5856692800838864, -0.6482026000672031, -0.0660145807471837, -0.191081220713817, 0.574586961114524, -0.12854790073050032], [-0.4940395354403499, 0.274986079642377, 0.28475568345690205, -0.6180565646994515, -0.6082869608849265, 0.6079708579469493, 0.0006936427391205438, 0.010463246553645576, -0.06505782118739312, -0.04551861355834304, -0.16953576559032368, -0.05528821737286808], [0.30295002237275404, -0.4306960475694596, 0.36024628661163066, -0.43099002610428827, 0.359952308076802, 0.30562822670400996, -0.5090631080196868, 0.28187922616140343, -0.8651696244039768, 0.7167150439582044, -0.01722501756450709, -0.07422729022288635]], "inverted": false, "swapped": false, "error_lsq": 0.05219955077845412, "error_max": 0.3483472278380804, "target": "102.xyz", "model": "13.xyz", "model_rescale": 4.509807766519439, "target_rescale": 4.156650630931146},
{"mapping": [9, 7, 6, 3, 2, 4, 12, 11, 1, 0, 8, 13], "R": [[0.5511934573378249, 0.8306472033251475, -0.0788098737220565], [-0.8326371086163225, 0.5536820818853837, 0.012312495852493607], [0.05386295520137874, 0.05883345822895704, 0.9968136266372947]], "T": [-0.04443379418245353, -0.05155480599431074, -0.06762319259895151], "aligned_model": [[-0.46051078331760464, 0.44839630559956123, 0.38586298561624455, 0.305157582697568, 0.24262426271425125, -0.25446846649358584, -0.5856692800838864, -0.6482026000672031, -0.06601458074718361, -0.19108122071381703, 0.574586961114524, -0.1285479007305003], [-0.49403953544034984, 0.274986079642377, 0.28475568345690205, -0.6180565646994515, -0.6082869608849264, 0.6079708579469492, 0.0006936427391204675, 0.010463246553645542, -0.06505782118739316, -0.04551861355834301, -0.16953576559032363, -0.055288217372868084], [0.3029500223727541, -0.4306960475694596, 0.3602462866116308, -0.4309900261042882, 0.3599523080768022, 0.30562822670400996, -0.509063108019687, 0.28187922616140343, -0.8651696244039765, 0.7167150439582041, -0.017225017564507124, -0.07422729022288645]], "inverted": true, "swapped": false, "error_lsq": 0.052199550778454125, "error_max": 0.34834722783808053, "target": "102.xyz", "model": "14.xyz", "model_rescale": 4.509807766519439, "target_rescale": 4.156650630931146},
{"mapping": [9, 8, 7, 0, 4, 3, 2, 10, 2, 5, 6, 11], "R": [[-0.08168955193556088, 0.968364922874575, 0.23578845020629371], [0.606701952702001, 0.23601114140608143, -0.7590859514704363], [-0.7907209101144008, 0.08104392190853818, -0.6067885340293903]], "T": [-0.06216937506483933, -0.011534962474175264, 0.07450915063694974], "aligned_model": [[-0.4303217959627272, 0.2800046473282991, 0.33745945397899035, -0.000728838377988178, 0.2307545342639311, -0.31073269651478114, -0.12368556178502413, -0.6173689306924842, -0.12368556178502413, 0.04370739953417413, 0.5245065887087473, -0.18777597310774516], [-0.6541798618510126, 0.3488511753718341, 0.39733710018478907, -0.6716387429922671, -0.6679727822194009, 0.6557144766630958, 0.0535439627472, -0.05200934793511677, 0.0535439627472, -0.06580226830350508, -0.20483341373110672, -0.06946822907637135], [0.08171886994214811, -0.2433666184086789, 0.3719779796475103, -0.3831811507709837, 0.35585749670391364, -0.20312659087883267, -0.6844820456424842, 0.5630743247057997, -0.6844820456424842, 0.8372129514675651, -0.10937747511614121, 0.09817430399266769]], "inverted": true, "swapped": false, "error_lsq": 0.06104548768893798, "error_max": 0.47268363016994314, "target": "102.xyz", "model": "15.xyz", "model_rescale": 4.510870436145588, "target_rescale": 4.156650630931146},
{"mapping": [9, 8, 7, 0, 4, 3, 2, 10, 2, 5, 6, 11], "R": [[-0.08168955193556093, 0.9683649228745752, 0.23578845020629344], [0.6067019527020012, 0.23601114140608115, -0.7590859514704363], [-0.7907209101144006, 0.0810439219085379, -0.6067885340293907]], "T": [-0.06216937506483932, -0.011534962474175216, 0.07450915063694982], "aligned_model": [[-0.4303217959627274, 0.28000464732829916, 0.3374594539789906, -0.0007288383779883931, 0.2307545342639311, -0.310732696514781, -0.1236855617850243, -0.6173689306924841, -0.1236855617850243, 0.04370739953417433, 0.5245065887087473, -0.18777597310774516], [-0.6541798618510125, 0.348851175371834, 0.3973371001847889, -0.671638742992267, -0.667972782219401, 0.655714476663096, 0.05354396274720021, -0.052009347935116836, 0.05354396274720021, -0.06580226830350536, -0.2048334137311068, -0.06946822907637136], [0.08171886994214808, -0.24336661840867888, 0.37197797964751034, -0.383181150770984, 0.3558574967039133, -0.20312659087883242, -0.6844820456424842, 0.5630743247057998, -0.6844820456424842, 0.8372129514675651, -0.10937747511614143, 0.09817430399266774]], "inverted": true, "swapped": false, "error_lsq": 0.06104548768893798, "error_max": 0.47268363016994297, "target": "102.xyz", "model": "16.xyz", "model_rescale": 4.510870436145588, "target_rescale": 4.156650630931146},
{"mapping": [10, 8, 6, 1, 5, 2, 3, 9, 3, 4, 7, 11], "R": [[0.08168955193556193, -0.9683649228745752, 0.23578845020629313], [-0.6067019527020009, -0.23601114140608154, -0.7590859514704366], [0.7907209101144009, -0.08104392190853682, -0.6067885340293904]], "T": [-0.062169375064839286, -0.011534962474175153, 0.07450915063694985], "aligned_model": [[-0.43032179596272707, 0.28000464732829883, 0.3374594539789908, -0.0007288383779886082, 0.23075453426393172, -0.3107326965147815, -0.12368556178502498, -0.6173689306924837, -0.12368556178502498, 0.04370739953417513, 0.5245065887087473, -0.18777597310774502], [-0.6541798618510127, 0.34885117537183397, 0.3973371001847892, -0.6716387429922671, -0.667972782219401, 0.6557144766630958, 0.053543962747199775, -0.05200934793511672, 0.053543962747199775, -0.06580226830350497, -0.20483341373110678, -0.06946822907637147], [0.0817188699421488, -0.2433666184086795, 0.37197797964750967, -0.38318115077098347, 0.35585749670391353, -0.2031265908788326, -0.6844820456424842, 0.5630743247058003, -0.6844820456424842, 0.8372129514675651, -0.10937747511614193, 0.09817430399266781]], "inverted": false, "swapped": false, "error_lsq": 0.06104548768893798, "error_max": 0.47268363016994236, "target": "102.xyz", "model": "17.xyz", "model_rescale": 4.510870436145588, "target_rescale": 4.156650630931146},
{"mapping": [0, 6, 2, 3, 11, 8, 7, 10, 5, 1, 4, 12], "R": [[-0.19178393223690543, 0.8486027267521423, 0.49304394883679387], [-0.6053646396314993, -0.4977034541048758, 0.6211480699928968], [0.7724976222743827, -0.17934515304547483, 0.6091656093867416]], "T": [-0.009015716480714014, -0.010597107500284766, 0.0825187808039554], "aligned_model": [[-0.46844685756778154, 0.3968607263681227, 0.23374255582773043, 0.18595478222479953, 0.19377580998948976, -0.22216587983556368, -0.6172187765279541, -0.4284803017433462, 0.0018078296757323038, -0.07339396087539111, 0.58100767891719, -0.16131034086466003], [-0.7556019175028655, 0.40112027002953704, 0.4256839367923897, -0.6576386990407098, -0.6323908440599934, 0.5617867081650476, 0.06409001215142567, 0.3024729747921563, -0.0965764259840849, -0.25790522148924355, -0.1599420030270879, -0.07201275922123235], [0.22753413160145308, -0.3369716634523504, 0.4276696729114946, -0.40201295178157465, 0.2235766747859042, 0.00022674570273749362, -0.48786896893157333, 0.4316271698848863, -0.8250673780866613, 0.7156298462357638, 0.08608276285273615, -0.06042604172281628]], "inverted": false, "swapped": false, "error_lsq": 0.0490987461954478, "error_max": 0.2665127825885276, "target": "102.xyz", "model": "18.xyz", "model_rescale": 4.466005644533647, "target_rescale": 4.156650630931146},
{"mapping": [10, 4, 5, 0, 1, 7, 8, 9, 2, 3, 12, 13], "R": [[0.5547462651616398, 0.83164097998159, 0.02509704573197164], [-0.8269887273971837, 0.5478289790839034, 0.1263845498226545], [0.0913576819276764, -0.0908663308995649, 0.9916637957804312]], "T": [-0.04974959553814928, -0.05088624581058379, -0.0023658957672138075], "aligned_model": [[-0.4445170051576167, 0.4023518815544062, 0.42226565043121245, 0.26086475485529664, 0.2807785237321029, -0.2206402756418584, -0.6339514019516929, -0.6140376330748866, -0.1540044700678853, -0.11417693231427284, 0.5712908744146414, -0.13409070119107908], [-0.5441693340393191, 0.22695709904431374, 0.3272395283647238, -0.658740928521277, -0.5584584992008669, 0.6490089657956154, -0.04334519328355789, 0.05693723603685216, -0.15472521097895217, 0.04583964766186793, -0.1690144976155193, -0.0544427816585421], [-0.3295780652210833, -0.44928836904133534, 0.33756773520167555, -0.33282807688046867, 0.4540280273625422, 0.31282986923060374, -0.3886123771514821, 0.3982437270915288, -0.786634224013311, 0.7870779844727108, -0.003028111281081062, 0.00022188022970003572]], "inverted": false, "swapped": false, "error_lsq": 0.05296762674350703, "error_max": 0.35906385119348216, "target": "102.xyz", "model": "19.xyz", "model_rescale": 4.509807711582247, "target_rescale": 4.156650630931146},
{"mapping": [11, 4, 5, 0, 1, 7, 8, 9, 2, 3, 12, 13], "R": [[0.5511934824354583, 0.8306471864753324, -0.07880987578525014], [-0.8326370918441381, 0.5536821071206126, 0.012312495271679144], [0.053862957642602155, 0.05883345863616149, 0.9968136264813492]], "T": [-0.04443373348090289, -0.0515547653217962, -0.06762318913505239], "aligned_model": [[-0.46051071492704493, 0.4483963630419063, 0.3858630406597429, 0.3051576654119025, 0.24262434302973912, -0.25446842893571026, -0.5856692268074006, -0.648202549189564, -0.06601470273412592, -0.19108134749845263, 0.5745868486536647, -0.12854802511628927], [-0.49403951207483765, 0.27498613854500825, 0.28475574201768467, -0.6180565210094098, -0.6082869175367334, 0.6079709009748879, 0.0006936668760056247, 0.01046327034868201, -0.06505790554796821, -0.04551869860261545, -0.16953583031007352, -0.055288302075291826], [0.30295003044565855, -0.43069604828326064, 0.36024629540912584, -0.4309900254490067, 0.35995231824337975, 0.3056282331653523, -0.5090631109458066, 0.28187923274657994, -0.865169643713405, 0.7167150436713675, -0.01722502526896661, -0.07422730002101881]], "inverted": false, "swapped": false, "error_lsq": 0.052199557215595, "error_max": 0.3483472619854117, "target": "102.xyz", "model": "20.xyz", "model_rescale": 4.509807711582248, "target_rescale": 4.156650630931146},
{"mapping": [1, 5, 2, 4, 11, 7, 8, 9, 6, 0, 3, 12], "R": [[0.19178393223690532, -0.8486027267521421, 0.49304394883679425], [0.6053646396314991, 0.4977034541048761, 0.6211480699928971], [-0.7724976222743832, 0.17934515304547494, 0.6091656093867412]], "T": [-0.0090157164807139, -0.010597107500284655, 0.08251878080395542], "aligned_model": [[-0.4684468575677816, 0.3968607263681227, 0.23374255582773074, 0.18595478222479936, 0.19377580998948976, -0.22216587983556357, -0.6172187765279542, -0.428480301743346, 0.0018078296757321408, -0.07339396087539096, 0.58100767891719, -0.1613103408646601], [-0.7556019175028654, 0.4011202700295369, 0.4256839367923899, -0.65763869904071, -0.6323908440599936, 0.5617867081650477, 0.06409001215142578, 0.3024729747921565, -0.09657642598408507, -0.25790522148924355, -0.1599420030270881, -0.0720127592212323], [0.22753413160145375, -0.336971663452351, 0.4276696729114944, -0.4020129517815745, 0.2235766747859045, 0.00022674570273714667, -0.4878689689315732, 0.4316271698848863, -0.8250673780866615, 0.7156298462357642, 0.0860827628527359, -0.060426041722816265]], "inverted": true, "swapped": false, "error_lsq": 0.049098746195447816, "error_max": 0.2665127825885281, "target": "102.xyz", "model": "21.xyz", "model_rescale": 4.466005644533646, "target_rescale": 4.156650630931146},
{"mapping": [0, 6, 2, 3, 11, 8, 7, 10, 5, 1, 4, 12], "R": [[-0.19178401218942676, 0.8486027336761242, 0.4930439058196893], [-0.6053645982703888, -0.49770347836921114, 0.6211480908608824], [0.7724976348374515, -0.17934505294709702, 0.6091656229252815]], "T": [-0.009015706687635263, -0.010597112649675139, 0.08251877706369516], "aligned_model": [[-0.4684469729989202, 0.39686068934928453, 0.2337426397451602, 0.18595473000584575, 0.19377608251293696, -0.22216594898580264, -0.6172188143886188, -0.42848022575288836, 0.00180782394646831, -0.07339410759610397, 0.581007595408662, -0.16131022565765604], [-0.7556018574387608, 0.4011202959512715, 0.4256838919224135, -0.6576386809784431, -0.6323910181591776, 0.5617867631946252, 0.06409004645674402, 0.3024729412001851, -0.09657642078660963, -0.25790514070087966, -0.15994196424056203, -0.07201282481546771], [0.22753414463756827, -0.3369716344606469, 0.42766965214086233, -0.4020128902327151, 0.2235766605118627, 0.0002267143089239032, -0.4878690150996713, 0.43162709610874694, -0.8250673638692421, 0.7156298740461634, 0.08608283917588012, -0.0604260772677329]], "inverted": false, "swapped": false, "error_lsq": 0.04909874024066494, "error_max": 0.26651273360036914, "target": "102.xyz", "model": "22.xyz", "model_rescale": 4.46600560860683, "target_rescale": 4.156650630931146},
{"mapping": [10, 4, 5, 0, 1, 7, 8, 9, 2, 3, 12, 13], "R": [[0.5547462051439842, 0.8316410200014134, 0.025097046227728327], [-0.826988766670541, 0.5478289190658385, 0.1263845529955785], [0.09135769085898382, -0.09086632647005857, 0.9916637953635046]], "T": [-0.04974959407914199, -0.05088624433152104, -0.002365896055505003], "aligned_model": [[-0.4445169472581259, 0.40235181829520295, 0.42226558772967693, 0.2608646259897162, 0.2807783954241902, -0.2206403203889561, -0.6339514936436726, -0.6140377242091987, -0.1540043779358516, -0.11417683906690371, 0.5712911491536677, -0.13409060850137766], [-0.544169249259168, 0.22695700745839795, 0.3272394401238142, -0.6587410166975645, -0.5584585840321483, 0.6490089261307942, -0.043345212574830774, 0.05693722009058543, -0.15472514608320428, 0.045839719247628107, -0.1690143593811774, -0.05444271341778808], [-0.329578079216949, -0.44928836043458603, 0.33756774996959293, -0.332828064094326, 0.45402804630985294, 0.31282987663472556, -0.38861237563044776, 0.3982437347737312, -0.7866342412255823, 0.7870779795827755, -0.003028135847383942, 0.0002218691785965789]], "inverted": false, "swapped": false, "error_lsq": 0.052967626890512626, "error_max": 0.35906390384516707, "target": "102.xyz", "model": "23.xyz", "model_rescale": 4.509807674373902, "target_rescale": 4.156650630931146},
{"mapping": [11, 4, 5, 0, 1, 7, 8, 9, 2, 3, 12, 13], "R": [[0.5511934225724046, 0.8306472264229343, -0.07880987342208902], [-0.8326371318517196, 0.5536820469646061, 0.012312494906647382], [0.053862951781916885, 0.05883346075976498, 0.9968136266726937]], "T": [-0.04443373213852842, -0.051554763802653884, -0.06762318954342633], "aligned_model": [[-0.4605106562302806, 0.4483962993272779, 0.3858629783042799, 0.3051575362235009, 0.24262421520050287, -0.2544684733864011, -0.5856693189164699, -0.648202639939468, -0.06601461163005151, -0.19108125367604753, 0.5745871229645745, -0.1285479326530495], [-0.49403942511088644, 0.2749860480917285, 0.28475565135536735, -0.6180566085170114, -0.6082870052533724, 0.6079708594086113, 0.0006936490784156119, 0.010463252342054502, -0.06505783636862793, -0.04551862984135015, -0.16953569047460137, -0.05528823310498904], [0.3029500375533963, -0.4306960569619585, 0.36024629340795505, -0.4309900393279595, 0.3599523110419541, 0.3056282336202266, -0.5090631204007797, 0.28187922996913384, -0.865169644228962, 0.7167150565108644, -0.01722500732482162, -0.07422729385904897]], "inverted": false, "swapped": false, "error_lsq": 0.05219955749354546, "error_max": 0.3483473198667797, "target": "102.xyz", "model": "24.xyz", "model_rescale": 4.509807674373903, "target_rescale": 4.156650630931146},
{"mapping": [1, 5, 2, 4, 11, 7, 8, 9, 6, 0, 3, 12], "R": [[0.19178401218942684, -0.8486027336761246, 0.49304390581968927], [0.6053645982703888, 0.49770347836921114, 0.6211480908608825], [-0.7724976348374516, 0.17934505294709688, 0.6091656229252818]], "T": [-0.009015706687635218, -0.010597112649675097, 0.0825187770636952], "aligned_model": [[-0.4684469729989203, 0.3968606893492847, 0.2337426397451602, 0.18595473000584614, 0.19377608251293713, -0.22216594898580289, -0.6172188143886189, -0.42848022575288874, 0.0018078239464685772, -0.07339410759610412, 0.5810075954086623, -0.1613102256576561], [-0.7556018574387608, 0.40112029595127147, 0.42568389192241357, -0.6576386809784432, -0.6323910181591778, 0.5617867631946252, 0.06409004645674411, 0.30247294120018503, -0.09657642078660959, -0.25790514070087983, -0.15994196424056217, -0.07201282481546772], [0.22753414463756844, -0.3369716344606471, 0.4276696521408625, -0.4020128902327151, 0.22357666051186276, 0.00022671430892373667, -0.48786901509967145, 0.4316270961087469, -0.8250673638692423, 0.7156298740461637, 0.08608283917588014, -0.06042607726773297]], "inverted": true, "swapped": false, "error_lsq": 0.04909874024066494, "error_max": 0.26651273360036926, "target": "102.xyz", "model": "25.xyz", "model_rescale": 4.466005608606829, "target_rescale": 4.156650630931146},
{"mapping": [0, 6, 2, 3, 11, 8, 7, 10, 5, 1, 4, 12], "R": [[-0.1917839017709683, 0.8486027370198731, 0.493043943015107], [-0.6053646728287551, -0.49770342455138944, 0.6211480613193234], [0.7724976038231046, -0.17934518647624706, 0.6091656229428597]], "T": [-0.009015724812038016, -0.010597135178983454, 0.08251880791169454], "aligned_model": [[-0.4684468445836364, 0.3968607031169773, 0.2337425528555294, 0.1859547527578839, 0.19377583379323984, -0.22216587450105477, -0.6172187494052269, -0.4284802725920986, 0.0018078282128052084, -0.07339396967946435, 0.5810076276620559, -0.16131032204864273], [-0.7556019984002412, 0.401120318504696, 0.42568395206903625, -0.6576387435969103, -0.6323907766129206, 0.5617867206412601, 0.06409005315003621, 0.3024729772738014, -0.09657634898652792, -0.25790533090901735, -0.15994207610568636, -0.0720127154221877], [0.22753422025664582, -0.3369716970976545, 0.4276696099728168, -0.40201284416501143, 0.22357658308622652, 0.00022671449579104996, -0.4878689898438806, 0.43162711432826917, -0.8250674014373262, 0.7156299245963175, 0.08608286017466021, -0.060426094366854935]], "inverted": false, "swapped": false, "error_lsq": 0.04909875556134647, "error_max": 0.26651289664527383, "target": "102.xyz", "model": "26.xyz", "model_rescale": 4.466005838112752, "target_rescale": 4.156650630931146},
{"mapping": [11, 5, 4, 1, 0, 6, 9, 8, 3, 2, 12, 13], "R": [[-0.5547463124287257, -0.8316409483636187, 0.02509704866297366], [0.8269886964846977, -0.5478290258638292, 0.12638454932320015], [-0.09135767473656073, 0.09086633824441728, 0.991663795769907]], "T": [-0.0497495755692515, -0.050886278284924105, -0.0023658920687077774], "aligned_model": [[-0.44451700646756387, 0.4023519247511672, 0.42226569515227697, 0.2608648545563593, 0.2807786249574691, -0.22064034633994148, -0.6339514243008885, -0.6140376538997786, -0.1540045095082649, -0.11417696870604531, 0.5712908145007333, -0.13409073910715508], [-0.5441692764693501, 0.22695698989612068, 0.32723941478471064, -0.6587410101804173, -0.5584585852918275, 0.6490089866617004, -0.04334516636998949, 0.05693725851860043, -0.1547251519220175, 0.04583969785516234, -0.16901439884392683, -0.05444272703342759], [-0.32957805544560953, -0.4492883412604438, 0.3375677313099278, -0.3328280540596491, 0.4540280185107225, 0.3128298531871346, -0.388612362124966, 0.3982437104454056, -0.7866341980302551, 0.7870779471104881, -0.0030281241828716146, 0.0002218745401163548]], "inverted": true, "swapped": false, "error_lsq": 0.05296763334714084, "error_max": 0.35906385752678954, "target": "102.xyz", "model": "27.xyz", "model_rescale": 4.509807893063789, "target_rescale": 4.156650630931146},
{"mapping": [11, 4, 5, 0, 1, 7, 8, 9, 2, 3, 12, 13], "R": [[0.5511935295204866, 0.830647155537513, -0.07880987255533085], [-0.8326370607093363, 0.5536821539969106, 0.012312492788167838], [0.05386295710472534, 0.0588334542822423, 0.9968136267673884]], "T": [-0.04443371406748256, -0.05155479782041293, -0.06762318441442795], "aligned_model": [[-0.4605107135126213, 0.44839640392220204, 0.3858630866193208, 0.30515776232874237, 0.24262444502586109, -0.2544684978395343, -0.5856692514030061, -0.6482025687058873, -0.06601474594144621, -0.19108138054720855, 0.574586788886273, -0.12854806324432738], [-0.49403945715002207, 0.274986027624204, 0.2847556287331434, -0.6180566040569688, -0.6082870029480294, 0.6079709231574574, 0.0006936932552593505, 0.01046329436419878, -0.06505784796670461, -0.04551864574882574, -0.16953573080060858, -0.05528824685776517], [0.30295001678656636, -0.4306960255596442, 0.36024628653098084, -0.4309900004000852, 0.3599523116905398, 0.30562821642840876, -0.5090630924050156, 0.2818792196856095, -0.8651696127586626, 0.7167150114225869, -0.017225030753246752, -0.07422730066803795]], "inverted": false, "swapped": false, "error_lsq": 0.052199564167314055, "error_max": 0.3483472737900237, "target": "102.xyz", "model": "28.xyz", "model_rescale": 4.5098078930637895, "target_rescale": 4.156650630931146},
{"mapping": [1, 5, 2, 4, 11, 7, 8, 9, 6, 0, 3, 12], "R": [[0.19178390177096843, -0.8486027370198725, 0.4930439430151074], [0.6053646728287547, 0.49770342455138994, 0.6211480613193232], [-0.7724976038231044, 0.17934518647624714, 0.6091656229428594]], "T": [-0.009015724812037922, -0.010597135178983398, 0.08251880791169455], "aligned_model": [[-0.4684468445836366, 0.39686070311697724, 0.2337425528555297, 0.1859547527578835, 0.1937758337932395, -0.22216587450105438, -0.6172187494052266, -0.42848027259209825, 0.00180782821280508, -0.07339396967946438, 0.5810076276620557, -0.16131032204864268], [-0.7556019984002408, 0.40112031850469554, 0.42568395206903614, -0.6576387435969103, -0.6323907766129206, 0.5617867206412601, 0.0640900531500366, 0.3024729772738017, -0.09657634898652798, -0.2579053309090172, -0.1599420761056868, -0.07201271542218762], [0.22753422025664602, -0.3369716970976545, 0.42766960997281656, -0.40201284416501115, 0.22357658308622655, 0.00022671449579099445, -0.48786898984388016, 0.43162711432826906, -0.8250674014373258, 0.7156299245963171, 0.08608286017465999, -0.060426094366854866]], "inverted": true, "swapped": false, "error_lsq": 0.04909875556134646, "error_max": 0.2665128966452737, "target": "102.xyz", "model": "29.xyz", "model_rescale": 4.466005838112752, "target_rescale": 4.156650630931146},
