[{"mapping": [10, 4, 8, 7, 1, 2, 9, 3, 6, 3, 5, 11], "R": [[0.081689581849137, -0.9683649182866907, -0.23578845868473758], [-0.6067019800413439, -0.23601116324436533, 0.7590859228295268], [-0.7907208860471726, 0.08104391313141662, -0.60678856656427]], "T": [-0.062169489151872495, -0.011534930027179216, -0.07450905070413902], "aligned_model": [[-0.430321961314183, 0.33745941819363556, 0.28000462447957014, 0.2307547490121854, -0.000728814394039809, -0.31073271396213287, -0.6173690873285304, -0.12368558794778549, 0.04370762299783801, -0.12368558794778549, 0.5245065442079829, -0.18777594040838713], [-0.6541798794790423, 0.39733705697328164, 0.34885102309787724, -0.6679726873050229, -0.671638813022968, 0.6557145513916549, -0.05200943799423087, 0.05354410990684348, -0.06580224582021145, 0.05354410990684348, -0.20483338451152983, -0.06946837153815667], [-0.08171883083056897, -0.37197795976024395, 0.24336641296830988, -0.3558574583908941, 0.38318096668662605, 0.20312671720728456, -0.5630742716664816, 0.6844821580431971, -0.8372128992268066, 0.6844821580431971, 0.10937748107566872, -0.09817447414928654]], "inverted": true, "swapped": false, "error_lsq": 0.061045500994812985, "error_max": 0.47268366849411875, "target": "103.xyz", "model": "0.xyz", "model_rescale": 4.5108708085295355, "target_rescale": 4.156650630931146},
{"mapping": [9, 5, 8, 6, 0, 3, 10, 2, 7, 2, 4, 11], "R": [[-0.08168958184913583, 0.968364918286691, -0.23578845868473763], [0.6067019800413432, 0.23601116324436475, 0.7590859228295279], [0.7907208860471737, -0.08104391313141729, -0.6067885665642692]], "T": [-0.06216948915187249, -0.011534930027179154, -0.07450905070413891], "aligned_model": [[-0.43032196131418354, 0.3374594181936357, 0.28000462447957064, 0.23075474901218462, -0.0007288143940398298, -0.31073271396213215, -0.6173690873285308, -0.12368558794778481, 0.04370762299783728, -0.12368558794778481, 0.5245065442079829, -0.18777594040838716], [-0.6541798794790419, 0.39733705697328175, 0.34885102309787663, -0.6679726873050228, -0.6716388130229688, 0.6557145513916549, -0.052009437994229864, 0.053544109906842934, -0.06580224582021071, 0.053544109906842934, -0.2048333845115303, -0.06946837153815656], [-0.08171883083056936, -0.3719779597602437, 0.24336641296831021, -0.3558574583908951, 0.3831809666866254, 0.20312671720728584, -0.563074271666481, 0.6844821580431976, -0.8372128992268069, 0.6844821580431976, 0.10937748107566797, -0.09817447414928632]], "inverted": false, "swapped": false, "error_lsq": 0.061045500994812985, "error_max": 0.4726836684941195, "target": "103.xyz", "model": "1.xyz", "model_rescale": 4.510870808529536, "target_rescale": 4.156650630931146},
{"mapping": [10, 4, 8, 7, 1, 2, 9, 3, 6, 3, 5, 11], "R": [[0.08168958184913733, -0.9683649182866907, -0.2357884586847378], [-0.6067019800413436, -0.23601116324436566, 0.759085922829527], [-0.790720886047173, 0.08104391313141635, -0.6067885665642697]], "T": [-0.06216948915187252, -0.01153493002717916, -0.074509050704139], "aligned_model": [[-0.4303219613141828, 0.33745941819363545, 0.28000462447957, 0.23075474901218568, -0.0007288143940396424, -0.3107327139621332, -0.6173690873285304, -0.12368558794778566, 0.04370762299783812, -0.12368558794778566, 0.524506544207983, -0.18777594040838708], [-0.6541798794790425, 0.397337056973282, 0.34885102309787713, -0.6679726873050228, -0.6716388130229682, 0.6557145513916549, -0.05200943799423076, 0.053544109906843204, -0.06580224582021106, 0.053544109906843204, -0.20483338451152971, -0.06946837153815687], [-0.08171883083056937, -0.3719779597602436, 0.24336641296831035, -0.3558574583908944, 0.3831809666866257, 0.2031267172072851, -0.5630742716664817, 0.6844821580431973, -0.8372128992268068, 0.6844821580431973, 0.10937748107566873, -0.0981744741492864]], "inverted": true, "swapped": false, "error_lsq": 0.06104550099481299, "error_max": 0.4726836684941187, "target": "103.xyz", "model": "2.xyz", "model_rescale": 4.5108708085295355, "target_rescale": 4.156650630931146},
{"mapping": [11, 4, 5, 2, 3, 7, 9, 10, 0, 1, 8, 13], "R": [[0.5547461854558166, 0.8316410331620451, 0.025097045311888458], [-0.8269887795599297, 0.5478288995475712, 0.12638455325899348], [0.09135769373292546, -0.090866323694003, 0.9916637953531116]], "T": [-0.04974951641911886, -0.05088625971974703, -0.0023658960825267963], "aligned_model": [[-0.4445168738405747, 0.40235189730975995, 0.42226566571429835, 0.26086468600029766, 0.280778454404836, -0.22064022499606778, -0.6339515898110298, -0.6140378214064915, -0.1540044210636296, -0.11417688425455293, 0.5712910301906138, -0.13409065265909126], [-0.5441692481882079, 0.22695697688782063, 0.32723940823516473, -0.6587410303736536, -0.5584585990263096, 0.6490089043496035, -0.043345336227735724, 0.056937095119608386, -0.15472497474981622, 0.04583988794487197, -0.16901450896353545, -0.05444254340247212], [-0.32957807537905254, -0.4492883521296927, 0.3375677462841262, -0.33282805735581217, 0.45402804105800676, 0.3128298705410459, -0.3886123519136162, 0.3982437465002028, -0.7866342498853199, 0.7870779469423176, -0.003028113190702424, 0.00022184852849880133]], "inverted": false, "swapped": false, "error_lsq": 0.05296763862691498, "error_max": 0.3590639218003693, "target": "103.xyz", "model": "3.xyz", "model_rescale": 4.509807743048502, "target_rescale": 4.156650630931146},
{"mapping": [12, 4, 5, 2, 3, 7, 9, 10, 0, 1, 8, 13], "R": [[0.5511934030824015, 0.8306472394771108, -0.07880987214490995], [-0.8326371448681112, 0.5536820273816758, 0.012312495295337192], [0.053862950015031136, 0.058833460747885716, 0.9968136267688688]], "T": [-0.04443365490132998, -0.051554779191223324, -0.0676231822219973], "aligned_model": [[-0.46051058267562894, 0.44839637636427715, 0.3858630573069302, 0.30515759448020585, 0.24262427542285894, -0.25446837710062864, -0.5856694168355268, -0.6482027358928737, -0.06601465739284723, -0.19108129550754113, 0.574587003869336, -0.12854797645019417], [-0.49403942453852484, 0.27498601669528266, 0.2847556201185656, -0.618056622951866, -0.608287019528583, 0.6079708383596606, 0.0006935234721160699, 0.010463126895399022, -0.06505766524792621, -0.045518458401360304, -0.16953584144278155, -0.055288061824643256], [0.3029500389956869, -0.43069604412164225, 0.36024629428024485, -0.43099002765017325, 0.35995231075171386, 0.3056282364327819, -0.5090631187897116, 0.28187921961217555, -0.865169636704541, 0.7167150400992338, -0.017225014603113216, -0.07422729830265377]], "inverted": false, "swapped": false, "error_lsq": 0.05219956949701762, "error_max": 0.3483473398658025, "target": "103.xyz", "model": "4.xyz", "model_rescale": 4.509807743048502, "target_rescale": 4.156650630931146},
{"mapping": [11, 4, 5, 2, 3, 7, 9, 10, 0, 1, 8, 13], "R": [[0.5547461854558168, 0.8316410331620451, 0.025097045311888486], [-0.8269887795599297, 0.5478288995475714, 0.12638455325899348], [0.09135769373292543, -0.09086632369400305, 0.9916637953531116]], "T": [-0.049749516419118865, -0.050886259719747036, -0.0023658960825268718], "aligned_model": [[-0.4445168738405747, 0.40235189730975995, 0.42226566571429835, 0.2608646860002978, 0.2807784544048362, -0.22064022499606792, -0.6339515898110298, -0.6140378214064915, -0.15400442106362966, -0.11417688425455291, 0.5712910301906138, -0.13409065265909126], [-0.544169248188208, 0.2269569768878208, 0.3272394082351649, -0.6587410303736537, -0.5584585990263097, 0.6490089043496036, -0.043345336227735835, 0.05693709511960827, -0.15472497474981622, 0.04583988794487195, -0.16901450896353531, -0.05444254340247211], [-0.32957807537905254, -0.4492883521296927, 0.33756774628412617, -0.33282805735581217, 0.4540280410580067, 0.3128298705410459, -0.38861235191361615, 0.3982437465002027, -0.78663424988532, 0.7870779469423175, -0.003028113190702241, 0.00022184852849902424]], "inverted": false, "swapped": false, "error_lsq": 0.052967638626914997, "error_max": 0.3590639218003692, "target": "103.xyz", "model": "5.xyz", "model_rescale": 4.509807743048502, "target_rescale": 4.156650630931146},
{"mapping": [11, 4, 5, 2, 3, 7, 9, 10, 0, 1, 8, 13], "R": [[0.5547462456638271, 0.8316409929100981, 0.02509704830045669], [-0.8269887401553591, 0.5478289592196225, 0.12638455244450292], [0.09135768483352097, -0.09086633233410392, 0.9916637953812812]], "T": [-0.049749534035098686, -0.050886270370724435, -0.0023658942059418724], "aligned_model": [[-0.44451696608538555, 0.40235196232652726, 0.42226573379406174, 0.2608648108108052, 0.2807785822783397, -0.22064038694829424, -0.6339513563278647, -0.6140375848603303, -0.154004536590067, -0.11417699365499814, 0.5712907659681066, -0.13409076512253257], [-0.5441693640610634, 0.22695707010928087, 0.32723950429340976, -0.6587409783323391, -0.5584585441482103, 0.6490088442285915, -0.043345205138351196, 0.05693722904577769, -0.15472505513283627, 0.04583981323542147, -0.1690146615456351, -0.0544426209487074], [-0.32957807130514233, -0.44928838059964565, 0.3375677451660013, -0.3328280823951077, 0.4540280433705393, 0.3128298973516533, -0.3886123865739073, 0.39824373919173967, -0.7866342641833795, 0.7870779873479141, -0.003028088952930508, 0.00022186158226734747]], "inverted": false, "swapped": false, "error_lsq": 0.052967631299568434, "error_max": 0.359063859874075, "target": "103.xyz", "model": "6.xyz", "model_rescale": 4.509807586411629, "target_rescale": 4.156650630931146},
{"mapping": [12, 4, 5, 2, 3, 7, 9, 10, 0, 1, 8, 13], "R": [[0.5511934626221301, 0.830647199530581, -0.07880987675811865], [-0.8326371050787823, 0.5536820872439495, 0.012312494109985049], [0.05386295581056941, 0.05883346137349829, 0.9968136264187812]], "T": [-0.04443367199095807, -0.05155478990677399, -0.0676231858027851], "aligned_model": [[-0.46051067594860734, 0.4483964464146713, 0.38586312152494034, 0.3051577236319942, 0.24262439874226324, -0.25446854229591853, -0.5856691785404097, -0.6482025034301405, -0.06601476337243875, -0.1910814131519007, 0.5745867402760844, -0.1285480882621697], [-0.49403954020094565, 0.2749861124402056, 0.2847557152622691, -0.6180565685031648, -0.6082869656811013, 0.6079707757682298, 0.0006936579180327057, 0.010463260740096222, -0.06505774294313349, -0.045518537299006456, -0.16953599577507306, -0.05528814012106997], [0.30295004219003524, -0.43069605341003736, 0.3602463121854671, -0.43099003348078074, 0.3599523321147237, 0.3056282355502386, -0.509063120393711, 0.28187924520179347, -0.8651696745291524, 0.7167150566618571, -0.017225033156783982, -0.07422730893364775]], "inverted": false, "swapped": false, "error_lsq": 0.05219956180932328, "error_max": 0.34834727005788035, "target": "103.xyz", "model": "7.xyz", "model_rescale": 4.509807586411629, "target_rescale": 4.156650630931146},
{"mapping": [11, 4, 5, 2, 3, 7, 9, 10, 0, 1, 8, 13], "R": [[0.5547462456638271, 0.8316409929100981, 0.025097048300456698], [-0.8269887401553591, 0.5478289592196225, 0.1263845524445029], [0.09135768483352093, -0.0908663323341039, 0.9916637953812811]], "T": [-0.04974953403509869, -0.05088627037072445, -0.0023658942059419383], "aligned_model": [[-0.44451696608538555, 0.40235196232652726, 0.42226573379406174, 0.2608648108108052, 0.2807785822783397, -0.22064038694829424, -0.6339513563278647, -0.6140375848603303, -0.15400453659006702, -0.11417699365499814, 0.5712907659681065, -0.13409076512253257], [-0.5441693640610634, 0.22695707010928085, 0.3272395042934097, -0.6587409783323391, -0.5584585441482103, 0.6490088442285915, -0.04334520513835119, 0.056937229045777665, -0.15472505513283624, 0.045839813235421425, -0.16901466154563508, -0.05444262094870738], [-0.3295780713051424, -0.44928838059964565, 0.33756774516600113, -0.3328280823951077, 0.4540280433705391, 0.3128298973516531, -0.38861238657390723, 0.39824373919173955, -0.7866342641833793, 0.787077987347914, -0.0030280889529302945, 0.00022186158226757558]], "inverted": false, "swapped": false, "error_lsq": 0.052967631299568434, "error_max": 0.3590638598740751, "target": "103.xyz", "model": "8.xyz", "model_rescale": 4.509807586411629, "target_rescale": 4.156650630931146},
{"mapping": [10, 7, 6, 3, 2, 4, 12, 11, 1, 0, 8, 13], "R": [[0.554746130331202, 0.8316410697494279, 0.025097051392232977], [-0.8269888156166019, 0.547828843552977, 0.12638456003981785], [0.09135770207052828, -0.09086632642203213, 0.9916637943350346]], "T": [-0.049749546658426, -0.05088621150961533, -0.002365901503660876], "aligned_model": [[-0.44451686475109975, 0.4023518182741087, 0.4222655925566906, 0.2608647248055858, 0.2807784990881677, -0.22064031074136248, -0.6339515573508592, -0.6140377830682773, -0.15400443107970513, -0.11417688251454138, 0.5712911171667835, -0.13409065679712323], [-0.5441691419109081, 0.22695694523245616, 0.32723938726527785, -0.6587409770220615, -0.5584585349892398, 0.6490089428797331, -0.0433451913805886, 0.056937250652233075, -0.15472517590417295, 0.04583970816147038, -0.1690144475075098, -0.054442733871351276], [-0.32957810490277956, -0.4492883724323104, 0.33756776679957196, -0.3328280844312977, 0.45402805480058467, 0.3128298855083131, -0.3886123892680625, 0.39824374996381984, -0.7866342658220611, 0.7870780126417034, -0.0030281262673011204, 0.00022187340982118484]], "inverted": true, "swapped": false, "error_lsq": 0.052967636005254955, "error_max": 0.3590639804762335, "target": "103.xyz", "model": "9.xyz", "model_rescale": 4.509807504472865, "target_rescale": 4.156650630931146},
{"mapping": [10, 6, 7, 2, 3, 5, 11, 12, 0, 1, 8, 13], "R": [[-0.5511933472829995, -0.8306472763847721, -0.07880987340126296], [0.832637182171833, -0.5536819713474157, 0.012312492428007117], [-0.053862944367283776, -0.05883346700135664, 0.9968136267049561]], "T": [-0.04443368456093639, -0.051554730477848226, -0.06762318863654863], "aligned_model": [[-0.460510572619597, 0.448396303279379, 0.3858629799170457, 0.30515763827827364, 0.24262431491594033, -0.25446846663432443, -0.5856693786184621, -0.6482027019807954, -0.06601465730553854, -0.1910813040302053, 0.5745870910545238, -0.1285479806678719], [-0.49403931304489934, 0.2749859913002979, 0.2847555929652653, -0.6180565632350409, -0.6082869615700736, 0.6079708715764021, 0.000693676137936923, 0.01046327780290434, -0.06505785530875276, -0.04551865197881791, -0.16953577939609824, -0.05528825364378533], [0.30295005422720467, -0.43069607257192527, 0.360246307621295, -0.4309900506601535, 0.3599523295330668, 0.3056282481872102, -0.5090631427369724, 0.2818792374562478, -0.8651696800450966, 0.7167150803413445, -0.017225011500342717, -0.0742272998518763]], "inverted": false, "swapped": false, "error_lsq": 0.052199566864453935, "error_max": 0.34834740299573186, "target": "103.xyz", "model": "10.xyz", "model_rescale": 4.509807504472865, "target_rescale": 4.156650630931146},
{"mapping": [9, 7, 6, 3, 2, 4, 12, 11, 1, 0, 8, 13], "R": [[0.5511933472829992, 0.8306472763847722, -0.07880987340126316], [-0.8326371821718331, 0.5536819713474154, 0.012312492428007183], [0.05386294436728393, 0.05883346700135679, 0.996813626704956]], "T": [-0.04443368456093637, -0.051554730477848226, -0.06762318863654854], "aligned_model": [[-0.46051057261959716, 0.44839630327937924, 0.3858629799170457, 0.3051576382782736, 0.24262431491594005, -0.2544684666343243, -0.5856693786184618, -0.6482027019807953, -0.06601465730553835, -0.19108130403020546, 0.5745870910545238, -0.12854798066787188], [-0.4940393130448991, 0.27498599130029766, 0.2847555929652651, -0.618056563235041, -0.6082869615700734, 0.6079708715764022, 0.0006936761379370895, 0.010463277802904562, -0.06505785530875277, -0.04551865197881783, -0.1695357793960984, -0.05528825364378531], [0.3029500542272046, -0.4306960725719252, 0.3602463076212951, -0.4309900506601534, 0.35995232953306694, 0.3056282481872102, -0.5090631427369725, 0.28187923745624777, -0.8651696800450963, 0.7167150803413442, -0.017225011500342682, -0.07422729985187641]], "inverted": true, "swapped": false, "error_lsq": 0.052199566864453956, "error_max": 0.34834740299573186, "target": "103.xyz", "model": "11.xyz", "model_rescale": 4.509807504472865, "target_rescale": 4.156650630931146},
{"mapping": [9, 6, 7, 2, 3, 5, 11, 12, 0, 1, 8, 13], "R": [[-0.5547462397553409, -0.8316409969723892, 0.025097044289726297], [0.8269887440252903, -0.5478289539316383, 0.12638455004327187], [-0.0913576856798767, 0.0908663270355836, 0.9916637957888145]], "T": [-0.049749656103513326, -0.05088628602458316, -0.0023658891407463273], "aligned_model": [[-0.4445170740472152, 0.4023518262214283, 0.42226559371127137, 0.260864673937361, 0.2807784414272041, -0.2206403147021071, -0.633951453127973, -0.6140376856381299, -0.15400434393255652, -0.1141768089528704, 0.5712909871346683, -0.13409057644271347], [-0.5441693566697362, 0.22695704138065775, 0.32723946965450923, -0.6587409710169525, -0.558458542743101, 0.649008922516259, -0.04334521636414128, 0.056937211909710225, -0.15472512608376088, 0.04583973046394209, -0.16901443363213825, -0.054442697809909395], [-0.3295780562130065, -0.4492883548503514, 0.33756773981405475, -0.33282806398480946, 0.4540280306795967, 0.31282987042303684, -0.38861236892074974, 0.3982437257436564, -0.7866342284314624, 0.7870779608973496, -0.0030281213902561693, 0.00022186623294357267]], "inverted": false, "swapped": false, "error_lsq": 0.0529676203081643, "error_max": 0.35906381688031797, "target": "103.xyz", "model": "12.xyz", "model_rescale": 4.509807766519439, "target_rescale": 4.156650630931146},
{"mapping": [10, 6, 7, 2, 3, 5, 11, 12, 0, 1, 8, 13], "R": [[-0.5511934573378251, -0.8306472033251474, -0.07880987372205646], [0.8326371086163223, -0.5536820818853839, 0.012312495852493546], [-0.05386295520137867, -0.058833458228957025, 0.9968136266372947]], "T": [-0.04443379418245354, -0.05155480599431074, -0.06762319259895141], "aligned_model": [[-0.4605107833176046, 0.4483963055995611, 0.38586298561624444, 0.30515758269756804, 0.24262426271425136, -0.25446846649358595, -0.5856692800838864, -0.6482026000672031, -0.06601458074718365, -0.191081220713817, 0.574586961114524, -0.12854790073050032], [-0.49403953544035, 0.27498607964237715, 0.2847556834569022, -0.6180565646994514, -0.6082869608849264, 0.6079708579469492, 0.0006936427391203565, 0.010463246553645375, -0.06505782118739313, -0.04551861355834308, -0.16953576559032346, -0.055288217372868105], [0.30295002237275415, -0.43069604756945934, 0.36024628661163083, -0.43099002610428794, 0.35995230807680223, 0.30562822670401013, -0.5090631080196866, 0.2818792261614036, -0.8651696244039765, 0.7167150439582044, -0.017225017564506867, -0.07422729022288616]], "inverted": false, "swapped": false, "error_lsq": 0.05219955077845409, "error_max": 0.34834722783808014, "target": "103.xyz", "model": "13.xyz", "model_rescale": 4.509807766519439, "target_rescale": 4.156650630931146},
{"mapping": [9, 7, 6, 3, 2, 4, 12, 11, 1, 0, 8, 13], "R": [[0.5511934573378249, 0.8306472033251475, -0.07880987372205647], [-0.8326371086163225, 0.5536820818853837, 0.01231249585249359], [0.053862955201378696, 0.05883345822895704, 0.9968136266372947]], "T": [-0.04443379418245354, -0.05155480599431074, -0.0676231925989513], "aligned_model": [[-0.46051078331760464, 0.44839630559956123, 0.38586298561624455, 0.30515758269756793, 0.24262426271425125, -0.25446846649358584, -0.5856692800838864, -0.6482026000672031, -0.06601458074718365, -0.191081220713817, 0.574586961114524, -0.12854790073050032], [-0.49403953544034984, 0.274986079642377, 0.28475568345690205, -0.6180565646994514, -0.6082869608849264, 0.6079708579469492, 0.0006936427391204744, 0.010463246553645535, -0.06505782118739314, -0.045518613558343024, -0.16953576559032363, -0.055288217372868084], [0.30295002237275426, -0.43069604756945945, 0.36024628661163094, -0.43099002610428805, 0.35995230807680234, 0.30562822670401024, -0.5090631080196867, 0.2818792261614037, -0.8651696244039763, 0.7167150439582043, -0.017225017564506936, -0.07422729022288624]], "inverted": true, "swapped": false, "error_lsq": 0.0521995507784541, "error_max": 0.3483472278380803, "target": "103.xyz", "model": "14.xyz", "model_rescale": 4.509807766519439, "target_rescale": 4.156650630931146},
{"mapping": [9, 7, 8, 4, 0, 3, 10, 2, 5, 2, 6, 11], "R": [[0.08168955193556154, -0.9683649228745748, -0.23578845020629402], [-0.6067019527020017, -0.23601114140608193, 0.7590859514704358], [-0.7907209101144002, 0.08104392190853799, -0.6067885340293911]], "T": [-0.062169375064839334, -0.01153496247417532, -0.07450915063694967], "aligned_model": [[-0.43032179596272674, 0.33745945397899013, 0.2800046473282987, 0.23075453426393167, -0.0007288383779879073, -0.3107326965147817, -0.617368930692484, -0.12368556178502443, 0.043707399534174414, -0.12368556178502443, 0.5245065887087474, -0.1877759731077451], [-0.654179861851013, 0.39733710018478907, 0.3488511753718345, -0.6679727822194012, -0.6716387429922668, 0.6557144766630959, -0.052009347935117606, 0.053543962747200496, -0.06580226830350575, 0.053543962747200496, -0.2048334137311063, -0.06946822907637151], [-0.08171886994214754, -0.37197797964751045, 0.24336661840867874, -0.3558574967039128, 0.38318115077098447, 0.20312659087883195, -0.5630743247057997, 0.6844820456424842, -0.8372129514675649, 0.6844820456424842, 0.10937747511614175, -0.09817430399266762]], "inverted": false, "swapped": false, "error_lsq": 0.06104548768893798, "error_max": 0.4726836301699427, "target": "103.xyz", "model": "15.xyz", "model_rescale": 4.510870436145588, "target_rescale": 4.156650630931146},
{"mapping": [9, 7, 8, 4, 0, 3, 10, 2, 5, 2, 6, 11], "R": [[0.08168955193556154, -0.9683649228745749, -0.23578845020629435], [-0.6067019527020013, -0.2360111414060822, 0.759085951470436], [-0.7907209101144006, 0.0810439219085381, -0.6067885340293907]], "T": [-0.06216937506483939, -0.01153496247417525, -0.07450915063694968], "aligned_model": [[-0.43032179596272674, 0.3374594539789901, 0.2800046473282987, 0.23075453426393172, -0.0007288383779876853, -0.31073269651478186, -0.6173689306924842, -0.12368556178502435, 0.04370739953417426, -0.12368556178502435, 0.5245065887087474, -0.18777597310774516], [-0.654179861851013, 0.39733710018478924, 0.34885117537183447, -0.6679727822194009, -0.671638742992267, 0.6557144766630957, -0.05200934793511759, 0.05354396274720029, -0.06580226830350545, 0.05354396274720029, -0.20483341373110614, -0.06946822907637154], [-0.08171886994214786, -0.3719779796475102, 0.24336661840867896, -0.3558574967039133, 0.3831811507709842, 0.20312659087883256, -0.5630743247057997, 0.6844820456424843, -0.837212951467565, 0.6844820456424843, 0.10937747511614149, -0.09817430399266758]], "inverted": false, "swapped": false, "error_lsq": 0.06104548768893799, "error_max": 0.4726836301699429, "target": "103.xyz", "model": "16.xyz", "model_rescale": 4.510870436145588, "target_rescale": 4.156650630931146},
{"mapping": [10, 6, 8, 5, 1, 2, 9, 3, 4, 3, 7, 11], "R": [[-0.08168955193556116, 0.9683649228745751, -0.23578845020629327], [0.6067019527020016, 0.23601114140608115, 0.759085951470436], [0.7907209101144004, -0.08104392190853774, -0.6067885340293908]], "T": [-0.06216937506483931, -0.011534962474175174, -0.07450915063694974], "aligned_model": [[-0.43032179596272724, 0.33745945397899063, 0.28000464732829905, 0.23075453426393117, -0.0007288383779885527, -0.31073269651478114, -0.6173689306924839, -0.12368556178502445, 0.04370739953417452, -0.12368556178502445, 0.5245065887087473, -0.18777597310774508], [-0.6541798618510126, 0.39733710018478874, 0.3488511753718341, -0.6679727822194013, -0.6716387429922667, 0.655714476663096, -0.05200934793511707, 0.053543962747200476, -0.06580226830350572, 0.053543962747200476, -0.20483341373110678, -0.06946822907637148], [-0.08171886994214783, -0.37197797964751017, 0.24336661840867901, -0.355857496703913, 0.3831811507709841, 0.20312659087883234, -0.5630743247057998, 0.6844820456424843, -0.8372129514675649, 0.6844820456424843, 0.10937747511614176, -0.09817430399266755]], "inverted": true, "swapped": false, "error_lsq": 0.06104548768893798, "error_max": 0.4726836301699428, "target": "103.xyz", "model": "17.xyz", "model_rescale": 4.510870436145588, "target_rescale": 4.156650630931146},
{"mapping": [0, 6, 2, 3, 11, 8, 7, 10, 5, 1, 4, 12], "R": [[-0.19178393223690543, 0.8486027267521423, 0.49304394883679387], [-0.6053646396314993, -0.4977034541048758, 0.6211480699928968], [0.7724976222743827, -0.17934515304547483, 0.6091656093867416]], "T": [-0.009015716480714014, -0.010597107500284766, 0.0825187808039556], "aligned_model": [[-0.46844685756778154, 0.3968607263681227, 0.23374255582773043, 0.18595478222479953, 0.19377580998948976, -0.22216587983556368, -0.6172187765279541, -0.4284803017433462, 0.0018078296757323038, -0.07339396087539111, 0.58100767891719, -0.16131034086466003], [-0.7556019175028655, 0.40112027002953704, 0.4256839367923897, -0.6576386990407098, -0.6323908440599934, 0.5617867081650476, 0.06409001215142567, 0.3024729747921563, -0.0965764259840849, -0.25790522148924355, -0.1599420030270879, -0.07201275922123235], [0.22753413160145325, -0.33697166345235025, 0.42766967291149477, -0.4020129517815745, 0.22357667478590437, 0.0002267457027376879, -0.48786896893157317, 0.4316271698848865, -0.8250673780866611, 0.715629846235764, 0.08608276285273635, -0.060426041722816085]], "inverted": false, "swapped": false, "error_lsq": 0.049098746195447796, "error_max": 0.2665127825885274, "target": "103.xyz", "model": "18.xyz", "model_rescale": 4.466005644533647, "target_rescale": 4.156650630931146},
{"mapping": [10, 4, 5, 0, 1, 7, 8, 9, 2, 3, 12, 13], "R": [[0.5547462651616398, 0.8316409799815901, 0.02509704573197165], [-0.8269887273971838, 0.5478289790839034, 0.12638454982265446], [0.09135768192767636, -0.09086633089956486, 0.9916637957804313]], "T": [-0.04974959553814928, -0.05088624581058379, -0.002365895767213615], "aligned_model": [[-0.4445170051576168, 0.40235188155440627, 0.42226565043121256, 0.26086475485529664, 0.28077852373210294, -0.2206402756418584, -0.6339514019516929, -0.6140376330748866, -0.1540044700678853, -0.11417693231427284, 0.5712908744146414, -0.13409070119107908], [-0.5441693340393191, 0.2269570990443138, 0.3272395283647238, -0.6587409285212771, -0.558458499200867, 0.6490089657956155, -0.04334519328355781, 0.05693723603685219, -0.15472521097895212, 0.045839647661867905, -0.16901449761551934, -0.05444278165854209], [-0.32957806522108324, -0.44928836904133523, 0.33756773520167577, -0.3328280768804686, 0.4540280273625424, 0.312829869230604, -0.388612377151482, 0.398243727091529, -0.7866342240133108, 0.7870779844727112, -0.0030281112810808695, 0.0002218802297002274]], "inverted": false, "swapped": false, "error_lsq": 0.052967626743507044, "error_max": 0.3590638511934825, "target": "103.xyz", "model": "19.xyz", "model_rescale": 4.509807711582247, "target_rescale": 4.156650630931146},
{"mapping": [11, 4, 5, 0, 1, 7, 8, 9, 2, 3, 12, 13], "R": [[0.5511934824354583, 0.8306471864753324, -0.07880987578525012], [-0.8326370918441381, 0.5536821071206126, 0.01231249527167913], [0.05386295764260213, 0.058833458636161476, 0.9968136264813492]], "T": [-0.04443373348090289, -0.0515547653217962, -0.06762318913505219], "aligned_model": [[-0.46051071492704493, 0.4483963630419063, 0.3858630406597429, 0.3051576654119025, 0.24262434302973912, -0.25446842893571026, -0.5856692268074006, -0.648202549189564, -0.06601470273412594, -0.19108134749845263, 0.5745868486536647, -0.12854802511628927], [-0.49403951207483765, 0.27498613854500825, 0.28475574201768467, -0.6180565210094098, -0.6082869175367334, 0.6079709009748879, 0.0006936668760056316, 0.010463270348682004, -0.0650579055479682, -0.045518698602615454, -0.16953583031007352, -0.055288302075291826], [0.3029500304456587, -0.43069604828326047, 0.360246295409126, -0.43099002544900655, 0.3599523182433799, 0.3056282331653525, -0.5090631109458064, 0.2818792327465801, -0.8651696437134048, 0.7167150436713677, -0.017225025268966437, -0.07422730002101861]], "inverted": false, "swapped": false, "error_lsq": 0.05219955721559497, "error_max": 0.3483472619854115, "target": "103.xyz", "model": "20.xyz", "model_rescale": 4.509807711582248, "target_rescale": 4.156650630931146},
{"mapping": [1, 5, 2, 4, 11, 7, 8, 9, 6, 0, 3, 12], "R": [[0.19178393223690599, -0.8486027267521419, 0.49304394883679453], [0.6053646396314989, 0.49770345410487665, 0.6211480699928968], [-0.7724976222743831, 0.17934515304547458, 0.6091656093867415]], "T": [-0.009015716480713878, -0.010597107500284655, 0.08251878080395564], "aligned_model": [[-0.46844685756778215, 0.3968607263681232, 0.23374255582773096, 0.1859547822247991, 0.1937758099894894, -0.22216587983556324, -0.617218776527954, -0.42848030174334595, 0.0018078296757323836, -0.07339396087539131, 0.58100767891719, -0.16131034086466006], [-0.7556019175028652, 0.40112027002953665, 0.42568393679238986, -0.6576386990407102, -0.6323908440599936, 0.5617867081650478, 0.064090012151426, 0.30247297479215685, -0.09657642598408518, -0.25790522148924344, -0.1599420030270884, -0.07201275922123222], [0.22753413160145386, -0.33697166345235063, 0.4276696729114947, -0.4020129517815742, 0.22357667478590482, 0.00022674570273729933, -0.4878689689315732, 0.43162716988488636, -0.8250673780866613, 0.7156298462357644, 0.08608276285273637, -0.0604260417228161]], "inverted": true, "swapped": false, "error_lsq": 0.0490987461954478, "error_max": 0.26651278258852756, "target": "103.xyz", "model": "21.xyz", "model_rescale": 4.466005644533646, "target_rescale": 4.156650630931146},
{"mapping": [0, 6, 2, 3, 11, 8, 7, 10, 5, 1, 4, 12], "R": [[-0.1917840121894269, 0.8486027336761244, 0.49304390581968915], [-0.605364598270389, -0.49770347836921114, 0.6211480908608824], [0.7724976348374515, -0.17934505294709696, 0.6091656229252818]], "T": [-0.009015706687635284, -0.010597112649675146, 0.08251877706369538], "aligned_model": [[-0.46844697299892024, 0.39686068934928465, 0.23374263974516013, 0.1859547300058459, 0.193776082512937, -0.22216594898580275, -0.6172188143886188, -0.4284802257528886, 0.0018078239464685113, -0.07339410759610414, 0.581007595408662, -0.16131022565765607], [-0.7556018574387608, 0.4011202959512716, 0.42568389192241346, -0.6576386809784431, -0.6323910181591778, 0.5617867631946253, 0.06409004645674413, 0.302472941200185, -0.09657642078660952, -0.25790514070087983, -0.15994196424056203, -0.07201282481546772], [0.22753414463756838, -0.3369716344606466, 0.42766965214086267, -0.4020128902327149, 0.22357666051186292, 0.00022671430892416689, -0.4878690150996712, 0.43162709610874717, -0.825067363869242, 0.7156298740461637, 0.08608283917588042, -0.06042607726773273]], "inverted": false, "swapped": false, "error_lsq": 0.04909874024066493, "error_max": 0.26651273360036887, "target": "103.xyz", "model": "22.xyz", "model_rescale": 4.46600560860683, "target_rescale": 4.156650630931146},
{"mapping": [10, 4, 5, 0, 1, 7, 8, 9, 2, 3, 12, 13], "R": [[0.5547462051439842, 0.8316410200014134, 0.025097046227728348], [-0.826988766670541, 0.5478289190658385, 0.1263845529955785], [0.0913576908589838, -0.09086632647005859, 0.9916637953635046]], "T": [-0.04974959407914199, -0.05088624433152104, -0.0023658960555048114], "aligned_model": [[-0.4445169472581259, 0.40235181829520295, 0.42226558772967693, 0.2608646259897162, 0.2807783954241902, -0.2206403203889561, -0.6339514936436726, -0.6140377242091987, -0.1540043779358516, -0.1141768390669037, 0.5712911491536677, -0.13409060850137766], [-0.544169249259168, 0.22695700745839795, 0.3272394401238142, -0.6587410166975645, -0.5584585840321483, 0.6490089261307942, -0.043345212574830774, 0.05693722009058543, -0.15472514608320428, 0.045839719247628107, -0.1690143593811774, -0.05444271341778808], [-0.32957807921694876, -0.4492883604345858, 0.33756774996959316, -0.3328280640943258, 0.45402804630985316, 0.3128298766347258, -0.38861237563044754, 0.39824373477373143, -0.7866342412255822, 0.7870779795827756, -0.0030281358473837573, 0.00022186917859677233]], "inverted": false, "swapped": false, "error_lsq": 0.05296762689051263, "error_max": 0.3590639038451673, "target": "103.xyz", "model": "23.xyz", "model_rescale": 4.509807674373902, "target_rescale": 4.156650630931146},
{"mapping": [11, 4, 5, 0, 1, 7, 8, 9, 2, 3, 12, 13], "R": [[0.5511934225724046, 0.8306472264229343, -0.07880987342208902], [-0.8326371318517196, 0.5536820469646061, 0.012312494906647382], [0.053862951781916885, 0.05883346075976498, 0.9968136266726937]], "T": [-0.04443373213852842, -0.051554763802653884, -0.06762318954342614], "aligned_model": [[-0.4605106562302806, 0.4483962993272779, 0.3858629783042799, 0.3051575362235009, 0.24262421520050287, -0.2544684733864011, -0.5856693189164699, -0.648202639939468, -0.06601461163005151, -0.19108125367604753, 0.5745871229645745, -0.1285479326530495], [-0.49403942511088644, 0.2749860480917285, 0.28475565135536735, -0.6180566085170114, -0.6082870052533724, 0.6079708594086113, 0.0006936490784156119, 0.010463252342054502, -0.06505783636862793, -0.04551862984135015, -0.16953569047460137, -0.05528823310498904], [0.30295003755339645, -0.43069605696195834, 0.3602462934079552, -0.4309900393279593, 0.35995231104195424, 0.30562823362022684, -0.5090631204007795, 0.28187922996913406, -0.8651696442289619, 0.7167150565108645, -0.017225007324821427, -0.07422729385904878]], "inverted": false, "swapped": false, "error_lsq": 0.052199557493545434, "error_max": 0.34834731986677947, "target": "103.xyz", "model": "24.xyz", "model_rescale": 4.509807674373903, "target_rescale": 4.156650630931146},
{"mapping": [1, 5, 2, 4, 11, 7, 8, 9, 6, 0, 3, 12], "R": [[0.1917840121894268, -0.8486027336761244, 0.4930439058196893], [0.605364598270389, 0.49770347836921125, 0.6211480908608823], [-0.7724976348374516, 0.1793450529470971, 0.6091656229252818]], "T": [-0.009015706687635211, -0.010597112649675118, 0.08251877706369541], "aligned_model": [[-0.46844697299892024, 0.39686068934928476, 0.23374263974516024, 0.18595473000584603, 0.19377608251293707, -0.22216594898580275, -0.6172188143886189, -0.4284802257528886, 0.0018078239464685841, -0.07339410759610408, 0.5810075954086622, -0.16131022565765607], [-0.755601857438761, 0.40112029595127163, 0.4256838919224135, -0.6576386809784431, -0.6323910181591779, 0.5617867631946253, 0.06409004645674438, 0.302472941200185, -0.09657642078660933, -0.25790514070088005, -0.15994196424056226, -0.0720128248154677], [0.22753414463756866, -0.3369716344606469, 0.4276696521408627, -0.40201289023271497, 0.22357666051186287, 0.0002267143089240281, -0.48786901509967123, 0.4316270961087472, -0.8250673638692422, 0.7156298740461638, 0.08608283917588024, -0.06042607726773276]], "inverted": true, "swapped": false, "error_lsq": 0.049098740240664934, "error_max": 0.26651273360036914, "target": "103.xyz", "model": "25.xyz", "model_rescale": 4.466005608606829, "target_rescale": 4.156650630931146},
{"mapping": [0, 6, 2, 3, 11, 8, 7, 10, 5, 1, 4, 12], "R": [[-0.1917839017709683, 0.8486027370198727, 0.49304394301510773], [-0.6053646728287546, -0.49770342455139016, 0.6211480613193232], [0.7724976038231048, -0.17934518647624742, 0.6091656229428591]], "T": [-0.009015724812037933, -0.010597135178983447, 0.08251880791169469], "aligned_model": [[-0.4684468445836367, 0.39686070311697735, 0.2337425528555299, 0.18595475275788337, 0.19377583379323957, -0.22216587450105435, -0.6172187494052269, -0.4284802725920982, 0.001807828212804792, -0.07339396967946413, 0.5810076276620559, -0.16131032204864276], [-0.7556019984002407, 0.40112031850469543, 0.4256839520690362, -0.6576387435969105, -0.6323907766129208, 0.5617867206412602, 0.06409005315003649, 0.30247297727380185, -0.09657634898652825, -0.257905330909017, -0.15994207610568686, -0.07201271542218762], [0.22753422025664644, -0.3369716970976547, 0.42766960997281667, -0.40201284416501115, 0.2235765830862268, 0.00022671449579117486, -0.48786898984388, 0.4316271143282695, -0.8250674014373258, 0.7156299245963176, 0.08608286017466003, -0.060426094366854644]], "inverted": false, "swapped": false, "error_lsq": 0.04909875556134644, "error_max": 0.2665128966452736, "target": "103.xyz", "model": "26.xyz", "model_rescale": 4.466005838112752, "target_rescale": 4.156650630931146},
{"mapping": [10, 4, 5, 0, 1, 7, 8, 9, 2, 3, 12, 13], "R": [[0.554746312428726, 0.8316409483636187, 0.02509704866297354], [-0.8269886964846977, 0.5478290258638294, 0.1263845493232003], [0.09135767473656092, -0.0908663382444173, 0.9916637957699073]], "T": [-0.04974957556925151, -0.0508862782849241, -0.002365892068707551], "aligned_model": [[-0.44451700646756387, 0.4023519247511672, 0.42226569515227685, 0.26086485455635955, 0.2807786249574692, -0.22064034633994167, -0.6339514243008884, -0.6140376538997787, -0.1540045095082648, -0.11417696870604543, 0.5712908145007333, -0.13409073910715513], [-0.5441692764693503, 0.22695698989612073, 0.3272394147847108, -0.6587410101804174, -0.5584585852918273, 0.6490089866617005, -0.04334516636998965, 0.05693725851860041, -0.15472515192201763, 0.045839697855162474, -0.1690143988439267, -0.05444272703342757], [-0.3295780554456095, -0.44928834126044376, 0.33756773130992795, -0.33282805405964894, 0.4540280185107228, 0.31282985318713463, -0.3886123621249661, 0.39824371044540563, -0.786634198030255, 0.7870779471104884, -0.00302812418287111, 0.00022187454011676853]], "inverted": false, "swapped": false, "error_lsq": 0.05296763334714085, "error_max": 0.3590638575267899, "target": "103.xyz", "model": "27.xyz", "model_rescale": 4.509807893063789, "target_rescale": 4.156650630931146},
{"mapping": [11, 4, 5, 0, 1, 7, 8, 9, 2, 3, 12, 13], "R": [[0.5511935295204864, 0.830647155537513, -0.07880987255533083], [-0.8326370607093363, 0.5536821539969103, 0.012312492788167831], [0.05386295710472531, 0.058833454282242306, 0.9968136267673882]], "T": [-0.04443371406748256, -0.05155479782041293, -0.06762318441442774], "aligned_model": [[-0.4605107135126213, 0.4483964039222019, 0.3858630866193208, 0.30515776232874214, 0.24262444502586097, -0.25446849783953407, -0.585669251403006, -0.6482025687058872, -0.06601474594144624, -0.19108138054720852, 0.5745867888862729, -0.12854806324432738], [-0.49403945715002195, 0.2749860276242039, 0.2847556287331433, -0.6180566040569688, -0.6082870029480294, 0.6079709231574574, 0.0006936932552594616, 0.010463294364198891, -0.06505784796670458, -0.045518645748825734, -0.16953573080060869, -0.05528824685776516], [0.3029500167865664, -0.4306960255596439, 0.3602462865309809, -0.43099000040008495, 0.3599523116905399, 0.30562821642840887, -0.5090630924050152, 0.2818792196856096, -0.8651696127586621, 0.7167150114225869, -0.017225030753246558, -0.07422730066803775]], "inverted": false, "swapped": false, "error_lsq": 0.05219956416731402, "error_max": 0.34834727379002345, "target": "103.xyz", "model": "28.xyz", "model_rescale": 4.5098078930637895, "target_rescale": 4.156650630931146},
{"mapping": [1, 5, 2, 4, 11, 7, 8, 9, 6, 0, 3, 12], "R": [[0.1917839017709684, -0.8486027370198727, 0.4930439430151072], [0.6053646728287551, 0.4977034245513897, 0.621148061319323], [-0.7724976038231045, 0.17934518647624714, 0.6091656229428597]], "T": [-0.009015724812037947, -0.01059713517898344, 0.08251880791169477], "aligned_model": [[-0.4684468445836364, 0.3968607031169772, 0.2337425528555295, 0.18595475275788376, 0.1937758337932396, -0.2221658745010545, -0.6172187494052265, -0.4284802725920984, 0.0018078282128052223, -0.0733939696794644, 0.5810076276620557, -0.16131032204864268], [-0.7556019984002408, 0.40112031850469576, 0.42568395206903603, -0.6576387435969101, -0.6323907766129208, 0.56178672064126, 0.06409005315003666, 0.3024729772738014, -0.09657634898652764, -0.25790533090901746, -0.15994207610568675, -0.07201271542218762], [0.22753422025664607, -0.3369716970976543, 0.4276696099728169, -0.40201284416501115, 0.22357658308622677, 0.00022671449579123037, -0.48786898984388016, 0.4316271143282694, -0.8250674014373257, 0.7156299245963175, 0.08608286017466028, -0.06042609436685473]], "inverted": true, "swapped": false, "error_lsq": 0.04909875556134644, "error_max": 0.26651289664527344, "target": "103.xyz", "model": "29.xyz", "model_rescale": 4.466005838112752, "target_rescale": 4.156650630931146},
