[{"mapping": [10, 4, 8, 7, 1, 2, 9, 3, 6, 3, 5, 11], "R": [[0.08168958492431039, -0.9683649170027899, -0.2357884628922164], [-0.6067019883056013, -0.23601116754535345, 0.7590859148870499], [-0.790720879388501, 0.08104391594721566, -0.6067885748652629]], "T": [-0.062169491496480205, -0.011534815358812123, -0.07450905137451624], "aligned_model": [[-0.43032196021419017, 0.3374594135893458, 0.28000462027404915, 0.23075475012432523, -0.0007288130955879976, -0.310732719822304, -0.6173690895662616, -0.1236855904702325, 0.043707620772253784, -0.1236855904702325, 0.5245065429414173, -0.18777594244765944], [-0.6541797668642653, 0.3973371705108747, 0.34885114309957216, -0.667972574162226, -0.6716386929879881, 0.6557146677826213, -0.05200933168009059, 0.05354423259844682, -0.06580213897805137, 0.05354423259844682, -0.20483326467329988, -0.0694682578038137], [-0.08171882434526326, -0.37197796502060054, 0.2433664082545251, -0.3558574519028628, 0.38318097326720446, 0.20312670924950643, -0.5630742717662177, 0.6844821566704609, -0.8372128993238172, 0.6844821566704609, 0.10937748240035389, -0.09817447415374994]], "inverted": true, "swapped": false, "error_lsq": 0.06104551372133891, "error_max": 0.4726836789317848, "target": "104.xyz", "model": "0.xyz", "model_rescale": 4.5108708085295355, "target_rescale": 4.15665036721587},
{"mapping": [9, 5, 8, 6, 0, 3, 10, 2, 7, 2, 4, 11], "R": [[-0.08168958492431067, 0.9683649170027895, -0.23578846289221755], [0.6067019883056013, 0.23601116754535445, 0.7590859148870496], [0.790720879388501, -0.08104391594721616, -0.6067885748652629]], "T": [-0.062169491496480274, -0.01153481535881224, -0.07450905137451619], "aligned_model": [[-0.4303219602141894, 0.337459413589345, 0.2800046202740487, 0.2307547501243256, -0.00072881309558704, -0.31073271982230455, -0.6173690895662617, -0.12368559047023225, 0.04370762077225334, -0.12368559047023225, 0.5245065429414172, -0.18777594244765936], [-0.6541797668642654, 0.3973371705108748, 0.3488511430995723, -0.6679725741622256, -0.6716386929879882, 0.6557146677826208, -0.05200933168009137, 0.053544232598446866, -0.06580213897805148, 0.053544232598446866, -0.2048332646732992, -0.06946825780381402], [-0.08171882434526306, -0.37197796502060065, 0.243366408254525, -0.35585745190286283, 0.38318097326720457, 0.20312670924950654, -0.5630742717662173, 0.6844821566704609, -0.837212899323817, 0.6844821566704609, 0.10937748240035355, -0.09817447415374976]], "inverted": false, "swapped": false, "error_lsq": 0.06104551372133891, "error_max": 0.47268367893178503, "target": "104.xyz", "model": "1.xyz", "model_rescale": 4.510870808529536, "target_rescale": 4.15665036721587},
{"mapping": [10, 4, 8, 7, 1, 2, 9, 3, 6, 3, 5, 11], "R": [[0.08168958492431039, -0.9683649170027899, -0.2357884628922164], [-0.6067019883056013, -0.23601116754535345, 0.7590859148870499], [-0.790720879388501, 0.08104391594721566, -0.6067885748652629]], "T": [-0.06216949149648021, -0.011534815358812095, -0.07450905137451626], "aligned_model": [[-0.43032196021419017, 0.3374594135893458, 0.2800046202740492, 0.23075475012432523, -0.0007288130955880046, -0.310732719822304, -0.6173690895662616, -0.12368559047023252, 0.04370762077225378, -0.12368559047023252, 0.5245065429414173, -0.18777594244765936], [-0.6541797668642652, 0.3973371705108747, 0.348851143099572, -0.6679725741622259, -0.6716386929879881, 0.6557146677826214, -0.05200933168009056, 0.053544232598446845, -0.06580213897805134, 0.053544232598446845, -0.20483326467329985, -0.0694682578038139], [-0.08171882434526327, -0.37197796502060054, 0.24336640825452527, -0.3558574519028628, 0.38318097326720446, 0.20312670924950643, -0.5630742717662177, 0.6844821566704609, -0.8372128993238172, 0.6844821566704609, 0.10937748240035387, -0.09817447415374977]], "inverted": true, "swapped": false, "error_lsq": 0.06104551372133891, "error_max": 0.4726836789317848, "target": "104.xyz", "model": "2.xyz", "model_rescale": 4.5108708085295355, "target_rescale": 4.15665036721587},
{"mapping": [12, 5, 4, 3, 2, 6, 10, 9, 1, 0, 8, 13], "R": [[-0.5547461805208118, -0.8316410364523951, 0.02509704536308698], [0.8269887838124242, -0.5478288956286521, 0.12638454242010347], [-0.09135768520501444, 0.09086631720652745, 0.9916637967331994]], "T": [-0.04974951828454874, -0.05088614393377412, -0.0023658958560641725], "aligned_model": [[-0.4445168783828053, 0.4023518973933119, 0.4222656658384748, 0.26086468078548686, 0.28077844923064976, -0.22064022295930708, -0.6339515913620323, -0.6140378229168694, -0.15400442299244027, -0.11417688610211454, 0.5712910276298462, -0.13409065454727742], [-0.5441691265493178, 0.2269570948290618, 0.327239517576065, -0.6587409128545735, -0.5584584901075703, 0.649009017744054, -0.043345212836590145, 0.05693720991041307, -0.15472484989461344, 0.04583999559939293, -0.1690143968284844, -0.05444242714761026], [-0.3295780807466083, -0.4492883485917738, 0.3375677509171043, -0.33282806346545424, 0.45402803604342384, 0.3128298781935696, -0.38861235201424826, 0.3982437474946298, -0.7866342508512162, 0.7870779481665396, -0.0030281138036276304, 0.00022184865766177158]], "inverted": true, "swapped": false, "error_lsq": 0.05296764520135074, "error_max": 0.3590639469158136, "target": "104.xyz", "model": "3.xyz", "model_rescale": 4.509807743048502, "target_rescale": 4.15665036721587},
{"mapping": [12, 4, 5, 2, 3, 7, 9, 10, 0, 1, 8, 13], "R": [[0.551193399154398, 0.8306472420271138, -0.0788098727404758], [-0.8326371486892472, 0.5536820221392302, 0.012312472637663077], [0.05386293114249119, 0.058833474082043175, 0.9968136270016461]], "T": [-0.0444336567541933, -0.0515546619157201, -0.06762318173334089], "aligned_model": [[-0.46051058683998414, 0.44839637627593537, 0.38586305674602445, 0.30515759021693994, 0.24262427068702902, -0.25446837611466494, -0.585669418154882, -0.648202737684793, -0.06601465878627308, -0.19108129784609504, 0.5745870014318707, -0.12854797831618403], [-0.4940393138779356, 0.27498614005361066, 0.28475572549869466, -0.6180564989170823, -0.6082869134719984, 0.6079709479951032, 0.0006936534751249071, 0.01046323892020886, -0.06505752944842283, -0.04551835855825493, -0.16953572822548252, -0.05528794400333888], [0.3029500289904481, -0.43069603576707205, 0.3602463028195171, -0.43099004001849683, 0.3599522985680923, 0.3056282520186818, -0.50906311744876, 0.28187922113782915, -0.8651696365419376, 0.7167150406312413, -0.017225016434194683, -0.07422729795534826]], "inverted": false, "swapped": false, "error_lsq": 0.052199575316482366, "error_max": 0.34834735207408124, "target": "104.xyz", "model": "4.xyz", "model_rescale": 4.509807743048502, "target_rescale": 4.15665036721587},
{"mapping": [11, 4, 5, 2, 3, 7, 9, 10, 0, 1, 8, 13], "R": [[0.5547461805208116, 0.8316410364523954, 0.025097045363087024], [-0.8269887838124246, 0.5478288956286519, 0.12638454242010347], [0.09135768520501444, -0.09086631720652746, 0.9916637967331996]], "T": [-0.04974951828454874, -0.050886143933774136, -0.0023658958560643585], "aligned_model": [[-0.4445168783828055, 0.4023518973933121, 0.422265665838475, 0.26086468078548664, 0.28077844923064954, -0.22064022295930683, -0.6339515913620324, -0.6140378229168695, -0.15400442299244033, -0.11417688610211452, 0.5712910276298462, -0.13409065454727742], [-0.5441691265493177, 0.2269570948290617, 0.32723951757606495, -0.6587409128545737, -0.5584584901075705, 0.6490090177440542, -0.043345212836589854, 0.056937209910413344, -0.15472484989461344, 0.045839995599392946, -0.16901439682848468, -0.0544424271476102], [-0.3295780807466084, -0.44928834859177386, 0.3375677509171043, -0.3328280634654543, 0.4540280360434239, 0.31282987819356967, -0.3886123520142483, 0.3982437474946299, -0.7866342508512166, 0.7870779481665396, -0.0030281138036275307, 0.00022184865766187957]], "inverted": false, "swapped": false, "error_lsq": 0.05296764520135074, "error_max": 0.35906394691581367, "target": "104.xyz", "model": "5.xyz", "model_rescale": 4.509807743048502, "target_rescale": 4.15665036721587},
{"mapping": [11, 4, 5, 2, 3, 7, 9, 10, 0, 1, 8, 13], "R": [[0.5547462407288961, 0.8316409962003992, 0.02509704835165015], [-0.8269887444078057, 0.5478289553007778, 0.12638454160560655], [0.09135767630559985, -0.09086632584662815, 0.99166379676137]], "T": [-0.049749535900530606, -0.050886154584753054, -0.0023658939794791805], "aligned_model": [[-0.444516970627577, 0.4023519624100504, 0.4222657339182054, 0.26086480559604436, 0.28077857710419935, -0.22064038491159577, -0.6339513578788711, -0.6140375863707161, -0.15400453851887574, -0.11417699550256585, 0.5712907634073463, -0.1340907670107208], [-0.5441692424222064, 0.22695718805056408, 0.3272396136343467, -0.6587408608132307, -0.558458435229448, 0.6490089576230231, -0.0433450817472564, 0.056937343836526225, -0.15472493027763667, 0.04583992088992854, -0.16901454941052962, -0.054442504693854074], [-0.3295780766727009, -0.44928837706172575, 0.33756774979898113, -0.3328280885047559, 0.45402803835595096, 0.3128299050041837, -0.38861238667453374, 0.39824374018617315, -0.7866342651492766, 0.7870779885721368, -0.0030280895658622033, 0.00022186171143008743]], "inverted": false, "swapped": false, "error_lsq": 0.052967637873984175, "error_max": 0.35906388498950714, "target": "104.xyz", "model": "6.xyz", "model_rescale": 4.509807586411629, "target_rescale": 4.15665036721587},
{"mapping": [12, 4, 5, 2, 3, 7, 9, 10, 0, 1, 8, 13], "R": [[0.5511934586942022, 0.8306472020805343, -0.07880987735368507], [-0.8326371088998686, 0.55368208200158, 0.01231247145231331], [0.05386293693803802, 0.058833474707651365, 0.9968136266515588]], "T": [-0.04443367384382342, -0.051554672631272405, -0.06762318531412917], "aligned_model": [[-0.46051068011292495, 0.4483964463262983, 0.38586312096400294, 0.3051577193687776, 0.24262439400648222, -0.25446854131001656, -0.5856691798597714, -0.6482025052220669, -0.06601476476586618, -0.19108141549045704, 0.5745867378386269, -0.1285480901281616], [-0.49403942954039215, 0.27498623579857295, 0.28475582064243876, -0.6180564444683554, -0.6082868596244897, 0.6079708854036562, 0.0006937879209855391, 0.01046337276485132, -0.06505760714364008, -0.045518437455908514, -0.16953588255771773, -0.055288022299774295], [0.3029500321847981, -0.43069604505546866, 0.36024632072473795, -0.43099004584909817, 0.35995231993110843, 0.3056282511361307, -0.5090631190527567, 0.2818792467274499, -0.8651696743665509, 0.7167150571938629, -0.017225034987868634, -0.07422730858634424]], "inverted": false, "swapped": false, "error_lsq": 0.05219956762876735, "error_max": 0.34834728226613865, "target": "104.xyz", "model": "7.xyz", "model_rescale": 4.509807586411629, "target_rescale": 4.15665036721587},
{"mapping": [11, 4, 5, 2, 3, 7, 9, 10, 0, 1, 8, 13], "R": [[0.5547462407288961, 0.8316409962003992, 0.02509704835165015], [-0.8269887444078057, 0.5478289553007778, 0.12638454160560655], [0.09135767630559985, -0.09086632584662815, 0.99166379676137]], "T": [-0.049749535900530606, -0.05088615458475307, -0.0023658939794792477], "aligned_model": [[-0.444516970627577, 0.4023519624100504, 0.4222657339182054, 0.26086480559604436, 0.28077857710419935, -0.22064038491159577, -0.6339513578788711, -0.6140375863707161, -0.15400453851887574, -0.11417699550256585, 0.5712907634073463, -0.13409076701072078], [-0.5441692424222064, 0.22695718805056406, 0.3272396136343467, -0.6587408608132307, -0.558458435229448, 0.6490089576230231, -0.04334508174725641, 0.05693734383652621, -0.1547249302776367, 0.045839920889928526, -0.16901454941052957, -0.05444250469385405], [-0.32957807667270095, -0.44928837706172575, 0.3375677497989811, -0.3328280885047559, 0.4540280383559509, 0.3128299050041836, -0.38861238667453374, 0.3982437401861731, -0.7866342651492767, 0.7870779885721367, -0.0030280895658619774, 0.00022186171143031338]], "inverted": false, "swapped": false, "error_lsq": 0.052967637873984175, "error_max": 0.35906388498950714, "target": "104.xyz", "model": "8.xyz", "model_rescale": 4.509807586411629, "target_rescale": 4.15665036721587},
{"mapping": [10, 7, 6, 3, 2, 4, 12, 11, 1, 0, 8, 13], "R": [[0.554746125396212, 0.8316410730397679, 0.025097051443429795], [-0.8269888198690869, 0.5478288396340736, 0.12638454920091996], [0.09135769354260959, -0.09086631993455303, 0.9916637957151238]], "T": [-0.049749548523856005, -0.05088609572364251, -0.002365901277197667], "aligned_model": [[-0.44451686929332146, 0.402351818357655, 0.42226559268086006, 0.2608647195907857, 0.2807784939139908, -0.22064030870461437, -0.6339515589018615, -0.6140377845786565, -0.1540044330085159, -0.11417688436210584, 0.5712911146060181, -0.1340906586853109], [-0.5441690202720225, 0.22695706317370967, 0.32723949660618373, -0.6587408595029732, -0.5584584260704991, 0.6490090562741778, -0.043345067989450446, 0.05693736544302362, -0.15472505104896556, 0.045839815815982524, -0.16901433537244814, -0.05444261761649152], [-0.3295781102703379, -0.44928836889438967, 0.33756777143255295, -0.3328280905409442, 0.4540280497859984, 0.3128298931608435, -0.3886123893686924, 0.3982437509582502, -0.7866342667879603, 0.7870780138659247, -0.0030281268802268583, 0.00022187353898220352]], "inverted": true, "swapped": false, "error_lsq": 0.05296764257966075, "error_max": 0.35906400559169116, "target": "104.xyz", "model": "9.xyz", "model_rescale": 4.509807504472865, "target_rescale": 4.15665036721587},
{"mapping": [10, 6, 7, 2, 3, 5, 11, 12, 0, 1, 8, 13], "R": [[-0.5511933433550105, -0.8306472789347651, -0.0788098739968303], [0.832637185992959, -0.5536819661049848, 0.01231246977033156], [-0.053862925494743565, -0.05883348033551391, 0.9968136269377332]], "T": [-0.04443368641379977, -0.05155461320234494, -0.06762318814789114], "aligned_model": [[-0.4605105767839447, 0.44839630319103163, 0.385862979356133, 0.3051576340150183, 0.24262431018011962, -0.254468465648373, -0.5856693799378173, -0.6482027037727159, -0.0660146586989643, -0.19108130636876153, 0.5745870886170604, -0.1285479825338629], [-0.4940392023843183, 0.27498611465863565, 0.28475569834540193, -0.618056439200251, -0.6082868555134846, 0.6079709812118412, 0.00069380614093624, 0.010463389827702563, -0.06505771950924895, -0.045518552135716296, -0.16953566617878885, -0.055288135822482626], [0.30295004422196786, -0.43069606421735507, 0.360246316160567, -0.4309900630284752, 0.3599523173494469, 0.30562826377311053, -0.5090631413960179, 0.28187923898190415, -0.8651696798824976, 0.7167150808733471, -0.017225013331421957, -0.07422729950457535]], "inverted": false, "swapped": false, "error_lsq": 0.05219957268388784, "error_max": 0.3483474152040189, "target": "104.xyz", "model": "10.xyz", "model_rescale": 4.509807504472865, "target_rescale": 4.15665036721587},
{"mapping": [9, 7, 6, 3, 2, 4, 12, 11, 1, 0, 8, 13], "R": [[0.5511933433550112, 0.8306472789347646, -0.07880987399683012], [-0.8326371859929586, 0.5536819661049855, 0.0123124697703315], [0.053862925494743474, 0.058833480335513735, 0.9968136269377333]], "T": [-0.044433686413799814, -0.051554613202344945, -0.06762318814789105], "aligned_model": [[-0.4605105767839443, 0.44839630319103135, 0.3858629793561329, 0.30515763401501866, 0.2426243101801202, -0.25446846564837355, -0.5856693799378176, -0.648202703772716, -0.0660146586989645, -0.19108130636876142, 0.5745870886170605, -0.12854798253386293], [-0.49403920238431864, 0.2749861146586361, 0.2847556983454024, -0.6180564392002508, -0.6082868555134844, 0.6079709812118408, 0.0006938061409357266, 0.010463389827702008, -0.06505771950924899, -0.04551855213571643, -0.16953566617878835, -0.05528813582248271], [0.30295004422196814, -0.4306960642173553, 0.36024631616056707, -0.4309900630284754, 0.359952317349447, 0.30562826377311075, -0.5090631413960179, 0.28187923898190437, -0.8651696798824974, 0.7167150808733472, -0.017225013331422165, -0.07422729950457543]], "inverted": true, "swapped": false, "error_lsq": 0.05219957268388786, "error_max": 0.3483474152040191, "target": "104.xyz", "model": "11.xyz", "model_rescale": 4.509807504472865, "target_rescale": 4.15665036721587},
{"mapping": [9, 6, 7, 2, 3, 5, 11, 12, 0, 1, 8, 13], "R": [[-0.5547462348203424, -0.8316410002627357, 0.02509704434092414], [0.8269887482777816, -0.5478289500127259, 0.12638453920437576], [-0.09135767715196069, 0.09086632054810423, 0.9916637971689032]], "T": [-0.049749657968943525, -0.05088617023860964, -0.0023658889142840482], "aligned_model": [[-0.44451707858944306, 0.40235182630497845, 0.4222655938354455, 0.26086466872255476, 0.2807784362530218, -0.2206403126653514, -0.633951454678975, -0.6140376871485079, -0.1540043458613677, -0.11417681080043361, 0.571290984573902, -0.13409057833090066], [-0.544169235030846, 0.22695715932190524, 0.32723957899541106, -0.6587408534978678, -0.5584584338243621, 0.6490090359107064, -0.04334509297299811, 0.05693732670050769, -0.1547250012285547, 0.04583983811845685, -0.16901432149708254, -0.05444258155504892], [-0.3295780615805666, -0.44928835131243017, 0.33756774444703586, -0.33282807009445475, 0.45402802566501127, 0.3128298780755654, -0.3886123690213802, 0.39824372673808583, -0.7866342293973609, 0.7870779621215709, -0.0030281220031814844, 0.00022186636210496822]], "inverted": false, "swapped": false, "error_lsq": 0.05296762688257728, "error_max": 0.35906384199574454, "target": "104.xyz", "model": "12.xyz", "model_rescale": 4.509807766519439, "target_rescale": 4.15665036721587},
{"mapping": [10, 6, 7, 2, 3, 5, 11, 12, 0, 1, 8, 13], "R": [[-0.5511934534098286, -0.8306472058751462, -0.07880987431762201], [0.8326371124374545, -0.5536820766429453, 0.01231247319481967], [-0.05386293632884007, -0.05883347156311491, 0.9968136268700721]], "T": [-0.04443379603531717, -0.05155468871880678, -0.06762319211029574], "aligned_model": [[-0.4605107874819568, 0.4483963055112167, 0.3858629850553362, 0.3051575784343067, 0.24262425797842624, -0.25446846550762764, -0.585669281403242, -0.6482026018591225, -0.06601458214061065, -0.19108122305237157, 0.5745869586770598, -0.1285479025964911], [-0.4940394247797627, 0.2749862030007092, 0.28475578883703545, -0.6180564406646654, -0.6082868548283391, 0.6079709675823912, 0.0006937727421234829, 0.010463358578449794, -0.0650576853878914, -0.04551851371523878, -0.1695356523730194, -0.05528809955156509], [0.3029500123675133, -0.4306960392148883, 0.360246295150904, -0.43099003847260997, 0.35995229589318234, 0.3056282422899099, -0.5090631066787321, 0.2818792276870602, -0.8651696242413767, 0.7167150444902085, -0.017225019395586794, -0.07422728987558418]], "inverted": false, "swapped": false, "error_lsq": 0.0521995565978953, "error_max": 0.3483472400463339, "target": "104.xyz", "model": "13.xyz", "model_rescale": 4.509807766519439, "target_rescale": 4.15665036721587},
{"mapping": [9, 7, 6, 3, 2, 4, 12, 11, 1, 0, 8, 13], "R": [[0.5511934534098286, 0.8306472058751464, -0.07880987431762217], [-0.8326371124374548, 0.5536820766429453, 0.012312473194819637], [0.05386293632884013, 0.05883347156311507, 0.9968136268700722]], "T": [-0.04443379603531717, -0.051554688718806765, -0.06762319211029563], "aligned_model": [[-0.46051078748195695, 0.44839630551121684, 0.3858629850553363, 0.30515757843430674, 0.24262425797842618, -0.25446846550762764, -0.585669281403242, -0.6482026018591227, -0.06601458214061057, -0.19108122305237168, 0.5745869586770598, -0.1285479025964911], [-0.49403942477976276, 0.2749862030007092, 0.28475578883703545, -0.6180564406646656, -0.6082868548283393, 0.6079709675823914, 0.0006937727421236217, 0.010463358578449905, -0.06505768538789136, -0.04551851371523879, -0.16953565237301949, -0.05528809955156508], [0.3029500123675134, -0.4306960392148884, 0.3602462951509042, -0.4309900384726101, 0.35995229589318256, 0.30562824228991015, -0.5090631066787323, 0.2818792276870603, -0.8651696242413766, 0.7167150444902085, -0.01722501939558678, -0.07422728987558427]], "inverted": true, "swapped": false, "error_lsq": 0.052199556597895304, "error_max": 0.34834724004633394, "target": "104.xyz", "model": "14.xyz", "model_rescale": 4.509807766519439, "target_rescale": 4.15665036721587},
{"mapping": [9, 8, 7, 0, 4, 3, 2, 10, 2, 5, 6, 11], "R": [[-0.08168955501074193, 0.9683649215906714, 0.23578845441378127], [0.6067019609662636, 0.23601114570708037, -0.7590859435279524], [-0.7907209034557245, 0.08104392472433797, -0.6067885423303893]], "T": [-0.06216937740944756, -0.0115348478058096, 0.07450915130732703], "aligned_model": [[-0.4303217948627274, 0.2800046431227722, 0.337459449374695, -0.0007288370795298926, 0.23075453537607882, -0.31073270237496065, -0.12368556430747236, -0.6173689329302157, -0.12368556430747236, 0.04370739730859052, 0.5245065874421833, -0.18777597514701816], [-0.6541797492362403, 0.34885129537353676, 0.3973372137223837, -0.671638622957282, -0.6679726690766049, 0.655714593054059, 0.05354408543880612, -0.05200924162098747, 0.05354408543880612, -0.0658021614613521, -0.20483329389286914, -0.06946811534202929], [0.08171886345683847, -0.2433666136948895, 0.3719779849078705, -0.3831811573515659, 0.3558574902158764, -0.20312658292104957, -0.6844820442697482, 0.5630743248055372, -0.6844820442697482, 0.8372129515645751, -0.1093774764408282, 0.09817430399713273]], "inverted": true, "swapped": false, "error_lsq": 0.061045500415466476, "error_max": 0.4726836406076929, "target": "104.xyz", "model": "15.xyz", "model_rescale": 4.510870436145588, "target_rescale": 4.15665036721587},
{"mapping": [9, 7, 8, 4, 0, 3, 10, 2, 5, 2, 6, 11], "R": [[0.08168955501074188, -0.9683649215906718, -0.23578845441378127], [-0.6067019609662629, -0.23601114570708037, 0.7590859435279533], [-0.7907209034557255, 0.08104392472433769, -0.6067885423303885]], "T": [-0.06216937740944758, -0.01153484780580942, -0.07450915130732694], "aligned_model": [[-0.4303217948627276, 0.3374594493746952, 0.2800046431227723, 0.23075453537607885, -0.0007288370795299134, -0.31073270237496065, -0.6173689329302159, -0.12368556430747238, 0.04370739730859057, -0.12368556430747238, 0.5245065874421834, -0.1877759751470182], [-0.6541797492362401, 0.39733721372238406, 0.3488512953735366, -0.6679726690766046, -0.6716386229572825, 0.655714593054059, -0.05200924162098684, 0.053544085438805525, -0.06580216146135125, 0.053544085438805525, -0.2048332938928693, -0.06946811534202915], [-0.08171886345683915, -0.3719779849078699, 0.2433666136948902, -0.35585749021587715, 0.3831811573515653, 0.20312658292105074, -0.5630743248055372, 0.6844820442697487, -0.8372129515645751, 0.6844820442697487, 0.10937747644082813, -0.09817430399713264]], "inverted": false, "swapped": false, "error_lsq": 0.0610455004154665, "error_max": 0.472683640607693, "target": "104.xyz", "model": "16.xyz", "model_rescale": 4.510870436145588, "target_rescale": 4.15665036721587},
{"mapping": [9, 7, 8, 4, 0, 3, 10, 2, 5, 2, 6, 11], "R": [[0.08168955501074188, -0.9683649215906717, -0.23578845441378127], [-0.606701960966263, -0.23601114570708037, 0.7590859435279531], [-0.7907209034557252, 0.0810439247243378, -0.6067885423303887]], "T": [-0.06216937740944755, -0.011534847805809531, -0.07450915130732688], "aligned_model": [[-0.43032179486272754, 0.33745944937469513, 0.28000464312277223, 0.23075453537607887, -0.0007288370795299134, -0.31073270237496065, -0.6173689329302158, -0.12368556430747232, 0.04370739730859056, -0.12368556430747232, 0.5245065874421835, -0.18777597514701827], [-0.6541797492362402, 0.397337213722384, 0.3488512953735368, -0.6679726690766046, -0.6716386229572823, 0.655714593054059, -0.0520092416209869, 0.053544085438805636, -0.06580216146135136, 0.053544085438805636, -0.2048332938928693, -0.06946811534202897], [-0.08171886345683885, -0.3719779849078701, 0.24336661369488982, -0.3558574902158769, 0.38318115735156555, 0.2031265829210504, -0.5630743248055372, 0.6844820442697486, -0.8372129515645752, 0.6844820442697486, 0.10937747644082818, -0.0981743039971328]], "inverted": false, "swapped": false, "error_lsq": 0.06104550041546649, "error_max": 0.47268364060769297, "target": "104.xyz", "model": "17.xyz", "model_rescale": 4.510870436145588, "target_rescale": 4.15665036721587},
{"mapping": [0, 6, 2, 3, 11, 8, 7, 10, 5, 1, 4, 12], "R": [[-0.19178394130273183, 0.8486027192928429, 0.49304395814894925], [-0.6053646397383738, -0.4977034661290682, 0.6211480602541881], [0.7724976199399061, -0.1793451549719255, 0.6091656117799795]], "T": [-0.009015717541673816, -0.010596992502539392, 0.08251878104487537], "aligned_model": [[-0.4684468697915165, 0.39686073147371687, 0.23374256130684062, 0.18595477146455844, 0.19377579961202937, -0.22216587232000692, -0.6172187764737889, -0.42848029811050886, 0.0018078273199348752, -0.07339396563773457, 0.5810076756183403, -0.16131034284694143], [-0.7556017961801523, 0.4011203805639054, 0.42568404682064465, -0.6576385850949756, -0.6323907326453353, 0.5617868266743511, 0.06409013846389791, 0.30247309472846906, -0.09657630764654782, -0.25790510796969907, -0.1599418968845224, -0.0720126413898087], [0.22753412897098707, -0.33697166162567554, 0.42766967483410906, -0.4020129540386926, 0.22357667262615133, 0.0002267481537524818, -0.48786896839814714, 0.431627171336788, -0.8250673781775753, 0.7156298455228867, 0.08608276251320707, -0.060426041717790674]], "inverted": false, "swapped": false, "error_lsq": 0.049098731699090736, "error_max": 0.26651276928214473, "target": "104.xyz", "model": "18.xyz", "model_rescale": 4.466005644533647, "target_rescale": 4.15665036721587},
{"mapping": [10, 4, 5, 0, 1, 7, 8, 9, 2, 3, 12, 13], "R": [[0.5547462602266786, 0.8316409832719117, 0.025097045783167182], [-0.8269887316496508, 0.5478289751650287, 0.1263845389837553], [0.0913576733997552, -0.09086632441208574, 0.9916637971605204]], "T": [-0.049749597403580245, -0.05088613002461137, -0.0023658955407507053], "aligned_model": [[-0.44451700969982444, 0.4023518816379418, 0.42226565055537013, 0.26086474964051565, 0.280778518557944, -0.2206402736051336, -0.6339514035026973, -0.6140376345852688, -0.15400447199669598, -0.1141769341618392, 0.571290871853879, -0.1340907030792676], [-0.5441692124004462, 0.22695721698558244, 0.32723963770564424, -0.6587408110021784, -0.5584583902821166, 0.649009079190053, -0.04334506989244018, 0.05693735082762161, -0.1547250861237474, 0.04583975531637616, -0.16901438548043618, -0.05444266540368562], [-0.32957807058864347, -0.44928836550341344, 0.3375677398346577, -0.33282808299011674, 0.4540280223479544, 0.31282987688313674, -0.38861237725210984, 0.3982437280859613, -0.7866342249792102, 0.7870779856969321, -0.0030281118940093843, 0.00022188035886105658]], "inverted": false, "swapped": false, "error_lsq": 0.05296763331790866, "error_max": 0.35906387630891656, "target": "104.xyz", "model": "19.xyz", "model_rescale": 4.509807711582247, "target_rescale": 4.15665036721587},
{"mapping": [11, 4, 5, 0, 1, 7, 8, 9, 2, 3, 12, 13], "R": [[0.5511934785074998, 0.8306471890253064, -0.07880987638081607], [-0.8326370956652451, 0.5536821018782122, 0.012312472614006236], [0.05386293877006766, 0.058833471970317255, 0.9968136267141265]], "T": [-0.044433735333767335, -0.0515546480462935, -0.06762318864639563], "aligned_model": [[-0.4605107190913779, 0.44839636295354635, 0.3858630400988189, 0.30515766114866605, 0.2426243382939386, -0.2544684279497826, -0.5856692281267597, -0.6482025509814873, -0.06601470412755386, -0.19108134983700875, 0.5745868462162046, -0.1285480269822813], [-0.494039401414269, 0.2749862619033599, 0.28475584739783816, -0.6180563969746109, -0.6082868114801327, 0.6079710106103209, 0.0006937968789809956, 0.010463382373459215, -0.06505776974847098, -0.045518598759514556, -0.16953571709274118, -0.05528818425399277], [0.3029500204404204, -0.43069603992868954, 0.36024630394839885, -0.4309900378173249, 0.35995230605976347, 0.3056282487512503, -0.5090631096048513, 0.28187923427223704, -0.8651696435508067, 0.7167150442033696, -0.017225027100047585, -0.07422729967371873]], "inverted": false, "swapped": false, "error_lsq": 0.052199563035024626, "error_max": 0.34834727419367106, "target": "104.xyz", "model": "20.xyz", "model_rescale": 4.509807711582248, "target_rescale": 4.15665036721587},
{"mapping": [1, 5, 2, 4, 11, 7, 8, 9, 6, 0, 3, 12], "R": [[0.19178394130273047, -0.8486027192928433, 0.4930439581489491], [0.6053646397383742, 0.49770346612906713, 0.6211480602541884], [-0.772497619939906, 0.17934515497192646, 0.6091656117799793]], "T": [-0.00901571754167374, -0.010596992502539315, 0.08251878104487542], "aligned_model": [[-0.4684468697915155, 0.39686073147371603, 0.23374256130684049, 0.18595477146455885, 0.1937757996120302, -0.22216587232000773, -0.6172187764737894, -0.42848029811050903, 0.0018078273199342854, -0.07339396563773377, 0.5810076756183405, -0.16131034284694146], [-0.7556017961801529, 0.401120380563906, 0.42568404682064487, -0.6576385850949752, -0.6323907326453352, 0.561786826674351, 0.06409013846389755, 0.30247309472846845, -0.09657630764654745, -0.25790510796969945, -0.1599418968845218, -0.0720126413898088], [0.2275341289709873, -0.33697166162567577, 0.427669674834109, -0.4020129540386929, 0.22357667262615094, 0.00022674815375282875, -0.4878689683981464, 0.4316271713367885, -0.8250673781775751, 0.7156298455228866, 0.08608276251320639, -0.060426041717790535]], "inverted": true, "swapped": false, "error_lsq": 0.049098731699090736, "error_max": 0.26651276928214546, "target": "104.xyz", "model": "21.xyz", "model_rescale": 4.466005644533646, "target_rescale": 4.15665036721587},
{"mapping": [0, 6, 2, 3, 11, 8, 7, 10, 5, 1, 4, 12], "R": [[-0.19178402125523492, 0.8486027262168382, 0.4930439151318279], [-0.6053645983772692, -0.4977034903933798, 0.6211480811221864], [0.7724976325029734, -0.17934505487354968, 0.6091656253185207]], "T": [-0.009015707748596839, -0.010596997651929466, 0.08251877730461525], "aligned_model": [[-0.4684469852226349, 0.39686069445486544, 0.233742645224256, 0.18595471924562118, 0.1937760721354898, -0.22216594147026286, -0.6172188143344572, -0.4284802221200618, 0.0018078215906710514, -0.07339411235844051, 0.5810075921098156, -0.16131022763993846], [-0.7556017361160584, 0.401120406485653, 0.4256840019506736, -0.6576385670327013, -0.6323909067445177, 0.5617868817039245, 0.06409017276920191, 0.30247306113648487, -0.09657630244906963, -0.25790502718133584, -0.15994185809797873, -0.07201270698404913], [0.22753414200710115, -0.33697163263397095, 0.4276696540634776, -0.40201289248983446, 0.2235766583521075, 0.00022671675994091756, -0.48786901456624404, 0.4316270975606498, -0.825067363960156, 0.7156298733332861, 0.08608283883635047, -0.06042607726270742]], "inverted": false, "swapped": false, "error_lsq": 0.04909872574431304, "error_max": 0.26651272029399303, "target": "104.xyz", "model": "22.xyz", "model_rescale": 4.46600560860683, "target_rescale": 4.15665036721587},
{"mapping": [11, 5, 4, 1, 0, 6, 9, 8, 3, 2, 12, 13], "R": [[-0.5547462002089825, -0.8316410232917619, 0.02509704627892645], [0.8269887709230346, -0.5478289151469229, 0.1263845421566823], [-0.0913576823310677, 0.09086631998257935, 0.9916637967435935]], "T": [-0.04974959594457186, -0.050886128545547735, -0.0023658958290420492], "aligned_model": [[-0.44451695180035494, 0.4023518183787543, 0.42226558785385243, 0.2608646207749075, 0.28077839025000567, -0.22064031835219772, -0.6339514951946744, -0.6140377257195763, -0.15400437986466303, -0.11417684091446674, 0.5712911465929016, -0.13409061038956488], [-0.5441691276202767, 0.22695712539964402, 0.3272395494647143, -0.6587408991784809, -0.5584584751134107, 0.6490090395252426, -0.04334508918368494, 0.05693733488138532, -0.1547250212279973, 0.045839826902143194, -0.16901424724612493, -0.05444259716292707], [-0.3295780845845076, -0.4492883568966648, 0.3375677546025742, -0.3328280702039715, 0.45402804129526747, 0.3128298842872545, -0.38861237573107804, 0.39824373576816097, -0.786634242191481, 0.7870779808069969, -0.0030281364603081877, 0.00022186930775774895]], "inverted": true, "swapped": false, "error_lsq": 0.052967633464925425, "error_max": 0.35906392896061023, "target": "104.xyz", "model": "23.xyz", "model_rescale": 4.509807674373902, "target_rescale": 4.15665036721587},
{"mapping": [11, 4, 5, 0, 1, 7, 8, 9, 2, 3, 12, 13], "R": [[0.5511934186444043, 0.8306472289729351, -0.07880987401765502], [-0.8326371356728538, 0.553682041722164, 0.01231247224897265], [0.053862932909377034, 0.058833474093923144, 0.996813626905471]], "T": [-0.044433733991391736, -0.05155464652715015, -0.06762318905476941], "aligned_model": [[-0.46051066039463406, 0.4483962992389349, 0.3858629777433728, 0.3051575319602372, 0.24262421046467508, -0.25446847240044, -0.5856693202358247, -0.6482026417313869, -0.0660146130234781, -0.1910812560146024, 0.57458712052711, -0.12854793451904023], [-0.4940393144502988, 0.2749861714500593, 0.28475575673549847, -0.6180564844822257, -0.6082868991967866, 0.6079709690440538, 0.0006937790814219788, 0.010463364366861107, -0.06505770056912444, -0.04551852999824619, -0.16953557725730067, -0.05528811528368532], [0.3029500275481575, -0.4306960486073872, 0.3602463019472283, -0.4309900516962827, 0.3599522988583328, 0.3056282492061273, -0.509063119059825, 0.28187923149479044, -0.8651696440663622, 0.7167150570428681, -0.017225009155899293, -0.07422729351174719]], "inverted": false, "swapped": false, "error_lsq": 0.0521995633129865, "error_max": 0.348347332075052, "target": "104.xyz", "model": "24.xyz", "model_rescale": 4.509807674373903, "target_rescale": 4.15665036721587},
{"mapping": [1, 5, 2, 4, 11, 7, 8, 9, 6, 0, 3, 12], "R": [[0.19178402125523594, -0.8486027262168385, 0.4930439151318279], [0.6053645983772695, 0.49770349039338024, 0.6211480811221861], [-0.7724976325029732, 0.1793450548735492, 0.6091656253185216]], "T": [-0.00901570774859681, -0.010596997651929473, 0.08251877730461536], "aligned_model": [[-0.4684469852226356, 0.39686069445486616, 0.23374264522425606, 0.18595471924562149, 0.1937760721354895, -0.2221659414702628, -0.6172188143344571, -0.4284802221200623, 0.0018078215906719118, -0.07339411235844129, 0.5810075921098158, -0.16131022763993844], [-0.7556017361160584, 0.401120406485653, 0.42568400195067346, -0.6576385670327014, -0.6323909067445181, 0.5617868817039248, 0.06409017276920245, 0.3024730611364849, -0.09657630244906926, -0.25790502718133623, -0.1599418580979792, -0.07201270698404905], [0.2275341420071006, -0.33697163263397056, 0.4276696540634783, -0.4020128924898347, 0.22357665835210755, 0.00022671675994097307, -0.4878690145662446, 0.4316270975606497, -0.8250673639601562, 0.7156298733332861, 0.08608283883635091, -0.060426077262707587]], "inverted": true, "swapped": false, "error_lsq": 0.04909872574431304, "error_max": 0.2665127202939923, "target": "104.xyz", "model": "25.xyz", "model_rescale": 4.466005608606829, "target_rescale": 4.15665036721587},
{"mapping": [0, 6, 2, 3, 11, 8, 7, 10, 5, 1, 4, 12], "R": [[-0.19178391083679236, 0.8486027295605754, 0.49304395232726106], [-0.6053646729356317, -0.49770343657557903, 0.621148051580615], [0.7724976014886268, -0.17934518840269953, 0.609165625336098]], "T": [-0.009015725872998325, -0.010597020181238134, 0.08251880815261448], "aligned_model": [[-0.46844685680737025, 0.39686070822257025, 0.2337425583346388, 0.1859547419976435, 0.19377582341578237, -0.22216586698549978, -0.6172187493510621, -0.4284802689592619, 0.0018078258570079948, -0.07339397444180801, 0.5810076243632056, -0.1613103240309235], [-0.75560187707753, 0.4011204290390666, 0.4256840620972915, -0.6576386296511746, -0.6323906651982621, 0.5617868391505632, 0.0640901794625073, 0.30247309721011206, -0.09657623064898922, -0.2579052173894742, -0.15994196996311888, -0.07201259759076441], [0.22753421762617876, -0.33697169527097903, 0.42766961189543184, -0.40201284642213075, 0.22357658092647265, 0.0002267169468074537, -0.4878689893104533, 0.4316271157801721, -0.8250674015282398, 0.7156299238834395, 0.08608285983512992, -0.06042609436182897]], "inverted": false, "swapped": false, "error_lsq": 0.04909874106499087, "error_max": 0.26651288333888445, "target": "104.xyz", "model": "26.xyz", "model_rescale": 4.466005838112752, "target_rescale": 4.15665036721587},
{"mapping": [10, 4, 5, 0, 1, 7, 8, 9, 2, 3, 12, 13], "R": [[0.554746307493785, 0.8316409516539273, 0.02509704871416754], [-0.8269887007371514, 0.5478290219449752, 0.12638453848430356], [0.0913576662086408, -0.09086633175693995, 0.9916637971499961]], "T": [-0.049749577434683195, -0.05088616249895228, -0.0023658918422449905], "aligned_model": [[-0.4445170110097604, 0.40235192483469406, 0.42226569527642466, 0.2608648493415915, 0.2807786197833221, -0.22064034430323365, -0.6339514258518941, -0.6140376554101634, -0.1540045114370744, -0.11417697055361313, 0.5712908119399737, -0.13409074099534374], [-0.5441691548304883, 0.22695710783739864, 0.3272395241256427, -0.658740892661313, -0.5584584763730689, 0.6490091000561347, -0.043345042978887395, 0.05693737330935669, -0.1547250270668174, 0.04583980550967076, -0.1690142867088283, -0.05444261077857331], [-0.3295780608131676, -0.44928833772252436, 0.3375677359429073, -0.3328280601692972, 0.4540280134961344, 0.3128298608396666, -0.3886123622255928, 0.39824371143983883, -0.7866341989961535, 0.7870779483347098, -0.0030281247957993423, 0.0002218746692782816]], "inverted": false, "swapped": false, "error_lsq": 0.052967639921551506, "error_max": 0.3590638826422282, "target": "104.xyz", "model": "27.xyz", "model_rescale": 4.509807893063789, "target_rescale": 4.15665036721587},
{"mapping": [11, 4, 5, 0, 1, 7, 8, 9, 2, 3, 12, 13], "R": [[0.5511935255925481, 0.8306471580874738, -0.0788098731508976], [-0.8326370645304305, 0.5536821487545301, 0.01231247013049597], [0.05386293823219432, 0.05883346761639795, 0.9968136270001656]], "T": [-0.04443371592034764, -0.05155468054491093, -0.06762318392577202], "aligned_model": [[-0.46051071767694407, 0.44839640383383333, 0.38586308605838743, 0.3051577580655187, 0.24262444029007277, -0.2544684968536229, -0.5856692527223665, -0.6482025704978124, -0.06601474733487364, -0.1910813828857654, 0.5745867864488157, -0.1285480651103195], [-0.49403934648946246, 0.274986150982565, 0.28475573411330785, -0.6180564800221643, -0.6082868968914216, 0.6079710327928867, 0.000693823258219893, 0.01046340638896271, -0.06505771216721122, -0.0455185459057256, -0.16953561758326163, -0.05528812903646841], [0.30295000678133044, -0.43069601720507655, 0.3602462950702504, -0.43099001276840354, 0.3599522995069234, 0.305628232014305, -0.5090630910640604, 0.2818792212112665, -0.8651696125960633, 0.71671501195459, -0.01722503258432488, -0.07422730032073674]], "inverted": false, "swapped": false, "error_lsq": 0.05219956998675298, "error_max": 0.3483472859982887, "target": "104.xyz", "model": "28.xyz", "model_rescale": 4.5098078930637895, "target_rescale": 4.15665036721587},
{"mapping": [1, 5, 2, 4, 11, 7, 8, 9, 6, 0, 3, 12], "R": [[0.19178391083679217, -0.8486027295605755, 0.49304395232726095], [0.6053646729356318, 0.4977034365755788, 0.621148051580615], [-0.7724976014886267, 0.17934518840269975, 0.609165625336098]], "T": [-0.009015725872998294, -0.010597020181238086, 0.08251880815261453], "aligned_model": [[-0.4684468568073699, 0.39686070822256997, 0.23374255833463864, 0.18595474199764375, 0.19377582341578256, -0.2221658669855, -0.6172187493510619, -0.428480268959262, 0.0018078258570080816, -0.07339397444180798, 0.5810076243632057, -0.1613103240309235], [-0.75560187707753, 0.4011204290390666, 0.4256840620972915, -0.6576386296511745, -0.6323906651982621, 0.5617868391505629, 0.06409017946250728, 0.30247309721011184, -0.09657623064898907, -0.25790521738947436, -0.15994196996311882, -0.07201259759076442], [0.22753421762617881, -0.33697169527097903, 0.4276696118954318, -0.40201284642213075, 0.2235765809264725, 0.00022671694680755083, -0.4878689893104529, 0.4316271157801721, -0.8250674015282395, 0.7156299238834394, 0.08608285983512973, -0.060426094361828914]], "inverted": true, "swapped": false, "error_lsq": 0.04909874106499087, "error_max": 0.26651288333888457, "target": "104.xyz", "model": "29.xyz", "model_rescale": 4.466005838112752, "target_rescale": 4.15665036721587},
