[{"mapping": [9, 8, 5, 0, 6, 3, 2, 10, 2, 7, 4, 11], "R": [[0.08168958492431061, -0.9683649170027898, 0.23578846289221633], [-0.6067019883056012, -0.2360111675453535, -0.7590859148870499], [0.790720879388501, -0.0810439159472155, -0.6067885748652628]], "T": [-0.06216949149648017, -0.011534815358812192, 0.0745090513745162], "aligned_model": [[-0.43032196021419, 0.28000462027404915, 0.3374594135893458, -0.0007288130955879907, 0.23075475012432534, -0.31073271982230405, -0.12368559047023264, -0.6173690895662615, -0.12368559047023264, 0.043707620772253916, 0.5245065429414172, -0.18777594244765938], [-0.654179766864265, 0.3488511430995721, 0.39733717051087475, -0.6716386929879882, -0.6679725741622258, 0.6557146677826213, 0.0535442325984468, -0.052009331680090545, 0.0535442325984468, -0.06580213897805127, -0.20483326467329982, -0.06946825780381377], [0.08171882434526344, -0.2433664082545252, 0.3719779650206005, -0.38318097326720435, 0.35585745190286283, -0.20312670924950643, -0.6844821566704608, 0.5630742717662178, -0.6844821566704608, 0.8372128993238173, -0.10937748240035387, 0.09817447415374993]], "inverted": true, "swapped": false, "error_lsq": 0.06104551372133891, "error_max": 0.47268367893178476, "target": "105.xyz", "model": "0.xyz", "model_rescale": 4.5108708085295355, "target_rescale": 4.15665036721587},
{"mapping": [10, 8, 4, 1, 7, 2, 3, 9, 3, 6, 5, 11], "R": [[-0.08168958492431028, 0.9683649170027897, 0.23578846289221664], [0.6067019883056014, 0.2360111675453535, -0.7590859148870497], [-0.7907208793885008, 0.08104391594721588, -0.606788574865263]], "T": [-0.06216949149648019, -0.01153481535881222, 0.07450905137451622], "aligned_model": [[-0.43032196021418995, 0.28000462027404904, 0.3374594135893455, -0.0007288130955877062, 0.23075475012432514, -0.3107327198223039, -0.12368559047023231, -0.6173690895662615, -0.12368559047023231, 0.04370762077225356, 0.5245065429414171, -0.18777594244765938], [-0.6541797668642648, 0.3488511430995721, 0.39733717051087436, -0.6716386929879881, -0.6679725741622257, 0.6557146677826211, 0.05354423259844705, -0.052009331680090906, 0.05354423259844705, -0.06580213897805169, -0.20483326467329965, -0.06946825780381372], [0.08171882434526312, -0.24336640825452485, 0.37197796502060065, -0.38318097326720457, 0.35585745190286266, -0.2031267092495064, -0.6844821566704606, 0.5630742717662175, -0.6844821566704606, 0.8372128993238169, -0.10937748240035372, 0.09817447415374993]], "inverted": false, "swapped": false, "error_lsq": 0.06104551372133891, "error_max": 0.472683678931785, "target": "105.xyz", "model": "1.xyz", "model_rescale": 4.510870808529536, "target_rescale": 4.15665036721587},
{"mapping": [9, 8, 5, 0, 6, 3, 2, 10, 2, 7, 4, 11], "R": [[0.08168958492431055, -0.9683649170027897, 0.23578846289221644], [-0.6067019883056013, -0.2360111675453535, -0.7590859148870497], [0.7907208793885008, -0.0810439159472156, -0.6067885748652628]], "T": [-0.06216949149648016, -0.011534815358812261, 0.07450905137451616], "aligned_model": [[-0.43032196021418995, 0.28000462027404904, 0.33745941358934567, -0.0007288130955878727, 0.23075475012432534, -0.31073271982230405, -0.12368559047023256, -0.6173690895662615, -0.12368559047023256, 0.043707620772253826, 0.5245065429414172, -0.1877759424476594], [-0.6541797668642652, 0.3488511430995723, 0.3973371705108746, -0.6716386929879882, -0.6679725741622259, 0.6557146677826212, 0.0535442325984469, -0.05200933168009078, 0.0535442325984469, -0.06580213897805151, -0.2048332646732998, -0.06946825780381363], [0.08171882434526329, -0.24336640825452496, 0.37197796502060054, -0.38318097326720435, 0.35585745190286266, -0.20312670924950635, -0.6844821566704608, 0.5630742717662176, -0.6844821566704608, 0.837212899323817, -0.10937748240035386, 0.09817447415375004]], "inverted": true, "swapped": false, "error_lsq": 0.06104551372133891, "error_max": 0.47268367893178487, "target": "105.xyz", "model": "2.xyz", "model_rescale": 4.5108708085295355, "target_rescale": 4.15665036721587},
{"mapping": [11, 4, 5, 2, 3, 7, 9, 10, 0, 1, 8, 13], "R": [[0.5547461805208116, 0.8316410364523954, 0.025097045363086948], [-0.8269887838124246, 0.5478288956286519, 0.12638454242010344], [0.09135768520501446, -0.0908663172065274, 0.9916637967331996]], "T": [-0.04974951828454874, -0.05088614393377412, -0.0023658958560643564], "aligned_model": [[-0.4445168783828054, 0.40235189739331223, 0.422265665838475, 0.26086468078548675, 0.28077844923064954, -0.22064022295930685, -0.6339515913620324, -0.6140378229168695, -0.15400442299244027, -0.11417688610211457, 0.5712910276298462, -0.13409065454727742], [-0.5441691265493177, 0.22695709482906173, 0.3272395175760649, -0.6587409128545737, -0.5584584901075705, 0.6490090177440542, -0.04334521283658983, 0.05693720991041336, -0.15472484989461338, 0.04583999559939293, -0.16901439682848468, -0.054442427147610224], [-0.32957808074660844, -0.4492883485917739, 0.33756775091710434, -0.3328280634654543, 0.45402803604342395, 0.31282987819356967, -0.3886123520142484, 0.3982437474946299, -0.7866342508512166, 0.7870779481665396, -0.0030281138036277865, 0.0002218486576615825]], "inverted": false, "swapped": false, "error_lsq": 0.05296764520135074, "error_max": 0.3590639469158136, "target": "105.xyz", "model": "3.xyz", "model_rescale": 4.509807743048502, "target_rescale": 4.15665036721587},
{"mapping": [12, 4, 5, 2, 3, 7, 9, 10, 0, 1, 8, 13], "R": [[0.551193399154398, 0.8306472420271138, -0.0788098727404758], [-0.8326371486892472, 0.5536820221392302, 0.012312472637663087], [0.05386293114249119, 0.05883347408204317, 0.9968136270016461]], "T": [-0.0444336567541933, -0.0515546619157201, -0.06762318173334096], "aligned_model": [[-0.46051058683998414, 0.44839637627593537, 0.38586305674602445, 0.30515759021693994, 0.24262427068702902, -0.25446837611466494, -0.585669418154882, -0.648202737684793, -0.06601465878627308, -0.19108129784609504, 0.5745870014318707, -0.12854797831618403], [-0.4940393138779356, 0.27498614005361066, 0.28475572549869466, -0.6180564989170823, -0.6082869134719984, 0.6079709479951032, 0.0006936534751249071, 0.01046323892020886, -0.06505752944842284, -0.04551835855825492, -0.16953572822548252, -0.05528794400333888], [0.3029500289904481, -0.4306960357670722, 0.3602463028195169, -0.4309900400184969, 0.35995229856809224, 0.30562825201868177, -0.50906311744876, 0.2818792211378291, -0.8651696365419376, 0.7167150406312413, -0.01722501643419476, -0.07422729795534833]], "inverted": false, "swapped": false, "error_lsq": 0.05219957531648236, "error_max": 0.3483473520740813, "target": "105.xyz", "model": "4.xyz", "model_rescale": 4.509807743048502, "target_rescale": 4.15665036721587},
{"mapping": [12, 5, 4, 3, 2, 6, 10, 9, 1, 0, 8, 13], "R": [[-0.5547461805208118, -0.8316410364523951, 0.02509704536308701], [0.8269887838124242, -0.5478288956286521, 0.1263845424201035], [-0.09135768520501444, 0.09086631720652749, 0.9916637967331994]], "T": [-0.04974951828454874, -0.05088614393377412, -0.0023658958560641872], "aligned_model": [[-0.4445168783828053, 0.4023518973933119, 0.4222656658384748, 0.26086468078548686, 0.28077844923064976, -0.22064022295930705, -0.6339515913620323, -0.6140378229168694, -0.1540044229924403, -0.11417688610211452, 0.5712910276298462, -0.13409065454727742], [-0.5441691265493178, 0.2269570948290618, 0.327239517576065, -0.6587409128545735, -0.5584584901075703, 0.649009017744054, -0.04334521283659015, 0.05693720991041307, -0.15472484989461346, 0.045839995599392946, -0.16901439682848446, -0.054442427147610294], [-0.32957808074660827, -0.44928834859177386, 0.33756775091710417, -0.33282806346545424, 0.4540280360434238, 0.31282987819356955, -0.38861235201424826, 0.39824374749462976, -0.7866342508512162, 0.7870779481665396, -0.003028113803627952, 0.00022184865766146627]], "inverted": true, "swapped": false, "error_lsq": 0.05296764520135074, "error_max": 0.35906394691581345, "target": "105.xyz", "model": "5.xyz", "model_rescale": 4.509807743048502, "target_rescale": 4.15665036721587},
{"mapping": [11, 4, 5, 2, 3, 7, 9, 10, 0, 1, 8, 13], "R": [[0.5547462407288961, 0.8316409962003992, 0.025097048351650143], [-0.8269887444078057, 0.5478289553007778, 0.12638454160560658], [0.09135767630559985, -0.09086632584662815, 0.99166379676137]], "T": [-0.049749535900530606, -0.050886154584753054, -0.0023658939794792538], "aligned_model": [[-0.444516970627577, 0.4023519624100504, 0.4222657339182054, 0.26086480559604436, 0.28077857710419935, -0.22064038491159577, -0.6339513578788711, -0.6140375863707161, -0.15400453851887574, -0.11417699550256587, 0.5712907634073463, -0.1340907670107208], [-0.5441692424222064, 0.22695718805056408, 0.3272396136343467, -0.6587408608132307, -0.558458435229448, 0.6490089576230231, -0.04334508174725642, 0.05693734383652625, -0.15472493027763673, 0.04583992088992857, -0.16901454941052962, -0.054442504693854074], [-0.32957807667270095, -0.4492883770617258, 0.3375677497989811, -0.332828088504756, 0.4540280383559509, 0.3128299050041836, -0.3886123866745338, 0.3982437401861731, -0.7866342651492767, 0.7870779885721367, -0.0030280895658622766, 0.00022186171143001414]], "inverted": false, "swapped": false, "error_lsq": 0.052967637873984175, "error_max": 0.3590638849895071, "target": "105.xyz", "model": "6.xyz", "model_rescale": 4.509807586411629, "target_rescale": 4.15665036721587},
{"mapping": [12, 4, 5, 2, 3, 7, 9, 10, 0, 1, 8, 13], "R": [[0.5511934586942022, 0.8306472020805343, -0.07880987735368505], [-0.8326371088998686, 0.55368208200158, 0.012312471452313314], [0.05386293693803801, 0.05883347470765135, 0.9968136266515588]], "T": [-0.04443367384382342, -0.051554672631272405, -0.06762318531412924], "aligned_model": [[-0.46051068011292495, 0.4483964463262983, 0.38586312096400294, 0.3051577193687776, 0.24262439400648222, -0.25446854131001656, -0.5856691798597714, -0.6482025052220669, -0.0660147647658662, -0.19108141549045704, 0.5745867378386269, -0.1285480901281616], [-0.49403942954039215, 0.27498623579857295, 0.28475582064243876, -0.6180564444683554, -0.6082868596244897, 0.6079708854036562, 0.0006937879209855391, 0.01046337276485132, -0.06505760714364008, -0.045518437455908514, -0.16953588255771773, -0.055288022299774295], [0.302950032184798, -0.4306960450554687, 0.3602463207247379, -0.4309900458490982, 0.3599523199311084, 0.30562825113613057, -0.5090631190527567, 0.28187924672744985, -0.865169674366551, 0.7167150571938627, -0.017225034987868718, -0.07422730858634431]], "inverted": false, "swapped": false, "error_lsq": 0.05219956762876735, "error_max": 0.34834728226613865, "target": "105.xyz", "model": "7.xyz", "model_rescale": 4.509807586411629, "target_rescale": 4.15665036721587},
{"mapping": [11, 4, 5, 2, 3, 7, 9, 10, 0, 1, 8, 13], "R": [[0.5547462407288961, 0.8316409962003992, 0.025097048351650143], [-0.8269887444078057, 0.5478289553007778, 0.12638454160560658], [0.09135767630559985, -0.09086632584662815, 0.99166379676137]], "T": [-0.049749535900530606, -0.05088615458475307, -0.002365893979479321], "aligned_model": [[-0.44451697062757695, 0.4023519624100504, 0.4222657339182054, 0.26086480559604436, 0.28077857710419935, -0.22064038491159577, -0.6339513578788711, -0.6140375863707161, -0.15400453851887574, -0.11417699550256587, 0.5712907634073463, -0.13409076701072078], [-0.5441692424222064, 0.22695718805056406, 0.3272396136343467, -0.6587408608132307, -0.558458435229448, 0.6490089576230231, -0.043345081747256424, 0.05693734383652624, -0.15472493027763673, 0.045839920889928554, -0.16901454941052957, -0.05444250469385405], [-0.32957807667270106, -0.44928837706172586, 0.33756774979898097, -0.33282808850475604, 0.4540280383559508, 0.3128299050041835, -0.38861238667453385, 0.398243740186173, -0.7866342651492767, 0.7870779885721367, -0.003028089565862051, 0.00022186171143024009]], "inverted": false, "swapped": false, "error_lsq": 0.052967637873984175, "error_max": 0.3590638849895072, "target": "105.xyz", "model": "8.xyz", "model_rescale": 4.509807586411629, "target_rescale": 4.15665036721587},
{"mapping": [10, 7, 6, 3, 2, 4, 12, 11, 1, 0, 8, 13], "R": [[0.5547461253962122, 0.8316410730397678, 0.02509705144342983], [-0.8269888198690868, 0.5478288396340737, 0.12638454920091993], [0.09135769354260954, -0.09086631993455306, 0.9916637957151236]], "T": [-0.049749548523856005, -0.05088609572364252, -0.002365901277197739], "aligned_model": [[-0.44451686929332135, 0.40235181835765493, 0.42226559268086, 0.26086471959078583, 0.2807784939139909, -0.22064030870461443, -0.6339515589018616, -0.6140377845786564, -0.15400443300851596, -0.11417688436210581, 0.5712911146060181, -0.1340906586853109], [-0.5441690202720225, 0.2269570631737097, 0.3272394966061838, -0.6587408595029731, -0.558458426070499, 0.6490090562741777, -0.0433450679894505, 0.056937365443023545, -0.15472505104896558, 0.04583981581598249, -0.16901433537244806, -0.054442617616491544], [-0.3295781102703379, -0.44928836889438967, 0.33756777143255284, -0.3328280905409442, 0.4540280497859983, 0.3128298931608434, -0.3886123893686924, 0.3982437509582501, -0.7866342667879602, 0.7870780138659246, -0.003028126880226951, 0.000221873538982135]], "inverted": true, "swapped": false, "error_lsq": 0.05296764257966075, "error_max": 0.3590640055916911, "target": "105.xyz", "model": "9.xyz", "model_rescale": 4.509807504472865, "target_rescale": 4.15665036721587},
{"mapping": [10, 6, 7, 2, 3, 5, 11, 12, 0, 1, 8, 13], "R": [[-0.5511933433550105, -0.8306472789347651, -0.0788098739968303], [0.832637185992959, -0.5536819661049848, 0.012312469770331574], [-0.05386292549474357, -0.0588334803355139, 0.9968136269377332]], "T": [-0.04443368641379977, -0.05155461320234494, -0.06762318814789121], "aligned_model": [[-0.4605105767839447, 0.44839630319103163, 0.385862979356133, 0.3051576340150183, 0.24262431018011962, -0.254468465648373, -0.5856693799378173, -0.6482027037727159, -0.0660146586989643, -0.19108130636876153, 0.5745870886170604, -0.1285479825338629], [-0.4940392023843183, 0.27498611465863565, 0.28475569834540193, -0.618056439200251, -0.6082868555134846, 0.6079709812118412, 0.0006938061409362331, 0.01046338982770257, -0.06505771950924896, -0.04551855213571629, -0.16953566617878885, -0.055288135822482626], [0.3029500442219678, -0.4306960642173551, 0.36024631616056696, -0.43099006302847526, 0.3599523173494468, 0.3056282637731105, -0.509063141396018, 0.2818792389819041, -0.8651696798824977, 0.716715080873347, -0.017225013331422026, -0.07422729950457542]], "inverted": false, "swapped": false, "error_lsq": 0.052199572683887856, "error_max": 0.34834741520401896, "target": "105.xyz", "model": "10.xyz", "model_rescale": 4.509807504472865, "target_rescale": 4.15665036721587},
{"mapping": [9, 7, 6, 3, 2, 4, 12, 11, 1, 0, 8, 13], "R": [[0.5511933433550112, 0.8306472789347646, -0.07880987399683015], [-0.8326371859929586, 0.5536819661049855, 0.012312469770331503], [0.05386292549474349, 0.05883348033551375, 0.9968136269377333]], "T": [-0.04443368641379981, -0.051554613202344945, -0.06762318814789112], "aligned_model": [[-0.46051057678394436, 0.44839630319103135, 0.38586297935613284, 0.30515763401501866, 0.24262431018012015, -0.25446846564837355, -0.5856693799378176, -0.648202703772716, -0.06601465869896447, -0.19108130636876142, 0.5745870886170605, -0.12854798253386293], [-0.49403920238431864, 0.2749861146586361, 0.2847556983454024, -0.6180564392002508, -0.6082868555134844, 0.6079709812118408, 0.0006938061409357266, 0.010463389827702008, -0.06505771950924899, -0.04551855213571643, -0.16953566617878835, -0.05528813582248271], [0.30295004422196803, -0.4306960642173554, 0.360246316160567, -0.4309900630284754, 0.3599523173494469, 0.3056282637731107, -0.509063141396018, 0.28187923898190426, -0.8651696798824975, 0.7167150808733471, -0.01722501333142222, -0.0742272995045755]], "inverted": true, "swapped": false, "error_lsq": 0.05219957268388786, "error_max": 0.3483474152040191, "target": "105.xyz", "model": "11.xyz", "model_rescale": 4.509807504472865, "target_rescale": 4.15665036721587},
{"mapping": [10, 7, 6, 3, 2, 4, 12, 11, 1, 0, 8, 13], "R": [[0.5547462348203424, 0.8316410002627356, 0.02509704434092435], [-0.8269887482777817, 0.5478289500127259, 0.1263845392043758], [0.09135767715196061, -0.09086632054810441, 0.9916637971689032]], "T": [-0.049749657968943525, -0.050886170238609627, -0.0023658889142840088], "aligned_model": [[-0.44451707858944306, 0.4023518263049783, 0.42226559383544554, 0.26086466872255465, 0.2807784362530219, -0.22064031266535133, -0.633951454678975, -0.6140376871485077, -0.15400434586136785, -0.11417681080043345, 0.571290984573902, -0.13409057833090066], [-0.544169235030846, 0.22695715932190524, 0.32723957899541106, -0.658740853497868, -0.5584584338243621, 0.6490090359107066, -0.043345092972998135, 0.056937326700507704, -0.1547250012285547, 0.04583983811845692, -0.16901432149708256, -0.0544425815550489], [-0.3295780615805665, -0.44928835131243033, 0.3375677444470357, -0.33282807009445486, 0.45402802566501116, 0.3128298780755654, -0.38861236902138013, 0.3982437267380859, -0.7866342293973609, 0.7870779621215709, -0.003028122003181556, 0.00022186636210502417]], "inverted": true, "swapped": false, "error_lsq": 0.05296762688257728, "error_max": 0.3590638419957444, "target": "105.xyz", "model": "12.xyz", "model_rescale": 4.509807766519439, "target_rescale": 4.15665036721587},
{"mapping": [10, 6, 7, 2, 3, 5, 11, 12, 0, 1, 8, 13], "R": [[-0.5511934534098286, -0.8306472058751464, -0.07880987431762203], [0.8326371124374548, -0.5536820766429453, 0.012312473194819644], [-0.05386293632884005, -0.058833471563114935, 0.9968136268700722]], "T": [-0.04443379603531718, -0.051554688718806765, -0.06762319211029581], "aligned_model": [[-0.4605107874819569, 0.4483963055112168, 0.38586298505533634, 0.3051575784343067, 0.24262425797842624, -0.2544684655076276, -0.5856692814032421, -0.6482026018591226, -0.06601458214061066, -0.19108122305237163, 0.5745869586770598, -0.12854790259649113], [-0.49403942477976276, 0.2749862030007092, 0.28475578883703545, -0.6180564406646656, -0.6082868548283393, 0.6079709675823914, 0.0006937727421236217, 0.010463358578449905, -0.06505768538789136, -0.04551851371523878, -0.16953565237301949, -0.05528809955156507], [0.30295001236751323, -0.4306960392148884, 0.360246295150904, -0.4309900384726101, 0.35995229589318234, 0.3056282422899099, -0.5090631066787322, 0.2818792276870602, -0.8651696242413768, 0.7167150444902086, -0.017225019395586863, -0.07422728987558425]], "inverted": false, "swapped": false, "error_lsq": 0.052199556597895304, "error_max": 0.3483472400463339, "target": "105.xyz", "model": "13.xyz", "model_rescale": 4.509807766519439, "target_rescale": 4.15665036721587},
{"mapping": [9, 7, 6, 3, 2, 4, 12, 11, 1, 0, 8, 13], "R": [[0.5511934534098286, 0.8306472058751464, -0.07880987431762217], [-0.8326371124374548, 0.5536820766429453, 0.012312473194819637], [0.053862936328840136, 0.05883347156311505, 0.9968136268700722]], "T": [-0.04443379603531717, -0.051554688718806765, -0.0676231921102957], "aligned_model": [[-0.46051078748195695, 0.44839630551121684, 0.3858629850553363, 0.30515757843430674, 0.24262425797842618, -0.25446846550762764, -0.585669281403242, -0.6482026018591227, -0.06601458214061057, -0.19108122305237168, 0.5745869586770598, -0.1285479025964911], [-0.49403942477976276, 0.2749862030007092, 0.28475578883703545, -0.6180564406646656, -0.6082868548283393, 0.6079709675823914, 0.0006937727421236217, 0.010463358578449905, -0.06505768538789136, -0.04551851371523879, -0.16953565237301949, -0.05528809955156508], [0.3029500123675133, -0.43069603921488847, 0.36024629515090417, -0.43099003847261014, 0.3599522958931825, 0.30562824228991003, -0.5090631066787324, 0.2818792276870602, -0.8651696242413766, 0.7167150444902085, -0.01722501939558685, -0.07422728987558434]], "inverted": true, "swapped": false, "error_lsq": 0.05219955659789532, "error_max": 0.34834724004633394, "target": "105.xyz", "model": "14.xyz", "model_rescale": 4.509807766519439, "target_rescale": 4.15665036721587},
{"mapping": [9, 8, 7, 0, 4, 3, 2, 10, 2, 5, 6, 11], "R": [[-0.08168955501074188, 0.9683649215906718, 0.23578845441378113], [0.6067019609662638, 0.2360111457070801, -0.7590859435279526], [-0.7907209034557248, 0.08104392472433786, -0.6067885423303895]], "T": [-0.06216937740944755, -0.011534847805809587, 0.074509151307327], "aligned_model": [[-0.43032179486272765, 0.2800046431227723, 0.33745944937469524, -0.0007288370795300245, 0.23075453537607882, -0.3107327023749606, -0.1236855643074724, -0.6173689329302158, -0.1236855643074724, 0.04370739730859061, 0.5245065874421835, -0.1877759751470182], [-0.6541797492362401, 0.34885129537353676, 0.39733721372238356, -0.6716386229572819, -0.6679726690766051, 0.6557145930540592, 0.05354408543880636, -0.05200924162098729, 0.05354408543880636, -0.06580216146135219, -0.2048332938928693, -0.06946811534202925], [0.08171886345683847, -0.24336661369488966, 0.37197798490787054, -0.38318115735156605, 0.35585749021587637, -0.20312658292104974, -0.6844820442697486, 0.5630743248055374, -0.6844820442697486, 0.8372129515645753, -0.10937747644082836, 0.09817430399713271]], "inverted": true, "swapped": false, "error_lsq": 0.06104550041546649, "error_max": 0.472683640607693, "target": "105.xyz", "model": "15.xyz", "model_rescale": 4.510870436145588, "target_rescale": 4.15665036721587},
{"mapping": [10, 8, 6, 1, 5, 2, 3, 9, 3, 4, 7, 11], "R": [[0.08168955501074199, -0.9683649215906713, 0.2357884544137816], [-0.6067019609662626, -0.2360111457070806, -0.7590859435279532], [0.7907209034557254, -0.0810439247243378, -0.6067885423303884]], "T": [-0.062169377409447606, -0.011534847805809434, 0.07450915130732695], "aligned_model": [[-0.4303217948627273, 0.280004643122772, 0.3374594493746948, -0.0007288370795295804, 0.23075453537607893, -0.3107327023749608, -0.12368556430747227, -0.6173689329302159, -0.12368556430747227, 0.043707397308590405, 0.5245065874421834, -0.18777597514701821], [-0.6541797492362402, 0.34885129537353665, 0.3973372137223841, -0.6716386229572826, -0.6679726690766044, 0.6557145930540587, 0.053544085438805344, -0.05200924162098686, 0.053544085438805344, -0.0658021614613511, -0.20483329389286914, -0.06946811534202904], [0.08171886345683911, -0.24336661369489, 0.3719779849078699, -0.3831811573515654, 0.3558574902158772, -0.2031265829210508, -0.6844820442697487, 0.563074324805537, -0.6844820442697487, 0.8372129515645751, -0.109377476440828, 0.09817430399713276]], "inverted": false, "swapped": false, "error_lsq": 0.0610455004154665, "error_max": 0.4726836406076933, "target": "105.xyz", "model": "16.xyz", "model_rescale": 4.510870436145588, "target_rescale": 4.15665036721587},
{"mapping": [10, 8, 6, 1, 5, 2, 3, 9, 3, 4, 7, 11], "R": [[0.08168955501074204, -0.9683649215906714, 0.2357884544137812], [-0.6067019609662629, -0.23601114570708037, -0.7590859435279529], [0.7907209034557252, -0.08104392472433758, -0.6067885423303885]], "T": [-0.062169377409447585, -0.011534847805809448, 0.07450915130732699], "aligned_model": [[-0.43032179486272737, 0.2800046431227722, 0.33745944937469496, -0.0007288370795299481, 0.2307545353760789, -0.3107327023749607, -0.12368556430747243, -0.6173689329302157, -0.12368556430747243, 0.043707397308590634, 0.5245065874421833, -0.1877759751470181], [-0.6541797492362402, 0.34885129537353643, 0.3973372137223839, -0.6716386229572822, -0.6679726690766046, 0.6557145930540587, 0.05354408543880555, -0.05200924162098704, 0.05354408543880555, -0.06580216146135144, -0.20483329389286925, -0.06946811534202933], [0.08171886345683907, -0.2433666136948901, 0.3719779849078699, -0.3831811573515652, 0.3558574902158769, -0.20312658292105046, -0.6844820442697486, 0.5630743248055372, -0.6844820442697486, 0.837212951564575, -0.10937747644082821, 0.09817430399713259]], "inverted": false, "swapped": false, "error_lsq": 0.06104550041546649, "error_max": 0.472683640607693, "target": "105.xyz", "model": "17.xyz", "model_rescale": 4.510870436145588, "target_rescale": 4.15665036721587},
{"mapping": [0, 6, 2, 3, 11, 8, 7, 10, 5, 1, 4, 12], "R": [[-0.1917839413027316, 0.8486027192928429, 0.4930439581489492], [-0.6053646397383738, -0.497703466129068, 0.6211480602541881], [0.7724976199399058, -0.17934515497192577, 0.6091656117799795]], "T": [-0.009015717541673816, -0.010596992502539392, 0.0825187810448753], "aligned_model": [[-0.4684468697915163, 0.3968607314737167, 0.23374256130684054, 0.1859547714645585, 0.19377579961202943, -0.22216587232000704, -0.617218776473789, -0.42848029811050886, 0.0018078273199347641, -0.0733939656377344, 0.5810076756183403, -0.16131034284694143], [-0.7556017961801523, 0.4011203805639055, 0.4256840468206446, -0.6576385850949755, -0.6323907326453352, 0.5617868266743511, 0.06409013846389786, 0.30247309472846895, -0.09657630764654776, -0.2579051079696991, -0.1599418968845223, -0.07201264138980873], [0.2275341289709868, -0.3369716616256755, 0.427669674834109, -0.40201295403869275, 0.22357667262615105, 0.00022674815375263446, -0.487868968398147, 0.4316271713367881, -0.8250673781775751, 0.7156298455228864, 0.08608276251320685, -0.060426041717790716]], "inverted": false, "swapped": false, "error_lsq": 0.049098731699090736, "error_max": 0.2665127692821446, "target": "105.xyz", "model": "18.xyz", "model_rescale": 4.466005644533647, "target_rescale": 4.15665036721587},
{"mapping": [10, 4, 5, 0, 1, 7, 8, 9, 2, 3, 12, 13], "R": [[0.5547462602266786, 0.8316409832719117, 0.025097045783167196], [-0.8269887316496508, 0.5478289751650287, 0.12638453898375532], [0.09135767339975522, -0.09086632441208578, 0.9916637971605204]], "T": [-0.049749597403580245, -0.05088613002461137, -0.002365895540750779], "aligned_model": [[-0.4445170096998245, 0.4023518816379417, 0.42226565055537013, 0.2608647496405156, 0.280778518557944, -0.2206402736051336, -0.6339514035026973, -0.6140376345852688, -0.154004471996696, -0.11417693416183919, 0.571290871853879, -0.1340907030792676], [-0.5441692124004462, 0.22695721698558244, 0.32723963770564424, -0.6587408110021784, -0.5584583902821165, 0.649009079190053, -0.043345069892440184, 0.05693735082762161, -0.15472508612374744, 0.04583975531637616, -0.16901438548043618, -0.05444266540368562], [-0.32957807058864347, -0.4492883655034135, 0.33756773983465765, -0.33282808299011674, 0.4540280223479544, 0.3128298768831367, -0.3886123772521099, 0.39824372808596126, -0.7866342249792102, 0.7870779856969321, -0.003028111894009472, 0.00022188035886098459]], "inverted": false, "swapped": false, "error_lsq": 0.05296763331790866, "error_max": 0.35906387630891645, "target": "105.xyz", "model": "19.xyz", "model_rescale": 4.509807711582247, "target_rescale": 4.15665036721587},
{"mapping": [11, 4, 5, 0, 1, 7, 8, 9, 2, 3, 12, 13], "R": [[0.5511934785074993, 0.8306471890253065, -0.07880987638081609], [-0.8326370956652452, 0.5536821018782118, 0.012312472614006247], [0.05386293877006764, 0.0588334719703173, 0.9968136267141265]], "T": [-0.04443373533376732, -0.0515546480462935, -0.0676231886463957], "aligned_model": [[-0.4605107190913781, 0.44839636295354646, 0.385863040098819, 0.30515766114866577, 0.2426243382939383, -0.25446842794978225, -0.5856692281267595, -0.648202550981487, -0.06601470412755381, -0.19108134983700872, 0.5745868462162045, -0.12854802698228124], [-0.4940394014142688, 0.2749862619033596, 0.2847558473978379, -0.618056396974611, -0.6082868114801329, 0.6079710106103208, 0.0006937968789812454, 0.010463382373459465, -0.06505776974847095, -0.04551859875951451, -0.16953571709274146, -0.05528818425399273], [0.3029500204404203, -0.43069603992868966, 0.36024630394839874, -0.430990037817325, 0.3599523060597634, 0.30562824875125016, -0.5090631096048515, 0.28187923427223693, -0.8651696435508069, 0.7167150442033694, -0.01722502710004764, -0.0742272996737188]], "inverted": false, "swapped": false, "error_lsq": 0.052199563035024626, "error_max": 0.3483472741936711, "target": "105.xyz", "model": "20.xyz", "model_rescale": 4.509807711582248, "target_rescale": 4.15665036721587},
{"mapping": [1, 5, 2, 4, 11, 7, 8, 9, 6, 0, 3, 12], "R": [[0.19178394130273052, -0.8486027192928431, 0.4930439581489491], [0.6053646397383741, 0.4977034661290673, 0.6211480602541884], [-0.772497619939906, 0.1793451549719264, 0.6091656117799791]], "T": [-0.00901571754167374, -0.010596992502539315, 0.08251878104487534], "aligned_model": [[-0.46844686979151556, 0.39686073147371603, 0.2337425613068405, 0.1859547714645588, 0.19377579961203015, -0.22216587232000767, -0.6172187764737894, -0.4284802981105089, 0.0018078273199342854, -0.07339396563773383, 0.5810076756183405, -0.16131034284694146], [-0.7556017961801528, 0.40112038056390587, 0.42568404682064487, -0.6576385850949753, -0.6323907326453352, 0.561786826674351, 0.06409013846389755, 0.3024730947284686, -0.09657630764654757, -0.25790510796969934, -0.1599418968845219, -0.0720126413898088], [0.22753412897098732, -0.33697166162567593, 0.4276696748341088, -0.40201295403869286, 0.22357667262615094, 0.0002267481537526761, -0.48786896839814653, 0.4316271713367884, -0.825067378177575, 0.7156298455228864, 0.08608276251320629, -0.06042604171779059]], "inverted": true, "swapped": false, "error_lsq": 0.04909873169909074, "error_max": 0.2665127692821455, "target": "105.xyz", "model": "21.xyz", "model_rescale": 4.466005644533646, "target_rescale": 4.15665036721587},
{"mapping": [0, 6, 2, 3, 11, 8, 7, 10, 5, 1, 4, 12], "R": [[-0.1917840212552353, 0.8486027262168385, 0.4930439151318279], [-0.6053645983772695, -0.4977034903933799, 0.6211480811221866], [0.7724976325029734, -0.1793450548735495, 0.6091656253185211]], "T": [-0.009015707748596856, -0.010596997651929466, 0.08251877730461521], "aligned_model": [[-0.46844698522263517, 0.39686069445486577, 0.23374264522425597, 0.18595471924562132, 0.19377607213548978, -0.22216594147026295, -0.6172188143344572, -0.42848022212006204, 0.001807821590671367, -0.07339411235844079, 0.5810075921098157, -0.1613102276399385], [-0.7556017361160587, 0.40112040648565317, 0.4256840019506737, -0.6576385670327015, -0.6323909067445179, 0.5617868817039247, 0.06409017276920197, 0.30247306113648487, -0.09657630244906952, -0.25790502718133607, -0.15994185809797878, -0.07201270698404913], [0.22753414200710081, -0.33697163263397095, 0.42766965406347784, -0.40201289248983474, 0.22357665835210744, 0.00022671675994086204, -0.48786901456624454, 0.4316270975606497, -0.8250673639601562, 0.7156298733332862, 0.08608283883635064, -0.06042607726270757]], "inverted": false, "swapped": false, "error_lsq": 0.049098725744313045, "error_max": 0.26651272029399287, "target": "105.xyz", "model": "22.xyz", "model_rescale": 4.46600560860683, "target_rescale": 4.15665036721587},
{"mapping": [10, 4, 5, 0, 1, 7, 8, 9, 2, 3, 12, 13], "R": [[0.5547462002089824, 0.831641023291762, 0.025097046278926408], [-0.8269887709230347, 0.5478289151469228, 0.12638454215668243], [0.09135768233106785, -0.09086631998257938, 0.9916637967435936]], "T": [-0.04974959594457186, -0.05088612854554773, -0.0023658958290421225], "aligned_model": [[-0.4445169518003551, 0.4023518183787544, 0.42226558785385254, 0.26086462077490746, 0.2807783902500056, -0.22064031835219766, -0.6339514951946744, -0.6140377257195763, -0.15400437986466303, -0.11417684091446677, 0.5712911465929016, -0.13409061038956488], [-0.5441691276202767, 0.22695712539964388, 0.32723954946471423, -0.6587408991784811, -0.5584584751134107, 0.6490090395252427, -0.04334508918368491, 0.056937334881385464, -0.1547250212279974, 0.045839826902143326, -0.16901424724612496, -0.05444259716292702], [-0.32957808458450777, -0.44928835689666496, 0.33756775460257415, -0.3328280702039716, 0.4540280412952675, 0.31282988428725433, -0.38861237573107826, 0.39824373576816086, -0.7866342421914813, 0.7870779808069969, -0.0030281364603080103, 0.0002218693077578656]], "inverted": false, "swapped": false, "error_lsq": 0.05296763346492544, "error_max": 0.35906392896061023, "target": "105.xyz", "model": "23.xyz", "model_rescale": 4.509807674373902, "target_rescale": 4.15665036721587},
{"mapping": [11, 4, 5, 0, 1, 7, 8, 9, 2, 3, 12, 13], "R": [[0.5511934186444042, 0.8306472289729353, -0.07880987401765502], [-0.832637135672854, 0.5536820417221638, 0.01231247224897266], [0.05386293290937703, 0.05883347409392313, 0.9968136269054712]], "T": [-0.044433733991391736, -0.051554646527150146, -0.0676231890547695], "aligned_model": [[-0.46051066039463423, 0.44839629923893504, 0.3858629777433729, 0.30515753196023715, 0.24262421046467503, -0.2544684724004399, -0.5856693202358249, -0.648202641731387, -0.0660146130234781, -0.1910812560146024, 0.5745871205271101, -0.12854793451904023], [-0.49403931445029875, 0.2749861714500593, 0.28475575673549847, -0.6180564844822258, -0.6082868991967867, 0.6079709690440538, 0.0006937790814220898, 0.010463364366861232, -0.06505770056912444, -0.04551852999824616, -0.16953557725730078, -0.055288115283685296], [0.3029500275481574, -0.43069604860738736, 0.36024630194722823, -0.43099005169628285, 0.35995229885833274, 0.3056282492061273, -0.5090631190598252, 0.28187923149479044, -0.8651696440663624, 0.7167150570428681, -0.01722500915589939, -0.07422729351174727]], "inverted": false, "swapped": false, "error_lsq": 0.0521995633129865, "error_max": 0.34834733207505203, "target": "105.xyz", "model": "24.xyz", "model_rescale": 4.509807674373903, "target_rescale": 4.15665036721587},
{"mapping": [1, 5, 2, 4, 11, 7, 8, 9, 6, 0, 3, 12], "R": [[0.19178402125523594, -0.8486027262168385, 0.4930439151318279], [0.6053645983772695, 0.49770349039338024, 0.6211480811221861], [-0.7724976325029732, 0.1793450548735492, 0.6091656253185216]], "T": [-0.00901570774859681, -0.010596997651929473, 0.08251877730461529], "aligned_model": [[-0.4684469852226356, 0.39686069445486616, 0.23374264522425606, 0.18595471924562149, 0.1937760721354895, -0.2221659414702628, -0.6172188143344571, -0.4284802221200623, 0.0018078215906719118, -0.07339411235844129, 0.5810075921098158, -0.16131022763993844], [-0.7556017361160584, 0.401120406485653, 0.42568400195067346, -0.6576385670327014, -0.6323909067445181, 0.5617868817039248, 0.06409017276920245, 0.3024730611364849, -0.09657630244906926, -0.25790502718133623, -0.1599418580979792, -0.07201270698404905], [0.2275341420071005, -0.3369716326339707, 0.42766965406347823, -0.40201289248983474, 0.22357665835210747, 0.00022671675994090368, -0.48786901456624465, 0.43162709756064965, -0.8250673639601562, 0.7156298733332861, 0.08608283883635084, -0.060426077262707656]], "inverted": true, "swapped": false, "error_lsq": 0.04909872574431304, "error_max": 0.26651272029399237, "target": "105.xyz", "model": "25.xyz", "model_rescale": 4.466005608606829, "target_rescale": 4.15665036721587},
{"mapping": [0, 6, 2, 3, 11, 8, 7, 10, 5, 1, 4, 12], "R": [[-0.19178391083679242, 0.8486027295605754, 0.49304395232726106], [-0.6053646729356317, -0.49770343657557903, 0.6211480515806151], [0.7724976014886268, -0.17934518840269945, 0.609165625336098]], "T": [-0.009015725872998325, -0.01059702018123812, 0.08251880815261439], "aligned_model": [[-0.46844685680737025, 0.3968607082225703, 0.2337425583346388, 0.1859547419976435, 0.19377582341578237, -0.22216586698549973, -0.617218749351062, -0.4284802689592619, 0.0018078258570080503, -0.07339397444180806, 0.5810076243632056, -0.1613103240309235], [-0.75560187707753, 0.40112042903906664, 0.4256840620972916, -0.6576386296511747, -0.6323906651982621, 0.5617868391505632, 0.06409017946250725, 0.30247309721011206, -0.09657623064898926, -0.25790521738947414, -0.15994196996311885, -0.07201259759076442], [0.22753421762617856, -0.33697169527097903, 0.42766961189543173, -0.40201284642213087, 0.22357658092647262, 0.00022671694680734267, -0.4878689893104534, 0.4316271157801719, -0.8250674015282398, 0.7156299238834393, 0.08608285983512988, -0.06042609436182905]], "inverted": false, "swapped": false, "error_lsq": 0.049098741064990875, "error_max": 0.2665128833388844, "target": "105.xyz", "model": "26.xyz", "model_rescale": 4.466005838112752, "target_rescale": 4.15665036721587},
{"mapping": [10, 4, 5, 0, 1, 7, 8, 9, 2, 3, 12, 13], "R": [[0.554746307493785, 0.8316409516539273, 0.025097048714167493], [-0.8269887007371514, 0.5478290219449752, 0.12638453848430353], [0.0913576662086408, -0.09086633175693991, 0.9916637971499961]], "T": [-0.049749577434683195, -0.05088616249895228, -0.002365891842245064], "aligned_model": [[-0.4445170110097604, 0.40235192483469406, 0.42226569527642466, 0.2608648493415915, 0.2807786197833221, -0.22064034430323365, -0.633951425851894, -0.6140376554101635, -0.15400451143707433, -0.11417697055361317, 0.5712908119399737, -0.13409074099534374], [-0.5441691548304883, 0.22695710783739864, 0.3272395241256427, -0.658740892661313, -0.5584584763730689, 0.6490091000561347, -0.04334504297888739, 0.05693737330935668, -0.1547250270668174, 0.045839805509670734, -0.1690142867088283, -0.05444261077857331], [-0.32957806081316765, -0.44928833772252436, 0.3375677359429073, -0.3328280601692973, 0.45402801349613436, 0.3128298608396665, -0.38861236222559287, 0.3982437114398388, -0.7866341989961536, 0.7870779483347097, -0.003028124795799395, 0.00022187466927820485]], "inverted": false, "swapped": false, "error_lsq": 0.052967639921551506, "error_max": 0.3590638826422282, "target": "105.xyz", "model": "27.xyz", "model_rescale": 4.509807893063789, "target_rescale": 4.15665036721587},
{"mapping": [11, 4, 5, 0, 1, 7, 8, 9, 2, 3, 12, 13], "R": [[0.5511935255925478, 0.8306471580874738, -0.07880987315089753], [-0.8326370645304305, 0.5536821487545298, 0.012312470130496106], [0.05386293823219439, 0.05883346761639782, 0.9968136270001655]], "T": [-0.04443371592034764, -0.05155468054491094, -0.06762318392577207], "aligned_model": [[-0.46051071767694407, 0.4483964038338333, 0.3858630860583875, 0.3051577580655185, 0.24262444029007255, -0.25446849685362266, -0.5856692527223664, -0.6482025704978123, -0.06601474733487367, -0.19108138288576532, 0.5745867864488154, -0.12854806511031946], [-0.49403934648946224, 0.27498615098256474, 0.2847557341133077, -0.6180564800221644, -0.6082868968914215, 0.6079710327928867, 0.0006938232582199902, 0.010463406388962919, -0.06505771216721132, -0.04551854590572549, -0.16953561758326183, -0.0552881290364684], [0.30295000678133044, -0.43069601720507666, 0.3602462950702502, -0.43099001276840354, 0.3599522995069233, 0.3056282320143049, -0.5090630910640603, 0.2818792212112665, -0.8651696125960632, 0.7167150119545899, -0.017225032584324958, -0.0742273003207368]], "inverted": false, "swapped": false, "error_lsq": 0.05219956998675298, "error_max": 0.3483472859982889, "target": "105.xyz", "model": "28.xyz", "model_rescale": 4.5098078930637895, "target_rescale": 4.15665036721587},
{"mapping": [1, 5, 2, 4, 11, 7, 8, 9, 6, 0, 3, 12], "R": [[0.19178391083679186, -0.8486027295605756, 0.49304395232726067], [0.6053646729356319, 0.49770343657557836, 0.6211480515806154], [-0.7724976014886267, 0.17934518840269967, 0.6091656253360979]], "T": [-0.009015725872998311, -0.010597020181238065, 0.08251880815261445], "aligned_model": [[-0.4684468568073696, 0.39686070822256975, 0.23374255833463842, 0.18595474199764395, 0.19377582341578276, -0.22216586698550025, -0.6172187493510619, -0.4284802689592621, 0.0018078258570080642, -0.07339397444180787, 0.5810076243632057, -0.1613103240309235], [-0.7556018770775303, 0.40112042903906686, 0.4256840620972917, -0.6576386296511744, -0.632390665198262, 0.5617868391505628, 0.06409017946250697, 0.3024730972101116, -0.09657623064898904, -0.25790521738947436, -0.15994196996311846, -0.07201259759076448], [0.2275342176261788, -0.33697169527097914, 0.4276696118954316, -0.40201284642213075, 0.2235765809264725, 0.0002267169468073843, -0.48786898931045297, 0.431627115780172, -0.8250674015282395, 0.7156299238834392, 0.08608285983512966, -0.06042609436182897]], "inverted": true, "swapped": false, "error_lsq": 0.049098741064990875, "error_max": 0.2665128833388849, "target": "105.xyz", "model": "29.xyz", "model_rescale": 4.466005838112752, "target_rescale": 4.15665036721587},
