[{"mapping": [10, 4, 8, 7, 1, 2, 9, 3, 6, 3, 5, 11], "R": [[0.08168958492430994, -0.9683649170027896, -0.2357884628922169], [-0.6067019883056014, -0.23601116754535345, 0.7590859148870496], [-0.7907208793885008, 0.08104391594721633, -0.6067885748652628]], "T": [-0.06216949149648026, -0.01153481535881215, -0.07450905137451608], "aligned_model": [[-0.43032196021419, 0.3374594135893454, 0.2800046202740492, 0.23075475012432506, -0.0007288130955876368, -0.3107327198223039, -0.6173690895662618, -0.12368559047023203, 0.0437076207722532, -0.12368559047023203, 0.5245065429414173, -0.18777594244765947], [-0.6541797668642652, 0.39733717051087447, 0.3488511430995722, -0.6679725741622259, -0.6716386929879878, 0.6557146677826212, -0.05200933168009089, 0.05354423259844701, -0.06580213897805162, 0.05354423259844701, -0.20483326467329974, -0.06946825780381374], [-0.08171882434526273, -0.37197796502060065, 0.24336640825452488, -0.3558574519028626, 0.38318097326720457, 0.20312670924950665, -0.5630742717662172, 0.6844821566704611, -0.837212899323817, 0.6844821566704611, 0.10937748240035369, -0.09817447415374968]], "inverted": true, "swapped": false, "error_lsq": 0.06104551372133891, "error_max": 0.4726836789317853, "target": "106.xyz", "model": "0.xyz", "model_rescale": 4.5108708085295355, "target_rescale": 4.15665036721587},
{"mapping": [9, 5, 8, 6, 0, 3, 10, 2, 7, 2, 4, 11], "R": [[-0.08168958492431017, 0.9683649170027897, -0.2357884628922168], [0.6067019883056012, 0.23601116754535362, 0.7590859148870497], [0.7907208793885009, -0.08104391594721613, -0.6067885748652626]], "T": [-0.06216949149648021, -0.011534815358812206, -0.07450905137451604], "aligned_model": [[-0.4303219602141899, 0.33745941358934545, 0.2800046202740491, 0.23075475012432511, -0.0007288130955876437, -0.3107327198223039, -0.6173690895662616, -0.12368559047023218, 0.04370762077225342, -0.12368559047023218, 0.5245065429414172, -0.18777594244765936], [-0.6541797668642648, 0.39733717051087447, 0.348851143099572, -0.6679725741622256, -0.671638692987988, 0.6557146677826209, -0.05200933168009089, 0.0535442325984469, -0.06580213897805151, 0.0535442325984469, -0.20483326467329957, -0.06946825780381387], [-0.081718824345263, -0.3719779650206003, 0.2433664082545251, -0.3558574519028627, 0.38318097326720446, 0.20312670924950688, -0.5630742717662169, 0.6844821566704608, -0.8372128993238167, 0.6844821566704608, 0.10937748240035357, -0.09817447415374961]], "inverted": false, "swapped": false, "error_lsq": 0.061045513721338894, "error_max": 0.47268367893178503, "target": "106.xyz", "model": "1.xyz", "model_rescale": 4.510870808529536, "target_rescale": 4.15665036721587},
{"mapping": [10, 4, 8, 7, 1, 2, 9, 3, 6, 3, 5, 11], "R": [[0.08168958492430994, -0.9683649170027896, -0.2357884628922169], [-0.6067019883056014, -0.23601116754535345, 0.7590859148870496], [-0.7907208793885008, 0.08104391594721633, -0.6067885748652628]], "T": [-0.06216949149648027, -0.01153481535881215, -0.07450905137451609], "aligned_model": [[-0.43032196021419, 0.3374594135893454, 0.28000462027404927, 0.23075475012432506, -0.0007288130955876437, -0.3107327198223039, -0.6173690895662618, -0.12368559047023203, 0.043707620772253195, -0.12368559047023203, 0.5245065429414173, -0.18777594244765938], [-0.6541797668642652, 0.39733717051087447, 0.348851143099572, -0.6679725741622259, -0.6716386929879878, 0.6557146677826212, -0.05200933168009089, 0.05354423259844701, -0.06580213897805162, 0.05354423259844701, -0.20483326467329974, -0.06946825780381397], [-0.08171882434526274, -0.37197796502060065, 0.24336640825452505, -0.3558574519028626, 0.38318097326720457, 0.20312670924950665, -0.5630742717662172, 0.684482156670461, -0.837212899323817, 0.684482156670461, 0.10937748240035368, -0.09817447415374951]], "inverted": true, "swapped": false, "error_lsq": 0.06104551372133891, "error_max": 0.47268367893178526, "target": "106.xyz", "model": "2.xyz", "model_rescale": 4.5108708085295355, "target_rescale": 4.15665036721587},
{"mapping": [12, 5, 4, 3, 2, 6, 10, 9, 1, 0, 8, 13], "R": [[-0.5547461805208116, -0.8316410364523954, 0.02509704536308704], [0.8269887838124246, -0.5478288956286519, 0.1263845424201034], [-0.09135768520501436, 0.09086631720652744, 0.9916637967331996]], "T": [-0.04974951828454874, -0.05088614393377411, -0.002365895856064052], "aligned_model": [[-0.4445168783828055, 0.4023518973933121, 0.422265665838475, 0.26086468078548664, 0.28077844923064954, -0.22064022295930683, -0.6339515913620324, -0.6140378229168695, -0.15400442299244033, -0.1141768861021145, 0.5712910276298462, -0.13409065454727742], [-0.5441691265493177, 0.22695709482906173, 0.3272395175760649, -0.6587409128545737, -0.5584584901075705, 0.6490090177440542, -0.043345212836589826, 0.05693720991041333, -0.15472484989461335, 0.04583999559939292, -0.16901439682848468, -0.05444242714761021], [-0.32957808074660827, -0.44928834859177375, 0.3375677509171045, -0.33282806346545424, 0.454028036043424, 0.3128298781935699, -0.38861235201424815, 0.3982437474946301, -0.7866342508512163, 0.78707794816654, -0.0030281138036275445, 0.00022184865766189475]], "inverted": true, "swapped": false, "error_lsq": 0.05296764520135074, "error_max": 0.35906394691581384, "target": "106.xyz", "model": "3.xyz", "model_rescale": 4.509807743048502, "target_rescale": 4.15665036721587},
{"mapping": [12, 4, 5, 2, 3, 7, 9, 10, 0, 1, 8, 13], "R": [[0.551193399154398, 0.8306472420271138, -0.0788098727404758], [-0.8326371486892472, 0.5536820221392302, 0.01231247263766307], [0.053862931142491174, 0.05883347408204319, 0.9968136270016461]], "T": [-0.0444336567541933, -0.0515546619157201, -0.06762318173334077], "aligned_model": [[-0.46051058683998414, 0.44839637627593537, 0.38586305674602445, 0.30515759021693994, 0.24262427068702902, -0.25446837611466494, -0.585669418154882, -0.648202737684793, -0.06601465878627308, -0.19108129784609504, 0.5745870014318707, -0.12854797831618403], [-0.4940393138779356, 0.27498614005361066, 0.28475572549869466, -0.6180564989170823, -0.6082869134719984, 0.6079709479951032, 0.000693653475124914, 0.010463238920208853, -0.06505752944842283, -0.04551835855825494, -0.16953572822548252, -0.05528794400333888], [0.30295002899044826, -0.43069603576707194, 0.3602463028195172, -0.43099004001849667, 0.35995229856809247, 0.305628252018682, -0.5090631174487599, 0.2818792211378293, -0.8651696365419375, 0.7167150406312414, -0.01722501643419455, -0.07422729795534813]], "inverted": false, "swapped": false, "error_lsq": 0.05219957531648233, "error_max": 0.3483473520740811, "target": "106.xyz", "model": "4.xyz", "model_rescale": 4.509807743048502, "target_rescale": 4.15665036721587},
{"mapping": [11, 4, 5, 2, 3, 7, 9, 10, 0, 1, 8, 13], "R": [[0.5547461805208116, 0.8316410364523954, 0.02509704536308706], [-0.8269887838124246, 0.5478288956286519, 0.12638454242010344], [0.0913576852050144, -0.09086631720652749, 0.9916637967331996]], "T": [-0.04974951828454874, -0.050886143933774136, -0.0023658958560642393], "aligned_model": [[-0.4445168783828055, 0.4023518973933121, 0.422265665838475, 0.26086468078548664, 0.28077844923064954, -0.2206402229593068, -0.6339515913620324, -0.6140378229168695, -0.15400442299244035, -0.11417688610211449, 0.5712910276298462, -0.13409065454727742], [-0.5441691265493177, 0.2269570948290617, 0.32723951757606484, -0.6587409128545737, -0.5584584901075705, 0.6490090177440542, -0.04334521283658984, 0.056937209910413344, -0.1547248498946134, 0.04583999559939292, -0.16901439682848468, -0.0544424271476102], [-0.3295780807466082, -0.4492883485917738, 0.3375677509171044, -0.3328280634654542, 0.454028036043424, 0.31282987819356983, -0.38861235201424815, 0.39824374749463004, -0.7866342508512165, 0.7870779481665398, -0.0030281138036274387, 0.0002218486576620023]], "inverted": false, "swapped": false, "error_lsq": 0.05296764520135074, "error_max": 0.3590639469158138, "target": "106.xyz", "model": "5.xyz", "model_rescale": 4.509807743048502, "target_rescale": 4.15665036721587},
{"mapping": [11, 4, 5, 2, 3, 7, 9, 10, 0, 1, 8, 13], "R": [[0.5547462407288964, 0.8316409962003991, 0.025097048351650143], [-0.8269887444078056, 0.5478289553007781, 0.12638454160560658], [0.09135767630559982, -0.09086632584662817, 0.9916637967613701]], "T": [-0.04974953590053061, -0.05088615458475306, -0.0023658939794790616], "aligned_model": [[-0.4445169706275769, 0.4023519624100503, 0.42226573391820527, 0.2608648055960446, 0.28077857710419957, -0.220640384911596, -0.6339513578788714, -0.6140375863707164, -0.15400453851887574, -0.11417699550256588, 0.5712907634073464, -0.1340907670107208], [-0.5441692424222065, 0.22695718805056422, 0.3272396136343469, -0.6587408608132306, -0.5584584352294479, 0.649008957623023, -0.04334508174725662, 0.05693734383652605, -0.15472493027763676, 0.04583992088992853, -0.1690145494105294, -0.054442504693854116], [-0.3295780766727008, -0.44928837706172564, 0.33756774979898124, -0.3328280885047558, 0.45402803835595107, 0.3128299050041838, -0.3886123866745336, 0.39824374018617326, -0.7866342651492765, 0.787077988572137, -0.0030280895658621053, 0.00022186171143020886]], "inverted": false, "swapped": false, "error_lsq": 0.05296763787398418, "error_max": 0.3590638849895073, "target": "106.xyz", "model": "6.xyz", "model_rescale": 4.509807586411629, "target_rescale": 4.15665036721587},
{"mapping": [12, 4, 5, 2, 3, 7, 9, 10, 0, 1, 8, 13], "R": [[0.5511934586942022, 0.8306472020805343, -0.07880987735368508], [-0.8326371088998686, 0.55368208200158, 0.012312471452313324], [0.053862936938038036, 0.05883347470765137, 0.9968136266515588]], "T": [-0.04443367384382342, -0.051554672631272405, -0.06762318531412904], "aligned_model": [[-0.46051068011292495, 0.4483964463262983, 0.38586312096400294, 0.3051577193687776, 0.24262439400648222, -0.25446854131001656, -0.5856691798597714, -0.6482025052220669, -0.06601476476586617, -0.19108141549045704, 0.5745867378386269, -0.1285480901281616], [-0.49403942954039215, 0.27498623579857295, 0.28475582064243876, -0.6180564444683554, -0.6082868596244897, 0.6079708854036562, 0.0006937879209855391, 0.01046337276485132, -0.06505760714364009, -0.04551843745590851, -0.16953588255771773, -0.055288022299774295], [0.3029500321847982, -0.4306960450554685, 0.3602463207247381, -0.430990045849098, 0.3599523199311086, 0.3056282511361308, -0.5090631190527566, 0.28187924672745, -0.8651696743665508, 0.716715057193863, -0.017225034987868496, -0.07422730858634412]], "inverted": false, "swapped": false, "error_lsq": 0.052199567628767325, "error_max": 0.3483472822661384, "target": "106.xyz", "model": "7.xyz", "model_rescale": 4.509807586411629, "target_rescale": 4.15665036721587},
{"mapping": [11, 4, 5, 2, 3, 7, 9, 10, 0, 1, 8, 13], "R": [[0.5547462407288961, 0.8316409962003992, 0.02509704835165015], [-0.8269887444078057, 0.5478289553007778, 0.12638454160560655], [0.09135767630559985, -0.09086632584662815, 0.99166379676137]], "T": [-0.049749535900530606, -0.05088615458475307, -0.0023658939794791297], "aligned_model": [[-0.444516970627577, 0.4023519624100504, 0.4222657339182054, 0.26086480559604436, 0.28077857710419935, -0.22064038491159577, -0.6339513578788711, -0.6140375863707161, -0.15400453851887574, -0.11417699550256585, 0.5712907634073463, -0.13409076701072078], [-0.5441692424222064, 0.22695718805056406, 0.3272396136343467, -0.6587408608132307, -0.558458435229448, 0.6490089576230231, -0.04334508174725641, 0.05693734383652621, -0.1547249302776367, 0.045839920889928526, -0.16901454941052957, -0.05444250469385405], [-0.32957807667270084, -0.44928837706172564, 0.3375677497989812, -0.3328280885047558, 0.454028038355951, 0.31282990500418373, -0.3886123866745336, 0.3982437401861732, -0.7866342651492766, 0.7870779885721368, -0.0030280895658618594, 0.00022186171143043134]], "inverted": false, "swapped": false, "error_lsq": 0.052967637873984175, "error_max": 0.35906388498950736, "target": "106.xyz", "model": "8.xyz", "model_rescale": 4.509807586411629, "target_rescale": 4.15665036721587},
{"mapping": [9, 6, 7, 2, 3, 5, 11, 12, 0, 1, 8, 13], "R": [[-0.5547461253962125, -0.8316410730397676, 0.02509705144342974], [0.8269888198690867, -0.547828839634074, 0.12638454920091985], [-0.09135769354260947, 0.09086631993455296, 0.9916637957151238]], "T": [-0.04974954852385601, -0.050886095723642534, -0.00236590127719762], "aligned_model": [[-0.4445168692933212, 0.40235181835765493, 0.4222655926808599, 0.2608647195907861, 0.28077849391399107, -0.22064030870461473, -0.6339515589018616, -0.6140377845786567, -0.1540044330085159, -0.11417688436210588, 0.5712911146060182, -0.1340906586853109], [-0.5441690202720226, 0.22695706317370992, 0.3272394966061839, -0.6587408595029729, -0.558458426070499, 0.6490090562741776, -0.04334506798945066, 0.05693736544302332, -0.15472505104896556, 0.04583981581598238, -0.16901433537244787, -0.054442617616491586], [-0.3295781102703378, -0.44928836889438944, 0.3375677714325532, -0.3328280905409441, 0.45402804978599853, 0.31282989316084375, -0.38861238936869225, 0.3982437509582504, -0.7866342667879602, 0.7870780138659248, -0.0030281268802268254, 0.0002218735389822495]], "inverted": false, "swapped": false, "error_lsq": 0.052967642579660766, "error_max": 0.3590640055916914, "target": "106.xyz", "model": "9.xyz", "model_rescale": 4.509807504472865, "target_rescale": 4.15665036721587},
{"mapping": [10, 6, 7, 2, 3, 5, 11, 12, 0, 1, 8, 13], "R": [[-0.5511933433550105, -0.8306472789347651, -0.0788098739968303], [0.832637185992959, -0.5536819661049848, 0.012312469770331574], [-0.05386292549474357, -0.0588334803355139, 0.9968136269377332]], "T": [-0.04443368641379977, -0.05155461320234494, -0.06762318814789102], "aligned_model": [[-0.4605105767839447, 0.44839630319103163, 0.385862979356133, 0.3051576340150183, 0.24262431018011962, -0.254468465648373, -0.5856693799378173, -0.6482027037727159, -0.0660146586989643, -0.19108130636876153, 0.5745870886170604, -0.1285479825338629], [-0.4940392023843183, 0.27498611465863565, 0.28475569834540193, -0.618056439200251, -0.6082868555134846, 0.6079709812118412, 0.0006938061409362331, 0.01046338982770257, -0.06505771950924896, -0.04551855213571629, -0.16953566617878885, -0.055288135822482626], [0.302950044221968, -0.43069606421735496, 0.3602463161605671, -0.4309900630284751, 0.359952317349447, 0.30562826377311064, -0.5090631413960178, 0.28187923898190426, -0.8651696798824975, 0.7167150808733472, -0.017225013331421832, -0.07422729950457523]], "inverted": false, "swapped": false, "error_lsq": 0.05219957268388783, "error_max": 0.3483474152040187, "target": "106.xyz", "model": "10.xyz", "model_rescale": 4.509807504472865, "target_rescale": 4.15665036721587},
{"mapping": [9, 7, 6, 3, 2, 4, 12, 11, 1, 0, 8, 13], "R": [[0.5511933433550112, 0.8306472789347646, -0.07880987399683015], [-0.8326371859929586, 0.5536819661049855, 0.012312469770331503], [0.05386292549474349, 0.05883348033551375, 0.9968136269377333]], "T": [-0.04443368641379981, -0.051554613202344945, -0.06762318814789092], "aligned_model": [[-0.46051057678394436, 0.44839630319103135, 0.38586297935613284, 0.30515763401501866, 0.24262431018012015, -0.25446846564837355, -0.5856693799378176, -0.648202703772716, -0.06601465869896447, -0.19108130636876142, 0.5745870886170605, -0.12854798253386293], [-0.49403920238431864, 0.2749861146586361, 0.2847556983454024, -0.6180564392002508, -0.6082868555134844, 0.6079709812118408, 0.0006938061409357266, 0.010463389827702008, -0.06505771950924899, -0.04551855213571643, -0.16953566617878835, -0.05528813582248271], [0.30295004422196825, -0.4306960642173552, 0.3602463161605672, -0.43099006302847526, 0.3599523173494471, 0.30562826377311086, -0.5090631413960178, 0.2818792389819045, -0.8651696798824973, 0.7167150808733473, -0.017225013331422026, -0.07422729950457531]], "inverted": true, "swapped": false, "error_lsq": 0.05219957268388784, "error_max": 0.3483474152040189, "target": "106.xyz", "model": "11.xyz", "model_rescale": 4.509807504472865, "target_rescale": 4.15665036721587},
{"mapping": [9, 6, 7, 2, 3, 5, 11, 12, 0, 1, 8, 13], "R": [[-0.554746234820343, -0.831641000262735, 0.025097044340924184], [0.8269887482777811, -0.5478289500127266, 0.12638453920437578], [-0.09135767715196061, 0.09086632054810434, 0.9916637971689031]], "T": [-0.04974965796894354, -0.05088617023860966, -0.0023658889142839277], "aligned_model": [[-0.4445170785894426, 0.4023518263049781, 0.4222655938354452, 0.26086466872255515, 0.28077843625302223, -0.22064031266535192, -0.6339514546789748, -0.6140376871485078, -0.15400434586136774, -0.11417681080043357, 0.571290984573902, -0.13409057833090066], [-0.5441692350308464, 0.2269571593219056, 0.32723957899541145, -0.6587408534978676, -0.5584584338243618, 0.6490090359107064, -0.04334509297299861, 0.05693732670050721, -0.1547250012285548, 0.04583983811845679, -0.1690143214970821, -0.054442581555049004], [-0.3295780615805663, -0.44928835131243, 0.33756774444703597, -0.3328280700944546, 0.4540280256650113, 0.3128298780755656, -0.38861236902137986, 0.3982437267380861, -0.7866342293973607, 0.7870779621215709, -0.003028122003181447, 0.00022186636210510006]], "inverted": false, "swapped": false, "error_lsq": 0.05296762688257728, "error_max": 0.35906384199574465, "target": "106.xyz", "model": "12.xyz", "model_rescale": 4.509807766519439, "target_rescale": 4.15665036721587},
{"mapping": [10, 6, 7, 2, 3, 5, 11, 12, 0, 1, 8, 13], "R": [[-0.551193453409829, -0.8306472058751461, -0.07880987431762203], [0.8326371124374544, -0.5536820766429457, 0.01231247319481963], [-0.05386293632884008, -0.05883347156311492, 0.9968136268700721]], "T": [-0.044433796035317184, -0.05155468871880678, -0.06762319211029562], "aligned_model": [[-0.4605107874819566, 0.44839630551121656, 0.3858629850553361, 0.30515757843430696, 0.2426242579784265, -0.25446846550762786, -0.585669281403242, -0.6482026018591225, -0.06601458214061065, -0.1910812230523716, 0.5745869586770598, -0.12854790259649113], [-0.4940394247797629, 0.2749862030007094, 0.2847557888370357, -0.6180564406646655, -0.6082868548283392, 0.6079709675823912, 0.0006937727421233025, 0.010463358578449586, -0.0650576853878914, -0.04551851371523885, -0.16953565237301924, -0.05528809955156513], [0.3029500123675134, -0.43069603921488814, 0.36024629515090417, -0.4309900384726098, 0.3599522958931825, 0.3056282422899101, -0.509063106678732, 0.28187922768706036, -0.8651696242413766, 0.7167150444902086, -0.017225019395586655, -0.07422728987558405]], "inverted": false, "swapped": false, "error_lsq": 0.05219955659789527, "error_max": 0.34834724004633366, "target": "106.xyz", "model": "13.xyz", "model_rescale": 4.509807766519439, "target_rescale": 4.15665036721587},
{"mapping": [9, 7, 6, 3, 2, 4, 12, 11, 1, 0, 8, 13], "R": [[0.5511934534098288, 0.8306472058751461, -0.07880987431762213], [-0.8326371124374544, 0.5536820766429456, 0.01231247319481961], [0.05386293632884012, 0.05883347156311501, 0.9968136268700722]], "T": [-0.04443379603531718, -0.05155468871880678, -0.06762319211029551], "aligned_model": [[-0.4605107874819567, 0.4483963055112166, 0.38586298505533606, 0.3051575784343069, 0.24262425797842635, -0.2544684655076278, -0.5856692814032419, -0.6482026018591225, -0.06601458214061058, -0.19108122305237168, 0.5745869586770598, -0.1285479025964911], [-0.4940394247797628, 0.2749862030007093, 0.28475578883703556, -0.6180564406646654, -0.6082868548283391, 0.6079709675823912, 0.000693772742123365, 0.010463358578449627, -0.06505768538789138, -0.04551851371523886, -0.1695356523730193, -0.05528809955156512], [0.3029500123675135, -0.43069603921488825, 0.3602462951509044, -0.43099003847260997, 0.35995229589318267, 0.30562824228991026, -0.5090631066787322, 0.2818792276870605, -0.8651696242413764, 0.7167150444902086, -0.017225019395586683, -0.07422728987558413]], "inverted": true, "swapped": false, "error_lsq": 0.05219955659789529, "error_max": 0.3483472400463338, "target": "106.xyz", "model": "14.xyz", "model_rescale": 4.509807766519439, "target_rescale": 4.15665036721587},
{"mapping": [9, 7, 8, 4, 0, 3, 10, 2, 5, 2, 6, 11], "R": [[0.0816895550107426, -0.9683649215906714, -0.23578845441378155], [-0.6067019609662628, -0.23601114570708098, 0.7590859435279529], [-0.7907209034557252, 0.08104392472433741, -0.6067885423303886]], "T": [-0.06216937740944757, -0.011534847805809517, -0.07450915130732677], "aligned_model": [[-0.4303217948627271, 0.3374594493746949, 0.2800046431227719, 0.23075453537607937, -0.0007288370795296567, -0.3107327023749612, -0.6173689329302157, -0.12368556430747268, 0.043707397308590815, -0.12368556430747268, 0.5245065874421834, -0.18777597514701816], [-0.6541797492362403, 0.3973372137223843, 0.34885129537353676, -0.6679726690766044, -0.6716386229572823, 0.6557145930540587, -0.05200924162098722, 0.05354408543880548, -0.06580216146135129, 0.05354408543880548, -0.20483329389286892, -0.06946811534202925], [-0.08171886345683899, -0.3719779849078697, 0.24336661369489027, -0.3558574902158767, 0.3831811573515655, 0.2031265829210504, -0.5630743248055372, 0.6844820442697486, -0.837212951564575, 0.6844820442697486, 0.10937747644082846, -0.09817430399713256]], "inverted": false, "swapped": false, "error_lsq": 0.061045500415466476, "error_max": 0.4726836406076927, "target": "106.xyz", "model": "15.xyz", "model_rescale": 4.510870436145588, "target_rescale": 4.15665036721587},
{"mapping": [9, 7, 8, 4, 0, 3, 10, 2, 5, 2, 6, 11], "R": [[0.08168955501074193, -0.9683649215906713, -0.23578845441378182], [-0.6067019609662632, -0.23601114570708082, 0.7590859435279527], [-0.7907209034557252, 0.08104392472433808, -0.6067885423303887]], "T": [-0.062169377409447626, -0.01153484780580949, -0.07450915130732681], "aligned_model": [[-0.4303217948627272, 0.3374594493746947, 0.28000464312277207, 0.23075453537607898, -0.0007288370795294624, -0.31073270237496087, -0.6173689329302159, -0.12368556430747218, 0.04370739730859027, -0.12368556430747218, 0.5245065874421834, -0.18777597514701816], [-0.6541797492362402, 0.39733721372238395, 0.3488512953735368, -0.6679726690766046, -0.6716386229572822, 0.6557145930540587, -0.05200924162098747, 0.053544085438805844, -0.0658021614613517, 0.053544085438805844, -0.20483329389286886, -0.06946811534202929], [-0.08171886345683864, -0.37197798490787004, 0.24336661369489, -0.35585749021587687, 0.3831811573515657, 0.20312658292105057, -0.5630743248055368, 0.6844820442697487, -0.837212951564575, 0.6844820442697487, 0.10937747644082814, -0.09817430399713245]], "inverted": false, "swapped": false, "error_lsq": 0.06104550041546649, "error_max": 0.4726836406076932, "target": "106.xyz", "model": "16.xyz", "model_rescale": 4.510870436145588, "target_rescale": 4.15665036721587},
{"mapping": [10, 6, 8, 5, 1, 2, 9, 3, 4, 3, 7, 11], "R": [[-0.08168955501074154, 0.9683649215906716, -0.23578845441378127], [0.6067019609662636, 0.2360111457070801, 0.7590859435279527], [0.7907209034557249, -0.08104392472433819, -0.6067885423303891]], "T": [-0.062169377409447606, -0.011534847805809427, -0.07450915130732691], "aligned_model": [[-0.4303217948627277, 0.337459449374695, 0.2800046431227724, 0.2307545353760786, -0.0007288370795299412, -0.3107327023749604, -0.617368932930216, -0.12368556430747213, 0.043707397308590294, -0.12368556430747213, 0.5245065874421834, -0.18777597514701813], [-0.6541797492362401, 0.3973372137223836, 0.3488512953735366, -0.6679726690766049, -0.6716386229572818, 0.6557145930540592, -0.05200924162098718, 0.053544085438806184, -0.06580216146135204, 0.053544085438806184, -0.2048332938928693, -0.06946811534202929], [-0.08171886345683829, -0.3719779849078704, 0.2433666136948898, -0.3558574902158764, 0.3831811573515659, 0.20312658292105004, -0.5630743248055369, 0.6844820442697487, -0.8372129515645751, 0.6844820442697487, 0.10937747644082826, -0.0981743039971324]], "inverted": true, "swapped": false, "error_lsq": 0.061045500415466476, "error_max": 0.4726836406076932, "target": "106.xyz", "model": "17.xyz", "model_rescale": 4.510870436145588, "target_rescale": 4.15665036721587},
{"mapping": [0, 6, 2, 3, 11, 8, 7, 10, 5, 1, 4, 12], "R": [[-0.1917839413027315, 0.848602719292843, 0.4930439581489492], [-0.605364639738374, -0.49770346612906785, 0.6211480602541883], [0.7724976199399061, -0.17934515497192577, 0.6091656117799795]], "T": [-0.009015717541673816, -0.010596992502539378, 0.08251878104487549], "aligned_model": [[-0.46844686979151623, 0.39686073147371664, 0.23374256130684054, 0.18595477146455855, 0.19377579961202954, -0.22216587232000715, -0.6172187764737891, -0.42848029811050886, 0.0018078273199347086, -0.07339396563773434, 0.5810076756183404, -0.16131034284694143], [-0.7556017961801526, 0.4011203805639056, 0.4256840468206448, -0.6576385850949756, -0.6323907326453353, 0.561786826674351, 0.06409013846389766, 0.3024730947284689, -0.09657630764654784, -0.2579051079696991, -0.1599418968845221, -0.07201264138980876], [0.22753412897098718, -0.33697166162567543, 0.42766967483410917, -0.4020129540386926, 0.22357667262615133, 0.00022674815375271773, -0.4878689683981469, 0.43162717133678835, -0.825067378177575, 0.7156298455228869, 0.08608276251320703, -0.06042604171779052]], "inverted": false, "swapped": false, "error_lsq": 0.04909873169909073, "error_max": 0.2665127692821447, "target": "106.xyz", "model": "18.xyz", "model_rescale": 4.466005644533647, "target_rescale": 4.15665036721587},
{"mapping": [11, 5, 4, 1, 0, 6, 9, 8, 3, 2, 12, 13], "R": [[-0.5547462602266781, -0.8316409832719122, 0.025097045783166863], [0.8269887316496513, -0.5478289751650284, 0.12638453898375523], [-0.09135767339975538, 0.09086632441208539, 0.9916637971605204]], "T": [-0.04974959740358023, -0.050886130024611356, -0.0023658955407506346], "aligned_model": [[-0.44451700969982466, 0.4023518816379421, 0.42226565055537024, 0.2608647496405154, 0.28077851855794356, -0.2206402736051333, -0.6339514035026972, -0.6140376345852689, -0.15400447199669576, -0.11417693416183945, 0.5712908718538788, -0.1340907030792676], [-0.5441692124004461, 0.2269572169855823, 0.327239637705644, -0.6587408110021786, -0.558458390282117, 0.6490090791900531, -0.043345069892439816, 0.05693735082762191, -0.1547250861237473, 0.04583975531637614, -0.16901438548043649, -0.05444266540368559], [-0.3295780705886434, -0.449288365503413, 0.33756773983465815, -0.3328280829901164, 0.45402802234795475, 0.3128298768831369, -0.38861237725210984, 0.3982437280859613, -0.7866342249792101, 0.7870779856969322, -0.00302811189400928, 0.00022188035886089915]], "inverted": true, "swapped": false, "error_lsq": 0.05296763331790866, "error_max": 0.3590638763089168, "target": "106.xyz", "model": "19.xyz", "model_rescale": 4.509807711582247, "target_rescale": 4.15665036721587},
{"mapping": [11, 4, 5, 0, 1, 7, 8, 9, 2, 3, 12, 13], "R": [[0.5511934785074997, 0.8306471890253065, -0.07880987638081605], [-0.8326370956652452, 0.5536821018782121, 0.012312472614006243], [0.053862938770067634, 0.05883347197031727, 0.9968136267141267]], "T": [-0.044433735333767335, -0.0515546480462935, -0.06762318864639551], "aligned_model": [[-0.4605107190913781, 0.44839636295354646, 0.385863040098819, 0.305157661148666, 0.24262433829393854, -0.25446842794978247, -0.5856692281267598, -0.6482025509814872, -0.06601470412755389, -0.1910813498370087, 0.5745868462162046, -0.1285480269822813], [-0.494039401414269, 0.27498626190335984, 0.2847558473978381, -0.618056396974611, -0.6082868114801329, 0.6079710106103209, 0.0006937968789810789, 0.010463382373459298, -0.06505776974847097, -0.045518598759514535, -0.1695357170927413, -0.055288184253992755], [0.3029500204404206, -0.4306960399286895, 0.360246303948399, -0.4309900378173248, 0.3599523060597637, 0.30562824875125044, -0.5090631096048513, 0.2818792342722372, -0.8651696435508068, 0.7167150442033697, -0.01722502710004746, -0.0742272996737186]], "inverted": false, "swapped": false, "error_lsq": 0.0521995630350246, "error_max": 0.34834727419367084, "target": "106.xyz", "model": "20.xyz", "model_rescale": 4.509807711582248, "target_rescale": 4.15665036721587},
{"mapping": [1, 5, 2, 4, 11, 7, 8, 9, 6, 0, 3, 12], "R": [[0.19178394130273052, -0.8486027192928431, 0.4930439581489491], [0.6053646397383741, 0.4977034661290673, 0.6211480602541884], [-0.772497619939906, 0.1793451549719264, 0.6091656117799791]], "T": [-0.00901571754167374, -0.010596992502539315, 0.08251878104487553], "aligned_model": [[-0.46844686979151556, 0.39686073147371603, 0.2337425613068405, 0.1859547714645588, 0.19377579961203015, -0.22216587232000767, -0.6172187764737894, -0.4284802981105089, 0.0018078273199342854, -0.07339396563773383, 0.5810076756183405, -0.16131034284694146], [-0.7556017961801528, 0.40112038056390587, 0.42568404682064487, -0.6576385850949753, -0.6323907326453352, 0.561786826674351, 0.06409013846389755, 0.3024730947284686, -0.09657630764654757, -0.25790510796969934, -0.1599418968845219, -0.0720126413898088], [0.22753412897098751, -0.3369716616256757, 0.427669674834109, -0.40201295403869264, 0.22357667262615114, 0.00022674815375287038, -0.4878689683981463, 0.4316271713367886, -0.8250673781775748, 0.7156298455228867, 0.08608276251320648, -0.060426041717790396]], "inverted": true, "swapped": false, "error_lsq": 0.049098731699090736, "error_max": 0.2665127692821453, "target": "106.xyz", "model": "21.xyz", "model_rescale": 4.466005644533646, "target_rescale": 4.15665036721587},
{"mapping": [0, 6, 2, 3, 11, 8, 7, 10, 5, 1, 4, 12], "R": [[-0.19178402125523492, 0.8486027262168382, 0.4930439151318279], [-0.6053645983772692, -0.4977034903933798, 0.6211480811221864], [0.7724976325029734, -0.17934505487354968, 0.6091656253185207]], "T": [-0.009015707748596839, -0.010596997651929466, 0.08251877730461538], "aligned_model": [[-0.4684469852226349, 0.39686069445486544, 0.233742645224256, 0.18595471924562118, 0.1937760721354898, -0.22216594147026286, -0.6172188143344572, -0.4284802221200618, 0.0018078215906710514, -0.07339411235844051, 0.5810075921098156, -0.16131022763993846], [-0.7556017361160584, 0.401120406485653, 0.4256840019506736, -0.6576385670327013, -0.6323909067445177, 0.5617868817039245, 0.06409017276920191, 0.30247306113648487, -0.09657630244906963, -0.25790502718133584, -0.15994185809797873, -0.07201270698404913], [0.22753414200710126, -0.33697163263397084, 0.42766965406347773, -0.40201289248983435, 0.2235766583521076, 0.00022671675994104246, -0.48786901456624393, 0.43162709756064993, -0.8250673639601558, 0.7156298733332862, 0.0860828388363506, -0.060426077262707295]], "inverted": false, "swapped": false, "error_lsq": 0.04909872574431302, "error_max": 0.2665127202939928, "target": "106.xyz", "model": "22.xyz", "model_rescale": 4.46600560860683, "target_rescale": 4.15665036721587},
{"mapping": [10, 4, 5, 0, 1, 7, 8, 9, 2, 3, 12, 13], "R": [[0.5547462002089824, 0.831641023291762, 0.02509704627892642], [-0.8269887709230347, 0.5478289151469228, 0.12638454215668243], [0.09135768233106784, -0.09086631998257938, 0.9916637967435936]], "T": [-0.04974959594457186, -0.05088612854554773, -0.002365895829041931], "aligned_model": [[-0.4445169518003551, 0.4023518183787544, 0.42226558785385254, 0.26086462077490746, 0.2807783902500056, -0.2206403183521976, -0.6339514951946744, -0.6140377257195763, -0.15400437986466303, -0.11417684091446677, 0.5712911465929016, -0.13409061038956488], [-0.5441691276202767, 0.22695712539964388, 0.32723954946471423, -0.6587408991784811, -0.5584584751134107, 0.6490090395252427, -0.04334508918368491, 0.056937334881385464, -0.1547250212279974, 0.045839826902143326, -0.16901424724612496, -0.05444259716292702], [-0.3295780845845076, -0.4492883568966648, 0.3375677546025743, -0.3328280702039714, 0.4540280412952677, 0.3128298842872545, -0.3886123757310781, 0.398243735768161, -0.786634242191481, 0.7870779808069971, -0.0030281364603078256, 0.00022186930775805816]], "inverted": false, "swapped": false, "error_lsq": 0.05296763346492544, "error_max": 0.3590639289606105, "target": "106.xyz", "model": "23.xyz", "model_rescale": 4.509807674373902, "target_rescale": 4.15665036721587},
{"mapping": [11, 4, 5, 0, 1, 7, 8, 9, 2, 3, 12, 13], "R": [[0.5511934186444043, 0.8306472289729353, -0.07880987401765496], [-0.832637135672854, 0.5536820417221637, 0.012312472248972639], [0.053862932909376986, 0.058833474093923116, 0.9968136269054712]], "T": [-0.04443373399139174, -0.05155464652715014, -0.0676231890547693], "aligned_model": [[-0.4605106603946342, 0.44839629923893504, 0.3858629777433729, 0.3051575319602372, 0.24262421046467506, -0.2544684724004399, -0.585669320235825, -0.6482026417313871, -0.06601461302347816, -0.19108125601460238, 0.5745871205271101, -0.12854793451904026], [-0.4940393144502987, 0.27498617145005927, 0.2847557567354984, -0.6180564844822258, -0.6082868991967867, 0.6079709690440538, 0.0006937790814221662, 0.01046336436686128, -0.0650577005691244, -0.04551852999824617, -0.16953557725730084, -0.05528811528368528], [0.3029500275481576, -0.4306960486073872, 0.3602463019472284, -0.4309900516962827, 0.3599522988583329, 0.3056282492061275, -0.5090631190598249, 0.28187923149479066, -0.8651696440663622, 0.7167150570428683, -0.01722500915589921, -0.07422729351174708]], "inverted": false, "swapped": false, "error_lsq": 0.052199563312986495, "error_max": 0.34834733207505186, "target": "106.xyz", "model": "24.xyz", "model_rescale": 4.509807674373903, "target_rescale": 4.15665036721587},
{"mapping": [1, 5, 2, 4, 11, 7, 8, 9, 6, 0, 3, 12], "R": [[0.191784021255236, -0.8486027262168385, 0.49304391513182777], [0.6053645983772695, 0.49770349039338024, 0.621148081122186], [-0.7724976325029731, 0.1793450548735492, 0.6091656253185216]], "T": [-0.009015707748596832, -0.010596997651929486, 0.08251877730461549], "aligned_model": [[-0.46844698522263556, 0.39686069445486616, 0.23374264522425597, 0.1859547192456215, 0.1937760721354895, -0.22216594147026286, -0.617218814334457, -0.42848022212006237, 0.0018078215906719465, -0.07339411235844134, 0.5810075921098157, -0.16131022763993844], [-0.7556017361160584, 0.4011204064856529, 0.4256840019506733, -0.6576385670327013, -0.632390906744518, 0.5617868817039247, 0.06409017276920251, 0.3024730611364848, -0.0965763024490692, -0.2579050271813363, -0.15994185809797923, -0.07201270698404905], [0.2275341420071007, -0.33697163263397045, 0.4276696540634784, -0.4020128924898346, 0.2235766583521076, 0.00022671675994109797, -0.4878690145662445, 0.4316270975606498, -0.825067363960156, 0.7156298733332862, 0.08608283883635105, -0.06042607726270746]], "inverted": true, "swapped": false, "error_lsq": 0.04909872574431302, "error_max": 0.26651272029399214, "target": "106.xyz", "model": "25.xyz", "model_rescale": 4.466005608606829, "target_rescale": 4.15665036721587},
{"mapping": [0, 6, 2, 3, 11, 8, 7, 10, 5, 1, 4, 12], "R": [[-0.19178391083679242, 0.8486027295605754, 0.49304395232726106], [-0.6053646729356317, -0.49770343657557903, 0.6211480515806151], [0.7724976014886268, -0.17934518840269945, 0.609165625336098]], "T": [-0.009015725872998325, -0.01059702018123812, 0.08251880815261459], "aligned_model": [[-0.46844685680737025, 0.3968607082225703, 0.2337425583346388, 0.1859547419976435, 0.19377582341578237, -0.22216586698549973, -0.617218749351062, -0.4284802689592619, 0.0018078258570080503, -0.07339397444180806, 0.5810076243632056, -0.1613103240309235], [-0.75560187707753, 0.40112042903906664, 0.4256840620972916, -0.6576386296511747, -0.6323906651982621, 0.5617868391505632, 0.06409017946250725, 0.30247309721011206, -0.09657623064898926, -0.25790521738947414, -0.15994196996311885, -0.07201259759076442], [0.22753421762617876, -0.3369716952709788, 0.4276696118954319, -0.40201284642213064, 0.2235765809264728, 0.00022671694680753696, -0.4878689893104532, 0.4316271157801721, -0.8250674015282395, 0.7156299238834395, 0.08608285983513007, -0.06042609436182886]], "inverted": false, "swapped": false, "error_lsq": 0.04909874106499085, "error_max": 0.2665128833388841, "target": "106.xyz", "model": "26.xyz", "model_rescale": 4.466005838112752, "target_rescale": 4.15665036721587},
{"mapping": [10, 4, 5, 0, 1, 7, 8, 9, 2, 3, 12, 13], "R": [[0.554746307493785, 0.8316409516539273, 0.025097048714167562], [-0.8269887007371514, 0.5478290219449752, 0.12638453848430353], [0.09135766620864078, -0.09086633175693998, 0.9916637971499961]], "T": [-0.049749577434683195, -0.05088616249895228, -0.0023658918422448712], "aligned_model": [[-0.4445170110097604, 0.40235192483469406, 0.42226569527642466, 0.2608648493415915, 0.2807786197833221, -0.22064034430323362, -0.6339514258518941, -0.6140376554101634, -0.1540045114370744, -0.11417697055361312, 0.5712908119399737, -0.13409074099534374], [-0.5441691548304883, 0.22695710783739864, 0.3272395241256427, -0.658740892661313, -0.5584584763730689, 0.6490091000561347, -0.04334504297888739, 0.05693737330935668, -0.1547250270668174, 0.045839805509670734, -0.1690142867088283, -0.05444261077857331], [-0.32957806081316743, -0.44928833772252424, 0.3375677359429074, -0.33282806016929717, 0.4540280134961345, 0.3128298608396667, -0.38861236222559264, 0.398243711439839, -0.7866341989961534, 0.7870779483347099, -0.003028124795799244, 0.00022187466927840434]], "inverted": false, "swapped": false, "error_lsq": 0.052967639921551506, "error_max": 0.3590638826422284, "target": "106.xyz", "model": "27.xyz", "model_rescale": 4.509807893063789, "target_rescale": 4.15665036721587},
{"mapping": [11, 4, 5, 0, 1, 7, 8, 9, 2, 3, 12, 13], "R": [[0.5511935255925481, 0.8306471580874738, -0.0788098731508976], [-0.8326370645304305, 0.5536821487545301, 0.012312470130495974], [0.05386293823219433, 0.058833467616397954, 0.9968136270001656]], "T": [-0.04443371592034764, -0.05155468054491093, -0.0676231839257719], "aligned_model": [[-0.46051071767694407, 0.44839640383383333, 0.38586308605838743, 0.3051577580655187, 0.24262444029007277, -0.2544684968536229, -0.5856692527223665, -0.6482025704978124, -0.06601474733487364, -0.1910813828857654, 0.5745867864488157, -0.1285480651103195], [-0.49403934648946246, 0.274986150982565, 0.28475573411330785, -0.6180564800221643, -0.6082868968914216, 0.6079710327928867, 0.000693823258219893, 0.01046340638896271, -0.06505771216721122, -0.0455185459057256, -0.16953561758326163, -0.05528812903646841], [0.3029500067813306, -0.4306960172050764, 0.3602462950702506, -0.43099001276840343, 0.35995229950692353, 0.30562823201430517, -0.5090630910640603, 0.2818792212112667, -0.8651696125960632, 0.7167150119545901, -0.017225032584324743, -0.07422730032073661]], "inverted": false, "swapped": false, "error_lsq": 0.05219956998675296, "error_max": 0.34834728599828857, "target": "106.xyz", "model": "28.xyz", "model_rescale": 4.5098078930637895, "target_rescale": 4.15665036721587},
{"mapping": [1, 5, 2, 4, 11, 7, 8, 9, 6, 0, 3, 12], "R": [[0.19178391083679186, -0.8486027295605756, 0.49304395232726067], [0.6053646729356319, 0.49770343657557836, 0.6211480515806154], [-0.7724976014886267, 0.17934518840269967, 0.6091656253360979]], "T": [-0.009015725872998311, -0.010597020181238065, 0.08251880815261464], "aligned_model": [[-0.4684468568073696, 0.39686070822256975, 0.23374255833463842, 0.18595474199764395, 0.19377582341578276, -0.22216586698550025, -0.6172187493510619, -0.4284802689592621, 0.0018078258570080642, -0.07339397444180787, 0.5810076243632057, -0.1613103240309235], [-0.7556018770775303, 0.40112042903906686, 0.4256840620972917, -0.6576386296511744, -0.632390665198262, 0.5617868391505628, 0.06409017946250697, 0.3024730972101116, -0.09657623064898904, -0.25790521738947436, -0.15994196996311846, -0.07201259759076448], [0.22753421762617898, -0.3369716952709789, 0.42766961189543184, -0.40201284642213053, 0.2235765809264727, 0.0002267169468075786, -0.4878689893104528, 0.43162711578017215, -0.8250674015282393, 0.7156299238834394, 0.08608285983512985, -0.060426094361828775]], "inverted": true, "swapped": false, "error_lsq": 0.049098741064990854, "error_max": 0.2665128833388847, "target": "106.xyz", "model": "29.xyz", "model_rescale": 4.466005838112752, "target_rescale": 4.15665036721587},
