[{"mapping": [10, 4, 8, 7, 1, 2, 9, 3, 6, 3, 5, 11], "R": [[0.0816896479282993, -0.9683648896062043, -0.23578855357992884], [-0.6067019760082724, -0.23601127779396852, 0.7590858904377793], [-0.7907208823149978, 0.08104392223987344, -0.6067885702112139]], "T": [-0.06216941589106423, -0.011534891896783285, -0.07450905091127441], "aligned_model": [[-0.43032181170265954, 0.3374594405651942, 0.2800046573265558, 0.23075489816489642, -0.0007286591477258519, -0.3107327179070869, -0.6173690129958094, -0.12368551661393712, 0.04370769687174664, -0.12368551661393712, 0.524506641858344, -0.18777586044087563], [-0.6541798851711318, 0.39733714048017654, 0.3488511041934316, -0.6679726163687625, -0.6716387643004145, 0.6557145619637295, -0.052009469382163644, 0.05354414617476113, -0.06580220057979433, 0.05354414617476113, -0.20483327530879167, -0.06946834851144633], [-0.08171882360359783, -0.3719779659634131, 0.2433664075532314, -0.3558574561257461, 0.38318097075023333, 0.20312671411060534, -0.5630742673325713, 0.6844821578395788, -0.8372128998547197, 0.6844821578395788, 0.10937747776556042, -0.09817447297874007]], "inverted": true, "swapped": false, "error_lsq": 0.061045510865145675, "error_max": 0.47268372220869903, "target": "107.xyz", "model": "0.xyz", "model_rescale": 4.5108708085295355, "target_rescale": 4.156650757028915},
{"mapping": [9, 5, 8, 6, 0, 3, 10, 2, 7, 2, 4, 11], "R": [[-0.08168964792830063, 0.9683648896062036, -0.23578855357993012], [0.6067019760082721, 0.2360112777939705, 0.7590858904377789], [0.7907208823149977, -0.08104392223987314, -0.6067885702112138]], "T": [-0.062169415891064284, -0.01153489189678341, -0.07450905091127435], "aligned_model": [[-0.43032181170265826, 0.3374594405651933, 0.2800046573265547, 0.23075489816489758, -0.0007286591477247417, -0.31073271790708823, -0.617369012995809, -0.12368551661393748, 0.04370769687174683, -0.12368551661393748, 0.524506641858344, -0.1877758604408755], [-0.6541798851711325, 0.39733714048017715, 0.348851104193432, -0.6679726163687617, -0.6716387643004145, 0.6557145619637286, -0.052009469382164934, 0.05354414617476095, -0.06580220057979419, 0.05354414617476095, -0.20483327530879042, -0.06946834851144677], [-0.08171882360359808, -0.3719779659634127, 0.24336640755323158, -0.35585745612574593, 0.3831809707502333, 0.20312671411060534, -0.5630742673325713, 0.6844821578395784, -0.837212899854719, 0.6844821578395784, 0.10937747776556042, -0.09817447297873999]], "inverted": false, "swapped": false, "error_lsq": 0.06104551086514567, "error_max": 0.47268372220869853, "target": "107.xyz", "model": "1.xyz", "model_rescale": 4.510870808529536, "target_rescale": 4.156650757028915},
{"mapping": [10, 4, 8, 7, 1, 2, 9, 3, 6, 3, 5, 11], "R": [[0.08168964792829975, -0.9683648896062041, -0.2357885535799289], [-0.606701976008272, -0.2360112777939689, 0.7590858904377795], [-0.790720882314998, 0.08104392223987311, -0.6067885702112137]], "T": [-0.06216941589106423, -0.01153489189678323, -0.07450905091127441], "aligned_model": [[-0.4303218117026593, 0.33745944056519417, 0.28000465732655555, 0.23075489816489675, -0.0007286591477257687, -0.31073271790708723, -0.6173690129958092, -0.12368551661393737, 0.0437076968717469, -0.12368551661393737, 0.524506641858344, -0.1877758604408755], [-0.654179885171132, 0.3973371404801769, 0.34885110419343146, -0.6679726163687624, -0.6716387643004146, 0.6557145619637292, -0.052009469382163644, 0.0535441461747608, -0.06580220057979394, 0.0535441461747608, -0.2048332753087915, -0.06946834851144654], [-0.0817188236035982, -0.3719779659634128, 0.24336640755323186, -0.35585745612574615, 0.3831809707502331, 0.20312671411060557, -0.5630742673325715, 0.6844821578395788, -0.8372128998547195, 0.6844821578395788, 0.1093774777655605, -0.09817447297873995]], "inverted": true, "swapped": false, "error_lsq": 0.06104551086514567, "error_max": 0.4726837222086988, "target": "107.xyz", "model": "2.xyz", "model_rescale": 4.5108708085295355, "target_rescale": 4.156650757028915},
{"mapping": [12, 5, 4, 3, 2, 6, 10, 9, 1, 0, 8, 13], "R": [[-0.5547462521032509, -0.8316409883757534, 0.025097056217738056], [0.8269887337869926, -0.5478289623047621, 0.126384580742567], [-0.09135770337953594, 0.09086635523386791, 0.9916637915744072]], "T": [-0.049749437057594326, -0.05088621889670303, -0.002365896270569444], "aligned_model": [[-0.4445167627307316, 0.40235194555007986, 0.42226572260808953, 0.2608648060099187, 0.28077858306792836, -0.22064019380715677, -0.6339515191406049, -0.6140377420825951, -0.15400435002293972, -0.11417679590692027, 0.5712911187845677, -0.13409057296493], [-0.5441692466853809, 0.22695704159750668, 0.3272394947522593, -0.6587409737417247, -0.5584585205869721, 0.6490089399075591, -0.04334535107181073, 0.05693710208294184, -0.15472496226927068, 0.04583994404023442, -0.16901441954646929, -0.05444250911451813], [-0.3295780545935611, -0.4492883689496984, 0.33756772646582955, -0.33282804841612035, 0.45402804699940763, 0.3128298559262753, -0.3886123400430924, 0.39824375537243556, -0.786634245214647, 0.7870779456164086, -0.003028123364117823, 0.00022185020088090002]], "inverted": true, "swapped": false, "error_lsq": 0.05296762939854965, "error_max": 0.35906395786089923, "target": "107.xyz", "model": "3.xyz", "model_rescale": 4.509807743048502, "target_rescale": 4.156650757028915},
{"mapping": [12, 4, 5, 2, 3, 7, 9, 10, 0, 1, 8, 13], "R": [[0.5511934680423971, 0.8306471955127631, -0.07880988119631095], [-0.8326371020850128, 0.553682092066645, 0.012312479692380508], [0.05386294662258091, 0.058833472713115696, 0.996813626245974]], "T": [-0.04443357489519316, -0.051554737256099506, -0.06762318212375179], "aligned_model": [[-0.46051047092136355, 0.4483964336678967, 0.3858631074285289, 0.30515772192740415, 0.24262439568803634, -0.25446835192197603, -0.5856693373528997, -0.6482026635922676, -0.06601456985790977, -0.19108122233664543, 0.5745870927331791, -0.12854789609727757], [-0.49403941878222646, 0.27498610076673347, 0.28475569180952853, -0.6180565501278706, -0.6082869590850756, 0.6079708602735944, 0.0006935270661928492, 0.010463118108987902, -0.06505761747644252, -0.04551843539085242, -0.1695357513645671, -0.055288026433647476], [0.3029500315410062, -0.4306960369428657, 0.36024630104411987, -0.43099003006624925, 0.3599523079207363, 0.30562824105561986, -0.5090631225876056, 0.28187921539938, -0.8651696369088318, 0.7167150390651398, -0.01722501059860318, -0.07422729892184612]], "inverted": false, "swapped": false, "error_lsq": 0.05219956142274922, "error_max": 0.3483474025728741, "target": "107.xyz", "model": "4.xyz", "model_rescale": 4.509807743048502, "target_rescale": 4.156650757028915},
{"mapping": [11, 4, 5, 2, 3, 7, 9, 10, 0, 1, 8, 13], "R": [[0.5547462521032503, 0.831640988375754, 0.02509705621773836], [-0.8269887337869931, 0.5478289623047615, 0.12638458074256692], [0.09135770337953576, -0.09086635523386806, 0.9916637915744073]], "T": [-0.049749437057594326, -0.05088621889670303, -0.002365896270569625], "aligned_model": [[-0.44451676273073215, 0.4023519455500801, 0.4222657226080901, 0.2608648060099181, 0.28077858306792813, -0.22064019380715622, -0.6339515191406051, -0.6140377420825951, -0.15400435002293997, -0.11417679590692004, 0.5712911187845675, -0.13409057296493], [-0.5441692466853807, 0.2269570415975064, 0.3272394947522589, -0.6587409737417249, -0.5584585205869725, 0.6490089399075596, -0.043345351071810194, 0.05693710208294231, -0.15472496226927054, 0.04583994404023442, -0.16901441954646973, -0.05444250911451803], [-0.329578054593561, -0.4492883689496985, 0.33756772646582955, -0.33282804841612046, 0.4540280469994076, 0.3128298559262755, -0.3886123400430923, 0.3982437553724357, -0.7866342452146472, 0.7870779456164086, -0.0030281233641178632, 0.00022185020088103143]], "inverted": false, "swapped": false, "error_lsq": 0.05296762939854963, "error_max": 0.359063957860899, "target": "107.xyz", "model": "5.xyz", "model_rescale": 4.509807743048502, "target_rescale": 4.156650757028915},
{"mapping": [11, 4, 5, 2, 3, 7, 9, 10, 0, 1, 8, 13], "R": [[0.5547463123112588, 0.8316409481238011, 0.025097059206304707], [-0.8269886943824171, 0.5478290219768109, 0.12638457992807545], [0.09135769448012893, -0.09086636387396754, 0.991663791602577]], "T": [-0.04974945467357331, -0.050886229547681794, -0.002365894393983985], "aligned_model": [[-0.4445168549755323, 0.40235201056683967, 0.42226579068784453, 0.2608649308204227, 0.2807787109414276, -0.22064035575937918, -0.6339512856574501, -0.6140375055364453, -0.1540044655493698, -0.11417690530736012, 0.571290854562073, -0.13409068542836497], [-0.5441693625582436, 0.22695713481897234, 0.32723959081050963, -0.6587409217004001, -0.5584584657088629, 0.6490088797865345, -0.04334521998240892, 0.056937236009128395, -0.15472504265229928, 0.0458398693307753, -0.1690145721285884, -0.05444258666076198], [-0.32957805051964717, -0.44928839741965404, 0.33756772534770196, -0.3328280734554201, 0.4540280493119359, 0.31282988273688833, -0.3886123747033926, 0.3982437480639634, -0.7866342595127023, 0.7870779860220094, -0.003028099126335768, 0.00022186325465356005]], "inverted": false, "swapped": false, "error_lsq": 0.05296762207118333, "error_max": 0.3590638959345517, "target": "107.xyz", "model": "6.xyz", "model_rescale": 4.509807586411629, "target_rescale": 4.156650757028915},
{"mapping": [12, 4, 5, 2, 3, 7, 9, 10, 0, 1, 8, 13], "R": [[0.5511935275821255, 0.830647155566227, -0.07880988580951807], [-0.8326370622956777, 0.5536821519289185, 0.012312478507029021], [0.053862952418120266, 0.058833473338726516, 0.9968136258958867]], "T": [-0.04443359198482056, -0.051554747971651604, -0.06762318570453986], "aligned_model": [[-0.4605105641943312, 0.44839650371828166, 0.38586317164653083, 0.30515785107918947, 0.24262451900743864, -0.2544685171172629, -0.5856690990577945, -0.6482024311295452, -0.06601467583749626, -0.1910813399809979, 0.5745868291399401, -0.1285480079092471], [-0.4940395344446558, 0.2749861965116631, 0.2847557869532388, -0.6180564956791589, -0.6082869052375831, 0.6079707976821503, 0.0006936615121258052, 0.010463251953701506, -0.06505769517165898, -0.04551851428850757, -0.16953590569687726, -0.055288104730083276], [0.3029500347353539, -0.4306960462312605, 0.3602463189493425, -0.4309900358968551, 0.35995232928374793, 0.30562824017307405, -0.5090631241916012, 0.2818792409890019, -0.8651696747334447, 0.7167150556277618, -0.017225029152278373, -0.07422730955284164]], "inverted": false, "swapped": false, "error_lsq": 0.05219955373503496, "error_max": 0.34834733276490215, "target": "107.xyz", "model": "7.xyz", "model_rescale": 4.509807586411629, "target_rescale": 4.156650757028915},
{"mapping": [11, 4, 5, 2, 3, 7, 9, 10, 0, 1, 8, 13], "R": [[0.5547463123112591, 0.831640948123801, 0.025097059206304763], [-0.826988694382417, 0.5478290219768113, 0.1263845799280755], [0.09135769448012893, -0.09086636387396763, 0.9916637916025771]], "T": [-0.04974945467357332, -0.05088622954768181, -0.002365894393984052], "aligned_model": [[-0.44451685497553217, 0.40235201056683956, 0.4222657906878444, 0.2608649308204229, 0.28077871094142776, -0.2206403557593794, -0.6339512856574503, -0.6140375055364453, -0.15400446554936986, -0.11417690530736009, 0.5712908545620732, -0.13409068542836497], [-0.5441693625582438, 0.2269571348189725, 0.32723959081050985, -0.6587409217004003, -0.5584584657088629, 0.6490088797865347, -0.04334521998240909, 0.056937236009128256, -0.15472504265229936, 0.0458398693307753, -0.16901457212858814, -0.054442586660761995], [-0.32957805051964717, -0.44928839741965415, 0.3375677253477019, -0.33282807345542015, 0.4540280493119359, 0.3128298827368883, -0.38861237470339266, 0.3982437480639634, -0.7866342595127025, 0.7870779860220094, -0.003028099126335577, 0.0002218632546537925]], "inverted": false, "swapped": false, "error_lsq": 0.05296762207118333, "error_max": 0.3590638959345517, "target": "107.xyz", "model": "8.xyz", "model_rescale": 4.509807586411629, "target_rescale": 4.156650757028915},
{"mapping": [9, 6, 7, 2, 3, 5, 11, 12, 0, 1, 8, 13], "R": [[-0.5547461969786295, -0.8316410249631473, 0.025097062298082406], [0.8269887698436754, -0.5478289063101603, 0.12638458752339435], [-0.09135771171714382, 0.09086635796189696, 0.9916637905563297]], "T": [-0.0497494672969051, -0.05088617068657364, -0.0023659016917043983], "aligned_model": [[-0.4445167536412709, 0.40235186651443483, 0.42226564945048845, 0.2608648448151955, 0.2807786277512491, -0.220640279552446, -0.6339514866804457, -0.614037703744392, -0.15400436003899992, -0.11417679416689276, 0.5712912057607313, -0.13409057710294633], [-0.5441691404080771, 0.22695700994212897, 0.3272394737823626, -0.6587409203901347, -0.558458456549901, 0.6490089784376857, -0.04334520622465573, 0.05693725761557791, -0.15472516342362935, 0.04583976425683792, -0.1690143580904445, -0.054442699583395725], [-0.3295780841172901, -0.449288389252314, 0.33756774698127684, -0.33282807549160603, 0.4540280607419848, 0.3128298708935412, -0.38861237739754395, 0.3982437588360469, -0.7866342611513828, 0.7870780113157987, -0.003028136440719149, 0.00022187508220791784]], "inverted": false, "swapped": false, "error_lsq": 0.05296762677688766, "error_max": 0.3590640165367874, "target": "107.xyz", "model": "9.xyz", "model_rescale": 4.509807504472865, "target_rescale": 4.156650757028915},
{"mapping": [10, 6, 7, 2, 3, 5, 11, 12, 0, 1, 8, 13], "R": [[-0.5511934122429885, -0.8306472324204353, -0.078809882452664], [0.8326371393887455, -0.5536820360323782, 0.012312476825050302], [-0.05386294097483217, -0.058833478966587235, 0.9968136261820613]], "T": [-0.044433604554803066, -0.051554688542726455, -0.0676231885383029], "aligned_model": [[-0.46051046086534553, 0.4483963605830051, 0.38586303003865047, 0.3051577657254613, 0.2426244351811067, -0.2544684414556668, -0.5856692991358459, -0.6482026296802006, -0.06601456977058535, -0.19108123085929468, 0.574587179918361, -0.12854790031494], [-0.4940393072885957, 0.2749860753717383, 0.2847556646562171, -0.6180564904110454, -0.6082869011265667, 0.607970893490331, 0.0006936797320237498, 0.010463269016502505, -0.06505780753726743, -0.04551862896830991, -0.16953568931788396, -0.05528821825278867], [0.3029500467725244, -0.4306960653931489, 0.3602463143851696, -0.4309900530762289, 0.3599523267020896, 0.3056282528100482, -0.5090631465348647, 0.2818792332434537, -0.8651696802493891, 0.7167150793072483, -0.01722500749583126, -0.07422730047107054]], "inverted": false, "swapped": false, "error_lsq": 0.05219955879018379, "error_max": 0.3483474657028277, "target": "107.xyz", "model": "10.xyz", "model_rescale": 4.509807504472865, "target_rescale": 4.156650757028915},
{"mapping": [9, 7, 6, 3, 2, 4, 12, 11, 1, 0, 8, 13], "R": [[0.5511934122429882, 0.8306472324204351, -0.0788098824526647], [-0.8326371393887454, 0.553682036032378, 0.012312476825050461], [0.0538629409748327, 0.058833478966587735, 0.996813626182061]], "T": [-0.044433604554803025, -0.05155468854272647, -0.0676231885383028], "aligned_model": [[-0.46051046086534575, 0.44839636058300536, 0.3858630300386502, 0.3051577657254615, 0.24262443518110635, -0.25446844145566694, -0.5856692991358455, -0.6482026296802007, -0.06601456977058476, -0.19108123085929518, 0.5745871799183608, -0.12854790031493996], [-0.4940393072885956, 0.2749860753717381, 0.284755664656217, -0.6180564904110455, -0.6082869011265666, 0.6079708934903311, 0.0006936797320237775, 0.010463269016502665, -0.06505780753726756, -0.045518628968309785, -0.16953568931788396, -0.05528821825278868], [0.3029500467725243, -0.43069606539314864, 0.3602463143851699, -0.43099005307622856, 0.35995232670209, 0.30562825281004796, -0.5090631465348652, 0.2818792332434534, -0.8651696802493889, 0.7167150793072481, -0.017225007495830898, -0.07422730047107069]], "inverted": true, "swapped": false, "error_lsq": 0.05219955879018381, "error_max": 0.34834746570282765, "target": "107.xyz", "model": "11.xyz", "model_rescale": 4.509807504472865, "target_rescale": 4.156650757028915},
{"mapping": [9, 6, 7, 2, 3, 5, 11, 12, 0, 1, 8, 13], "R": [[-0.5547463064027796, -0.8316409521860885, 0.025097055195573762], [0.8269886982523441, -0.5478290166888338, 0.12638457752684462], [-0.09135769532648502, 0.09086635857544757, 0.9916637920101103]], "T": [-0.04974957674198679, -0.05088624520155009, -0.00236588932878548], "aligned_model": [[-0.4445169629373585, 0.4023518744617411, 0.4222656506050538, 0.260864793946983, 0.28077857009029566, -0.2206402835132044, -0.6339513824575576, -0.6140376063142448, -0.1540042728918526, -0.11417672060522718, 0.5712910757286171, -0.1340904967485399], [-0.5441693551669279, 0.22695710609034248, 0.3272395561716017, -0.6587409143850216, -0.5584584643037623, 0.6490089580742057, -0.043345231208211064, 0.05693721887304816, -0.15472511360320912, 0.04583978655930927, -0.16901434421507022, -0.05444266352194992], [-0.32957803542750896, -0.4492883716703564, 0.337567719995759, -0.3328280550451191, 0.45402803662099633, 0.3128298558082682, -0.3886123570502326, 0.3982437346158828, -0.7866342237607874, 0.7870779595714431, -0.003028131563672056, 0.00022186790532782632]], "inverted": false, "swapped": false, "error_lsq": 0.05296761107980023, "error_max": 0.35906385294076926, "target": "107.xyz", "model": "12.xyz", "model_rescale": 4.509807766519439, "target_rescale": 4.156650757028915},
{"mapping": [10, 6, 7, 2, 3, 5, 11, 12, 0, 1, 8, 13], "R": [[-0.5511935222978268, -0.8306471593607898, -0.07880988277345746], [0.8326370658332141, -0.5536821465703592, 0.012312480249538486], [-0.053862951808931275, -0.05883347019418564, 0.9968136261144]], "T": [-0.04443371417631477, -0.051554764059198066, -0.06762319250070735], "aligned_model": [[-0.4605106715633259, 0.4483963629031721, 0.38586303573783454, 0.30515771014476756, 0.24262438297943, -0.25446844131494206, -0.58566920060127, -0.6482025277666075, -0.06601449321223431, -0.19108114754290934, 0.5745870499783622, -0.12854782037757181], [-0.49403952968407105, 0.27498616371382645, 0.2847557551478649, -0.6180564918754547, -0.6082869004414162, 0.6079708798608747, 0.0006936463332006884, 0.010463237767239168, -0.06505777341590613, -0.04551859054782917, -0.16953567551210613, -0.05528818198186765], [0.302950014918072, -0.43069604039068377, 0.36024629337550496, -0.4309900285203623, 0.35995230524582644, 0.3056282313268458, -0.5090631118175786, 0.28187922194861015, -0.8651696246082683, 0.7167150429241097, -0.01722501355999634, -0.07422729084207941]], "inverted": false, "swapped": false, "error_lsq": 0.05219954270418723, "error_max": 0.34834729054507735, "target": "107.xyz", "model": "13.xyz", "model_rescale": 4.509807766519439, "target_rescale": 4.156650757028915},
{"mapping": [9, 7, 6, 3, 2, 4, 12, 11, 1, 0, 8, 13], "R": [[0.5511935222978266, 0.8306471593607898, -0.07880988277345768], [-0.8326370658332141, 0.553682146570359, 0.012312480249538588], [0.05386295180893147, 0.05883347019418579, 0.9968136261143998]], "T": [-0.044433714176314754, -0.051554764059198066, -0.06762319250070724], "aligned_model": [[-0.460510671563326, 0.44839636290317214, 0.3858630357378345, 0.3051577101447675, 0.24262438297942984, -0.254468441314942, -0.5856692006012698, -0.6482025277666075, -0.06601449321223411, -0.1910811475429095, 0.5745870499783623, -0.1285478203775718], [-0.4940395296840709, 0.2749861637138263, 0.28475575514786483, -0.6180564918754547, -0.6082869004414162, 0.6079708798608747, 0.0006936463332007578, 0.010463237767239321, -0.06505777341590618, -0.04551859054782907, -0.16953567551210624, -0.055288181981867635], [0.30295001491807194, -0.4306960403906837, 0.360246293375505, -0.43099002852036217, 0.35995230524582655, 0.3056282313268457, -0.5090631118175787, 0.28187922194861004, -0.8651696246082679, 0.7167150429241094, -0.017225013559996262, -0.07422729084207952]], "inverted": true, "swapped": false, "error_lsq": 0.052199542704187245, "error_max": 0.3483472905450774, "target": "107.xyz", "model": "14.xyz", "model_rescale": 4.509807766519439, "target_rescale": 4.156650757028915},
{"mapping": [9, 7, 8, 4, 0, 3, 10, 2, 5, 2, 6, 11], "R": [[0.08168961801470309, -0.9683648941940921, -0.2357885451014899], [-0.6067019486689237, -0.23601125595567746, 0.7590859190787002], [-0.7907209063822349, 0.08104393101700547, -0.6067885376763212]], "T": [-0.062169301804028465, -0.01153492434376522, -0.07450915084408438], "aligned_model": [[-0.43032164635121267, 0.33745947635054274, 0.28000468017527547, 0.2307546834166428, -0.0007286831316811182, -0.31073270045971785, -0.6173688563597822, -0.12368549045114828, 0.04370747340807325, -0.12368549045114828, 0.5245066863591124, -0.18777589314025064], [-0.6541798675430781, 0.39733718369168974, 0.3488512564673867, -0.6679727112831642, -0.6716386942697202, 0.6557144872351712, -0.052009379323018724, 0.053543999015111886, -0.06580222306310465, 0.053543999015111886, -0.20483330452836965, -0.06946820604966097], [-0.08171886271518014, -0.371977985850679, 0.2433666129936004, -0.35585749443877457, 0.3831811548345827, 0.2031265877821673, -0.5630743203718825, 0.6844820454388697, -0.837212952095477, 0.6844820454388697, 0.10937747180602342, -0.0981743028221196]], "inverted": false, "swapped": false, "error_lsq": 0.06104549755929073, "error_max": 0.4726836838845785, "target": "107.xyz", "model": "15.xyz", "model_rescale": 4.510870436145588, "target_rescale": 4.156650757028915},
{"mapping": [10, 6, 8, 5, 1, 2, 9, 3, 4, 3, 7, 11], "R": [[-0.08168961801470342, 0.9683648941940918, -0.23578854510148983], [0.6067019486689232, 0.23601125595567765, 0.7590859190787002], [0.7907209063822349, -0.08104393101700513, -0.6067885376763209]], "T": [-0.062169301804028465, -0.011534924343765171, -0.0745091508440844], "aligned_model": [[-0.4303216463512124, 0.33745947635054263, 0.2800046801752752, 0.23075468341664296, -0.0007286831316810627, -0.31073270045971796, -0.6173688563597819, -0.12368549045114847, 0.043707473408073474, -0.12368549045114847, 0.5245066863591121, -0.18777589314025062], [-0.654179867543078, 0.39733718369168974, 0.3488512564673867, -0.6679727112831636, -0.6716386942697203, 0.6557144872351709, -0.05200937932301873, 0.05354399901511166, -0.06580222306310445, 0.05354399901511166, -0.2048333045283695, -0.06946820604966086], [-0.08171886271518046, -0.3719779858506786, 0.24336661299360046, -0.35585749443877457, 0.38318115483458254, 0.20312658778216752, -0.5630743203718824, 0.6844820454388696, -0.8372129520954766, 0.6844820454388696, 0.1093774718060234, -0.09817430282211971]], "inverted": true, "swapped": false, "error_lsq": 0.06104549755929073, "error_max": 0.4726836838845783, "target": "107.xyz", "model": "16.xyz", "model_rescale": 4.510870436145588, "target_rescale": 4.156650757028915},
{"mapping": [10, 8, 6, 1, 5, 2, 3, 9, 3, 4, 7, 11], "R": [[0.0816896180147032, -0.9683648941940919, 0.2357885451014896], [-0.6067019486689238, -0.23601125595567735, -0.7590859190786998], [0.7907209063822345, -0.0810439310170053, -0.6067885376763215]], "T": [-0.062169301804028465, -0.011534924343765164, 0.07450915084408458], "aligned_model": [[-0.43032164635121256, 0.2800046801752754, 0.3374594763505428, -0.0007286831316813125, 0.2307546834166428, -0.31073270045971774, -0.12368549045114838, -0.6173688563597819, -0.12368549045114838, 0.04370747340807345, 0.5245066863591121, -0.18777589314025053], [-0.654179867543078, 0.3488512564673865, 0.3973371836916894, -0.6716386942697199, -0.667972711283164, 0.6557144872351711, 0.053543999015112, -0.052009379323018946, 0.053543999015112, -0.06580222306310493, -0.20483330452836968, -0.06946820604966113], [0.08171886271518006, -0.24336661299360027, 0.3719779858506791, -0.3831811548345827, 0.35585749443877424, -0.20312658778216688, -0.6844820454388695, 0.5630743203718827, -0.6844820454388695, 0.8372129520954769, -0.1093774718060235, 0.09817430282211961]], "inverted": false, "swapped": false, "error_lsq": 0.06104549755929073, "error_max": 0.4726836838845784, "target": "107.xyz", "model": "17.xyz", "model_rescale": 4.510870436145588, "target_rescale": 4.156650757028915},
{"mapping": [0, 6, 2, 3, 11, 8, 7, 10, 5, 1, 4, 12], "R": [[-0.19178388961986753, 0.848602780801232, 0.49304387238732705], [-0.6053646758208535, -0.49770336514596775, 0.6211481060026609], [0.7724976044950481, -0.17934514417400832, 0.6091656345450034]], "T": [-0.00901564351836981, -0.010597064748862156, 0.08251878270148437], "aligned_model": [[-0.46844671335158977, 0.3968607678741273, 0.23374257702434467, 0.18595493132153024, 0.19377594195406567, -0.2221658622970118, -0.6172186977340447, -0.42848026829512825, 0.0018079324370943173, -0.07339387791455683, 0.5810077667585631, -0.16131025841268834], [-0.7556019239665305, 0.40112036266212203, 0.42568399628015585, -0.6576386261086219, -0.6323907840914506, 0.5617867313702049, 0.0640900065036549, 0.30247296784769473, -0.09657636220442797, -0.25790519909998044, -0.15994190124207194, -0.07201272858639425], [0.2275341064036136, -0.3369716430334081, 0.4276696900626657, -0.40201295955148886, 0.22357666775336243, 0.00022675520277846972, -0.4878689795896627, 0.4316271688707577, -0.8250673778258493, 0.7156298411960548, 0.08608277524095227, -0.060426044729775544]], "inverted": false, "swapped": false, "error_lsq": 0.04909874971298884, "error_max": 0.2665127590036941, "target": "107.xyz", "model": "18.xyz", "model_rescale": 4.466005644533647, "target_rescale": 4.156650757028915},
{"mapping": [10, 4, 5, 0, 1, 7, 8, 9, 2, 3, 12, 13], "R": [[0.5547463318090641, 0.8316409351952956, 0.025097056637818665], [-0.8269886816242442, 0.5478290418410846, 0.12638457730622768], [0.09135769157428571, -0.09086636243942754, 0.9916637920017269]], "T": [-0.04974951617662569, -0.050886204987545876, -0.0023658959552551348], "aligned_model": [[-0.44451689404776834, 0.4023519297947196, 0.4222657073249953, 0.2608648748649066, 0.2807786523951823, -0.2206402444529487, -0.6339513312812778, -0.6140375537510022, -0.15400439902717397, -0.1141768439666227, 0.5712909630085937, -0.13409062149689835], [-0.5441693325364996, 0.2269571637539955, 0.3272396148818139, -0.6587408718893449, -0.5584584207615265, 0.6490090013535681, -0.043345208127614825, 0.05693724300020355, -0.15472519849840882, 0.04583970375722792, -0.16901440819846916, -0.05444274737059044], [-0.3295780444355883, -0.449288385861342, 0.33756771538337804, -0.3328280679407798, 0.45402803330394026, 0.31282985461583235, -0.38861236528096793, 0.3982437359637521, -0.7866342193426312, 0.7870779831468089, -0.003028121454491213, 0.00022188190208899134]], "inverted": false, "swapped": false, "error_lsq": 0.05296761751513603, "error_max": 0.3590638872539575, "target": "107.xyz", "model": "19.xyz", "model_rescale": 4.509807711582247, "target_rescale": 4.156650757028915},
{"mapping": [11, 4, 5, 0, 1, 7, 8, 9, 2, 3, 12, 13], "R": [[0.5511935473954455, 0.8306471425109815, -0.07880988483665026], [-0.8326370490610365, 0.5536821718055736, 0.012312479668724029], [0.05386295425015382, 0.0588334706013903, 0.9968136259584544]], "T": [-0.04443365347476705, -0.05155472338667851, -0.0676231890368072], "aligned_model": [[-0.4605106031727745, 0.44839642034551774, 0.3858630907813342, 0.3051577928590896, 0.24262446329490608, -0.25446840375705887, -0.5856691473247851, -0.6482024768889688, -0.0660146151991702, -0.19108127432753738, 0.5745869375175066, -0.1285479447633538], [-0.494039506318547, 0.2749862226164551, 0.2847558137086448, -0.6180564481854113, -0.6082868570932217, 0.6079709228888194, 0.0006936704700993487, 0.010463261562288988, -0.06505785777648909, -0.04551867559210981, -0.16953574023187432, -0.055288266684299446], [0.302950022990977, -0.43069604110448356, 0.36024630217300113, -0.43099002786508034, 0.35995231541240436, 0.3056282377881897, -0.509063114743697, 0.2818792285337877, -0.8651696439176979, 0.716715042637271, -0.017225021264457893, -0.07422730064021357]], "inverted": false, "swapped": false, "error_lsq": 0.052199549141321, "error_max": 0.3483473246924315, "target": "107.xyz", "model": "20.xyz", "model_rescale": 4.509807711582248, "target_rescale": 4.156650757028915},
{"mapping": [1, 5, 2, 4, 11, 7, 8, 9, 6, 0, 3, 12], "R": [[0.1917838896198674, -0.8486027808012319, 0.4930438723873276], [0.6053646758208534, 0.49770336514596814, 0.6211481060026609], [-0.7724976044950485, 0.17934514417400868, 0.6091656345450032]], "T": [-0.009015643518369684, -0.010597064748862059, 0.08251878270148441], "aligned_model": [[-0.46844671335158994, 0.39686076787412733, 0.2337425770243451, 0.18595493132153007, 0.19377594195406572, -0.2221658622970118, -0.617218697734045, -0.42848026829512814, 0.0018079324370940536, -0.07339387791455662, 0.5810077667585634, -0.16131025841268842], [-0.7556019239665304, 0.40112036266212187, 0.4256839962801559, -0.657638626108622, -0.6323907840914507, 0.5617867313702052, 0.06409000650365522, 0.302472967847695, -0.09657636220442799, -0.2579051990999805, -0.15994190124207225, -0.07201272858639418], [0.22753410640361413, -0.33697164303340854, 0.42766969006266553, -0.40201295955148897, 0.22357666775336257, 0.00022675520277838646, -0.48786897958966247, 0.4316271688707579, -0.8250673778258495, 0.7156298411960549, 0.08608277524095191, -0.0604260447297755]], "inverted": true, "swapped": false, "error_lsq": 0.04909874971298885, "error_max": 0.2665127590036945, "target": "107.xyz", "model": "21.xyz", "model_rescale": 4.466005644533646, "target_rescale": 4.156650757028915},
{"mapping": [0, 6, 2, 3, 11, 8, 7, 10, 5, 1, 4, 12], "R": [[-0.19178396957237293, 0.8486027877252286, 0.4930438293702035], [-0.6053646344597635, -0.4977033894102779, 0.6211481268706511], [0.7724976170581113, -0.17934504407563784, 0.6091656480835468]], "T": [-0.009015633725292072, -0.010597069898251502, 0.08251877896122474], "aligned_model": [[-0.4684468287827139, 0.3968607308552708, 0.23374266094176593, 0.18595487910258968, 0.19377621447754811, -0.22216593144727456, -0.6172187355947176, -0.42848019230467543, 0.001807926707827756, -0.07339402463527081, 0.5810076832500328, -0.16131014320567721], [-0.7556018639024523, 0.4011203885838677, 0.42568395141019266, -0.657638608046352, -0.6323909581906024, 0.5617867863997706, 0.06409004080895746, 0.3024729342557173, -0.09657635700694546, -0.2579051183116392, -0.15994186245553876, -0.07201279418062059], [0.22753411943972301, -0.33697161404170217, 0.427669669292038, -0.40201289800263595, 0.22357665347931793, 0.00022672380897065247, -0.4878690257577578, 0.4316270950946239, -0.8250673636084306, 0.7156298690064514, 0.08608285156409251, -0.06042608027469053]], "inverted": false, "swapped": false, "error_lsq": 0.04909874375819457, "error_max": 0.2665127100155068, "target": "107.xyz", "model": "22.xyz", "model_rescale": 4.46600560860683, "target_rescale": 4.156650757028915},
{"mapping": [10, 4, 5, 0, 1, 7, 8, 9, 2, 3, 12, 13], "R": [[0.5547462717914204, 0.8316409752151184, 0.025097057133577974], [-0.8269887208976006, 0.5478289818230311, 0.12638458047915335], [0.09135770050559425, -0.09086635800992471, 0.9916637915848003]], "T": [-0.04974951471761875, -0.05088620350848319, -0.002365896243546354], "aligned_model": [[-0.44451683614828136, 0.4023518665355192, 0.42226564462346466, 0.2608647459993379, 0.2807785240872834, -0.22064028920004902, -0.6339514229732582, -0.6140376448853128, -0.1540043068951482, -0.11417675071925723, 0.5712912377476098, -0.13409052880720274], [-0.5441692477563487, 0.22695707216807867, 0.3272395266409047, -0.6587409600656399, -0.5584585055928138, 0.6490089616887424, -0.0433452274189013, 0.05693722705392473, -0.1547251336026565, 0.045839775342995576, -0.16901426996410046, -0.05444267912983045], [-0.32957805843145505, -0.44928837725459125, 0.3375677301512969, -0.3328280551546326, 0.45402805225125553, 0.31282986201995616, -0.38861236375992886, 0.39824374364595927, -0.7866342365549059, 0.7870779782568702, -0.0030281460208057736, 0.0002218708509822342]], "inverted": false, "swapped": false, "error_lsq": 0.05296761766215954, "error_max": 0.3590639399056754, "target": "107.xyz", "model": "23.xyz", "model_rescale": 4.509807674373902, "target_rescale": 4.156650757028915},
{"mapping": [11, 4, 5, 0, 1, 7, 8, 9, 2, 3, 12, 13], "R": [[0.5511934875324027, 0.8306471824585825, -0.07880988247349141], [-0.8326370890686176, 0.553682111649578, 0.012312479303691046], [0.05386294838946837, 0.05883347272499573, 0.9968136261497988]], "T": [-0.044433652132392754, -0.051554721867536166, -0.06762318944518116], "aligned_model": [[-0.46051054447601364, 0.4483963566308941, 0.385863028425874, 0.3051576636707012, 0.24262433546568107, -0.25446844820775366, -0.5856692394338523, -0.6482025676388725, -0.06601452409509939, -0.1910811805051396, 0.5745872118284061, -0.12854785230011948], [-0.49403941935459567, 0.2749861321631753, 0.2847557230463264, -0.6180565356930194, -0.6082869448098684, 0.607970881322537, 0.0006936526724972969, 0.010463243555648372, -0.0650577885971414, -0.045518606830839255, -0.16953560039637505, -0.05528819771399033], [0.30295003009871485, -0.4306960497831816, 0.3602463001718302, -0.4309900417440347, 0.35995230821097707, 0.30562823824306323, -0.5090631241986724, 0.28187922575633945, -0.865169644433254, 0.716715055476769, -0.017225003320308102, -0.07422729447824256]], "inverted": false, "swapped": false, "error_lsq": 0.05219954941928969, "error_max": 0.3483473825738308, "target": "107.xyz", "model": "24.xyz", "model_rescale": 4.509807674373903, "target_rescale": 4.156650757028915},
{"mapping": [1, 5, 2, 4, 11, 7, 8, 9, 6, 0, 3, 12], "R": [[0.19178396957237287, -0.8486027877252281, 0.49304382937020375], [0.6053646344597635, 0.49770338941027803, 0.621148126870651], [-0.7724976170581113, 0.17934504407563803, 0.6091656480835466]], "T": [-0.009015633725291978, -0.01059706989825148, 0.08251877896122477], "aligned_model": [[-0.4684468287827139, 0.39686073085527085, 0.23374266094176618, 0.18595487910258943, 0.19377621447754803, -0.22216593144727445, -0.6172187355947176, -0.42848019230467516, 0.0018079267078276277, -0.0733940246352707, 0.5810076832500326, -0.1613101432056772], [-0.7556018639024523, 0.40112038858386756, 0.4256839514101926, -0.657638608046352, -0.6323909581906025, 0.5617867863997706, 0.06409004080895764, 0.3024729342557173, -0.09657635700694539, -0.2579051183116393, -0.159941862455539, -0.07201279418062059], [0.22753411943972318, -0.3369716140417022, 0.4276696692920379, -0.4020128980026359, 0.22357665347931788, 0.00022672380897058309, -0.48786902575775754, 0.431627095094624, -0.8250673636084305, 0.7156298690064513, 0.08608285156409226, -0.0604260802746905]], "inverted": true, "swapped": false, "error_lsq": 0.04909874375819457, "error_max": 0.26651271001550697, "target": "107.xyz", "model": "25.xyz", "model_rescale": 4.466005608606829, "target_rescale": 4.156650757028915},
{"mapping": [0, 6, 2, 3, 11, 8, 7, 10, 5, 1, 4, 12], "R": [[-0.19178385915392737, 0.8486027910689621, 0.49304386656563776], [-0.6053647090181103, -0.49770333559247676, 0.6211480973290838], [0.7724975860437657, -0.17934517760478025, 0.6091656481011258]], "T": [-0.009015651849692032, -0.01059709242756271, 0.08251880980922309], "aligned_model": [[-0.4684467003674378, 0.3968607446229776, 0.23374257405214136, 0.18595490185461902, 0.19377596575781178, -0.22216585696250477, -0.6172186706113201, -0.4284802391438816, 0.0018079309741623403, -0.07339388671862249, 0.5810077155034343, -0.161310239596674], [-0.7556020048639086, 0.40112041113728203, 0.42568401155680147, -0.6576386706648247, -0.632390716644374, 0.5617867438464181, 0.06409004750227024, 0.30247297032934073, -0.09657628520686581, -0.2579053085197608, -0.159941974320677, -0.07201268478734647], [0.22753419505879968, -0.33697167667870764, 0.4276696271239916, -0.40201285193492997, 0.2235765760536842, 0.00022672399583559266, -0.487869000501969, 0.43162711331414233, -0.8250674011765122, 0.7156299195566043, 0.08608287256287458, -0.06042609737381312]], "inverted": false, "swapped": false, "error_lsq": 0.04909875907888406, "error_max": 0.266512873060417, "target": "107.xyz", "model": "26.xyz", "model_rescale": 4.466005838112752, "target_rescale": 4.156650757028915},
{"mapping": [11, 5, 4, 1, 0, 6, 9, 8, 3, 2, 12, 13], "R": [[-0.5547463790761653, -0.8316409035773088, 0.025097059568821186], [0.8269886507117429, -0.5478290886210253, 0.1263845768067744], [-0.09135768438316672, 0.09086636978428327, 0.9916637919912028]], "T": [-0.049749496207725764, -0.05088623746188492, -0.002365892256748636], "aligned_model": [[-0.4445168953577111, 0.402351972991482, 0.42226575204606126, 0.26086497456598756, 0.2807787536205668, -0.22064031515104807, -0.633951353630477, -0.6140375745758979, -0.1540044384675584, -0.11417688035839996, 0.5712909030946798, -0.13409065941297918], [-0.5441692749665391, 0.22695705460581556, 0.3272395013018138, -0.6587409535484706, -0.5584585068524724, 0.6490090222196432, -0.04334518121406072, 0.056937265481937505, -0.15472513944147942, 0.04583975395051702, -0.1690143094268689, -0.05444269274548122], [-0.3295780346601146, -0.4492883580804501, 0.3375677114916308, -0.332828045119961, 0.45402802445211987, 0.3128298385723646, -0.38861235025445023, 0.39824371931763064, -0.7866341933595757, 0.787077945784586, -0.0030281343562849395, 0.00022187621250502202]], "inverted": true, "swapped": false, "error_lsq": 0.05296762411875608, "error_max": 0.3590638935872798, "target": "107.xyz", "model": "27.xyz", "model_rescale": 4.509807893063789, "target_rescale": 4.156650757028915},
{"mapping": [11, 4, 5, 0, 1, 7, 8, 9, 2, 3, 12, 13], "R": [[0.5511935944804888, 0.8306471115731471, -0.07880988160672908], [-0.8326370179262197, 0.553682218681886, 0.012312477185212004], [0.05386295371227713, 0.05883346624746931, 0.9968136262444937]], "T": [-0.04443363406134479, -0.05155475588529407, -0.06762318431618292], "aligned_model": [[-0.4605106017583459, 0.4483964612258139, 0.3858631367409143, 0.30515788977594616, 0.24262456529104662, -0.25446847266089795, -0.5856691719203955, -0.648202496405295, -0.06601465840649715, -0.19108130737629633, 0.574586877750109, -0.12854798289139674], [-0.4940394513937398, 0.2749861116956634, 0.28475570042411597, -0.6180565312329562, -0.6082869425045037, 0.607970945071379, 0.0006936968493393494, 0.010463285577791963, -0.06505780019523043, -0.045518622738325194, -0.16953564072240168, -0.05528821146677781], [0.3029500093318865, -0.4306960183808691, 0.3602462932948544, -0.43099000281615923, 0.35995230885956425, 0.30562822105124576, -0.509063096202905, 0.2818792154728185, -0.8651696129629554, 0.716715010388491, -0.01722502674873872, -0.07422730128723234]], "inverted": false, "swapped": false, "error_lsq": 0.05219955609302602, "error_max": 0.348347336497058, "target": "107.xyz", "model": "28.xyz", "model_rescale": 4.5098078930637895, "target_rescale": 4.156650757028915},
{"mapping": [1, 5, 2, 4, 11, 7, 8, 9, 6, 0, 3, 12], "R": [[0.19178385915392743, -0.8486027910689621, 0.49304386656563803], [0.6053647090181103, 0.49770333559247715, 0.6211480973290839], [-0.772497586043766, 0.1793451776047804, 0.6091656481011258]], "T": [-0.009015651849691969, -0.01059709242756264, 0.08251880980922317], "aligned_model": [[-0.46844670036743785, 0.3968607446229777, 0.23374257405214152, 0.18595490185461896, 0.19377596575781172, -0.22216585696250477, -0.6172186706113201, -0.42848023914388167, 0.0018079309741623473, -0.07339388671862247, 0.5810077155034343, -0.16131023959667404], [-0.7556020048639086, 0.40112041113728186, 0.4256840115568015, -0.657638670664825, -0.6323907166443742, 0.5617867438464181, 0.06409004750227047, 0.3024729703293409, -0.09657628520686586, -0.25790530851976085, -0.15994197432067725, -0.07201268478734643], [0.2275341950587999, -0.3369716766787078, 0.4276696271239916, -0.40201285193492997, 0.22357657605368425, 0.00022672399583557878, -0.48786900050196885, 0.4316271133141424, -0.8250674011765121, 0.7156299195566044, 0.08608287256287446, -0.06042609737381306]], "inverted": true, "swapped": false, "error_lsq": 0.04909875907888406, "error_max": 0.26651287306041715, "target": "107.xyz", "model": "29.xyz", "model_rescale": 4.466005838112752, "target_rescale": 4.156650757028915},
