[{"mapping": [9, 8, 5, 0, 6, 3, 2, 10, 2, 7, 4, 11], "R": [[0.08168964792829969, -0.968364889606204, 0.235788553579929], [-0.6067019760082721, -0.23601127779396902, -0.7590858904377793], [0.790720882314998, -0.08104392223987322, -0.6067885702112137]], "T": [-0.06216941589106421, -0.011534891896783354, 0.07450905091127435], "aligned_model": [[-0.4303218117026593, 0.2800046573265555, 0.337459440565194, -0.0007286591477256646, 0.23075489816489672, -0.31073271790708723, -0.12368551661393729, -0.6173690129958092, -0.12368551661393729, 0.04370769687174678, 0.524506641858344, -0.18777586044087555], [-0.6541798851711321, 0.3488511041934316, 0.3973371404801769, -0.6716387643004146, -0.6679726163687623, 0.6557145619637291, 0.05354414617476095, -0.052009469382163824, 0.05354414617476095, -0.06580220057979402, -0.20483327530879136, -0.06946834851144645], [0.0817188236035982, -0.2433664075532317, 0.3719779659634129, -0.38318097075023316, 0.3558574561257462, -0.2031267141106055, -0.6844821578395789, 0.5630742673325715, -0.6844821578395789, 0.8372128998547196, -0.1093774777655604, 0.09817447297874006]], "inverted": true, "swapped": false, "error_lsq": 0.061045510865145675, "error_max": 0.4726837222086991, "target": "108.xyz", "model": "0.xyz", "model_rescale": 4.5108708085295355, "target_rescale": 4.156650757028915},
{"mapping": [10, 8, 4, 1, 7, 2, 3, 9, 3, 6, 5, 11], "R": [[-0.08168964792830069, 0.9683648896062038, 0.2357885535799296], [0.6067019760082726, 0.23601127779397002, -0.7590858904377787], [-0.7907208823149976, 0.08104392223987297, -0.6067885702112142]], "T": [-0.06216941589106423, -0.011534891896783417, 0.07450905091127441], "aligned_model": [[-0.4303218117026585, 0.2800046573265549, 0.3374594405651936, -0.0007286591477251025, 0.23075489816489747, -0.310732717907088, -0.12368551661393769, -0.6173690129958087, -0.12368551661393769, 0.04370769687174718, 0.524506641858344, -0.18777586044087552], [-0.6541798851711325, 0.3488511041934322, 0.3973371404801768, -0.6716387643004145, -0.667972616368762, 0.6557145619637288, 0.05354414617476133, -0.05200946938216494, 0.05354414617476133, -0.06580220057979463, -0.2048332753087906, -0.06946834851144658], [0.081718823603598, -0.2433664075532314, 0.37197796596341287, -0.3831809707502336, 0.35585745612574576, -0.20312671411060507, -0.6844821578395786, 0.5630742673325715, -0.6844821578395786, 0.8372128998547193, -0.10937747776556064, 0.09817447297874018]], "inverted": false, "swapped": false, "error_lsq": 0.061045510865145675, "error_max": 0.47268372220869853, "target": "108.xyz", "model": "1.xyz", "model_rescale": 4.510870808529536, "target_rescale": 4.156650757028915},
{"mapping": [9, 8, 5, 0, 6, 3, 2, 10, 2, 7, 4, 11], "R": [[0.08168964792829991, -0.9683648896062041, 0.23578855357992895], [-0.6067019760082725, -0.23601127779396902, -0.7590858904377791], [0.7907208823149978, -0.08104392223987306, -0.606788570211214]], "T": [-0.06216941589106418, -0.011534891896783424, 0.07450905091127435], "aligned_model": [[-0.4303218117026592, 0.28000465732655544, 0.33745944056519417, -0.0007286591477256646, 0.23075489816489692, -0.31073271790708734, -0.12368551661393745, -0.6173690129958092, -0.12368551661393745, 0.04370769687174699, 0.5245066418583441, -0.1877758604408756], [-0.6541798851711322, 0.3488511041934319, 0.3973371404801767, -0.6716387643004145, -0.6679726163687625, 0.6557145619637292, 0.05354414617476121, -0.052009469382164115, 0.05354414617476121, -0.06580220057979441, -0.2048332753087913, -0.06946834851144632], [0.08171882360359803, -0.24336640755323147, 0.371977965963413, -0.3831809707502334, 0.35585745612574593, -0.20312671411060523, -0.6844821578395789, 0.5630742673325716, -0.6844821578395789, 0.8372128998547196, -0.10937747776556062, 0.09817447297874025]], "inverted": true, "swapped": false, "error_lsq": 0.06104551086514568, "error_max": 0.4726837222086989, "target": "108.xyz", "model": "2.xyz", "model_rescale": 4.5108708085295355, "target_rescale": 4.156650757028915},
{"mapping": [11, 4, 5, 2, 3, 7, 9, 10, 0, 1, 8, 13], "R": [[0.5547462521032503, 0.831640988375754, 0.025097056217738348], [-0.8269887337869931, 0.5478289623047615, 0.12638458074256695], [0.09135770337953578, -0.09086635523386805, 0.9916637915744073]], "T": [-0.04974943705759432, -0.05088621889670302, -0.0023658962705696224], "aligned_model": [[-0.4445167627307321, 0.4023519455500801, 0.4222657226080901, 0.2608648060099182, 0.28077858306792813, -0.22064019380715622, -0.633951519140605, -0.614037742082595, -0.15400435002293994, -0.11417679590692004, 0.5712911187845676, -0.13409057296493], [-0.5441692466853807, 0.2269570415975064, 0.32723949475225894, -0.658740973741725, -0.5584585205869724, 0.6490089399075596, -0.0433453510718102, 0.056937102082942316, -0.15472496226927054, 0.04583994404023444, -0.16901441954646976, -0.054442509114518055], [-0.32957805459356104, -0.44928836894969854, 0.33756772646582955, -0.3328280484161205, 0.4540280469994076, 0.3128298559262755, -0.38861234004309236, 0.3982437553724357, -0.7866342452146472, 0.7870779456164086, -0.00302812336411814, 0.00022185020088073912]], "inverted": false, "swapped": false, "error_lsq": 0.05296762939854965, "error_max": 0.35906395786089895, "target": "108.xyz", "model": "3.xyz", "model_rescale": 4.509807743048502, "target_rescale": 4.156650757028915},
{"mapping": [12, 4, 5, 2, 3, 7, 9, 10, 0, 1, 8, 13], "R": [[0.5511934680423971, 0.8306471955127631, -0.07880988119631094], [-0.8326371020850128, 0.553682092066645, 0.012312479692380494], [0.0538629466225809, 0.0588334727131157, 0.996813626245974]], "T": [-0.04443357489519316, -0.051554737256099506, -0.06762318212375186], "aligned_model": [[-0.46051047092136355, 0.4483964336678967, 0.3858631074285289, 0.30515772192740415, 0.24262439568803634, -0.25446835192197603, -0.5856693373528998, -0.6482026635922675, -0.06601456985790978, -0.19108122233664543, 0.5745870927331791, -0.12854789609727757], [-0.49403941878222646, 0.27498610076673347, 0.28475569180952853, -0.6180565501278706, -0.6082869590850756, 0.6079708602735944, 0.0006935270661928561, 0.010463118108987896, -0.06505761747644251, -0.04551843539085244, -0.1695357513645671, -0.055288026433647476], [0.30295003154100614, -0.43069603694286573, 0.3602463010441198, -0.4309900300662493, 0.35995230792073624, 0.3056282410556198, -0.5090631225876056, 0.28187921539938, -0.8651696369088319, 0.7167150390651398, -0.01722501059860325, -0.0742272989218462]], "inverted": false, "swapped": false, "error_lsq": 0.05219956142274921, "error_max": 0.34834740257287417, "target": "108.xyz", "model": "4.xyz", "model_rescale": 4.509807743048502, "target_rescale": 4.156650757028915},
{"mapping": [11, 4, 5, 2, 3, 7, 9, 10, 0, 1, 8, 13], "R": [[0.5547462521032503, 0.831640988375754, 0.025097056217738403], [-0.8269887337869931, 0.5478289623047615, 0.12638458074256692], [0.09135770337953572, -0.09086635523386809, 0.9916637915744073]], "T": [-0.049749437057594326, -0.05088621889670303, -0.0023658962705696974], "aligned_model": [[-0.44451676273073215, 0.4023519455500801, 0.4222657226080901, 0.2608648060099181, 0.28077858306792813, -0.2206401938071562, -0.6339515191406051, -0.6140377420825951, -0.15400435002294, -0.11417679590692001, 0.5712911187845675, -0.13409057296493], [-0.5441692466853807, 0.2269570415975064, 0.3272394947522589, -0.6587409737417249, -0.5584585205869725, 0.6490089399075596, -0.043345351071810194, 0.05693710208294231, -0.15472496226927054, 0.04583994404023442, -0.16901441954646973, -0.05444250911451803], [-0.3295780545935611, -0.44928836894969865, 0.3375677264658294, -0.33282804841612057, 0.45402804699940746, 0.3128298559262754, -0.38861234004309236, 0.39824375537243567, -0.7866342452146473, 0.7870779456164085, -0.0030281233641179708, 0.00022185020088096247]], "inverted": false, "swapped": false, "error_lsq": 0.05296762939854965, "error_max": 0.359063957860899, "target": "108.xyz", "model": "5.xyz", "model_rescale": 4.509807743048502, "target_rescale": 4.156650757028915},
{"mapping": [11, 4, 5, 2, 3, 7, 9, 10, 0, 1, 8, 13], "R": [[0.5547463123112587, 0.8316409481238012, 0.0250970592063047], [-0.8269886943824172, 0.5478290219768108, 0.12638457992807545], [0.09135769448012897, -0.09086636387396753, 0.9916637916025771]], "T": [-0.04974945467357331, -0.050886229547681794, -0.0023658943939840597], "aligned_model": [[-0.4445168549755323, 0.40235201056683967, 0.42226579068784453, 0.2608649308204226, 0.2807787109414275, -0.2206403557593791, -0.6339512856574501, -0.6140375055364453, -0.1540044655493698, -0.11417690530736013, 0.571290854562073, -0.13409068542836497], [-0.5441693625582436, 0.22695713481897228, 0.3272395908105096, -0.6587409217004003, -0.5584584657088629, 0.6490088797865348, -0.04334521998240881, 0.056937236009128506, -0.15472504265229925, 0.045839869330775315, -0.1690145721285885, -0.054442586660761974], [-0.3295780505196473, -0.44928839741965415, 0.33756772534770196, -0.3328280734554202, 0.4540280493119359, 0.3128298827368883, -0.38861237470339277, 0.39824374806396334, -0.7866342595127025, 0.7870779860220094, -0.003028099126335815, 0.00022186325465348286]], "inverted": false, "swapped": false, "error_lsq": 0.05296762207118333, "error_max": 0.3590638959345517, "target": "108.xyz", "model": "6.xyz", "model_rescale": 4.509807586411629, "target_rescale": 4.156650757028915},
{"mapping": [12, 4, 5, 2, 3, 7, 9, 10, 0, 1, 8, 13], "R": [[0.5511935275821254, 0.8306471555662271, -0.07880988580951805], [-0.8326370622956778, 0.5536821519289183, 0.012312478507029007], [0.05386295241812022, 0.0588334733387265, 0.9968136258958868]], "T": [-0.04443359198482055, -0.05155474797165159, -0.06762318570453993], "aligned_model": [[-0.46051056419433123, 0.4483965037182817, 0.3858631716465309, 0.3051578510791894, 0.2426245190074386, -0.25446851711726276, -0.5856690990577945, -0.6482024311295452, -0.06601467583749628, -0.1910813399809979, 0.5745868291399401, -0.1285480079092471], [-0.49403953444465576, 0.27498619651166306, 0.2847557869532387, -0.6180564956791589, -0.6082869052375831, 0.6079707976821505, 0.0006936615121259371, 0.010463251953701624, -0.06505769517165894, -0.045518514288507554, -0.16953590569687738, -0.05528810473008325], [0.30295003473535387, -0.4306960462312607, 0.36024631894934245, -0.43099003589685525, 0.3599523292837479, 0.305628240173074, -0.5090631241916013, 0.28187924098900186, -0.865169674733445, 0.7167150556277618, -0.017225029152278463, -0.07422730955284171]], "inverted": false, "swapped": false, "error_lsq": 0.05219955373503495, "error_max": 0.3483473327649022, "target": "108.xyz", "model": "7.xyz", "model_rescale": 4.509807586411629, "target_rescale": 4.156650757028915},
{"mapping": [11, 4, 5, 2, 3, 7, 9, 10, 0, 1, 8, 13], "R": [[0.5547463123112589, 0.8316409481238008, 0.025097059206304777], [-0.8269886943824168, 0.547829021976811, 0.12638457992807545], [0.0913576944801289, -0.09086636387396761, 0.991663791602577]], "T": [-0.049749454673573314, -0.05088622954768181, -0.0023658943939841243], "aligned_model": [[-0.44451685497553217, 0.4023520105668395, 0.42226579068784437, 0.2608649308204227, 0.2807787109414276, -0.22064035575937924, -0.6339512856574501, -0.6140375055364451, -0.15400446554936986, -0.11417690530736005, 0.571290854562073, -0.13409068542836494], [-0.5441693625582437, 0.2269571348189724, 0.3272395908105097, -0.6587409217004001, -0.5584584657088628, 0.6490088797865344, -0.04334521998240904, 0.05693723600912827, -0.1547250426522993, 0.045839869330775274, -0.1690145721285882, -0.05444258666076198], [-0.3295780505196472, -0.44928839741965415, 0.3375677253477018, -0.33282807345542015, 0.4540280493119358, 0.3128298827368882, -0.38861237470339266, 0.3982437480639633, -0.7866342595127025, 0.7870779860220092, -0.0030280991263356627, 0.00022186325465372008]], "inverted": false, "swapped": false, "error_lsq": 0.05296762207118333, "error_max": 0.3590638959345516, "target": "108.xyz", "model": "8.xyz", "model_rescale": 4.509807586411629, "target_rescale": 4.156650757028915},
{"mapping": [9, 6, 7, 2, 3, 5, 11, 12, 0, 1, 8, 13], "R": [[-0.5547461969786295, -0.8316410249631473, 0.025097062298082406], [0.8269887698436754, -0.5478289063101603, 0.12638458752339435], [-0.09135771171714382, 0.09086635796189696, 0.9916637905563297]], "T": [-0.0497494672969051, -0.05088617068657364, -0.0023659016917044716], "aligned_model": [[-0.4445167536412709, 0.40235186651443483, 0.42226564945048845, 0.2608648448151955, 0.2807786277512491, -0.220640279552446, -0.6339514866804457, -0.614037703744392, -0.15400436003899992, -0.11417679416689276, 0.5712912057607313, -0.13409057710294633], [-0.5441691404080771, 0.22695700994212897, 0.3272394737823626, -0.6587409203901347, -0.558458456549901, 0.6490089784376857, -0.04334520622465573, 0.05693725761557791, -0.15472516342362935, 0.04583976425683792, -0.1690143580904445, -0.054442699583395725], [-0.32957808411729017, -0.44928838925231407, 0.3375677469812768, -0.3328280754916061, 0.45402806074198476, 0.31282987089354114, -0.388612377397544, 0.39824375883604685, -0.7866342611513829, 0.7870780113157986, -0.0030281364407192222, 0.00022187508220784455]], "inverted": false, "swapped": false, "error_lsq": 0.05296762677688766, "error_max": 0.3590640165367874, "target": "108.xyz", "model": "9.xyz", "model_rescale": 4.509807504472865, "target_rescale": 4.156650757028915},
{"mapping": [10, 6, 7, 2, 3, 5, 11, 12, 0, 1, 8, 13], "R": [[-0.5511934122429885, -0.8306472324204353, -0.07880988245266402], [0.8326371393887455, -0.5536820360323782, 0.012312476825050295], [-0.05386294097483218, -0.05883347896658726, 0.9968136261820613]], "T": [-0.044433604554803066, -0.051554688542726455, -0.06762318853830297], "aligned_model": [[-0.46051046086534553, 0.4483963605830051, 0.38586303003865047, 0.3051577657254613, 0.2426244351811067, -0.2544684414556668, -0.5856692991358459, -0.6482026296802006, -0.06601456977058534, -0.19108123085929468, 0.574587179918361, -0.12854790031494], [-0.4940393072885957, 0.2749860753717383, 0.2847556646562171, -0.6180564904110454, -0.6082869011265667, 0.607970893490331, 0.0006936797320237498, 0.010463269016502505, -0.06505780753726743, -0.04551862896830992, -0.16953568931788396, -0.05528821825278867], [0.30295004677252435, -0.430696065393149, 0.3602463143851695, -0.43099005307622895, 0.35995232670208954, 0.30562825281004813, -0.5090631465348648, 0.28187923324345365, -0.8651696802493892, 0.7167150793072483, -0.017225007495831307, -0.07422730047107061]], "inverted": false, "swapped": false, "error_lsq": 0.05219955879018379, "error_max": 0.34834746570282776, "target": "108.xyz", "model": "10.xyz", "model_rescale": 4.509807504472865, "target_rescale": 4.156650757028915},
{"mapping": [9, 7, 6, 3, 2, 4, 12, 11, 1, 0, 8, 13], "R": [[0.5511934122429882, 0.8306472324204351, -0.07880988245266472], [-0.8326371393887454, 0.553682036032378, 0.012312476825050427], [0.05386294097483267, 0.05883347896658776, 0.996813626182061]], "T": [-0.044433604554803025, -0.05155468854272646, -0.06762318853830288], "aligned_model": [[-0.46051046086534575, 0.44839636058300547, 0.3858630300386502, 0.3051577657254616, 0.24262443518110635, -0.25446844145566694, -0.5856692991358455, -0.6482026296802007, -0.06601456977058474, -0.1910812308592952, 0.5745871799183608, -0.12854790031493996], [-0.4940393072885956, 0.27498607537173814, 0.28475566465621704, -0.6180564904110455, -0.6082869011265666, 0.6079708934903311, 0.0006936797320237983, 0.010463269016502658, -0.06505780753726753, -0.045518628968309806, -0.16953568931788396, -0.055288218252788665], [0.30295004677252413, -0.43069606539314875, 0.36024631438516985, -0.43099005307622873, 0.3599523267020899, 0.3056282528100479, -0.5090631465348653, 0.2818792332434533, -0.8651696802493889, 0.7167150793072481, -0.01722500749583096, -0.07422730047107076]], "inverted": true, "swapped": false, "error_lsq": 0.05219955879018381, "error_max": 0.3483474657028276, "target": "108.xyz", "model": "11.xyz", "model_rescale": 4.509807504472865, "target_rescale": 4.156650757028915},
{"mapping": [9, 6, 7, 2, 3, 5, 11, 12, 0, 1, 8, 13], "R": [[-0.5547463064027796, -0.8316409521860885, 0.025097055195573762], [0.8269886982523441, -0.5478290166888338, 0.12638457752684462], [-0.09135769532648502, 0.09086635857544757, 0.9916637920101103]], "T": [-0.04974957674198679, -0.05088624520155009, -0.0023658893287855534], "aligned_model": [[-0.4445169629373585, 0.4023518744617411, 0.4222656506050538, 0.260864793946983, 0.28077857009029566, -0.2206402835132044, -0.6339513824575576, -0.6140376063142448, -0.1540042728918526, -0.11417672060522718, 0.5712910757286171, -0.1340904967485399], [-0.5441693551669279, 0.22695710609034248, 0.3272395561716017, -0.6587409143850216, -0.5584584643037623, 0.6490089580742057, -0.043345231208211064, 0.05693721887304816, -0.15472511360320912, 0.04583978655930927, -0.16901434421507022, -0.05444266352194992], [-0.3295780354275091, -0.4492883716703565, 0.3375677199957589, -0.3328280550451192, 0.4540280366209962, 0.3128298558082681, -0.3886123570502327, 0.3982437346158827, -0.7866342237607875, 0.787077959571443, -0.0030281315636721292, 0.00022186790532775303]], "inverted": false, "swapped": false, "error_lsq": 0.05296761107980022, "error_max": 0.35906385294076926, "target": "108.xyz", "model": "12.xyz", "model_rescale": 4.509807766519439, "target_rescale": 4.156650757028915},
{"mapping": [10, 6, 7, 2, 3, 5, 11, 12, 0, 1, 8, 13], "R": [[-0.5511935222978268, -0.8306471593607898, -0.07880988277345746], [0.8326370658332141, -0.5536821465703592, 0.01231248024953848], [-0.05386295180893127, -0.05883347019418564, 0.9968136261144]], "T": [-0.04443371417631477, -0.051554764059198066, -0.06762319250070742], "aligned_model": [[-0.4605106715633259, 0.4483963629031721, 0.38586303573783454, 0.30515771014476756, 0.24262438297943, -0.25446844131494206, -0.58566920060127, -0.6482025277666075, -0.06601449321223431, -0.19108114754290934, 0.5745870499783622, -0.12854782037757181], [-0.49403952968407105, 0.27498616371382645, 0.2847557551478649, -0.6180564918754547, -0.6082869004414162, 0.6079708798608747, 0.0006936463332006954, 0.010463237767239161, -0.06505777341590613, -0.04551859054782917, -0.16953567551210613, -0.05528818198186765], [0.30295001491807194, -0.4306960403906838, 0.3602462933755049, -0.43099002852036233, 0.3599523052458264, 0.30562823132684575, -0.5090631118175786, 0.2818792219486101, -0.8651696246082683, 0.7167150429241096, -0.017225013559996408, -0.07422729084207948]], "inverted": false, "swapped": false, "error_lsq": 0.052199542704187245, "error_max": 0.3483472905450774, "target": "108.xyz", "model": "13.xyz", "model_rescale": 4.509807766519439, "target_rescale": 4.156650757028915},
{"mapping": [9, 7, 6, 3, 2, 4, 12, 11, 1, 0, 8, 13], "R": [[0.5511935222978266, 0.8306471593607898, -0.07880988277345768], [-0.8326370658332141, 0.553682146570359, 0.012312480249538588], [0.05386295180893147, 0.05883347019418579, 0.9968136261143998]], "T": [-0.044433714176314754, -0.051554764059198066, -0.06762319250070731], "aligned_model": [[-0.460510671563326, 0.44839636290317214, 0.3858630357378345, 0.3051577101447675, 0.24262438297942984, -0.254468441314942, -0.5856692006012698, -0.6482025277666075, -0.06601449321223411, -0.1910811475429095, 0.5745870499783623, -0.1285478203775718], [-0.4940395296840709, 0.2749861637138263, 0.28475575514786483, -0.6180564918754547, -0.6082869004414162, 0.6079708798608747, 0.0006936463332007578, 0.010463237767239321, -0.06505777341590618, -0.04551859054782907, -0.16953567551210624, -0.055288181981867635], [0.3029500149180719, -0.43069604039068377, 0.36024629337550496, -0.4309900285203622, 0.3599523052458265, 0.30562823132684563, -0.5090631118175788, 0.28187922194861, -0.8651696246082679, 0.7167150429241094, -0.01722501355999633, -0.07422729084207957]], "inverted": true, "swapped": false, "error_lsq": 0.05219954270418723, "error_max": 0.3483472905450774, "target": "108.xyz", "model": "14.xyz", "model_rescale": 4.509807766519439, "target_rescale": 4.156650757028915},
{"mapping": [9, 8, 7, 0, 4, 3, 2, 10, 2, 5, 6, 11], "R": [[-0.0816896180147032, 0.9683648941940921, 0.2357885451014894], [0.606701948668924, 0.23601125595567707, -0.7590859190786998], [-0.7907209063822345, 0.08104393101700522, -0.6067885376763216]], "T": [-0.062169301804028416, -0.011534924343765261, 0.07450915084408444], "aligned_model": [[-0.4303216463512128, 0.2800046801752755, 0.337459476350543, -0.000728683131681486, 0.23075468341664274, -0.3107327004597176, -0.12368549045114849, -0.617368856359782, -0.12368549045114849, 0.04370747340807358, 0.5245066863591121, -0.1877758931402506], [-0.6541798675430779, 0.3488512564673867, 0.39733718369168936, -0.67163869426972, -0.6679727112831643, 0.6557144872351715, 0.05354399901511223, -0.05200937932301882, 0.05354399901511223, -0.06580222306310515, -0.20483330452836981, -0.06946820604966097], [0.08171886271518, -0.24336661299360024, 0.37197798585067904, -0.38318115483458287, 0.3558574944387742, -0.2031265877821669, -0.6844820454388696, 0.5630743203718827, -0.6844820454388696, 0.8372129520954767, -0.10937747180602364, 0.09817430282211967]], "inverted": true, "swapped": false, "error_lsq": 0.061045497559290736, "error_max": 0.4726836838845784, "target": "108.xyz", "model": "15.xyz", "model_rescale": 4.510870436145588, "target_rescale": 4.156650757028915},
{"mapping": [9, 8, 7, 0, 4, 3, 2, 10, 2, 5, 6, 11], "R": [[-0.08168961801470354, 0.9683648941940918, 0.23578854510148964], [0.6067019486689232, 0.23601125595567754, -0.7590859190787], [-0.7907209063822349, 0.081043931017005, -0.6067885376763209]], "T": [-0.062169301804028444, -0.011534924343765185, 0.07450915084408444], "aligned_model": [[-0.43032164635121245, 0.28000468017527513, 0.33745947635054274, -0.0007286831316812084, 0.23075468341664293, -0.3107327004597179, -0.1236854904511486, -0.6173688563597818, -0.1236854904511486, 0.043707473408073634, 0.524506686359112, -0.1877758931402505], [-0.6541798675430779, 0.3488512564673865, 0.39733718369168963, -0.6716386942697201, -0.6679727112831637, 0.6557144872351708, 0.0535439990151117, -0.0520093793230188, 0.0535439990151117, -0.06580222306310451, -0.20483330452836954, -0.069468206049661], [0.08171886271518056, -0.24336661299360057, 0.3719779858506786, -0.38318115483458237, 0.3558574944387746, -0.20312658778216747, -0.6844820454388696, 0.5630743203718827, -0.6844820454388696, 0.8372129520954767, -0.10937747180602345, 0.09817430282211966]], "inverted": true, "swapped": false, "error_lsq": 0.06104549755929073, "error_max": 0.4726836838845783, "target": "108.xyz", "model": "16.xyz", "model_rescale": 4.510870436145588, "target_rescale": 4.156650757028915},
{"mapping": [10, 8, 6, 1, 5, 2, 3, 9, 3, 4, 7, 11], "R": [[0.0816896180147032, -0.9683648941940919, 0.2357885451014896], [-0.6067019486689238, -0.23601125595567735, -0.7590859190786998], [0.7907209063822345, -0.0810439310170053, -0.6067885376763215]], "T": [-0.062169301804028465, -0.011534924343765164, 0.0745091508440845], "aligned_model": [[-0.43032164635121256, 0.2800046801752754, 0.3374594763505428, -0.0007286831316813125, 0.2307546834166428, -0.31073270045971774, -0.12368549045114838, -0.6173688563597819, -0.12368549045114838, 0.04370747340807345, 0.5245066863591121, -0.18777589314025053], [-0.654179867543078, 0.3488512564673865, 0.3973371836916894, -0.6716386942697199, -0.667972711283164, 0.6557144872351711, 0.053543999015112, -0.052009379323018946, 0.053543999015112, -0.06580222306310493, -0.20483330452836968, -0.06946820604966113], [0.08171886271517999, -0.24336661299360035, 0.371977985850679, -0.38318115483458276, 0.3558574944387741, -0.20312658778216697, -0.6844820454388696, 0.5630743203718825, -0.6844820454388696, 0.8372129520954767, -0.10937747180602357, 0.09817430282211956]], "inverted": false, "swapped": false, "error_lsq": 0.06104549755929073, "error_max": 0.4726836838845785, "target": "108.xyz", "model": "17.xyz", "model_rescale": 4.510870436145588, "target_rescale": 4.156650757028915},
{"mapping": [0, 6, 2, 3, 11, 8, 7, 10, 5, 1, 4, 12], "R": [[-0.19178388961986742, 0.848602780801232, 0.4930438723873273], [-0.6053646758208535, -0.4977033651459679, 0.6211481060026608], [0.7724976044950481, -0.1793451441740085, 0.6091656345450034]], "T": [-0.009015643518369788, -0.010597064748862156, 0.0825187827014843], "aligned_model": [[-0.4684467133515898, 0.3968607678741273, 0.23374257702434487, 0.1859549313215301, 0.1937759419540657, -0.2221658622970118, -0.6172186977340449, -0.4284802682951281, 0.001807932437094116, -0.07339387791455668, 0.5810077667585632, -0.16131025841268837], [-0.7556019239665304, 0.40112036266212203, 0.42568399628015574, -0.6576386261086219, -0.6323907840914506, 0.561786731370205, 0.06409000650365501, 0.30247296784769484, -0.09657636220442792, -0.2579051990999805, -0.15994190124207208, -0.07201272858639422], [0.22753410640361352, -0.3369716430334082, 0.42766969006266564, -0.4020129595514891, 0.2235766677533623, 0.0002267552027784836, -0.4878689795896627, 0.4316271688707577, -0.8250673778258494, 0.7156298411960547, 0.0860827752409521, -0.06042604472977561]], "inverted": false, "swapped": false, "error_lsq": 0.04909874971298885, "error_max": 0.2665127590036941, "target": "108.xyz", "model": "18.xyz", "model_rescale": 4.466005644533647, "target_rescale": 4.156650757028915},
{"mapping": [10, 4, 5, 0, 1, 7, 8, 9, 2, 3, 12, 13], "R": [[0.5547463318090641, 0.8316409351952956, 0.025097056637818665], [-0.8269886816242442, 0.5478290418410846, 0.12638457730622768], [0.09135769157428571, -0.09086636243942754, 0.9916637920017269]], "T": [-0.04974951617662569, -0.050886204987545876, -0.002365895955255208], "aligned_model": [[-0.44451689404776834, 0.4023519297947196, 0.4222657073249953, 0.2608648748649066, 0.2807786523951823, -0.2206402444529487, -0.6339513312812778, -0.6140375537510022, -0.15400439902717397, -0.1141768439666227, 0.5712909630085937, -0.13409062149689835], [-0.5441693325364996, 0.2269571637539955, 0.3272396148818139, -0.6587408718893449, -0.5584584207615265, 0.6490090013535681, -0.043345208127614825, 0.05693724300020355, -0.15472519849840882, 0.04583970375722792, -0.16901440819846916, -0.05444274737059044], [-0.32957804443558836, -0.44928838586134207, 0.337567715383378, -0.33282806794077985, 0.4540280333039402, 0.3128298546158323, -0.388612365280968, 0.39824373596375207, -0.7866342193426312, 0.7870779831468089, -0.003028121454491286, 0.00022188190208891805]], "inverted": false, "swapped": false, "error_lsq": 0.05296761751513603, "error_max": 0.3590638872539574, "target": "108.xyz", "model": "19.xyz", "model_rescale": 4.509807711582247, "target_rescale": 4.156650757028915},
{"mapping": [11, 4, 5, 0, 1, 7, 8, 9, 2, 3, 12, 13], "R": [[0.5511935473954455, 0.8306471425109815, -0.07880988483665026], [-0.8326370490610365, 0.5536821718055736, 0.012312479668724036], [0.05386295425015382, 0.058833470601390284, 0.9968136259584544]], "T": [-0.04443365347476705, -0.05155472338667851, -0.06762318903680727], "aligned_model": [[-0.4605106031727745, 0.44839642034551774, 0.3858630907813342, 0.3051577928590896, 0.24262446329490608, -0.25446840375705887, -0.5856691473247851, -0.6482024768889688, -0.0660146151991702, -0.19108127432753738, 0.5745869375175066, -0.1285479447633538], [-0.494039506318547, 0.2749862226164551, 0.2847558137086448, -0.6180564481854113, -0.6082868570932217, 0.6079709228888194, 0.0006936704700993487, 0.010463261562288988, -0.06505785777648909, -0.0455186755921098, -0.16953574023187432, -0.055288266684299446], [0.30295002299097695, -0.4306960411044836, 0.3602463021730011, -0.4309900278650804, 0.3599523154124043, 0.30562823778818965, -0.509063114743697, 0.28187922853378766, -0.865169643917698, 0.7167150426372709, -0.017225021264457963, -0.07422730064021364]], "inverted": false, "swapped": false, "error_lsq": 0.052199549141321, "error_max": 0.34834732469243157, "target": "108.xyz", "model": "20.xyz", "model_rescale": 4.509807711582248, "target_rescale": 4.156650757028915},
{"mapping": [1, 5, 2, 4, 11, 7, 8, 9, 6, 0, 3, 12], "R": [[0.1917838896198674, -0.8486027808012319, 0.4930438723873276], [0.6053646758208534, 0.49770336514596814, 0.6211481060026609], [-0.7724976044950485, 0.17934514417400868, 0.6091656345450032]], "T": [-0.009015643518369684, -0.010597064748862059, 0.08251878270148434], "aligned_model": [[-0.46844671335158994, 0.39686076787412733, 0.2337425770243451, 0.18595493132153007, 0.19377594195406572, -0.2221658622970118, -0.617218697734045, -0.42848026829512814, 0.0018079324370940536, -0.07339387791455662, 0.5810077667585634, -0.16131025841268842], [-0.7556019239665304, 0.40112036266212187, 0.4256839962801559, -0.657638626108622, -0.6323907840914507, 0.5617867313702052, 0.06409000650365522, 0.302472967847695, -0.09657636220442799, -0.2579051990999805, -0.15994190124207225, -0.07201272858639418], [0.22753410640361404, -0.33697164303340865, 0.4276696900626655, -0.402012959551489, 0.2235766677533625, 0.00022675520277831707, -0.4878689795896625, 0.4316271688707578, -0.8250673778258495, 0.7156298411960549, 0.08608277524095184, -0.06042604472977557]], "inverted": true, "swapped": false, "error_lsq": 0.04909874971298885, "error_max": 0.2665127590036945, "target": "108.xyz", "model": "21.xyz", "model_rescale": 4.466005644533646, "target_rescale": 4.156650757028915},
{"mapping": [0, 6, 2, 3, 11, 8, 7, 10, 5, 1, 4, 12], "R": [[-0.1917839695723729, 0.8486027877252286, 0.4930438293702032], [-0.605364634459764, -0.49770338941027753, 0.6211481268706509], [0.7724976170581109, -0.1793450440756379, 0.6091656480835471]], "T": [-0.009015633725292106, -0.010597069898251543, 0.0825187789612247], "aligned_model": [[-0.4684468287827137, 0.3968607308552706, 0.23374266094176574, 0.18595487910258982, 0.19377621447754823, -0.22216593144727473, -0.6172187355947175, -0.4284801923046756, 0.0018079267078278324, -0.07339402463527087, 0.5810076832500326, -0.16131014320567716], [-0.7556018639024527, 0.40112038858386795, 0.4256839514101925, -0.6576386080463517, -0.6323909581906024, 0.5617867863997705, 0.06409004080895747, 0.3024729342557169, -0.09657635700694506, -0.2579051183116396, -0.15994186245553865, -0.0720127941806206], [0.22753411943972254, -0.33697161404170184, 0.4276696692920382, -0.4020128980026362, 0.22357665347931763, 0.000226723808970819, -0.4878690257577578, 0.43162709509462394, -0.8250673636084306, 0.7156298690064513, 0.08608285156409251, -0.060426080274690624]], "inverted": false, "swapped": false, "error_lsq": 0.04909874375819456, "error_max": 0.2665127100155067, "target": "108.xyz", "model": "22.xyz", "model_rescale": 4.46600560860683, "target_rescale": 4.156650757028915},
{"mapping": [10, 4, 5, 0, 1, 7, 8, 9, 2, 3, 12, 13], "R": [[0.5547462717914204, 0.8316409752151186, 0.025097057133577967], [-0.8269887208976008, 0.5478289818230311, 0.12638458047915335], [0.09135770050559427, -0.09086635800992471, 0.9916637915848003]], "T": [-0.04974951471761875, -0.050886203508483184, -0.002365896243546428], "aligned_model": [[-0.4445168361482816, 0.40235186653551935, 0.42226564462346483, 0.2608647459993379, 0.2807785240872834, -0.22064028920004897, -0.6339514229732583, -0.6140376448853129, -0.1540043068951482, -0.11417675071925724, 0.57129123774761, -0.13409052880720274], [-0.5441692477563487, 0.22695707216807867, 0.3272395266409047, -0.65874096006564, -0.558458505592814, 0.6490089616887424, -0.04334522741890124, 0.056937227053924795, -0.1547251336026565, 0.04583977534299558, -0.16901426996410052, -0.05444267912983044], [-0.32957805843145516, -0.44928837725459136, 0.33756773015129676, -0.3328280551546327, 0.4540280522512554, 0.312829862019956, -0.38861236375992897, 0.39824374364595916, -0.786634236554906, 0.7870779782568701, -0.003028146020805834, 0.00022187085098215832]], "inverted": false, "swapped": false, "error_lsq": 0.05296761766215954, "error_max": 0.35906393990567537, "target": "108.xyz", "model": "23.xyz", "model_rescale": 4.509807674373902, "target_rescale": 4.156650757028915},
{"mapping": [11, 4, 5, 0, 1, 7, 8, 9, 2, 3, 12, 13], "R": [[0.5511934875324027, 0.8306471824585825, -0.07880988247349141], [-0.8326370890686176, 0.553682111649578, 0.012312479303691046], [0.05386294838946837, 0.05883347272499573, 0.9968136261497988]], "T": [-0.044433652132392754, -0.051554721867536166, -0.06762318944518123], "aligned_model": [[-0.46051054447601364, 0.4483963566308941, 0.385863028425874, 0.3051576636707012, 0.24262433546568107, -0.25446844820775366, -0.5856692394338523, -0.6482025676388725, -0.06601452409509939, -0.1910811805051396, 0.5745872118284061, -0.12854785230011948], [-0.49403941935459567, 0.2749861321631753, 0.2847557230463264, -0.6180565356930194, -0.6082869448098684, 0.607970881322537, 0.0006936526724972969, 0.010463243555648372, -0.0650577885971414, -0.045518606830839255, -0.16953560039637505, -0.05528819771399033], [0.3029500300987148, -0.43069604978318166, 0.3602463001718301, -0.43099004174403477, 0.359952308210977, 0.3056282382430632, -0.5090631241986724, 0.2818792257563394, -0.865169644433254, 0.716715055476769, -0.01722500332030817, -0.07422729447824263]], "inverted": false, "swapped": false, "error_lsq": 0.05219954941928969, "error_max": 0.34834738257383085, "target": "108.xyz", "model": "24.xyz", "model_rescale": 4.509807674373903, "target_rescale": 4.156650757028915},
{"mapping": [1, 5, 2, 4, 11, 7, 8, 9, 6, 0, 3, 12], "R": [[0.19178396957237231, -0.8486027877252283, 0.4930438293702038], [0.6053646344597633, 0.4977033894102778, 0.6211481268706514], [-0.7724976170581115, 0.17934504407563823, 0.6091656480835461]], "T": [-0.009015633725291964, -0.010597069898251446, 0.08251877896122466], "aligned_model": [[-0.46844682878271354, 0.3968607308552705, 0.23374266094176618, 0.18595487910258962, 0.19377621447754836, -0.2221659314472747, -0.617218735594718, -0.42848019230467527, 0.0018079267078273085, -0.07339402463527034, 0.5810076832500328, -0.16131014320567721], [-0.7556018639024523, 0.4011203885838676, 0.42568395141019283, -0.657638608046352, -0.6323909581906023, 0.5617867863997704, 0.06409004080895729, 0.30247293425571736, -0.09657635700694563, -0.2579051183116391, -0.15994186245553876, -0.07201279418062063], [0.22753411943972357, -0.3369716140417028, 0.42766966929203754, -0.40201289800263584, 0.22357665347931788, 0.00022672380897041655, -0.4878690257577574, 0.4316270950946239, -0.8250673636084306, 0.7156298690064513, 0.08608285156409194, -0.0604260802746905]], "inverted": true, "swapped": false, "error_lsq": 0.04909874375819457, "error_max": 0.26651271001550747, "target": "108.xyz", "model": "25.xyz", "model_rescale": 4.466005608606829, "target_rescale": 4.156650757028915},
{"mapping": [0, 6, 2, 3, 11, 8, 7, 10, 5, 1, 4, 12], "R": [[-0.19178385915392748, 0.8486027910689623, 0.4930438665656377], [-0.6053647090181106, -0.49770333559247676, 0.6211480973290839], [0.7724975860437658, -0.1793451776047803, 0.6091656481011261]], "T": [-0.009015651849692042, -0.010597092427562703, 0.08251880980922306], "aligned_model": [[-0.46844670036743785, 0.3968607446229777, 0.2337425740521413, 0.1859549018546191, 0.19377596575781186, -0.22216585696250485, -0.6172186706113201, -0.42848023914388184, 0.001807930974162441, -0.07339388671862257, 0.5810077155034344, -0.16131023959667404], [-0.7556020048639087, 0.40112041113728214, 0.4256840115568015, -0.6576386706648248, -0.6323907166443741, 0.5617867438464181, 0.06409004750227024, 0.30247297032934073, -0.09657628520686576, -0.2579053085197609, -0.15994197432067697, -0.07201268478734646], [0.22753419505879957, -0.33697167667870775, 0.4276696271239917, -0.40201285193493025, 0.22357657605368414, 0.00022672399583557878, -0.4878690005019693, 0.4316271133141424, -0.8250674011765124, 0.7156299195566045, 0.08608287256287456, -0.06042609737381317]], "inverted": false, "swapped": false, "error_lsq": 0.04909875907888406, "error_max": 0.26651287306041704, "target": "108.xyz", "model": "26.xyz", "model_rescale": 4.466005838112752, "target_rescale": 4.156650757028915},
{"mapping": [10, 4, 5, 0, 1, 7, 8, 9, 2, 3, 12, 13], "R": [[0.5547463790761655, 0.8316409035773085, 0.02509705956882167], [-0.8269886507117425, 0.5478290886210255, 0.126384576806774], [0.09135768438316613, -0.09086636978428349, 0.9916637919912026]], "T": [-0.04974949620772577, -0.05088623746188492, -0.0023658922567486506], "aligned_model": [[-0.44451689535771105, 0.4023519729914817, 0.42226575204606126, 0.2608649745659875, 0.2807787536205671, -0.2206403151510481, -0.6339513536304773, -0.6140375745758977, -0.1540044384675588, -0.11417688035839958, 0.5712909030946797, -0.13409065941297918], [-0.5441692749665391, 0.22695705460581578, 0.32723950130181373, -0.6587409535484704, -0.5584585068524724, 0.649009022219643, -0.04334518121406077, 0.056937265481937144, -0.15472513944147917, 0.045839753950516676, -0.16901430942686863, -0.054442692745481226], [-0.32957803466011454, -0.4492883580804502, 0.33756771149163045, -0.33282804511996134, 0.4540280244521193, 0.31282983857236474, -0.38861235025444996, 0.3982437193176307, -0.7866341933595755, 0.7870779457845858, -0.00302813435628512, 0.00022187621250524406]], "inverted": false, "swapped": false, "error_lsq": 0.052967624118756086, "error_max": 0.35906389358727964, "target": "108.xyz", "model": "27.xyz", "model_rescale": 4.509807893063789, "target_rescale": 4.156650757028915},
{"mapping": [11, 4, 5, 0, 1, 7, 8, 9, 2, 3, 12, 13], "R": [[0.5511935944804888, 0.8306471115731471, -0.07880988160672903], [-0.8326370179262197, 0.553682218681886, 0.01231247718521198], [0.05386295371227709, 0.05883346624746929, 0.9968136262444937]], "T": [-0.04443363406134479, -0.05155475588529407, -0.06762318431618299], "aligned_model": [[-0.4605106017583458, 0.4483964612258139, 0.3858631367409143, 0.30515788977594616, 0.24262456529104662, -0.2544684726608979, -0.5856691719203955, -0.648202496405295, -0.06601465840649719, -0.19108130737629628, 0.574586877750109, -0.12854798289139674], [-0.4940394513937398, 0.2749861116956634, 0.28475570042411597, -0.6180565312329562, -0.6082869425045037, 0.607970945071379, 0.0006936968493393564, 0.010463285577791956, -0.0650578001952304, -0.045518622738325215, -0.16953564072240168, -0.05528821146677781], [0.3029500093318864, -0.4306960183808692, 0.3602462932948543, -0.43099000281615935, 0.35995230885956414, 0.3056282210512457, -0.509063096202905, 0.28187921547281847, -0.8651696129629555, 0.7167150103884908, -0.01722502674873882, -0.07422730128723241]], "inverted": false, "swapped": false, "error_lsq": 0.05219955609302602, "error_max": 0.34834733649705807, "target": "108.xyz", "model": "28.xyz", "model_rescale": 4.5098078930637895, "target_rescale": 4.156650757028915},
{"mapping": [1, 5, 2, 4, 11, 7, 8, 9, 6, 0, 3, 12], "R": [[0.19178385915392726, -0.848602791068962, 0.49304386656563803], [0.6053647090181102, 0.49770333559247704, 0.6211480973290839], [-0.772497586043766, 0.17934517760478047, 0.6091656481011256]], "T": [-0.009015651849691966, -0.01059709242756264, 0.08251880980922308], "aligned_model": [[-0.4684467003674377, 0.39686074462297755, 0.23374257405214152, 0.1859549018546189, 0.19377596575781172, -0.22216585696250477, -0.6172186706113201, -0.42848023914388156, 0.0018079309741621842, -0.07339388671862236, 0.5810077155034342, -0.16131023959667404], [-0.7556020048639085, 0.40112041113728186, 0.4256840115568015, -0.657638670664825, -0.6323907166443741, 0.561786743846418, 0.06409004750227036, 0.30247297032934084, -0.09657628520686586, -0.2579053085197608, -0.1599419743206772, -0.07201268478734645], [0.2275341950588, -0.336971676678708, 0.42766962712399137, -0.40201285193492997, 0.2235765760536842, 0.00022672399583544, -0.4878690005019688, 0.4316271133141423, -0.8250674011765121, 0.7156299195566043, 0.08608287256287428, -0.060426097373813104]], "inverted": true, "swapped": false, "error_lsq": 0.04909875907888406, "error_max": 0.2665128730604173, "target": "108.xyz", "model": "29.xyz", "model_rescale": 4.466005838112752, "target_rescale": 4.156650757028915},
