[{"mapping": [10, 4, 8, 7, 1, 2, 9, 3, 6, 3, 5, 11], "R": [[0.0816896479282993, -0.9683648896062043, -0.23578855357992884], [-0.6067019760082724, -0.23601127779396852, 0.7590858904377793], [-0.7907208823149978, 0.08104392223987344, -0.6067885702112139]], "T": [-0.06216941589106423, -0.011534891896783285, -0.07450905091127429], "aligned_model": [[-0.43032181170265954, 0.3374594405651942, 0.2800046573265558, 0.23075489816489642, -0.0007286591477258519, -0.3107327179070869, -0.6173690129958094, -0.12368551661393712, 0.04370769687174664, -0.12368551661393712, 0.524506641858344, -0.18777586044087563], [-0.6541798851711318, 0.39733714048017654, 0.3488511041934316, -0.6679726163687625, -0.6716387643004145, 0.6557145619637295, -0.052009469382163644, 0.05354414617476113, -0.06580220057979433, 0.05354414617476113, -0.20483327530879167, -0.06946834851144633], [-0.08171882360359771, -0.371977965963413, 0.24336640755323152, -0.355857456125746, 0.38318097075023344, 0.20312671411060546, -0.5630742673325712, 0.684482157839579, -0.8372128998547195, 0.684482157839579, 0.10937747776556055, -0.09817447297873996]], "inverted": true, "swapped": false, "error_lsq": 0.06104551086514567, "error_max": 0.47268372220869914, "target": "109.xyz", "model": "0.xyz", "model_rescale": 4.5108708085295355, "target_rescale": 4.156650757028915},
{"mapping": [9, 5, 8, 6, 0, 3, 10, 2, 7, 2, 4, 11], "R": [[-0.08168964792830063, 0.9683648896062036, -0.23578855357993012], [0.6067019760082721, 0.2360112777939705, 0.7590858904377789], [0.7907208823149977, -0.08104392223987314, -0.6067885702112138]], "T": [-0.062169415891064284, -0.01153489189678341, -0.07450905091127423], "aligned_model": [[-0.43032181170265826, 0.3374594405651933, 0.2800046573265547, 0.23075489816489758, -0.0007286591477247417, -0.31073271790708823, -0.617369012995809, -0.12368551661393748, 0.04370769687174683, -0.12368551661393748, 0.524506641858344, -0.1877758604408755], [-0.6541798851711325, 0.39733714048017715, 0.348851104193432, -0.6679726163687617, -0.6716387643004145, 0.6557145619637286, -0.052009469382164934, 0.05354414617476095, -0.06580220057979419, 0.05354414617476095, -0.20483327530879042, -0.06946834851144677], [-0.08171882360359796, -0.3719779659634126, 0.2433664075532317, -0.3558574561257458, 0.3831809707502334, 0.20312671411060546, -0.5630742673325712, 0.6844821578395786, -0.8372128998547189, 0.6844821578395786, 0.10937747776556055, -0.09817447297873987]], "inverted": false, "swapped": false, "error_lsq": 0.061045510865145654, "error_max": 0.4726837222086986, "target": "109.xyz", "model": "1.xyz", "model_rescale": 4.510870808529536, "target_rescale": 4.156650757028915},
{"mapping": [10, 4, 8, 7, 1, 2, 9, 3, 6, 3, 5, 11], "R": [[0.08168964792829975, -0.9683648896062041, -0.2357885535799289], [-0.606701976008272, -0.2360112777939689, 0.7590858904377795], [-0.790720882314998, 0.08104392223987311, -0.6067885702112137]], "T": [-0.06216941589106423, -0.01153489189678323, -0.07450905091127429], "aligned_model": [[-0.4303218117026593, 0.33745944056519417, 0.28000465732655555, 0.23075489816489675, -0.0007286591477257687, -0.31073271790708723, -0.6173690129958092, -0.12368551661393737, 0.0437076968717469, -0.12368551661393737, 0.524506641858344, -0.1877758604408755], [-0.654179885171132, 0.3973371404801769, 0.34885110419343146, -0.6679726163687624, -0.6716387643004146, 0.6557145619637292, -0.052009469382163644, 0.0535441461747608, -0.06580220057979394, 0.0535441461747608, -0.2048332753087915, -0.06946834851144654], [-0.08171882360359807, -0.3719779659634127, 0.24336640755323197, -0.35585745612574604, 0.3831809707502332, 0.20312671411060568, -0.5630742673325714, 0.684482157839579, -0.8372128998547193, 0.684482157839579, 0.10937747776556063, -0.09817447297873982]], "inverted": true, "swapped": false, "error_lsq": 0.061045510865145654, "error_max": 0.4726837222086989, "target": "109.xyz", "model": "2.xyz", "model_rescale": 4.5108708085295355, "target_rescale": 4.156650757028915},
{"mapping": [11, 4, 5, 2, 3, 7, 9, 10, 0, 1, 8, 13], "R": [[0.5547462521032503, 0.831640988375754, 0.02509705621773834], [-0.8269887337869931, 0.5478289623047615, 0.12638458074256692], [0.09135770337953575, -0.09086635523386802, 0.9916637915744073]], "T": [-0.04974943705759432, -0.05088621889670302, -0.0023658962705694303], "aligned_model": [[-0.4445167627307321, 0.40235194555008014, 0.4222657226080901, 0.2608648060099182, 0.2807785830679281, -0.22064019380715622, -0.633951519140605, -0.614037742082595, -0.15400435002293994, -0.11417679590692006, 0.5712911187845676, -0.13409057296493], [-0.5441692466853807, 0.2269570415975064, 0.3272394947522589, -0.6587409737417249, -0.5584585205869724, 0.6490089399075596, -0.043345351071810194, 0.056937102082942316, -0.15472496226927054, 0.04583994404023443, -0.16901441954646976, -0.054442509114518055], [-0.32957805459356093, -0.44928836894969837, 0.3375677264658297, -0.33282804841612035, 0.45402804699940774, 0.31282985592627566, -0.3886123400430922, 0.3982437553724359, -0.786634245214647, 0.7870779456164089, -0.0030281233641179547, 0.00022185020088093125]], "inverted": false, "swapped": false, "error_lsq": 0.05296762939854965, "error_max": 0.3590639578608993, "target": "109.xyz", "model": "3.xyz", "model_rescale": 4.509807743048502, "target_rescale": 4.156650757028915},
{"mapping": [12, 4, 5, 2, 3, 7, 9, 10, 0, 1, 8, 13], "R": [[0.5511934680423971, 0.8306471955127631, -0.07880988119631094], [-0.8326371020850128, 0.553682092066645, 0.01231247969238046], [0.05386294662258086, 0.05883347271311572, 0.996813626245974]], "T": [-0.04443357489519316, -0.051554737256099506, -0.06762318212375167], "aligned_model": [[-0.46051047092136355, 0.4483964336678967, 0.3858631074285289, 0.30515772192740415, 0.24262439568803634, -0.25446835192197603, -0.5856693373528998, -0.6482026635922675, -0.06601456985790978, -0.19108122233664543, 0.5745870927331791, -0.12854789609727757], [-0.4940394187822265, 0.2749861007667335, 0.2847556918095285, -0.6180565501278706, -0.6082869590850756, 0.6079708602735944, 0.00069352706619287, 0.010463118108987882, -0.0650576174764425, -0.045518435390852464, -0.1695357513645671, -0.055288026433647476], [0.30295003154100625, -0.4306960369428655, 0.36024630104412003, -0.4309900300662492, 0.35995230792073635, 0.30562824105562, -0.5090631225876053, 0.28187921539938016, -0.8651696369088316, 0.71671503906514, -0.01722501059860307, -0.074227298921846]], "inverted": false, "swapped": false, "error_lsq": 0.05219956142274918, "error_max": 0.34834740257287383, "target": "109.xyz", "model": "4.xyz", "model_rescale": 4.509807743048502, "target_rescale": 4.156650757028915},
{"mapping": [11, 4, 5, 2, 3, 7, 9, 10, 0, 1, 8, 13], "R": [[0.5547462521032503, 0.831640988375754, 0.025097056217738375], [-0.8269887337869931, 0.5478289623047615, 0.12638458074256692], [0.09135770337953575, -0.09086635523386807, 0.9916637915744073]], "T": [-0.049749437057594326, -0.05088621889670303, -0.0023658962705695066], "aligned_model": [[-0.44451676273073215, 0.4023519455500801, 0.4222657226080901, 0.2608648060099181, 0.28077858306792813, -0.22064019380715622, -0.6339515191406051, -0.6140377420825951, -0.15400435002293997, -0.11417679590692004, 0.5712911187845675, -0.13409057296493], [-0.5441692466853807, 0.2269570415975064, 0.3272394947522589, -0.6587409737417249, -0.5584585205869725, 0.6490089399075596, -0.043345351071810194, 0.05693710208294231, -0.15472496226927054, 0.04583994404023442, -0.16901441954646973, -0.05444250911451803], [-0.3295780545935609, -0.44928836894969837, 0.33756772646582967, -0.33282804841612035, 0.4540280469994077, 0.3128298559262756, -0.38861234004309214, 0.3982437553724359, -0.7866342452146471, 0.7870779456164088, -0.003028123364117759, 0.00022185020088115156]], "inverted": false, "swapped": false, "error_lsq": 0.05296762939854965, "error_max": 0.35906395786089923, "target": "109.xyz", "model": "5.xyz", "model_rescale": 4.509807743048502, "target_rescale": 4.156650757028915},
{"mapping": [11, 4, 5, 2, 3, 7, 9, 10, 0, 1, 8, 13], "R": [[0.5547463123112587, 0.8316409481238012, 0.025097059206304735], [-0.8269886943824172, 0.5478290219768108, 0.12638457992807545], [0.09135769448012893, -0.09086636387396754, 0.9916637916025771]], "T": [-0.04974945467357331, -0.050886229547681794, -0.002365894393983867], "aligned_model": [[-0.4445168549755323, 0.40235201056683967, 0.42226579068784453, 0.2608649308204226, 0.2807787109414275, -0.2206403557593791, -0.6339512856574502, -0.6140375055364452, -0.15400446554936983, -0.1141769053073601, 0.571290854562073, -0.13409068542836497], [-0.5441693625582436, 0.22695713481897228, 0.3272395908105096, -0.6587409217004003, -0.5584584657088629, 0.6490088797865348, -0.04334521998240881, 0.056937236009128506, -0.15472504265229925, 0.045839869330775315, -0.1690145721285885, -0.054442586660761974], [-0.3295780505196471, -0.449288397419654, 0.33756772534770213, -0.33282807345542004, 0.4540280493119361, 0.31282988273688844, -0.38861237470339255, 0.39824374806396357, -0.7866342595127023, 0.7870779860220096, -0.00302809912633565, 0.00022186325465367801]], "inverted": false, "swapped": false, "error_lsq": 0.05296762207118333, "error_max": 0.35906389593455196, "target": "109.xyz", "model": "6.xyz", "model_rescale": 4.509807586411629, "target_rescale": 4.156650757028915},
{"mapping": [12, 4, 5, 2, 3, 7, 9, 10, 0, 1, 8, 13], "R": [[0.5511935275821254, 0.8306471555662271, -0.07880988580951805], [-0.8326370622956778, 0.5536821519289183, 0.012312478507029007], [0.05386295241812022, 0.0588334733387265, 0.9968136258958868]], "T": [-0.04443359198482055, -0.05155474797165159, -0.06762318570453973], "aligned_model": [[-0.46051056419433123, 0.4483965037182817, 0.3858631716465309, 0.3051578510791894, 0.2426245190074386, -0.25446851711726276, -0.5856690990577945, -0.6482024311295452, -0.06601467583749628, -0.1910813399809979, 0.5745868291399401, -0.1285480079092471], [-0.49403953444465576, 0.27498619651166306, 0.2847557869532387, -0.6180564956791589, -0.6082869052375831, 0.6079707976821505, 0.0006936615121259371, 0.010463251953701624, -0.06505769517165894, -0.045518514288507554, -0.16953590569687738, -0.05528810473008325], [0.3029500347353541, -0.43069604623126045, 0.36024631894934267, -0.4309900358968551, 0.35995232928374804, 0.3056282401730742, -0.509063124191601, 0.2818792409890021, -0.8651696747334447, 0.716715055627762, -0.01722502915227827, -0.07422730955284151]], "inverted": false, "swapped": false, "error_lsq": 0.05219955373503494, "error_max": 0.348347332764902, "target": "109.xyz", "model": "7.xyz", "model_rescale": 4.509807586411629, "target_rescale": 4.156650757028915},
{"mapping": [11, 4, 5, 2, 3, 7, 9, 10, 0, 1, 8, 13], "R": [[0.5547463123112589, 0.8316409481238008, 0.025097059206304763], [-0.8269886943824168, 0.547829021976811, 0.12638457992807545], [0.0913576944801289, -0.09086636387396761, 0.991663791602577]], "T": [-0.049749454673573314, -0.05088622954768181, -0.002365894393983933], "aligned_model": [[-0.44451685497553217, 0.4023520105668395, 0.42226579068784437, 0.2608649308204227, 0.2807787109414276, -0.22064035575937924, -0.6339512856574501, -0.6140375055364451, -0.15400446554936986, -0.11417690530736008, 0.571290854562073, -0.13409068542836494], [-0.5441693625582437, 0.2269571348189724, 0.3272395908105097, -0.6587409217004001, -0.5584584657088628, 0.6490088797865344, -0.04334521998240904, 0.05693723600912827, -0.1547250426522993, 0.045839869330775274, -0.1690145721285882, -0.05444258666076198], [-0.32957805051964706, -0.449288397419654, 0.33756772534770196, -0.33282807345542, 0.45402804931193597, 0.3128298827368884, -0.3886123747033925, 0.39824374806396345, -0.7866342595127023, 0.7870779860220094, -0.003028099126335472, 0.00022186325465391133]], "inverted": false, "swapped": false, "error_lsq": 0.05296762207118333, "error_max": 0.3590638959345519, "target": "109.xyz", "model": "8.xyz", "model_rescale": 4.509807586411629, "target_rescale": 4.156650757028915},
{"mapping": [9, 6, 7, 2, 3, 5, 11, 12, 0, 1, 8, 13], "R": [[-0.5547461969786289, -0.8316410249631474, 0.025097062298082316], [0.8269887698436755, -0.5478289063101598, 0.12638458752339427], [-0.09135771171714387, 0.09086635796189681, 0.9916637905563295]], "T": [-0.04974946729690509, -0.05088617068657363, -0.0023659016917042816], "aligned_model": [[-0.44451675364127097, 0.40235186651443494, 0.42226564945048845, 0.26086484481519523, 0.28077862775124873, -0.22064027955244564, -0.6339514866804454, -0.6140377037443919, -0.1540043600389998, -0.1141767941668928, 0.5712912057607311, -0.1340905771029463], [-0.5441691404080767, 0.2269570099421287, 0.3272394737823623, -0.6587409203901348, -0.5584584565499012, 0.6490089784376856, -0.04334520622465538, 0.0569372576155782, -0.15472516342362924, 0.045839764256837896, -0.1690143580904448, -0.054442699583395676], [-0.32957808411729, -0.4492883892523137, 0.33756774698127695, -0.33282807549160576, 0.4540280607419849, 0.3128298708935412, -0.3886123773975438, 0.39824375883604685, -0.7866342611513825, 0.7870780113157986, -0.003028136440718942, 0.00022187508220802236]], "inverted": false, "swapped": false, "error_lsq": 0.052967626776887655, "error_max": 0.35906401653678766, "target": "109.xyz", "model": "9.xyz", "model_rescale": 4.509807504472865, "target_rescale": 4.156650757028915},
{"mapping": [10, 6, 7, 2, 3, 5, 11, 12, 0, 1, 8, 13], "R": [[-0.5511934122429885, -0.8306472324204353, -0.07880988245266402], [0.8326371393887455, -0.5536820360323782, 0.012312476825050335], [-0.05386294097483221, -0.058833478966587235, 0.9968136261820613]], "T": [-0.044433604554803066, -0.05155468854272646, -0.06762318853830278], "aligned_model": [[-0.46051046086534553, 0.4483963605830051, 0.38586303003865047, 0.3051577657254613, 0.2426244351811067, -0.2544684414556668, -0.5856692991358459, -0.6482026296802006, -0.06601456977058534, -0.19108123085929468, 0.574587179918361, -0.12854790031494], [-0.4940393072885957, 0.27498607537173825, 0.28475566465621704, -0.6180564904110454, -0.6082869011265667, 0.607970893490331, 0.000693679732023729, 0.010463269016502512, -0.06505780753726746, -0.04551862896830989, -0.16953568931788396, -0.05528821825278868], [0.3029500467725245, -0.4306960653931488, 0.3602463143851697, -0.4309900530762288, 0.3599523267020897, 0.30562825281004824, -0.5090631465348646, 0.2818792332434538, -0.865169680249389, 0.7167150793072485, -0.017225007495831113, -0.07422730047107041]], "inverted": false, "swapped": false, "error_lsq": 0.052199558790183766, "error_max": 0.34834746570282754, "target": "109.xyz", "model": "10.xyz", "model_rescale": 4.509807504472865, "target_rescale": 4.156650757028915},
{"mapping": [9, 7, 6, 3, 2, 4, 12, 11, 1, 0, 8, 13], "R": [[0.5511934122429886, 0.8306472324204351, -0.0788098824526647], [-0.8326371393887454, 0.5536820360323783, 0.012312476825050392], [0.05386294097483264, 0.05883347896658775, 0.9968136261820612]], "T": [-0.04443360455480303, -0.05155468854272646, -0.06762318853830268], "aligned_model": [[-0.46051046086534575, 0.44839636058300536, 0.38586303003865013, 0.3051577657254617, 0.24262443518110657, -0.25446844145566716, -0.5856692991358456, -0.6482026296802008, -0.06601456977058479, -0.1910812308592952, 0.574587179918361, -0.12854790031493996], [-0.4940393072885958, 0.27498607537173836, 0.28475566465621716, -0.6180564904110455, -0.6082869011265666, 0.6079708934903311, 0.0006936797320236457, 0.010463269016502477, -0.06505780753726753, -0.04551862896830986, -0.16953568931788385, -0.05528821825278869], [0.30295004677252435, -0.43069606539314853, 0.36024631438517, -0.4309900530762285, 0.35995232670209004, 0.30562825281004813, -0.5090631465348651, 0.2818792332434535, -0.8651696802493887, 0.7167150793072483, -0.017225007495830794, -0.07422730047107057]], "inverted": true, "swapped": false, "error_lsq": 0.052199558790183766, "error_max": 0.34834746570282726, "target": "109.xyz", "model": "11.xyz", "model_rescale": 4.509807504472865, "target_rescale": 4.156650757028915},
{"mapping": [9, 6, 7, 2, 3, 5, 11, 12, 0, 1, 8, 13], "R": [[-0.5547463064027796, -0.8316409521860885, 0.025097055195573762], [0.8269886982523441, -0.5478290166888338, 0.12638457752684462], [-0.09135769532648502, 0.09086635857544757, 0.9916637920101103]], "T": [-0.04974957674198679, -0.05088624520155009, -0.002365889328785362], "aligned_model": [[-0.4445169629373585, 0.4023518744617411, 0.4222656506050538, 0.260864793946983, 0.28077857009029566, -0.2206402835132044, -0.6339513824575576, -0.6140376063142448, -0.1540042728918526, -0.11417672060522718, 0.5712910757286171, -0.1340904967485399], [-0.5441693551669279, 0.22695710609034248, 0.3272395561716017, -0.6587409143850216, -0.5584584643037623, 0.6490089580742057, -0.043345231208211064, 0.05693721887304816, -0.15472511360320912, 0.04583978655930927, -0.16901434421507022, -0.05444266352194992], [-0.32957803542750885, -0.4492883716703563, 0.33756771999575913, -0.332828055045119, 0.45402803662099644, 0.31282985580826833, -0.3886123570502325, 0.3982437346158829, -0.7866342237607873, 0.7870779595714432, -0.003028131563671938, 0.00022186790532794428]], "inverted": false, "swapped": false, "error_lsq": 0.05296761107980023, "error_max": 0.3590638529407694, "target": "109.xyz", "model": "12.xyz", "model_rescale": 4.509807766519439, "target_rescale": 4.156650757028915},
{"mapping": [10, 6, 7, 2, 3, 5, 11, 12, 0, 1, 8, 13], "R": [[-0.5511935222978268, -0.8306471593607898, -0.07880988277345746], [0.8326370658332141, -0.5536821465703592, 0.01231248024953848], [-0.05386295180893127, -0.05883347019418564, 0.9968136261144]], "T": [-0.04443371417631477, -0.051554764059198066, -0.06762319250070722], "aligned_model": [[-0.4605106715633259, 0.4483963629031721, 0.38586303573783454, 0.30515771014476756, 0.24262438297943, -0.25446844131494206, -0.58566920060127, -0.6482025277666075, -0.06601449321223431, -0.19108114754290934, 0.5745870499783622, -0.12854782037757181], [-0.49403952968407105, 0.27498616371382645, 0.2847557551478649, -0.6180564918754547, -0.6082869004414162, 0.6079708798608747, 0.0006936463332006954, 0.010463237767239161, -0.06505777341590613, -0.04551859054782917, -0.16953567551210613, -0.05528818198186765], [0.30295001491807216, -0.43069604039068365, 0.36024629337550507, -0.43099002852036217, 0.35995230524582655, 0.3056282313268459, -0.5090631118175785, 0.28187922194861026, -0.8651696246082682, 0.7167150429241098, -0.017225013559996213, -0.07422729084207928]], "inverted": false, "swapped": false, "error_lsq": 0.05219954270418722, "error_max": 0.34834729054507724, "target": "109.xyz", "model": "13.xyz", "model_rescale": 4.509807766519439, "target_rescale": 4.156650757028915},
{"mapping": [9, 7, 6, 3, 2, 4, 12, 11, 1, 0, 8, 13], "R": [[0.5511935222978266, 0.8306471593607898, -0.07880988277345768], [-0.8326370658332141, 0.553682146570359, 0.012312480249538588], [0.05386295180893147, 0.05883347019418579, 0.9968136261143998]], "T": [-0.044433714176314754, -0.051554764059198066, -0.06762319250070711], "aligned_model": [[-0.460510671563326, 0.44839636290317214, 0.3858630357378345, 0.3051577101447675, 0.24262438297942984, -0.254468441314942, -0.5856692006012698, -0.6482025277666075, -0.06601449321223411, -0.1910811475429095, 0.5745870499783623, -0.1285478203775718], [-0.4940395296840709, 0.2749861637138263, 0.28475575514786483, -0.6180564918754547, -0.6082869004414162, 0.6079708798608747, 0.0006936463332007578, 0.010463237767239321, -0.06505777341590618, -0.04551859054782907, -0.16953567551210624, -0.055288181981867635], [0.30295001491807205, -0.43069604039068354, 0.3602462933755052, -0.43099002852036206, 0.35995230524582666, 0.3056282313268458, -0.5090631118175786, 0.28187922194861015, -0.8651696246082677, 0.7167150429241095, -0.017225013559996137, -0.07422729084207938]], "inverted": true, "swapped": false, "error_lsq": 0.05219954270418722, "error_max": 0.3483472905450772, "target": "109.xyz", "model": "14.xyz", "model_rescale": 4.509807766519439, "target_rescale": 4.156650757028915},
{"mapping": [9, 7, 8, 4, 0, 3, 10, 2, 5, 2, 6, 11], "R": [[0.08168961801470354, -0.9683648941940917, -0.23578854510148972], [-0.6067019486689239, -0.23601125595567746, 0.7590859190786996], [-0.7907209063822344, 0.08104393101700513, -0.6067885376763216]], "T": [-0.06216930180402844, -0.011534924343765289, -0.07450915084408428], "aligned_model": [[-0.4303216463512123, 0.33745947635054263, 0.28000468017527513, 0.23075468341664299, -0.000728683131681146, -0.310732700459718, -0.6173688563597818, -0.12368549045114854, 0.04370747340807356, -0.12368549045114854, 0.524506686359112, -0.18777589314025053], [-0.654179867543078, 0.3973371836916894, 0.34885125646738674, -0.6679727112831639, -0.6716386942697198, 0.6557144872351712, -0.05200937932301907, 0.053543999015112205, -0.06580222306310507, 0.053543999015112205, -0.20483330452836954, -0.06946820604966106], [-0.08171886271517985, -0.3719779858506788, 0.2433666129936004, -0.3558574944387738, 0.38318115483458304, 0.20312658778216697, -0.5630743203718825, 0.6844820454388696, -0.8372129520954764, 0.6844820454388696, 0.10937747180602382, -0.09817430282211953]], "inverted": false, "swapped": false, "error_lsq": 0.06104549755929073, "error_max": 0.47268368388457827, "target": "109.xyz", "model": "15.xyz", "model_rescale": 4.510870436145588, "target_rescale": 4.156650757028915},
{"mapping": [9, 7, 8, 4, 0, 3, 10, 2, 5, 2, 6, 11], "R": [[0.08168961801470337, -0.9683648941940919, -0.23578854510149033], [-0.6067019486689236, -0.23601125595567796, 0.7590859190786999], [-0.7907209063822349, 0.08104393101700552, -0.6067885376763211]], "T": [-0.062169301804028514, -0.011534924343765199, -0.0745091508440843], "aligned_model": [[-0.43032164635121234, 0.33745947635054246, 0.2800046801752752, 0.23075468341664307, -0.0007286831316807782, -0.3107327004597182, -0.6173688563597821, -0.1236854904511483, 0.04370747340807323, -0.1236854904511483, 0.5245066863591124, -0.18777589314025064], [-0.6541798675430783, 0.3973371836916898, 0.3488512564673868, -0.6679727112831639, -0.6716386942697202, 0.655714487235171, -0.05200937932301915, 0.05354399901511185, -0.0658022230631047, 0.05354399901511185, -0.20483330452836934, -0.06946820604966109], [-0.08171886271518009, -0.37197798585067876, 0.2433666129936005, -0.35585749443877457, 0.3831811548345828, 0.20312658778216755, -0.5630743203718822, 0.6844820454388698, -0.8372129520954767, 0.6844820454388698, 0.10937747180602339, -0.09817430282211945]], "inverted": false, "swapped": false, "error_lsq": 0.06104549755929073, "error_max": 0.47268368388457854, "target": "109.xyz", "model": "16.xyz", "model_rescale": 4.510870436145588, "target_rescale": 4.156650757028915},
{"mapping": [10, 6, 8, 5, 1, 2, 9, 3, 4, 3, 7, 11], "R": [[-0.08168961801470381, 0.9683648941940918, -0.23578854510149042], [0.6067019486689232, 0.23601125595567835, 0.7590859190787002], [0.7907209063822351, -0.08104393101700513, -0.6067885376763209]], "T": [-0.062169301804028534, -0.011534924343765109, -0.07450915084408434], "aligned_model": [[-0.430321646351212, 0.33745947635054235, 0.280004680175275, 0.2307546834166434, -0.000728683131680688, -0.3107327004597185, -0.6173688563597821, -0.12368549045114852, 0.04370747340807342, -0.12368549045114852, 0.5245066863591122, -0.18777589314025056], [-0.6541798675430784, 0.39733718369169013, 0.34885125646738674, -0.6679727112831637, -0.6716386942697202, 0.6557144872351709, -0.05200937932301906, 0.0535439990151115, -0.06580222306310426, 0.0535439990151115, -0.20483330452836926, -0.06946820604966117], [-0.08171886271518035, -0.37197798585067854, 0.24336661299360085, -0.3558574944387745, 0.3831811548345824, 0.2031265877821678, -0.5630743203718825, 0.6844820454388699, -0.8372129520954767, 0.6844820454388699, 0.10937747180602357, -0.09817430282211943]], "inverted": true, "swapped": false, "error_lsq": 0.06104549755929073, "error_max": 0.47268368388457843, "target": "109.xyz", "model": "17.xyz", "model_rescale": 4.510870436145588, "target_rescale": 4.156650757028915},
{"mapping": [0, 6, 2, 3, 11, 8, 7, 10, 5, 1, 4, 12], "R": [[-0.1917838896198672, 0.8486027808012321, 0.49304387238732683], [-0.6053646758208536, -0.49770336514596747, 0.6211481060026607], [0.7724976044950479, -0.17934514417400851, 0.6091656345450034]], "T": [-0.009015643518369826, -0.010597064748862184, 0.0825187827014845], "aligned_model": [[-0.46844671335158944, 0.39686076787412705, 0.2337425770243445, 0.18595493132153043, 0.1937759419540659, -0.22216586229701205, -0.6172186977340448, -0.4284802682951283, 0.0018079324370942444, -0.07339387791455666, 0.5810077667585632, -0.16131025841268837], [-0.7556019239665304, 0.4011203626621221, 0.4256839962801557, -0.6576386261086218, -0.6323907840914504, 0.5617867313702047, 0.06409000650365487, 0.30247296784769445, -0.09657636220442772, -0.2579051990999806, -0.15994190124207186, -0.07201272858639426], [0.2275341064036135, -0.33697164303340776, 0.42766969006266586, -0.40201295955148886, 0.22357666775336243, 0.0002267552027787889, -0.48786897958966235, 0.4316271688707579, -0.8250673778258489, 0.7156298411960547, 0.08608277524095229, -0.06042604472977539]], "inverted": false, "swapped": false, "error_lsq": 0.04909874971298883, "error_max": 0.2665127590036938, "target": "109.xyz", "model": "18.xyz", "model_rescale": 4.466005644533647, "target_rescale": 4.156650757028915},
{"mapping": [10, 4, 5, 0, 1, 7, 8, 9, 2, 3, 12, 13], "R": [[0.5547463318090641, 0.8316409351952956, 0.02509705663781868], [-0.8269886816242442, 0.5478290418410846, 0.12638457730622768], [0.0913576915742857, -0.09086636243942756, 0.9916637920017269]], "T": [-0.04974951617662569, -0.050886204987545876, -0.002365895955255016], "aligned_model": [[-0.44451689404776834, 0.4023519297947196, 0.4222657073249953, 0.2608648748649066, 0.2807786523951823, -0.2206402444529487, -0.6339513312812778, -0.6140375537510022, -0.15400439902717397, -0.1141768439666227, 0.5712909630085937, -0.13409062149689835], [-0.5441693325364996, 0.2269571637539955, 0.3272396148818139, -0.6587408718893449, -0.5584584207615265, 0.6490090013535681, -0.043345208127614825, 0.05693724300020355, -0.15472519849840882, 0.04583970375722792, -0.16901440819846916, -0.05444274737059044], [-0.3295780444355881, -0.44928838586134184, 0.3375677153833782, -0.3328280679407796, 0.4540280333039404, 0.3128298546158325, -0.38861236528096776, 0.3982437359637523, -0.7866342193426311, 0.787077983146809, -0.003028121454491108, 0.00022188190208911277]], "inverted": false, "swapped": false, "error_lsq": 0.05296761751513603, "error_max": 0.35906388725395755, "target": "109.xyz", "model": "19.xyz", "model_rescale": 4.509807711582247, "target_rescale": 4.156650757028915},
{"mapping": [11, 4, 5, 0, 1, 7, 8, 9, 2, 3, 12, 13], "R": [[0.5511935473954455, 0.8306471425109815, -0.07880988483665022], [-0.8326370490610365, 0.5536821718055736, 0.012312479668724025], [0.053862954250153805, 0.058833470601390256, 0.9968136259584544]], "T": [-0.04443365347476705, -0.05155472338667851, -0.06762318903680707], "aligned_model": [[-0.4605106031727745, 0.44839642034551774, 0.3858630907813342, 0.3051577928590896, 0.24262446329490608, -0.2544684037570588, -0.5856691473247851, -0.6482024768889688, -0.06601461519917025, -0.19108127432753733, 0.5745869375175066, -0.1285479447633538], [-0.494039506318547, 0.2749862226164551, 0.2847558137086448, -0.6180564481854113, -0.6082868570932217, 0.6079709228888194, 0.0006936704700993487, 0.010463261562288988, -0.06505785777648908, -0.045518675592109814, -0.16953574023187432, -0.055288266684299446], [0.3029500229909771, -0.43069604110448345, 0.36024630217300124, -0.4309900278650802, 0.35995231541240447, 0.3056282377881898, -0.5090631147436968, 0.2818792285337879, -0.8651696439176978, 0.7167150426372711, -0.017225021264457782, -0.07422730064021345]], "inverted": false, "swapped": false, "error_lsq": 0.052199549141320974, "error_max": 0.34834732469243135, "target": "109.xyz", "model": "20.xyz", "model_rescale": 4.509807711582248, "target_rescale": 4.156650757028915},
{"mapping": [1, 5, 2, 4, 11, 7, 8, 9, 6, 0, 3, 12], "R": [[0.1917838896198674, -0.8486027808012322, 0.4930438723873272], [0.6053646758208533, 0.4977033651459679, 0.6211481060026609], [-0.7724976044950483, 0.17934514417400854, 0.6091656345450033]], "T": [-0.009015643518369736, -0.010597064748862059, 0.08251878270148455], "aligned_model": [[-0.46844671335158977, 0.39686076787412733, 0.23374257702434484, 0.18595493132153043, 0.19377594195406594, -0.22216586229701205, -0.617218697734045, -0.42848026829512836, 0.0018079324370943346, -0.07339387791455679, 0.5810077667585635, -0.1613102584126884], [-0.7556019239665303, 0.40112036266212187, 0.4256839962801559, -0.657638626108622, -0.6323907840914506, 0.561786731370205, 0.06409000650365505, 0.3024729678476949, -0.09657636220442799, -0.25790519909998044, -0.15994190124207214, -0.0720127285863942], [0.22753410640361416, -0.33697164303340843, 0.4276696900626658, -0.4020129595514888, 0.22357666775336266, 0.00022675520277852523, -0.4878689795896624, 0.4316271688707579, -0.8250673778258493, 0.7156298411960551, 0.08608277524095216, -0.06042604472977539]], "inverted": true, "swapped": false, "error_lsq": 0.04909874971298883, "error_max": 0.2665127590036942, "target": "109.xyz", "model": "21.xyz", "model_rescale": 4.466005644533646, "target_rescale": 4.156650757028915},
{"mapping": [0, 6, 2, 3, 11, 8, 7, 10, 5, 1, 4, 12], "R": [[-0.1917839695723729, 0.8486027877252286, 0.4930438293702032], [-0.605364634459764, -0.49770338941027753, 0.6211481268706509], [0.7724976170581109, -0.1793450440756379, 0.6091656480835471]], "T": [-0.009015633725292106, -0.010597069898251543, 0.08251877896122489], "aligned_model": [[-0.4684468287827137, 0.3968607308552706, 0.23374266094176574, 0.18595487910258982, 0.19377621447754823, -0.22216593144727473, -0.6172187355947175, -0.4284801923046756, 0.0018079267078278324, -0.07339402463527087, 0.5810076832500326, -0.16131014320567716], [-0.7556018639024527, 0.40112038858386795, 0.4256839514101925, -0.6576386080463517, -0.6323909581906024, 0.5617867863997705, 0.06409004080895747, 0.3024729342557169, -0.09657635700694506, -0.2579051183116396, -0.15994186245553865, -0.0720127941806206], [0.22753411943972274, -0.3369716140417017, 0.42766966929203837, -0.402012898002636, 0.22357665347931782, 0.0002267238089710133, -0.48786902575775765, 0.4316270950946241, -0.8250673636084305, 0.7156298690064515, 0.0860828515640927, -0.06042608027469043]], "inverted": false, "swapped": false, "error_lsq": 0.04909874375819454, "error_max": 0.26651271001550647, "target": "109.xyz", "model": "22.xyz", "model_rescale": 4.46600560860683, "target_rescale": 4.156650757028915},
{"mapping": [10, 4, 5, 0, 1, 7, 8, 9, 2, 3, 12, 13], "R": [[0.5547462717914204, 0.8316409752151184, 0.025097057133578023], [-0.8269887208976006, 0.5478289818230311, 0.12638458047915338], [0.09135770050559425, -0.09086635800992478, 0.9916637915848003]], "T": [-0.04974951471761875, -0.05088620350848319, -0.002365896243546236], "aligned_model": [[-0.44451683614828136, 0.4023518665355192, 0.42226564462346466, 0.2608647459993379, 0.2807785240872834, -0.22064028920004902, -0.6339514229732582, -0.6140376448853128, -0.15400430689514827, -0.11417675071925719, 0.5712912377476098, -0.13409052880720274], [-0.5441692477563487, 0.22695707216807867, 0.3272395266409047, -0.6587409600656399, -0.5584585055928138, 0.6490089616887424, -0.043345227418901316, 0.05693722705392476, -0.15472513360265652, 0.0458397753429956, -0.16901426996410046, -0.05444267912983045], [-0.32957805843145493, -0.4492883772545912, 0.33756773015129693, -0.3328280551546325, 0.45402805225125564, 0.3128298620199562, -0.3886123637599287, 0.39824374364595944, -0.7866342365549058, 0.7870779782568703, -0.0030281460208056834, 0.00022187085098235738]], "inverted": false, "swapped": false, "error_lsq": 0.05296761766215954, "error_max": 0.35906393990567564, "target": "109.xyz", "model": "23.xyz", "model_rescale": 4.509807674373902, "target_rescale": 4.156650757028915},
{"mapping": [11, 4, 5, 0, 1, 7, 8, 9, 2, 3, 12, 13], "R": [[0.5511934875324027, 0.8306471824585825, -0.07880988247349138], [-0.8326370890686176, 0.553682111649578, 0.01231247930369106], [0.05386294838946836, 0.0588334727249957, 0.9968136261497988]], "T": [-0.044433652132392754, -0.051554721867536166, -0.06762318944518103], "aligned_model": [[-0.46051054447601364, 0.4483963566308941, 0.385863028425874, 0.3051576636707012, 0.24262433546568107, -0.25446844820775366, -0.5856692394338525, -0.6482025676388725, -0.06601452409509942, -0.19108118050513956, 0.5745872118284061, -0.12854785230011948], [-0.49403941935459567, 0.2749861321631753, 0.2847557230463264, -0.6180565356930194, -0.6082869448098684, 0.607970881322537, 0.00069365267249729, 0.010463243555648379, -0.06505778859714141, -0.04551860683083924, -0.16953560039637505, -0.05528819771399033], [0.30295003009871496, -0.4306960497831815, 0.3602463001718303, -0.4309900417440346, 0.3599523082109772, 0.30562823824306334, -0.5090631241986723, 0.28187922575633956, -0.8651696444332537, 0.7167150554767692, -0.01722500332030799, -0.07422729447824243]], "inverted": false, "swapped": false, "error_lsq": 0.05219954941928966, "error_max": 0.3483473825738306, "target": "109.xyz", "model": "24.xyz", "model_rescale": 4.509807674373903, "target_rescale": 4.156650757028915},
{"mapping": [1, 5, 2, 4, 11, 7, 8, 9, 6, 0, 3, 12], "R": [[0.19178396957237287, -0.8486027877252282, 0.49304382937020413], [0.6053646344597636, 0.49770338941027825, 0.6211481268706508], [-0.7724976170581113, 0.1793450440756382, 0.6091656480835467]], "T": [-0.00901563372529194, -0.010597069898251502, 0.0825187789612249], "aligned_model": [[-0.4684468287827141, 0.3968607308552709, 0.23374266094176646, 0.18595487910258937, 0.19377621447754803, -0.2221659314472744, -0.6172187355947178, -0.4284801923046752, 0.0018079267078274439, -0.07339402463527062, 0.5810076832500329, -0.16131014320567721], [-0.7556018639024522, 0.40112038858386756, 0.42568395141019244, -0.657638608046352, -0.6323909581906025, 0.5617867863997706, 0.0640900408089579, 0.3024729342557174, -0.09657635700694524, -0.2579051183116394, -0.1599418624555392, -0.07201279418062055], [0.22753411943972324, -0.3369716140417021, 0.4276696692920381, -0.4020128980026359, 0.22357665347931793, 0.00022672380897083289, -0.4878690257577574, 0.4316270950946242, -0.8250673636084302, 0.7156298690064515, 0.08608285156409233, -0.06042608027469036]], "inverted": true, "swapped": false, "error_lsq": 0.049098743758194556, "error_max": 0.26651271001550664, "target": "109.xyz", "model": "25.xyz", "model_rescale": 4.466005608606829, "target_rescale": 4.156650757028915},
{"mapping": [0, 6, 2, 3, 11, 8, 7, 10, 5, 1, 4, 12], "R": [[-0.19178385915392696, 0.8486027910689621, 0.4930438665656378], [-0.6053647090181103, -0.49770333559247665, 0.621148097329084], [0.772497586043766, -0.1793451776047806, 0.6091656481011256]], "T": [-0.009015651849692025, -0.010597092427562696, 0.08251880980922321], "aligned_model": [[-0.4684467003674375, 0.3968607446229774, 0.23374257405214138, 0.18595490185461896, 0.193775965757812, -0.22216585696250493, -0.6172186706113203, -0.42848023914388156, 0.0018079309741620142, -0.07339388671862221, 0.5810077155034343, -0.16131023959667404], [-0.7556020048639087, 0.4011204111372821, 0.4256840115568016, -0.6576386706648248, -0.632390716644374, 0.5617867438464181, 0.06409004750227008, 0.30247297032934073, -0.09657628520686591, -0.2579053085197608, -0.15994197432067686, -0.0720126847873465], [0.22753419505880002, -0.33697167667870775, 0.4276696271239916, -0.40201285193492997, 0.22357657605368425, 0.00022672399583578695, -0.4878690005019687, 0.4316271133141426, -0.8250674011765122, 0.7156299195566045, 0.08608287256287446, -0.06042609737381294]], "inverted": false, "swapped": false, "error_lsq": 0.04909875907888405, "error_max": 0.26651287306041715, "target": "109.xyz", "model": "26.xyz", "model_rescale": 4.466005838112752, "target_rescale": 4.156650757028915},
{"mapping": [10, 4, 5, 0, 1, 7, 8, 9, 2, 3, 12, 13], "R": [[0.5547463790761656, 0.8316409035773088, 0.025097059568821682], [-0.8269886507117429, 0.5478290886210256, 0.12638457680677412], [0.09135768438316622, -0.09086636978428354, 0.9916637919912029]], "T": [-0.04974949620772577, -0.05088623746188491, -0.002365892256748462], "aligned_model": [[-0.4445168953577112, 0.40235197299148184, 0.4222657520460614, 0.26086497456598756, 0.28077875362056715, -0.2206403151510481, -0.6339513536304775, -0.6140375745758979, -0.15400443846755882, -0.1141768803583996, 0.5712909030946799, -0.1340906594129792], [-0.5441692749665392, 0.22695705460581583, 0.32723950130181384, -0.6587409535484706, -0.5584585068524727, 0.6490090222196432, -0.04334518121406075, 0.05693726548193726, -0.15472513944147923, 0.04583975395051678, -0.1690143094268687, -0.05444269274548121], [-0.3295780346601144, -0.44928835808045015, 0.33756771149163084, -0.3328280451199612, 0.45402802445211976, 0.312829838572365, -0.3886123502544499, 0.3982437193176311, -0.7866341933595756, 0.7870779457845863, -0.0030281343562849174, 0.00022187621250543358]], "inverted": false, "swapped": false, "error_lsq": 0.05296762411875608, "error_max": 0.35906389358727986, "target": "109.xyz", "model": "27.xyz", "model_rescale": 4.509807893063789, "target_rescale": 4.156650757028915},
{"mapping": [11, 4, 5, 0, 1, 7, 8, 9, 2, 3, 12, 13], "R": [[0.5511935944804884, 0.8306471115731471, -0.07880988160672905], [-0.8326370179262197, 0.5536822186818857, 0.012312477185211973], [0.05386295371227709, 0.05883346624746931, 0.9968136262444935]], "T": [-0.044433634061344776, -0.05155475588529407, -0.06762318431618278], "aligned_model": [[-0.46051060175834585, 0.44839646122581395, 0.3858631367409144, 0.305157889775946, 0.24262456529104642, -0.2544684726608977, -0.5856691719203954, -0.6482024964052949, -0.06601465840649713, -0.1910813073762963, 0.5745868777501089, -0.12854798289139668], [-0.49403945139373967, 0.2749861116956632, 0.2847557004241158, -0.6180565312329562, -0.6082869425045037, 0.607970945071379, 0.0006936968493394952, 0.010463285577792095, -0.06505780019523037, -0.04551862273832519, -0.16953564072240185, -0.05528821146677778], [0.30295000933188654, -0.4306960183808689, 0.36024629329485447, -0.43099000281615907, 0.3599523088595643, 0.3056282210512459, -0.5090630962029048, 0.2818792154728186, -0.8651696129629551, 0.716715010388491, -0.017225026748738603, -0.0742273012872322]], "inverted": false, "swapped": false, "error_lsq": 0.05219955609302599, "error_max": 0.34834733649705785, "target": "109.xyz", "model": "28.xyz", "model_rescale": 4.5098078930637895, "target_rescale": 4.156650757028915},
{"mapping": [1, 5, 2, 4, 11, 7, 8, 9, 6, 0, 3, 12], "R": [[0.19178385915392743, -0.8486027910689621, 0.49304386656563803], [0.6053647090181103, 0.49770333559247715, 0.6211480973290839], [-0.772497586043766, 0.1793451776047804, 0.6091656481011258]], "T": [-0.009015651849691969, -0.01059709242756264, 0.0825188098092233], "aligned_model": [[-0.46844670036743785, 0.3968607446229777, 0.23374257405214152, 0.18595490185461896, 0.19377596575781172, -0.22216585696250477, -0.6172186706113201, -0.42848023914388167, 0.0018079309741623473, -0.07339388671862247, 0.5810077155034343, -0.16131023959667404], [-0.7556020048639086, 0.40112041113728186, 0.4256840115568015, -0.657638670664825, -0.6323907166443742, 0.5617867438464181, 0.06409004750227047, 0.3024729703293409, -0.09657628520686586, -0.25790530851976085, -0.15994197432067725, -0.07201268478734643], [0.22753419505880004, -0.33697167667870764, 0.4276696271239917, -0.40201285193492986, 0.22357657605368436, 0.00022672399583570368, -0.4878690005019687, 0.4316271133141425, -0.825067401176512, 0.7156299195566045, 0.08608287256287458, -0.06042609737381294]], "inverted": true, "swapped": false, "error_lsq": 0.04909875907888406, "error_max": 0.266512873060417, "target": "109.xyz", "model": "29.xyz", "model_rescale": 4.466005838112752, "target_rescale": 4.156650757028915},
