[{"mapping": [10, 4, 8, 7, 1, 2, 9, 3, 6, 3, 5, 11], "R": [[0.0816896399334674, -0.9683649003004868, -0.2357885124291877], [-0.6067019742742856, -0.236011240905049, 0.7590859032929957], [-0.7907208844713949, 0.08104390188340943, -0.6067885701200113]], "T": [-0.06216939237663023, -0.011534931192636294, -0.07450905112956073], "aligned_model": [[-0.4303218128609498, 0.33745948567180284, 0.28000468855271266, 0.23075490182381653, -0.0007286700525665352, -0.31073267404723154, -0.61736898150989, -0.12368550539829132, 0.04370773317487632, -0.12368550539829132, 0.5245066543207431, -0.18777583870150671], [-0.6541799102075356, 0.3973370875930099, 0.34885104972069236, -0.6679726652355717, -0.671638808797963, 0.6557145305489429, -0.052009484220734564, 0.05354410456214179, -0.06580223924877074, 0.05354410456214179, -0.20483333839379123, -0.0694683828111621], [-0.0817188349790655, -0.3719779558554158, 0.24336641624027383, -0.3558574546856822, 0.3831809676502722, 0.2031267131665031, -0.5630742786356895, 0.6844821568231271, -0.8372128983423062, 0.6844821568231271, 0.10937748780120814, -0.09817447600635165]], "inverted": true, "swapped": false, "error_lsq": 0.0610455104320774, "error_max": 0.4726837335264581, "target": "110.xyz", "model": "0.xyz", "model_rescale": 4.5108708085295355, "target_rescale": 4.15665070898175},
{"mapping": [9, 5, 8, 6, 0, 3, 10, 2, 7, 2, 4, 11], "R": [[-0.08168963993346756, 0.9683649003004868, -0.2357885124291873], [0.6067019742742865, 0.23601124090504869, 0.7590859032929952], [0.7907208844713941, -0.08104390188340937, -0.6067885701200122]], "T": [-0.06216939237663015, -0.011534931192636426, -0.07450905112956076], "aligned_model": [[-0.4303218128609498, 0.33745948567180295, 0.28000468855271254, 0.23075490182381647, -0.0007286700525667295, -0.31073267404723137, -0.6173689815098895, -0.12368550539829154, 0.04370773317487667, -0.12368550539829154, 0.5245066543207428, -0.18777583870150655], [-0.6541799102075353, 0.39733708759300923, 0.3488510497206924, -0.6679726652355721, -0.6716388087979627, 0.655714530548943, -0.05200948422073503, 0.053544104562142654, -0.06580223924877171, 0.053544104562142654, -0.20483333839379114, -0.0694683828111623], [-0.08171883497906508, -0.3719779558554161, 0.2433664162402735, -0.3558574546856815, 0.383180967650273, 0.20312671316650216, -0.5630742786356895, 0.6844821568231265, -0.837212898342306, 0.6844821568231265, 0.10937748780120833, -0.09817447600635158]], "inverted": false, "swapped": false, "error_lsq": 0.06104551043207738, "error_max": 0.47268373352645765, "target": "110.xyz", "model": "1.xyz", "model_rescale": 4.510870808529536, "target_rescale": 4.15665070898175},
{"mapping": [10, 4, 8, 7, 1, 2, 9, 3, 6, 3, 5, 11], "R": [[0.0816896399334674, -0.9683649003004868, -0.2357885124291877], [-0.6067019742742856, -0.236011240905049, 0.7590859032929957], [-0.7907208844713949, 0.08104390188340943, -0.6067885701200113]], "T": [-0.06216939237663023, -0.011534931192636266, -0.07450905112956076], "aligned_model": [[-0.4303218128609498, 0.33745948567180284, 0.2800046885527127, 0.23075490182381653, -0.0007286700525665352, -0.31073267404723154, -0.61736898150989, -0.12368550539829132, 0.04370773317487632, -0.12368550539829132, 0.5245066543207431, -0.1877758387015066], [-0.6541799102075356, 0.3973370875930099, 0.34885104972069214, -0.6679726652355717, -0.671638808797963, 0.6557145305489429, -0.052009484220734536, 0.053544104562141814, -0.06580223924877071, 0.053544104562141814, -0.2048333383937912, -0.0694683828111623], [-0.08171883497906553, -0.3719779558554158, 0.243366416240274, -0.3558574546856822, 0.3831809676502722, 0.2031267131665031, -0.5630742786356895, 0.6844821568231271, -0.8372128983423062, 0.6844821568231271, 0.10937748780120811, -0.09817447600635149]], "inverted": true, "swapped": false, "error_lsq": 0.06104551043207739, "error_max": 0.4726837335264581, "target": "110.xyz", "model": "2.xyz", "model_rescale": 4.5108708085295355, "target_rescale": 4.15665070898175},
{"mapping": [11, 4, 5, 2, 3, 7, 9, 10, 0, 1, 8, 13], "R": [[0.554746248187063, 0.8316409912165078, 0.025097048647239696], [-0.8269887383400688, 0.5478289615237134, 0.12638455433537396], [0.09135768594419955, -0.09086633394318279, 0.9916637951315189]], "T": [-0.04974941726899858, -0.05088625970492454, -0.002365895830162435], "aligned_model": [[-0.44451674217736387, 0.4023519700355467, 0.4222657410865883, 0.2608648261499497, 0.28077859720099135, -0.220640173892723, -0.6339514961854739, -0.6140377251344323, -0.15400432426204624, -0.11417678215996305, 0.5712911381251554, -0.13409055321100466], [-0.5441692772968394, 0.22695701091184317, 0.3272394431132636, -0.658741006974277, -0.5584585747728565, 0.6490088913924449, -0.04334537938990011, 0.05693705281152031, -0.15472498186910877, 0.045839882533732015, -0.16901446272073428, -0.05444254966768839], [-0.32957807044777143, -0.4492883574649898, 0.3375677407730019, -0.33282806158013245, 0.4540280366578592, 0.31282987354813657, -0.3886123441482546, 0.3982437540897371, -0.7866342483761869, 0.7870779480997961, -0.003028121012999794, 0.00022184986180458915]], "inverted": false, "swapped": false, "error_lsq": 0.05296764423300598, "error_max": 0.3590639410837915, "target": "110.xyz", "model": "3.xyz", "model_rescale": 4.509807743048502, "target_rescale": 4.15665070898175},
{"mapping": [12, 4, 5, 2, 3, 7, 9, 10, 0, 1, 8, 13], "R": [[0.5511934645081238, 0.8306471970410028, -0.07880988980741918], [-0.8326371034415614, 0.5536820897430417, 0.012312492445686333], [0.053862961819588565, 0.0588334730039302, 0.9968136254076373]], "T": [-0.044433554544473966, -0.051554778994990405, -0.06762318250524532], "aligned_model": [[-0.46051045541837604, 0.44839645837420383, 0.3858631253021745, 0.30515774334727586, 0.2426244102752465, -0.2544683323836507, -0.5856693129762359, -0.6482026460482652, -0.06601454263092744, -0.19108120877498608, 0.5745871122117218, -0.12854787570295675], [-0.4940394543555088, 0.2749860526733361, 0.2847556538355047, -0.6180565976974096, -0.608286996535241, 0.6079708239749644, 0.0006934818013426131, 0.010463082963511297, -0.06505766910749286, -0.04551846678315549, -0.16953579475312724, -0.055288067945324176], [0.3029500330785886, -0.4306960371272678, 0.3602463001945221, -0.4309900203289352, 0.3599523169928547, 0.3056282306041782, -0.5090631283225124, 0.28187920899927743, -0.865169637308912, 0.7167150373346682, -0.017225004129339666, -0.07422729998712199]], "inverted": false, "swapped": false, "error_lsq": 0.05219957440592787, "error_max": 0.34834734635671577, "target": "110.xyz", "model": "4.xyz", "model_rescale": 4.509807743048502, "target_rescale": 4.15665070898175},
{"mapping": [11, 4, 5, 2, 3, 7, 9, 10, 0, 1, 8, 13], "R": [[0.5547462481870631, 0.8316409912165078, 0.02509704864723978], [-0.8269887383400688, 0.5478289615237135, 0.12638455433537393], [0.09135768594419946, -0.09086633394318286, 0.991663795131519]], "T": [-0.04974941726899859, -0.05088625970492454, -0.002365895830162509], "aligned_model": [[-0.4445167421773638, 0.4023519700355467, 0.4222657410865883, 0.26086482614994977, 0.2807785972009914, -0.220640173892723, -0.6339514961854741, -0.6140377251344323, -0.15400432426204633, -0.11417678215996299, 0.5712911381251554, -0.13409055321100466], [-0.5441692772968395, 0.22695701091184328, 0.32723944311326364, -0.658741006974277, -0.5584585747728565, 0.6490088913924449, -0.04334537938990014, 0.05693705281152024, -0.15472498186910877, 0.045839882533731974, -0.16901446272073423, -0.05444254966768836], [-0.32957807044777143, -0.44928835746498985, 0.3375677407730019, -0.3328280615801326, 0.4540280366578591, 0.3128298735481366, -0.3886123441482546, 0.39824375408973717, -0.7866342483761871, 0.7870779480997961, -0.003028121012999644, 0.0002218498618048164]], "inverted": false, "swapped": false, "error_lsq": 0.05296764423300598, "error_max": 0.35906394108379147, "target": "110.xyz", "model": "5.xyz", "model_rescale": 4.509807743048502, "target_rescale": 4.15665070898175},
{"mapping": [11, 4, 5, 2, 3, 7, 9, 10, 0, 1, 8, 13], "R": [[0.5547463083950787, 0.8316409509645505, 0.02509705163580886], [-0.8269886989354883, 0.5478290211957698, 0.12638455352088365], [0.09135767704479295, -0.09086634258328478, 0.9916637951596885]], "T": [-0.04974943488497781, -0.050886270355903436, -0.002365893953577249], "aligned_model": [[-0.4445168344221619, 0.4023520350523027, 0.4222658091663412, 0.2608649509604581, 0.2807787250744966, -0.22064033584495102, -0.6339512627023199, -0.6140374885882814, -0.15400443978847866, -0.11417689156040166, 0.5712908739026606, -0.13409066567444017], [-0.5441693931697058, 0.22695710413331266, 0.3272395391715181, -0.65874095493295, -0.5584585198947446, 0.6490088312714188, -0.04334524830050397, 0.05693718673770145, -0.15472506225213845, 0.04583980782427235, -0.16901461530284778, -0.054442627213933045], [-0.32957806637385934, -0.4492883859349443, 0.3375677396548753, -0.33282808661943025, 0.45402803897038935, 0.3128299003587465, -0.3886123788085472, 0.3982437467812724, -0.7866342626742446, 0.7870779885053942, -0.0030280967752259014, 0.00022186291557474034]], "inverted": false, "swapped": false, "error_lsq": 0.052967636905662835, "error_max": 0.3590638791574818, "target": "110.xyz", "model": "6.xyz", "model_rescale": 4.509807586411629, "target_rescale": 4.15665070898175},
{"mapping": [12, 4, 5, 2, 3, 7, 9, 10, 0, 1, 8, 13], "R": [[0.5511935240478583, 0.8306471570944621, -0.07880989442062925], [-0.8326370636522221, 0.5536821496053215, 0.01231249126033336], [0.05386296761512875, 0.05883347362954279, 0.9968136250575498]], "T": [-0.04443357163410134, -0.051554789710542524, -0.06762318608603342], "aligned_model": [[-0.46051054869134156, 0.44839652842458755, 0.3858631895201726, 0.3051578724990667, 0.24262453359465175, -0.2544684975789438, -0.5856690746811288, -0.6482024135855438, -0.06601464861051146, -0.19108132641934122, 0.5745868486184829, -0.12854798751492633], [-0.49403957001794113, 0.27498614841826924, 0.2847557489792178, -0.6180565432486953, -0.6082869426877469, 0.607970761383519, 0.0006936162472708784, 0.010463216808219392, -0.06505774680270887, -0.04551854568081185, -0.169535949085432, -0.055288146241760365], [0.30295003627293543, -0.43069604641566156, 0.36024631809974567, -0.43099002615954013, 0.3599523383558671, 0.30562822972163184, -0.5090631299265092, 0.2818792345888981, -0.8651696751335252, 0.7167150538972898, -0.017225022683013583, -0.07422731061811776]], "inverted": false, "swapped": false, "error_lsq": 0.05219956671823688, "error_max": 0.34834727654877445, "target": "110.xyz", "model": "7.xyz", "model_rescale": 4.509807586411629, "target_rescale": 4.15665070898175},
{"mapping": [11, 4, 5, 2, 3, 7, 9, 10, 0, 1, 8, 13], "R": [[0.5547463083950788, 0.8316409509645504, 0.025097051635808894], [-0.8269886989354882, 0.5478290211957699, 0.12638455352088365], [0.09135767704479292, -0.09086634258328483, 0.9916637951596884]], "T": [-0.04974943488497782, -0.05088627035590344, -0.0023658939535773156], "aligned_model": [[-0.44451683442216183, 0.40235203505230255, 0.42226580916634104, 0.26086495096045814, 0.28077872507449664, -0.2206403358449511, -0.6339512627023199, -0.6140374885882814, -0.15400443978847872, -0.11417689156040164, 0.5712908739026606, -0.13409066567444017], [-0.5441693931697058, 0.22695710413331271, 0.32723953917151816, -0.65874095493295, -0.5584585198947446, 0.649008831271419, -0.04334524830050403, 0.05693718673770139, -0.15472506225213845, 0.04583980782427234, -0.16901461530284764, -0.05444262721393303], [-0.32957806637385934, -0.4492883859349443, 0.33756773965487513, -0.3328280866194303, 0.4540280389703891, 0.31282990035874636, -0.3886123788085472, 0.3982437467812722, -0.7866342626742446, 0.787077988505394, -0.00302809677522571, 0.00022186291557497193]], "inverted": false, "swapped": false, "error_lsq": 0.05296763690566283, "error_max": 0.3590638791574818, "target": "110.xyz", "model": "8.xyz", "model_rescale": 4.509807586411629, "target_rescale": 4.15665070898175},
{"mapping": [9, 6, 7, 2, 3, 5, 11, 12, 0, 1, 8, 13], "R": [[-0.5547461930624791, -0.8316410278038758, 0.025097054727585763], [0.8269887743967262, -0.5478289055291494, 0.12638456111619933], [-0.09135769428179932, 0.09086633667121755, 0.9916637941134414]], "T": [-0.04974944750831013, -0.050886211494795705, -0.0023659012512960405], "aligned_model": [[-0.4445167330878835, 0.40235189099988466, 0.42226566792897113, 0.26086486495525085, 0.2807786418843373, -0.22064025963804224, -0.6339514637253177, -0.6140376867962313, -0.15400433427810922, -0.11417678041993622, 0.5712912251013235, -0.1340905573490227], [-0.5441691710195524, 0.22695697925648728, 0.3272394221433861, -0.6587409536226716, -0.5584585107357728, 0.6490089299225615, -0.04334523454277049, 0.056937208344128326, -0.1547251830234701, 0.045839702750327505, -0.16901440126468203, -0.0544427401365713], [-0.3295780999714958, -0.44928837776760894, 0.33756776128844573, -0.33282808865562025, 0.4540280504004344, 0.3128298885154062, -0.3886123815026972, 0.39824375755335745, -0.786634264312927, 0.7870780137991821, -0.0030281340896034627, 0.00022187474312745318]], "inverted": false, "swapped": false, "error_lsq": 0.05296764161134406, "error_max": 0.35906399975963876, "target": "110.xyz", "model": "9.xyz", "model_rescale": 4.509807504472865, "target_rescale": 4.15665070898175},
{"mapping": [10, 6, 7, 2, 3, 5, 11, 12, 0, 1, 8, 13], "R": [[-0.5511934087087539, -0.8306472339486487, -0.07880989106377238], [0.8326371407452678, -0.5536820337088139, 0.012312489578354636], [-0.053862956171841406, -0.058833479257401164, 0.9968136253437245]], "T": [-0.04443358420408467, -0.05155473028161809, -0.06762318891979734], "aligned_model": [[-0.460510445362338, 0.4483963852892958, 0.3858630479122792, 0.3051577871453586, 0.24262444976834202, -0.25446842191737307, -0.5856692747591848, -0.6482026121362016, -0.06601454254360412, -0.19108121729763738, 0.5745871993969082, -0.12854787992062072], [-0.4940393428618973, 0.27498602727836224, 0.28475562668221394, -0.61805653798057, -0.6082869385767182, 0.6079708571916919, 0.0006936344671459246, 0.010463233870997672, -0.06505785916832185, -0.04551866036061835, -0.1695357327064159, -0.0552882597644701], [0.3029500483101067, -0.4306960655775524, 0.3602463135355705, -0.43099004333891416, 0.35995233577420876, 0.30562824235860403, -0.5090631522697732, 0.2818792268433497, -0.8651696806494671, 0.7167150775767793, -0.01722500102656782, -0.07422730153634403]], "inverted": false, "swapped": false, "error_lsq": 0.052199571773362256, "error_max": 0.3483474094866295, "target": "110.xyz", "model": "10.xyz", "model_rescale": 4.509807504472865, "target_rescale": 4.15665070898175},
{"mapping": [9, 7, 6, 3, 2, 4, 12, 11, 1, 0, 8, 13], "R": [[0.5511934087087533, 0.8306472339486489, -0.0788098910637723], [-0.8326371407452681, 0.5536820337088133, 0.012312489578354565], [0.05386295617184127, 0.05883347925740118, 0.9968136253437245]], "T": [-0.04443358420408467, -0.051554730281618076, -0.06762318891979724], "aligned_model": [[-0.46051044536233815, 0.448396385289296, 0.3858630479122794, 0.3051577871453583, 0.2426244497683417, -0.2544684219173727, -0.5856692747591847, -0.6482026121362012, -0.06601454254360417, -0.19108121729763727, 0.574587199396908, -0.1285478799206207], [-0.494039342861897, 0.27498602727836197, 0.28475562668221366, -0.6180565379805699, -0.6082869385767183, 0.6079708571916917, 0.0006936344671462716, 0.010463233870997964, -0.06505785916832173, -0.04551866036061834, -0.16953573270641628, -0.055288259764470035], [0.3029500483101068, -0.43069606557755247, 0.36024631353557063, -0.43099004333891433, 0.35995233577420876, 0.3056282423586042, -0.5090631522697733, 0.2818792268433499, -0.8651696806494669, 0.7167150775767792, -0.017225001026567974, -0.07422730153634413]], "inverted": true, "swapped": false, "error_lsq": 0.05219957177336226, "error_max": 0.34834740948662973, "target": "110.xyz", "model": "11.xyz", "model_rescale": 4.509807504472865, "target_rescale": 4.15665070898175},
{"mapping": [10, 7, 6, 3, 2, 4, 12, 11, 1, 0, 8, 13], "R": [[0.5547463024866042, 0.8316409550268347, 0.025097047625078847], [-0.8269887028054121, 0.5478290159077972, 0.1263845511196525], [0.09135767789114753, -0.09086633728476604, 0.9916637955672216]], "T": [-0.04974955695339153, -0.05088628600977149, -0.0023658888883799985], "aligned_model": [[-0.4445169423839862, 0.40235189894720136, 0.4222656690835487, 0.2608648140870209, 0.2807785842233682, -0.22064026359877922, -0.6339513595024284, -0.614037589366081, -0.1540042471309629, -0.11417670685826821, 0.5712910950692065, -0.13409047699461557], [-0.5441693857783921, 0.22695707540468527, 0.3272395045326132, -0.6587409476175695, -0.5584585184896417, 0.6490089095590889, -0.04334525952630945, 0.05693716960161846, -0.15472513320305029, 0.04583972505280548, -0.16901438738932614, -0.054442704075122396], [-0.32957805128172146, -0.44928836018564916, 0.3375677343029296, -0.3328280682091311, 0.45402802627944777, 0.31282987343012963, -0.3886123611553874, 0.3982437333331914, -0.7866342269223298, 0.7870779620548275, -0.0030281292125553046, 0.0002218675662487928]], "inverted": true, "swapped": false, "error_lsq": 0.05296762591425077, "error_max": 0.35906383616368587, "target": "110.xyz", "model": "12.xyz", "model_rescale": 4.509807766519439, "target_rescale": 4.15665070898175},
{"mapping": [10, 6, 7, 2, 3, 5, 11, 12, 0, 1, 8, 13], "R": [[-0.5511935187635651, -0.830647160889022, -0.07880989138456478], [0.8326370671897552, -0.5536821442467675, 0.012312493002842033], [-0.05386296700593736, -0.05883347048499887, 0.9968136252760635]], "T": [-0.044433693825595956, -0.05155480579808869, -0.06762319288220173], "aligned_model": [[-0.4605106560603325, 0.44839638760947403, 0.3858630536114758, 0.30515773156464643, 0.24262439756664825, -0.2544684217766257, -0.5856691762246072, -0.6482025102226056, -0.0660144659852537, -0.19108113398125023, 0.5745870694569066, -0.12854779998325194], [-0.4940395652573592, 0.27498611562043646, 0.2847557171738467, -0.6180565394449885, -0.6082869378915782, 0.6079708435622415, 0.0006936010683429444, 0.010463202621753195, -0.06505782504695605, -0.04551862194013555, -0.16953571890065772, -0.0552882234935458], [0.3029500164556541, -0.4306960405750875, 0.3602462925259058, -0.4309900187830501, 0.35995231431794317, 0.3056282208754043, -0.5090631175524851, 0.28187921554850814, -0.8651696250083459, 0.7167150411936412, -0.017225007090734948, -0.07422729190735256]], "inverted": false, "swapped": false, "error_lsq": 0.052199555687359595, "error_max": 0.34834723432893433, "target": "110.xyz", "model": "13.xyz", "model_rescale": 4.509807766519439, "target_rescale": 4.15665070898175},
{"mapping": [9, 7, 6, 3, 2, 4, 12, 11, 1, 0, 8, 13], "R": [[0.5511935187635651, 0.8306471608890221, -0.07880989138456498], [-0.8326370671897553, 0.5536821442467675, 0.012312493002842012], [0.05386296700593744, 0.05883347048499907, 0.9968136252760635]], "T": [-0.04443369382559595, -0.051554805798088674, -0.06762319288220162], "aligned_model": [[-0.4605106560603327, 0.4483963876094742, 0.38586305361147577, 0.30515773156464654, 0.24262439756664814, -0.25446842177662576, -0.5856691762246072, -0.6482025102226056, -0.06601446598525355, -0.19108113398125035, 0.5745870694569066, -0.12854779998325194], [-0.4940395652573592, 0.27498611562043646, 0.2847557171738467, -0.6180565394449886, -0.6082869378915783, 0.6079708435622416, 0.0006936010683430208, 0.010463202621753258, -0.06505782504695601, -0.04551862194013555, -0.16953571890065777, -0.055288223493545785], [0.3029500164556541, -0.4306960405750875, 0.360246292525906, -0.4309900187830501, 0.3599523143179434, 0.3056282208754043, -0.5090631175524853, 0.28187921554850814, -0.8651696250083458, 0.7167150411936409, -0.017225007090734906, -0.07422729190735267]], "inverted": true, "swapped": false, "error_lsq": 0.052199555687359595, "error_max": 0.3483472343289343, "target": "110.xyz", "model": "14.xyz", "model_rescale": 4.509807766519439, "target_rescale": 4.15665070898175},
{"mapping": [9, 8, 7, 0, 4, 3, 2, 10, 2, 5, 6, 11], "R": [[-0.08168961001989061, 0.96836490488837, 0.2357885039507581], [0.6067019469349426, 0.23601121906677544, -0.759085931933905], [-0.7907209085386249, 0.08104391066053637, -0.6067885375851284]], "T": [-0.062169278289594364, -0.011534963639623426, 0.07450915106236969], "aligned_model": [[-0.4303216475094895, 0.2800047114014242, 0.33745952145714725, -0.0007286940365141756, 0.23075468707557426, -0.3107326565998785, -0.12368547923551379, -0.6173688248738542, -0.12368547923551379, 0.04370750971120955, 0.5245066988215119, -0.18777587140087884], [-0.6541798925794965, 0.34885120199465386, 0.39733713080452476, -0.6716387387672643, -0.6679727601499635, 0.6557144558203817, 0.05354395740249795, -0.052009394161612606, 0.05354395740249795, -0.0658022617320797, -0.20483336761335907, -0.0694682403493806], [0.0817188740906413, -0.24336662168064185, 0.3719779757426831, -0.3831811517346282, 0.35585749299870684, -0.20312658683805443, -0.6844820444224151, 0.5630743316750019, -0.6844820444224151, 0.8372129505830674, -0.10937748184167753, 0.0981743058497323]], "inverted": true, "swapped": false, "error_lsq": 0.06104549712621715, "error_max": 0.47268369520230563, "target": "110.xyz", "model": "15.xyz", "model_rescale": 4.510870436145588, "target_rescale": 4.15665070898175},
{"mapping": [9, 8, 7, 0, 4, 3, 2, 10, 2, 5, 6, 11], "R": [[-0.08168961001989117, 0.96836490488837, 0.23578850395075768], [0.6067019469349427, 0.23601121906677547, -0.7590859319339047], [-0.7907209085386246, 0.08104391066053579, -0.6067885375851286]], "T": [-0.06216927828959433, -0.011534963639623412, 0.07450915106236976], "aligned_model": [[-0.4303216475094895, 0.28000471140142397, 0.33745952145714747, -0.0007286940365144184, 0.23075468707557445, -0.3107326565998786, -0.12368547923551428, -0.6173688248738537, -0.12368547923551428, 0.04370750971121014, 0.5245066988215118, -0.18777587140087876], [-0.6541798925794964, 0.34885120199465386, 0.39733713080452454, -0.6716387387672642, -0.6679727601499634, 0.6557144558203817, 0.05354395740249813, -0.052009394161612925, 0.05354395740249813, -0.06580226173208004, -0.20483336761335896, -0.06946824034938068], [0.0817188740906415, -0.24336662168064194, 0.3719779757426828, -0.3831811517346283, 0.3558574929987066, -0.2031265868380543, -0.6844820444224149, 0.5630743316750022, -0.6844820444224149, 0.8372129505830672, -0.10937748184167785, 0.09817430584973237]], "inverted": true, "swapped": false, "error_lsq": 0.06104549712621715, "error_max": 0.4726836952023051, "target": "110.xyz", "model": "16.xyz", "model_rescale": 4.510870436145588, "target_rescale": 4.15665070898175},
{"mapping": [10, 6, 8, 5, 1, 2, 9, 3, 4, 3, 7, 11], "R": [[-0.08168961001989083, 0.9683649048883699, -0.23578850395075793], [0.6067019469349424, 0.2360112190667755, 0.759085931933905], [0.7907209085386251, -0.0810439106605362, -0.6067885375851282]], "T": [-0.06216927828959438, -0.011534963639623301, -0.07450915106236969], "aligned_model": [[-0.4303216475094895, 0.33745952145714725, 0.2800047114014241, 0.2307546870755743, -0.0007286940365143005, -0.31073265659987853, -0.617368824873854, -0.12368547923551396, 0.04370750971120974, -0.12368547923551396, 0.5245066988215118, -0.18777587140087873], [-0.6541798925794964, 0.39733713080452476, 0.34885120199465364, -0.6679727601499633, -0.6716387387672641, 0.6557144558203817, -0.05200939416161259, 0.053543957402497795, -0.06580226173207959, 0.053543957402497795, -0.20483336761335905, -0.0694682403493807], [-0.08171887409064144, -0.37197797574268276, 0.2433666216806422, -0.35585749299870684, 0.38318115173462797, 0.2031265868380547, -0.5630743316750019, 0.6844820444224152, -0.8372129505830673, 0.6844820444224152, 0.10937748184167764, -0.09817430584973215]], "inverted": true, "swapped": false, "error_lsq": 0.06104549712621715, "error_max": 0.4726836952023054, "target": "110.xyz", "model": "17.xyz", "model_rescale": 4.510870436145588, "target_rescale": 4.15665070898175},
{"mapping": [0, 6, 2, 3, 11, 8, 7, 10, 5, 1, 4, 12], "R": [[-0.19178389163954698, 0.8486027784347518, 0.49304387567478225], [-0.605364657324321, -0.49770337301224327, 0.6211481177262339], [0.7724976184883666, -0.17934513354160297, 0.6091656199300373]], "T": [-0.009015623485070935, -0.010597103904974058, 0.08251878125492598], "aligned_model": [[-0.46844669650223075, 0.3968607893728335, 0.23374259929498292, 0.1859549480603794, 0.19377595934735298, -0.22216583979226254, -0.6172186778633785, -0.4284802465684177, 0.001807951301717535, -0.07339385843111476, 0.5810077861314954, -0.16131023877613312], [-0.755601957769364, 0.4011203121213864, 0.4256839639291623, -0.6576386771980222, -0.632390820926563, 0.5617866912813765, 0.06408995702127954, 0.3024729385289818, -0.09657642213871057, -0.2579052235092671, -0.1599419429379252, -0.07201277033093473], [0.22753412237188483, -0.33697165423578757, 0.4276696784406251, -0.40201294638803853, 0.22357668033334963, 0.000226740867220937, -0.48786898221493613, 0.4316271606369988, -0.8250673773179447, 0.7156298454540418, 0.0860827766941185, -0.060426044641532034]], "inverted": false, "swapped": false, "error_lsq": 0.04909875202894439, "error_max": 0.2665128420929317, "target": "110.xyz", "model": "18.xyz", "model_rescale": 4.466005644533647, "target_rescale": 4.15665070898175},
{"mapping": [10, 4, 5, 0, 1, 7, 8, 9, 2, 3, 12, 13], "R": [[0.5547463278929138, 0.8316409380360255, 0.025097049067325183], [-0.8269886861772959, 0.5478290410600729, 0.12638455089903533], [0.09135767413894519, -0.09086634114874928, 0.9916637955588383]], "T": [-0.04974949638803089, -0.05088624579576788, -0.0023658955148480884], "aligned_model": [[-0.4445168734943838, 0.40235195428016923, 0.42226572580348054, 0.2608648950049606, 0.2807786665282719, -0.2206402245385431, -0.6339513083261517, -0.6140375368028403, -0.15400437326628635, -0.11417683021966366, 0.5712909823491858, -0.134090601742975], [-0.5441693631479757, 0.22695713306835175, 0.32723956324283837, -0.6587409051218838, -0.5584584749473971, 0.6490089528384457, -0.04334523644573068, 0.056937193728755955, -0.15472521809825251, 0.04583964225072075, -0.16901445137270707, -0.05444278792376586], [-0.3295780602897978, -0.44928837437663466, 0.33756772969054877, -0.3328280811047919, 0.45402802296239153, 0.312829872237697, -0.38861236938611843, 0.398243734681065, -0.7866342225041764, 0.7870779856301905, -0.0030281191033804116, 0.00022188156300716059]], "inverted": false, "swapped": false, "error_lsq": 0.05296763234959942, "error_max": 0.3590638704768698, "target": "110.xyz", "model": "19.xyz", "model_rescale": 4.509807711582247, "target_rescale": 4.15665070898175},
{"mapping": [11, 4, 5, 0, 1, 7, 8, 9, 2, 3, 12, 13], "R": [[0.5511935438612089, 0.8306471440391969, -0.07880989344776003], [-0.8326370504175609, 0.553682169482007, 0.01231249242202688], [0.05386296944716247, 0.05883347089220389, 0.9968136251201176]], "T": [-0.044433633124048626, -0.05155476512556982, -0.06762318941830162], "aligned_model": [[-0.46051058766976904, 0.44839644505181037, 0.38586310865496404, 0.30515781427898603, 0.2426244778821397, -0.25446838421876355, -0.5856691229481235, -0.6482024593449698, -0.06601458797218818, -0.1910812607658809, 0.5745869569960537, -0.1285479243690345], [-0.4940395418918477, 0.2749861745230785, 0.2847557757346395, -0.6180564957549358, -0.6082868945433749, 0.60797088659018, 0.0006936252052238134, 0.010463226416784793, -0.06505790940754129, -0.04551870698441933, -0.16953578362040733, -0.05528830819598031], [0.30295002452855924, -0.43069604128888717, 0.36024630132340196, -0.4309900181277664, 0.35995232448452275, 0.3056282273367463, -0.5090631204786047, 0.28187922213368444, -0.8651696443177758, 0.716715040906802, -0.017225014795195226, -0.07422730170548698]], "inverted": false, "swapped": false, "error_lsq": 0.05219956212450652, "error_max": 0.34834726847628616, "target": "110.xyz", "model": "20.xyz", "model_rescale": 4.509807711582248, "target_rescale": 4.15665070898175},
{"mapping": [1, 5, 2, 4, 11, 7, 8, 9, 6, 0, 3, 12], "R": [[0.1917838916395464, -0.8486027784347518, 0.49304387567478236], [0.6053646573243205, 0.49770337301224316, 0.6211481177262344], [-0.772497618488367, 0.17934513354160322, 0.6091656199300367]], "T": [-0.009015623485070845, -0.010597103904973919, 0.08251878125492598], "aligned_model": [[-0.46844669650223036, 0.39686078937283326, 0.233742599294983, 0.18595494806037943, 0.19377595934735337, -0.2221658397922628, -0.6172186778633788, -0.42848024656841766, 0.0018079513017172921, -0.0733938584311144, 0.5810077861314953, -0.16131023877613315], [-0.755601957769364, 0.40112031212138627, 0.4256839639291627, -0.6576386771980223, -0.6323908209265628, 0.5617866912813765, 0.06408995702127929, 0.302472938528982, -0.09657642213871093, -0.25790522350926687, -0.15994194293792507, -0.07201277033093476], [0.2275341223718855, -0.3369716542357881, 0.42766967844062476, -0.4020129463880384, 0.22357668033334974, 0.0002267408672206872, -0.4878689822149358, 0.4316271606369988, -0.8250673773179447, 0.715629845454042, 0.0860827766941181, -0.06042604464153198]], "inverted": true, "swapped": false, "error_lsq": 0.0490987520289444, "error_max": 0.26651284209293236, "target": "110.xyz", "model": "21.xyz", "model_rescale": 4.466005644533646, "target_rescale": 4.15665070898175},
{"mapping": [0, 6, 2, 3, 11, 8, 7, 10, 5, 1, 4, 12], "R": [[-0.19178397159206764, 0.8486027853587366, 0.49304383265767293], [-0.6053646159632213, -0.49770339727657253, 0.6211481385942165], [0.7724976310514322, -0.17934503344322808, 0.6091656334685771]], "T": [-0.009015613691991824, -0.01059710905436359, 0.0825187775146661], "aligned_model": [[-0.4684468119333712, 0.396860752353989, 0.23374268321241543, 0.18595489584142527, 0.1937762318708209, -0.22216590894250982, -0.6172187157240473, -0.42848017057795657, 0.0018079455724514595, -0.07339400515183364, 0.5810077026229629, -0.1613101235691222], [-0.7556018977052735, 0.40112033804312064, 0.42568391905919445, -0.657638659135758, -0.6323909950257206, 0.5617867463109464, 0.06408999132659235, 0.3024729049370144, -0.09657641694123334, -0.25790514272091947, -0.15994190415140405, -0.07201283592515967], [0.2275341354079964, -0.3369716252440844, 0.42766965766999576, -0.4020128848391824, 0.2235766660593123, 0.00022670947340799885, -0.4878690283830335, 0.43162708686086304, -0.8250673631005259, 0.7156298732644378, 0.08608285301725908, -0.060426080186445796]], "inverted": false, "swapped": false, "error_lsq": 0.04909874607415627, "error_max": 0.26651279310470904, "target": "110.xyz", "model": "22.xyz", "model_rescale": 4.46600560860683, "target_rescale": 4.15665070898175},
{"mapping": [11, 5, 4, 1, 0, 6, 9, 8, 3, 2, 12, 13], "R": [[-0.5547462678752596, -0.8316409780558551, 0.025097049563081144], [0.8269887254506596, -0.5478289810420093, 0.1263845540719596], [-0.09135768307025402, 0.09086633671924302, 0.9916637951419124]], "T": [-0.04974949492902367, -0.05088624431670495, -0.002365895803139326], "aligned_model": [[-0.4445168155949005, 0.40235189102097424, 0.4222656631019527, 0.2608647661393859, 0.28077853822036436, -0.2206402692856365, -0.6339514000181298, -0.6140376279371512, -0.1540042811342573, -0.11417673697230031, 0.5712912570882016, -0.1340905090532788], [-0.5441692783678195, 0.2269570414824303, 0.3272394750019233, -0.658740993298182, -0.5584585597786891, 0.649008913173622, -0.04334525573700893, 0.05693717778248407, -0.1547251532024977, 0.04583971383648831, -0.16901431313834622, -0.054442719683004695], [-0.32957807428566455, -0.4492883657698845, 0.33756774445846754, -0.3328280683186475, 0.4540280419097046, 0.31282987964181935, -0.3886123678650836, 0.3982437423632685, -0.7866342397164495, 0.7870779807402545, -0.0030281436696864084, 0.0002218705119022826]], "inverted": true, "swapped": false, "error_lsq": 0.0529676324966045, "error_max": 0.35906392312856167, "target": "110.xyz", "model": "23.xyz", "model_rescale": 4.509807674373902, "target_rescale": 4.15665070898175},
{"mapping": [11, 4, 5, 0, 1, 7, 8, 9, 2, 3, 12, 13], "R": [[0.551193483998155, 0.830647183986805, -0.07880989108459825], [-0.832637090425149, 0.5536821093260001, 0.012312492056995188], [0.053862963586475646, 0.05883347301580799, 0.9968136253114622]], "T": [-0.04443363178167422, -0.05155476360642733, -0.06762318982667555], "aligned_model": [[-0.46051052897301253, 0.4483963813371898, 0.38586304629950924, 0.3051576850905889, 0.2426243500529083, -0.2544684286694486, -0.585669215057191, -0.6482025500948717, -0.06601449686811939, -0.19108116694348057, 0.5745872313069519, -0.12854783190579996], [-0.4940394549278905, 0.2749860840697922, 0.28475568507231575, -0.6180565832625482, -0.6082869822600248, 0.6079708450239006, 0.0006936074076292348, 0.01046320841015276, -0.0650578402281937, -0.04551863822314665, -0.16953564378491695, -0.05528823922567017], [0.30295003163629775, -0.4306960499675859, 0.3602462993222304, -0.4309900320067216, 0.35995231728309474, 0.30562822779162047, -0.509063129933579, 0.2818792193562373, -0.8651696448333317, 0.7167150537463003, -0.017224996851046462, -0.07422729554351576]], "inverted": false, "swapped": false, "error_lsq": 0.05219956240245646, "error_max": 0.3483473263576634, "target": "110.xyz", "model": "24.xyz", "model_rescale": 4.509807674373903, "target_rescale": 4.15665070898175},
{"mapping": [1, 5, 2, 4, 11, 7, 8, 9, 6, 0, 3, 12], "R": [[0.1917839715920674, -0.8486027853587365, 0.4930438326576726], [0.6053646159632217, 0.4977033972765722, 0.6211481385942164], [-0.7724976310514319, 0.17934503344322822, 0.6091656334685773]], "T": [-0.009015613691991789, -0.010597109054363583, 0.08251877751466616], "aligned_model": [[-0.4684468119333708, 0.39686075235398877, 0.2337426832124152, 0.1859548958414256, 0.19377623187082105, -0.22216590894251004, -0.6172187157240472, -0.4284801705779566, 0.0018079455724515497, -0.07339400515183363, 0.5810077026229628, -0.16131012356912217], [-0.7556018977052738, 0.4011203380431209, 0.4256839190591944, -0.6576386591357578, -0.6323909950257206, 0.5617867463109463, 0.06408999132659252, 0.3024729049370141, -0.09657641694123295, -0.2579051427209198, -0.159941904151404, -0.0720128359251597], [0.22753413540799614, -0.3369716252440843, 0.4276696576699959, -0.4020128848391825, 0.22357666605931212, 0.00022670947340810987, -0.48786902838303337, 0.43162708686086315, -0.8250673631005258, 0.7156298732644376, 0.08608285301725899, -0.060426080186445824]], "inverted": true, "swapped": false, "error_lsq": 0.04909874607415627, "error_max": 0.26651279310470904, "target": "110.xyz", "model": "25.xyz", "model_rescale": 4.466005608606829, "target_rescale": 4.15665070898175},
{"mapping": [0, 6, 2, 3, 11, 8, 7, 10, 5, 1, 4, 12], "R": [[-0.1917838611736088, 0.8486027887024802, 0.49304386985309523], [-0.6053646905215738, -0.49770334345875694, 0.6211481090526587], [0.7724976000370882, -0.1793451669723734, 0.6091656334861565]], "T": [-0.009015631816393012, -0.010597131583673598, 0.08251880836266502], "aligned_model": [[-0.4684466835180813, 0.3968607661216855, 0.2337425963227815, 0.18595491859346577, 0.19377598315109743, -0.22216583445775326, -0.6172186507406533, -0.4284802174171697, 0.0018079498387854817, -0.07339386723518118, 0.5810077348763658, -0.16131021996011866], [-0.7556020386667378, 0.40112036059654255, 0.4256839792058078, -0.6576387217542252, -0.6323907534794885, 0.5617867037575897, 0.06408999801989379, 0.30247294101062994, -0.09657634514115332, -0.25790533292904194, -0.15994201601652938, -0.07201272653188809], [0.22753421102707644, -0.3369716878810909, 0.42766961550194793, -0.40201283877147576, 0.22357658863367258, 0.00022670966027456274, -0.4878690031272439, 0.4316271050803816, -0.8250674006686093, 0.7156299238145949, 0.08608287401604271, -0.060426097285570565]], "inverted": false, "swapped": false, "error_lsq": 0.04909876139484178, "error_max": 0.2665129561496721, "target": "110.xyz", "model": "26.xyz", "model_rescale": 4.466005838112752, "target_rescale": 4.15665070898175},
{"mapping": [10, 4, 5, 0, 1, 7, 8, 9, 2, 3, 12, 13], "R": [[0.5547463751599966, 0.8316409064180511, 0.0250970519983268], [-0.826988655264807, 0.5478290878399958, 0.1263845503995818], [0.09135766694782974, -0.09086634849360112, 0.9916637955483143]], "T": [-0.04974947641913062, -0.05088627827010669, -0.0023658918163423233], "aligned_model": [[-0.44451687480433544, 0.4023519974769391, 0.42226577052455355, 0.26086499470602925, 0.2807787677536437, -0.22064029523662748, -0.6339513306753487, -0.6140375576277343, -0.1540044127066696, -0.1141768666114407, 0.57129092243527, -0.13409063965905516], [-0.5441693055780068, 0.2269570239201614, 0.32723944966282853, -0.6587409867810172, -0.5584585610383501, 0.6490089737045258, -0.043345209532163684, 0.05693721621050344, -0.1547251590413212, 0.04583969244401304, -0.16901435260111944, -0.05444273329865405], [-0.32957805051432404, -0.44928834659574385, 0.3375677257988004, -0.3328280582839733, 0.4540280141105709, 0.31282985619422826, -0.3886123543596025, 0.39824371803494174, -0.7866341965211201, 0.7870779482679684, -0.0030281320051695005, 0.0002218758734241818]], "inverted": false, "swapped": false, "error_lsq": 0.052967638953229666, "error_max": 0.3590638768101685, "target": "110.xyz", "model": "27.xyz", "model_rescale": 4.509807893063789, "target_rescale": 4.15665070898175},
{"mapping": [11, 4, 5, 0, 1, 7, 8, 9, 2, 3, 12, 13], "R": [[0.5511935909462335, 0.830647113101375, -0.0788098902178396], [-0.8326370192827565, 0.5536822163583008, 0.012312489938515116], [0.053862968909285124, 0.058833466538283724, 0.9968136254061568]], "T": [-0.04443361371062597, -0.05155479762418501, -0.06762318469767672], "aligned_model": [[-0.4605105862553497, 0.44839648593211406, 0.3858631546145514, 0.3051579111958303, 0.24262457987826763, -0.2544684531225875, -0.5856691475437316, -0.6482024788612942, -0.0660146311795141, -0.19108129381463945, 0.5745868972286543, -0.12854796249707678], [-0.4940394869670314, 0.27498606360227673, 0.28475566245010053, -0.6180565788024877, -0.608286979954664, 0.6079709087727441, 0.0006936515844772409, 0.010463250432301001, -0.06505785182628003, -0.04551865413063251, -0.16953568411094805, -0.05528825297845627], [0.30295001086946693, -0.43069601856526984, 0.36024629244525797, -0.4309899930788438, 0.35995231793168403, 0.3056282105998023, -0.5090631019378136, 0.28187920907271424, -0.8651696133630342, 0.7167150086580207, -0.017225020279477324, -0.07422730235250682]], "inverted": false, "swapped": false, "error_lsq": 0.05219956907622211, "error_max": 0.3483472802808912, "target": "110.xyz", "model": "28.xyz", "model_rescale": 4.5098078930637895, "target_rescale": 4.15665070898175},
{"mapping": [1, 5, 2, 4, 11, 7, 8, 9, 6, 0, 3, 12], "R": [[0.1917838611736094, -0.8486027887024798, 0.4930438698530954], [0.6053646905215739, 0.49770334345875744, 0.6211481090526585], [-0.772497600037088, 0.17934516697237313, 0.6091656334861568]], "T": [-0.009015631816392963, -0.010597131583673557, 0.08251880836266508], "aligned_model": [[-0.4684466835180816, 0.39686076612168586, 0.23374259632278155, 0.18595491859346558, 0.19377598315109695, -0.22216583445775284, -0.6172186507406529, -0.4284802174171696, 0.0018079498387858634, -0.0733938672351816, 0.5810077348763656, -0.16131021996011863], [-0.7556020386667376, 0.4011203605965424, 0.4256839792058077, -0.6576387217542253, -0.6323907534794887, 0.5617867037575898, 0.06408999801989437, 0.3024729410106301, -0.09657634514115307, -0.25790533292904205, -0.1599420160165298, -0.072012726531888], [0.22753421102707627, -0.33697168788109066, 0.4276696155019481, -0.40201283877147564, 0.22357658863367258, 0.00022670966027450723, -0.48786900312724396, 0.43162710508038143, -0.8250674006686092, 0.7156299238145949, 0.08608287401604287, -0.06042609728557062]], "inverted": true, "swapped": false, "error_lsq": 0.04909876139484178, "error_max": 0.2665129561496718, "target": "110.xyz", "model": "29.xyz", "model_rescale": 4.466005838112752, "target_rescale": 4.15665070898175},
