[{"mapping": [10, 4, 8, 7, 1, 2, 9, 3, 6, 3, 5, 11], "R": [[0.08168963993346728, -0.9683649003004868, -0.2357885124291874], [-0.6067019742742854, -0.23601124090504877, 0.759085903292996], [-0.7907208844713949, 0.08104390188340926, -0.6067885701200111]], "T": [-0.0621693923766302, -0.011534931192636266, -0.07450905112956077], "aligned_model": [[-0.43032181286094995, 0.33745948567180295, 0.2800046885527127, 0.23075490182381636, -0.0007286700525667295, -0.3107326740472313, -0.61736898150989, -0.12368550539829135, 0.043707733174876404, -0.12368550539829135, 0.524506654320743, -0.18777583870150666], [-0.6541799102075354, 0.3973370875930099, 0.3488510497206922, -0.6679726652355717, -0.6716388087979632, 0.6557145305489429, -0.0520094842207342, 0.05354410456214165, -0.06580223924877043, 0.05354410456214165, -0.20483333839379136, -0.06946838281116205], [-0.08171883497906571, -0.3719779558554157, 0.24336641624027386, -0.3558574546856823, 0.383180967650272, 0.20312671316650308, -0.5630742786356895, 0.6844821568231269, -0.8372128983423061, 0.6844821568231269, 0.1093774878012081, -0.09817447600635171]], "inverted": true, "swapped": false, "error_lsq": 0.0610455104320774, "error_max": 0.47268373352645804, "target": "111.xyz", "model": "0.xyz", "model_rescale": 4.5108708085295355, "target_rescale": 4.15665070898175},
{"mapping": [10, 8, 4, 1, 7, 2, 3, 9, 3, 6, 5, 11], "R": [[-0.08168963993346767, 0.9683649003004868, 0.23578851242918722], [0.6067019742742863, 0.23601124090504874, -0.7590859032929954], [-0.7907208844713944, 0.08104390188340913, -0.606788570120012]], "T": [-0.062169392376630134, -0.011534931192636412, 0.07450905112956077], "aligned_model": [[-0.4303218128609497, 0.28000468855271254, 0.33745948567180295, -0.0007286700525667156, 0.23075490182381656, -0.31073267404723137, -0.12368550539829164, -0.6173689815098894, -0.12368550539829164, 0.04370773317487679, 0.5245066543207427, -0.18777583870150658], [-0.6541799102075353, 0.3488510497206924, 0.39733708759300934, -0.671638808797963, -0.6679726652355719, 0.655714530548943, 0.053544104562142446, -0.052009484220734904, 0.053544104562142446, -0.0658022392487714, -0.20483333839379111, -0.06946838281116213], [0.0817188349790654, -0.24336641624027364, 0.37197795585541593, -0.38318096765027276, 0.35585745468568164, -0.2031267131665024, -0.6844821568231267, 0.5630742786356896, -0.6844821568231267, 0.837212898342306, -0.10937748780120835, 0.09817447600635176]], "inverted": false, "swapped": false, "error_lsq": 0.06104551043207739, "error_max": 0.47268373352645776, "target": "111.xyz", "model": "1.xyz", "model_rescale": 4.510870808529536, "target_rescale": 4.15665070898175},
{"mapping": [9, 8, 5, 0, 6, 3, 2, 10, 2, 7, 4, 11], "R": [[0.08168963993346717, -0.9683649003004868, 0.2357885124291872], [-0.6067019742742861, -0.23601124090504833, -0.7590859032929955], [0.7907208844713944, -0.08104390188340943, -0.6067885701200116]], "T": [-0.062169392376630134, -0.011534931192636426, 0.07450905112956069], "aligned_model": [[-0.43032181286094995, 0.28000468855271277, 0.33745948567180306, -0.0007286700525668266, 0.23075490182381628, -0.31073267404723115, -0.12368550539829132, -0.6173689815098897, -0.12368550539829132, 0.04370773317487643, 0.524506654320743, -0.1877758387015067], [-0.6541799102075353, 0.3488510497206924, 0.3973370875930094, -0.6716388087979629, -0.6679726652355721, 0.6557145305489432, 0.05354410456214221, -0.05200948422073442, 0.05354410456214221, -0.06580223924877121, -0.2048333383937915, -0.06946838281116194], [0.08171883497906526, -0.24336641624027355, 0.37197795585541604, -0.38318096765027254, 0.3558574546856818, -0.2031267131665026, -0.6844821568231267, 0.5630742786356895, -0.6844821568231267, 0.837212898342306, -0.1093774878012082, 0.09817447600635176]], "inverted": true, "swapped": false, "error_lsq": 0.0610455104320774, "error_max": 0.47268373352645804, "target": "111.xyz", "model": "2.xyz", "model_rescale": 4.5108708085295355, "target_rescale": 4.15665070898175},
{"mapping": [11, 4, 5, 2, 3, 7, 9, 10, 0, 1, 8, 13], "R": [[0.554746248187063, 0.8316409912165078, 0.025097048647239696], [-0.8269887383400688, 0.5478289615237134, 0.12638455433537396], [0.09135768594419955, -0.09086633394318279, 0.9916637951315189]], "T": [-0.04974941726899858, -0.05088625970492454, -0.0023658958301625084], "aligned_model": [[-0.44451674217736387, 0.4023519700355467, 0.4222657410865883, 0.2608648261499497, 0.28077859720099135, -0.220640173892723, -0.6339514961854739, -0.6140377251344323, -0.15400432426204624, -0.11417678215996305, 0.5712911381251554, -0.13409055321100466], [-0.5441692772968394, 0.22695701091184317, 0.3272394431132636, -0.658741006974277, -0.5584585747728565, 0.6490088913924449, -0.04334537938990011, 0.05693705281152031, -0.15472498186910877, 0.045839882533732015, -0.16901446272073428, -0.05444254966768839], [-0.3295780704477715, -0.44928835746498985, 0.33756774077300183, -0.3328280615801325, 0.4540280366578591, 0.3128298735481365, -0.38861234414825463, 0.39824375408973706, -0.786634248376187, 0.787077948099796, -0.003028121012999867, 0.00022184986180451586]], "inverted": false, "swapped": false, "error_lsq": 0.05296764423300596, "error_max": 0.35906394108379147, "target": "111.xyz", "model": "3.xyz", "model_rescale": 4.509807743048502, "target_rescale": 4.15665070898175},
{"mapping": [12, 4, 5, 2, 3, 7, 9, 10, 0, 1, 8, 13], "R": [[0.5511934645081238, 0.8306471970410028, -0.07880988980741918], [-0.8326371034415614, 0.5536820897430417, 0.012312492445686333], [0.053862961819588565, 0.0588334730039302, 0.9968136254076373]], "T": [-0.044433554544473966, -0.051554778994990405, -0.06762318250524539], "aligned_model": [[-0.46051045541837604, 0.44839645837420383, 0.3858631253021745, 0.30515774334727586, 0.2426244102752465, -0.2544683323836507, -0.5856693129762359, -0.6482026460482652, -0.06601454263092744, -0.19108120877498608, 0.5745871122117218, -0.12854787570295675], [-0.4940394543555088, 0.2749860526733361, 0.2847556538355047, -0.6180565976974096, -0.608286996535241, 0.6079708239749644, 0.0006934818013426131, 0.010463082963511297, -0.06505766910749286, -0.04551846678315549, -0.16953579475312724, -0.055288067945324176], [0.30295003307858853, -0.43069603712726784, 0.36024630019452203, -0.43099002032893524, 0.3599523169928546, 0.30562823060417815, -0.5090631283225124, 0.2818792089992774, -0.865169637308912, 0.7167150373346682, -0.017225004129339735, -0.07422729998712208]], "inverted": false, "swapped": false, "error_lsq": 0.05219957440592787, "error_max": 0.3483473463567158, "target": "111.xyz", "model": "4.xyz", "model_rescale": 4.509807743048502, "target_rescale": 4.15665070898175},
{"mapping": [12, 5, 4, 3, 2, 6, 10, 9, 1, 0, 8, 13], "R": [[-0.5547462481870629, -0.831640991216508, 0.0250970486472398], [0.826988738340069, -0.5478289615237133, 0.126384554335374], [-0.09135768594419955, 0.09086633394318286, 0.991663795131519]], "T": [-0.04974941726899858, -0.05088625970492451, -0.0023658958301623397], "aligned_model": [[-0.444516742177364, 0.4023519700355468, 0.42226574108658843, 0.26086482614994966, 0.2807785972009913, -0.22064017389272284, -0.6339514961854741, -0.6140377251344323, -0.15400432426204635, -0.11417678215996298, 0.5712911381251554, -0.13409055321100466], [-0.5441692772968394, 0.22695701091184317, 0.3272394431132636, -0.6587410069742772, -0.5584585747728568, 0.6490088913924451, -0.04334537938989994, 0.05693705281152049, -0.15472498186910877, 0.04583988253373207, -0.16901446272073448, -0.054442549667688384], [-0.3295780704477715, -0.4492883574649899, 0.33756774077300183, -0.33282806158013256, 0.4540280366578592, 0.3128298735481365, -0.38861234414825463, 0.3982437540897371, -0.7866342483761869, 0.7870779480997964, -0.0030281210130000263, 0.00022184986180439573]], "inverted": true, "swapped": false, "error_lsq": 0.05296764423300596, "error_max": 0.3590639410837914, "target": "111.xyz", "model": "5.xyz", "model_rescale": 4.509807743048502, "target_rescale": 4.15665070898175},
{"mapping": [11, 4, 5, 2, 3, 7, 9, 10, 0, 1, 8, 13], "R": [[0.5547463083950787, 0.8316409509645505, 0.025097051635808824], [-0.8269886989354883, 0.5478290211957698, 0.12638455352088362], [0.09135767704479295, -0.09086634258328473, 0.9916637951596885]], "T": [-0.04974943488497781, -0.050886270355903436, -0.002365893953577322], "aligned_model": [[-0.4445168344221619, 0.4023520350523027, 0.4222658091663412, 0.2608649509604581, 0.2807787250744966, -0.22064033584495102, -0.6339512627023199, -0.6140374885882814, -0.15400443978847866, -0.11417689156040169, 0.5712908739026606, -0.13409066567444017], [-0.5441693931697058, 0.22695710413331271, 0.3272395391715181, -0.65874095493295, -0.5584585198947446, 0.6490088312714188, -0.04334524830050396, 0.056937186737701435, -0.15472506225213842, 0.04583980782427232, -0.16901461530284778, -0.054442627213933045], [-0.3295780663738595, -0.44928838593494436, 0.33756773965487524, -0.33282808661943036, 0.45402803897038924, 0.3128299003587464, -0.3886123788085474, 0.3982437467812723, -0.7866342626742447, 0.7870779885053941, -0.003028096775225954, 0.00022186291557466271]], "inverted": false, "swapped": false, "error_lsq": 0.05296763690566283, "error_max": 0.3590638791574818, "target": "111.xyz", "model": "6.xyz", "model_rescale": 4.509807586411629, "target_rescale": 4.15665070898175},
{"mapping": [12, 4, 5, 2, 3, 7, 9, 10, 0, 1, 8, 13], "R": [[0.5511935240478583, 0.8306471570944621, -0.07880989442062919], [-0.8326370636522221, 0.5536821496053215, 0.01231249126033351], [0.05386296761512885, 0.05883347362954265, 0.9968136250575498]], "T": [-0.044433571634101346, -0.05155478971054253, -0.06762318608603349], "aligned_model": [[-0.46051054869134156, 0.4483965284245875, 0.3858631895201727, 0.3051578724990666, 0.2426245335946518, -0.25446849757894374, -0.5856690746811288, -0.6482024135855438, -0.0660146486105115, -0.19108132641934117, 0.5745868486184829, -0.12854798751492633], [-0.4940395700179411, 0.2749861484182692, 0.28475574897921785, -0.6180565432486954, -0.6082869426877467, 0.6079707613835191, 0.000693616247270816, 0.01046321680821944, -0.065057746802709, -0.04551854568081174, -0.169535949085432, -0.05528814624176037], [0.3029500362729355, -0.4306960464156617, 0.3602463180997455, -0.4309900261595402, 0.35995233835586704, 0.3056282297216316, -0.5090631299265093, 0.28187923458889796, -0.8651696751335252, 0.7167150538972898, -0.017225022683013666, -0.07422731061811783]], "inverted": false, "swapped": false, "error_lsq": 0.05219956671823688, "error_max": 0.3483472765487746, "target": "111.xyz", "model": "7.xyz", "model_rescale": 4.509807586411629, "target_rescale": 4.15665070898175},
{"mapping": [11, 4, 5, 2, 3, 7, 9, 10, 0, 1, 8, 13], "R": [[0.5547463083950787, 0.8316409509645505, 0.02509705163580886], [-0.8269886989354883, 0.5478290211957698, 0.1263845535208836], [0.0913576770447929, -0.09086634258328474, 0.9916637951596885]], "T": [-0.049749434884977815, -0.05088627035590344, -0.0023658939535773885], "aligned_model": [[-0.4445168344221619, 0.4023520350523027, 0.4222658091663412, 0.2608649509604581, 0.2807787250744966, -0.22064033584495105, -0.6339512627023199, -0.6140374885882814, -0.1540044397884787, -0.11417689156040167, 0.5712908739026606, -0.13409066567444017], [-0.5441693931697058, 0.22695710413331271, 0.32723953917151805, -0.6587409549329499, -0.5584585198947446, 0.6490088312714188, -0.043345248300503944, 0.056937186737701415, -0.1547250622521384, 0.045839807824272286, -0.16901461530284775, -0.05444262721393302], [-0.3295780663738595, -0.4492883859349444, 0.33756773965487513, -0.3328280866194304, 0.4540280389703891, 0.3128299003587464, -0.3886123788085473, 0.3982437467812722, -0.7866342626742447, 0.7870779885053941, -0.0030280967752257483, 0.00022186291557489387]], "inverted": false, "swapped": false, "error_lsq": 0.05296763690566283, "error_max": 0.3590638791574818, "target": "111.xyz", "model": "8.xyz", "model_rescale": 4.509807586411629, "target_rescale": 4.15665070898175},
{"mapping": [9, 6, 7, 2, 3, 5, 11, 12, 0, 1, 8, 13], "R": [[-0.5547461930624795, -0.831641027803876, 0.02509705472758582], [0.8269887743967265, -0.5478289055291499, 0.1263845611161994], [-0.0913576942817993, 0.09086633667121763, 0.9916637941134419]], "T": [-0.049749447508310146, -0.050886211494795705, -0.0023659012512961125], "aligned_model": [[-0.44451673308788364, 0.40235189099988466, 0.42226566792897124, 0.2608648649552511, 0.28077864188433765, -0.22064025963804254, -0.6339514637253181, -0.6140376867962316, -0.1540043342781093, -0.11417678041993623, 0.5712912251013238, -0.13409055734902275], [-0.5441691710195526, 0.2269569792564876, 0.32723942214338647, -0.6587409536226718, -0.5584585107357729, 0.6490089299225618, -0.04334523454277065, 0.0569372083441282, -0.15472518302347016, 0.04583970275032753, -0.16901440126468187, -0.05444274013657131], [-0.329578099971496, -0.4492883777676092, 0.3375677612884458, -0.33282808865562047, 0.45402805040043454, 0.31282988851540633, -0.3886123815026974, 0.3982437575533576, -0.7866342643129275, 0.7870780137991823, -0.0030281340896035833, 0.000221874743127389]], "inverted": false, "swapped": false, "error_lsq": 0.05296764161134407, "error_max": 0.35906399975963876, "target": "111.xyz", "model": "9.xyz", "model_rescale": 4.509807504472865, "target_rescale": 4.15665070898175},
{"mapping": [10, 6, 7, 2, 3, 5, 11, 12, 0, 1, 8, 13], "R": [[-0.5511934087087528, -0.8306472339486494, -0.07880989106377183], [0.8326371407452685, -0.5536820337088127, 0.012312489578354457], [-0.05386295617184088, -0.05883347925740087, 0.9968136253437246]], "T": [-0.04443358420408468, -0.051554730281618055, -0.06762318891979739], "aligned_model": [[-0.46051044536233826, 0.448396385289296, 0.3858630479122798, 0.30515778714535763, 0.24262444976834147, -0.254468421917372, -0.585669274759185, -0.6482026121362012, -0.06601454254360455, -0.19108121729763694, 0.5745871993969079, -0.12854787992062072], [-0.4940393428618969, 0.27498602727836174, 0.2847556266822133, -0.6180565379805703, -0.6082869385767187, 0.607970857191692, 0.0006936344671467504, 0.010463233870998359, -0.06505785916832156, -0.04551866036061835, -0.1695357327064167, -0.05528825976446996], [0.3029500483101068, -0.43069606557755263, 0.3602463135355704, -0.4309900433389146, 0.35995233577420843, 0.3056282423586043, -0.509063152269773, 0.28187922684335004, -0.8651696806494672, 0.7167150775767794, -0.017225001026568237, -0.07422730153634405]], "inverted": false, "swapped": false, "error_lsq": 0.052199571773362256, "error_max": 0.34834740948662984, "target": "111.xyz", "model": "10.xyz", "model_rescale": 4.509807504472865, "target_rescale": 4.15665070898175},
{"mapping": [9, 7, 6, 3, 2, 4, 12, 11, 1, 0, 8, 13], "R": [[0.5511934087087532, 0.8306472339486491, -0.07880989106377227], [-0.8326371407452683, 0.5536820337088132, 0.012312489578354548], [0.05386295617184121, 0.05883347925740117, 0.9968136253437246]], "T": [-0.04443358420408467, -0.05155473028161807, -0.06762318891979731], "aligned_model": [[-0.46051044536233826, 0.4483963852892961, 0.38586304791227954, 0.3051577871453582, 0.24262444976834163, -0.2544684219173725, -0.5856692747591848, -0.6482026121362013, -0.0660145425436042, -0.19108121729763727, 0.5745871993969082, -0.12854787992062072], [-0.49403934286189694, 0.2749860272783619, 0.2847556266822136, -0.6180565379805701, -0.6082869385767186, 0.607970857191692, 0.000693634467146452, 0.01046323387099813, -0.06505785916832169, -0.04551866036061833, -0.16953573270641642, -0.05528825976447001], [0.3029500483101068, -0.4306960655775526, 0.36024631353557063, -0.43099004333891444, 0.35995233577420876, 0.30562824235860425, -0.5090631522697734, 0.28187922684334993, -0.8651696806494671, 0.7167150775767792, -0.01722500102656807, -0.0742273015363442]], "inverted": true, "swapped": false, "error_lsq": 0.052199571773362284, "error_max": 0.3483474094866298, "target": "111.xyz", "model": "11.xyz", "model_rescale": 4.509807504472865, "target_rescale": 4.15665070898175},
{"mapping": [10, 7, 6, 3, 2, 4, 12, 11, 1, 0, 8, 13], "R": [[0.5547463024866042, 0.8316409550268347, 0.025097047625078833], [-0.8269887028054121, 0.5478290159077972, 0.1263845511196525], [0.09135767789114754, -0.09086633728476604, 0.9916637955672216]], "T": [-0.04974955695339153, -0.05088628600977149, -0.002365888888380072], "aligned_model": [[-0.4445169423839862, 0.40235189894720136, 0.4222656690835487, 0.2608648140870209, 0.2807785842233682, -0.22064026359877922, -0.6339513595024284, -0.614037589366081, -0.1540042471309629, -0.11417670685826822, 0.5712910950692065, -0.13409047699461557], [-0.5441693857783921, 0.22695707540468527, 0.3272395045326132, -0.6587409476175695, -0.5584585184896417, 0.6490089095590889, -0.04334525952630945, 0.05693716960161846, -0.15472513320305029, 0.04583972505280548, -0.16901438738932614, -0.054442704075122396], [-0.3295780512817215, -0.4492883601856492, 0.3375677343029295, -0.3328280682091311, 0.4540280262794477, 0.3128298734301296, -0.38861236115538744, 0.39824373333319135, -0.7866342269223299, 0.7870779620548274, -0.0030281292125553714, 0.0002218675662487182]], "inverted": true, "swapped": false, "error_lsq": 0.05296762591425077, "error_max": 0.3590638361636858, "target": "111.xyz", "model": "12.xyz", "model_rescale": 4.509807766519439, "target_rescale": 4.15665070898175},
{"mapping": [10, 6, 7, 2, 3, 5, 11, 12, 0, 1, 8, 13], "R": [[-0.5511935187635651, -0.830647160889022, -0.07880989138456478], [0.8326370671897552, -0.5536821442467675, 0.012312493002842033], [-0.05386296700593736, -0.05883347048499887, 0.9968136252760635]], "T": [-0.044433693825595956, -0.05155480579808869, -0.0676231928822018], "aligned_model": [[-0.4605106560603325, 0.44839638760947403, 0.3858630536114758, 0.30515773156464643, 0.24262439756664825, -0.2544684217766257, -0.5856691762246072, -0.6482025102226056, -0.0660144659852537, -0.19108113398125023, 0.5745870694569066, -0.12854779998325194], [-0.4940395652573592, 0.27498611562043646, 0.2847557171738467, -0.6180565394449885, -0.6082869378915782, 0.6079708435622415, 0.0006936010683429444, 0.010463202621753195, -0.06505782504695605, -0.04551862194013555, -0.16953571890065772, -0.0552882234935458], [0.302950016455654, -0.43069604057508754, 0.36024629252590573, -0.43099001878305016, 0.3599523143179431, 0.3056282208754042, -0.5090631175524851, 0.2818792155485081, -0.8651696250083459, 0.7167150411936412, -0.017225007090735017, -0.07422729190735262]], "inverted": false, "swapped": false, "error_lsq": 0.05219955568735959, "error_max": 0.34834723432893433, "target": "111.xyz", "model": "13.xyz", "model_rescale": 4.509807766519439, "target_rescale": 4.15665070898175},
{"mapping": [9, 7, 6, 3, 2, 4, 12, 11, 1, 0, 8, 13], "R": [[0.5511935187635654, 0.8306471608890218, -0.07880989138456497], [-0.8326370671897549, 0.5536821442467678, 0.012312493002842019], [0.05386296700593747, 0.058833470484999054, 0.9968136252760633]], "T": [-0.044433693825595956, -0.05155480579808869, -0.06762319288220167], "aligned_model": [[-0.4605106560603325, 0.44839638760947403, 0.3858630536114756, 0.3051577315646467, 0.2426243975666483, -0.25446842177662593, -0.5856691762246071, -0.6482025102226054, -0.06601446598525357, -0.19108113398125035, 0.5745870694569065, -0.12854779998325191], [-0.4940395652573593, 0.27498611562043657, 0.2847557171738468, -0.6180565394449884, -0.6082869378915781, 0.6079708435622415, 0.0006936010683427224, 0.010463202621752966, -0.06505782504695606, -0.04551862194013558, -0.1695357189006575, -0.05528822349354583], [0.302950016455654, -0.4306960405750875, 0.3602462925259059, -0.4309900187830501, 0.3599523143179433, 0.3056282208754042, -0.5090631175524853, 0.28187921554850803, -0.8651696250083457, 0.7167150411936408, -0.017225007090734948, -0.07422729190735272]], "inverted": true, "swapped": false, "error_lsq": 0.052199555687359595, "error_max": 0.3483472343289343, "target": "111.xyz", "model": "14.xyz", "model_rescale": 4.509807766519439, "target_rescale": 4.15665070898175},
{"mapping": [9, 8, 7, 0, 4, 3, 2, 10, 2, 5, 6, 11], "R": [[-0.08168961001989145, 0.9683649048883699, 0.23578850395075782], [0.6067019469349425, 0.23601121906677575, -0.7590859319339048], [-0.7907209085386249, 0.08104391066053565, -0.6067885375851285]], "T": [-0.062169278289594315, -0.011534963639623447, 0.07450915106236965], "aligned_model": [[-0.4303216475094892, 0.2800047114014239, 0.3374595214571473, -0.0007286940365142935, 0.2307546870755747, -0.3107326565998788, -0.12368547923551437, -0.6173688248738537, -0.12368547923551437, 0.043707509711210235, 0.5245066988215118, -0.18777587140087873], [-0.6541798925794965, 0.3488512019946539, 0.3973371308045248, -0.6716387387672643, -0.6679727601499634, 0.6557144558203815, 0.053543957402497816, -0.05200939416161279, 0.053543957402497816, -0.06580226173207968, -0.2048333676133589, -0.06946824034938066], [0.08171887409064156, -0.24336662168064216, 0.3719779757426827, -0.38318115173462824, 0.3558574929987066, -0.2031265868380544, -0.6844820444224151, 0.5630743316750022, -0.6844820444224151, 0.8372129505830673, -0.10937748184167802, 0.09817430584973236]], "inverted": true, "swapped": false, "error_lsq": 0.06104549712621715, "error_max": 0.47268369520230513, "target": "111.xyz", "model": "15.xyz", "model_rescale": 4.510870436145588, "target_rescale": 4.15665070898175},
{"mapping": [9, 8, 7, 0, 4, 3, 2, 10, 2, 5, 6, 11], "R": [[-0.08168961001989117, 0.96836490488837, 0.23578850395075768], [0.6067019469349427, 0.23601121906677547, -0.7590859319339047], [-0.7907209085386246, 0.08104391066053579, -0.6067885375851286]], "T": [-0.06216927828959433, -0.011534963639623412, 0.07450915106236969], "aligned_model": [[-0.4303216475094895, 0.28000471140142397, 0.33745952145714747, -0.0007286940365144184, 0.23075468707557445, -0.3107326565998786, -0.12368547923551428, -0.6173688248738537, -0.12368547923551428, 0.04370750971121014, 0.5245066988215118, -0.18777587140087876], [-0.6541798925794964, 0.34885120199465386, 0.39733713080452454, -0.6716387387672642, -0.6679727601499634, 0.6557144558203817, 0.05354395740249813, -0.052009394161612925, 0.05354395740249813, -0.06580226173208004, -0.20483336761335896, -0.06946824034938068], [0.08171887409064144, -0.24336662168064202, 0.37197797574268276, -0.3831811517346284, 0.3558574929987065, -0.20312658683805437, -0.684482044422415, 0.5630743316750021, -0.684482044422415, 0.8372129505830671, -0.10937748184167792, 0.0981743058497323]], "inverted": true, "swapped": false, "error_lsq": 0.06104549712621715, "error_max": 0.4726836952023052, "target": "111.xyz", "model": "16.xyz", "model_rescale": 4.510870436145588, "target_rescale": 4.15665070898175},
{"mapping": [10, 8, 6, 1, 5, 2, 3, 9, 3, 4, 7, 11], "R": [[0.08168961001988972, -0.96836490488837, 0.2357885039507579], [-0.6067019469349428, -0.23601121906677475, -0.7590859319339048], [0.7907209085386249, -0.08104391066053707, -0.6067885375851283]], "T": [-0.06216927828959439, -0.01153496363962335, 0.07450915106236969], "aligned_model": [[-0.4303216475094899, 0.2800047114014246, 0.3374595214571473, -0.0007286940365143976, 0.23075468707557362, -0.3107326565998778, -0.12368547923551326, -0.6173688248738545, -0.12368547923551326, 0.043707509711209076, 0.5245066988215118, -0.1877758714008788], [-0.6541798925794962, 0.3488512019946535, 0.39733713080452426, -0.6716387387672641, -0.6679727601499639, 0.6557144558203818, 0.053543957402498135, -0.05200939416161242, 0.053543957402498135, -0.06580226173208008, -0.20483336761335946, -0.06946824034938068], [0.08171887409064088, -0.24336662168064174, 0.3719779757426833, -0.3831811517346282, 0.35585749299870684, -0.2031265868380547, -0.6844820444224152, 0.5630743316750014, -0.6844820444224152, 0.8372129505830673, -0.10937748184167725, 0.09817430584973202]], "inverted": false, "swapped": false, "error_lsq": 0.06104549712621716, "error_max": 0.47268369520230613, "target": "111.xyz", "model": "17.xyz", "model_rescale": 4.510870436145588, "target_rescale": 4.15665070898175},
{"mapping": [0, 6, 2, 3, 11, 8, 7, 10, 5, 1, 4, 12], "R": [[-0.19178389163954696, 0.8486027784347516, 0.4930438756747825], [-0.6053646573243208, -0.4977033730122435, 0.621148117726234], [0.7724976184883668, -0.17934513354160303, 0.6091656199300369]], "T": [-0.009015623485070907, -0.010597103904974037, 0.08251878125492589], "aligned_model": [[-0.4684466965022308, 0.39686078937283353, 0.23374259929498314, 0.1859549480603791, 0.19377595934735287, -0.22216583979226234, -0.6172186778633786, -0.4284802465684175, 0.0018079513017173407, -0.07339385843111468, 0.5810077861314953, -0.16131023877613312], [-0.7556019577693639, 0.4011203121213862, 0.4256839639291624, -0.6576386771980223, -0.6323908209265631, 0.5617866912813765, 0.06408995702127951, 0.302472938528982, -0.09657642213871082, -0.2579052235092669, -0.15994194293792524, -0.07201277033093473], [0.22753412237188508, -0.3369716542357879, 0.4276696784406248, -0.4020129463880385, 0.2235766803333496, 0.00022674086722074271, -0.4878689822149361, 0.4316271606369987, -0.8250673773179448, 0.7156298454540418, 0.08608277669411828, -0.060426044641532076]], "inverted": false, "swapped": false, "error_lsq": 0.0490987520289444, "error_max": 0.2665128420929319, "target": "111.xyz", "model": "18.xyz", "model_rescale": 4.466005644533647, "target_rescale": 4.15665070898175},
{"mapping": [11, 5, 4, 1, 0, 6, 9, 8, 3, 2, 12, 13], "R": [[-0.5547463278929142, -0.8316409380360252, 0.02509704906732515], [0.8269886861772957, -0.5478290410600734, 0.12638455089903547], [-0.09135767413894527, 0.09086634114874936, 0.9916637955588383]], "T": [-0.0497494963880309, -0.0508862457957679, -0.0023658955148482047], "aligned_model": [[-0.44451687349438357, 0.40235195428016907, 0.4222657258034804, 0.26086489500496085, 0.28077866652827216, -0.22064022453854343, -0.6339513083261517, -0.6140375368028403, -0.15400437326628635, -0.1141768302196637, 0.5712909823491858, -0.13409060174297502], [-0.544169363147976, 0.22695713306835202, 0.32723956324283876, -0.6587409051218838, -0.5584584749473971, 0.6490089528384455, -0.04334523644573099, 0.05693719372875574, -0.15472521809825265, 0.04583964225072081, -0.1690144513727068, -0.054442787923765945], [-0.32957806028979775, -0.4492883743766347, 0.3375677296905487, -0.3328280811047919, 0.45402802296239153, 0.3128298722376969, -0.3886123693861184, 0.39824373468106505, -0.7866342225041765, 0.7870779856301904, -0.00302811910338073, 0.0002218815630068518]], "inverted": true, "swapped": false, "error_lsq": 0.05296763234959941, "error_max": 0.35906387047686955, "target": "111.xyz", "model": "19.xyz", "model_rescale": 4.509807711582247, "target_rescale": 4.15665070898175},
{"mapping": [11, 4, 5, 0, 1, 7, 8, 9, 2, 3, 12, 13], "R": [[0.5511935438612089, 0.8306471440391969, -0.07880989344776002], [-0.8326370504175609, 0.553682169482007, 0.012312492422026873], [0.053862969447162456, 0.058833470892203886, 0.9968136251201176]], "T": [-0.044433633124048626, -0.05155476512556982, -0.06762318941830169], "aligned_model": [[-0.46051058766976904, 0.44839644505181037, 0.38586310865496404, 0.30515781427898603, 0.2426244778821397, -0.25446838421876355, -0.5856691229481235, -0.6482024593449698, -0.0660145879721882, -0.19108126076588086, 0.5745869569960537, -0.1285479243690345], [-0.4940395418918477, 0.2749861745230785, 0.2847557757346395, -0.6180564957549358, -0.6082868945433749, 0.60797088659018, 0.0006936252052238134, 0.010463226416784793, -0.06505790940754129, -0.04551870698441933, -0.16953578362040733, -0.05528830819598031], [0.3029500245285592, -0.4306960412888872, 0.3602463013234019, -0.4309900181277665, 0.35995232448452263, 0.30562822733674627, -0.5090631204786048, 0.2818792221336843, -0.8651696443177759, 0.7167150409068019, -0.017225014795195295, -0.07422730170548705]], "inverted": false, "swapped": false, "error_lsq": 0.05219956212450652, "error_max": 0.3483472684762862, "target": "111.xyz", "model": "20.xyz", "model_rescale": 4.509807711582248, "target_rescale": 4.15665070898175},
{"mapping": [1, 5, 2, 4, 11, 7, 8, 9, 6, 0, 3, 12], "R": [[0.1917838916395468, -0.8486027784347521, 0.4930438756747825], [0.6053646573243208, 0.49770337301224343, 0.6211481177262342], [-0.7724976184883671, 0.17934513354160309, 0.609165619930037]], "T": [-0.009015623485070852, -0.010597103904973933, 0.08251878125492594], "aligned_model": [[-0.46844669650223075, 0.3968607893728336, 0.23374259929498314, 0.18595494806037954, 0.1937759593473532, -0.2221658397922627, -0.6172186778633788, -0.4284802465684178, 0.0018079513017174517, -0.07339385843111465, 0.5810077861314956, -0.16131023877613315], [-0.755601957769364, 0.4011203121213863, 0.42568396392916263, -0.6576386771980223, -0.6323908209265631, 0.5617866912813766, 0.06408995702127956, 0.30247293852898205, -0.09657642213871076, -0.257905223509267, -0.15994194293792519, -0.0720127703309347], [0.22753412237188542, -0.3369716542357881, 0.4276696784406249, -0.40201294638803853, 0.22357668033334976, 0.00022674086722060394, -0.48786898221493613, 0.4316271606369988, -0.8250673773179449, 0.7156298454540422, 0.08608277669411821, -0.0604260446415321]], "inverted": true, "swapped": false, "error_lsq": 0.0490987520289444, "error_max": 0.2665128420929323, "target": "111.xyz", "model": "21.xyz", "model_rescale": 4.466005644533646, "target_rescale": 4.15665070898175},
{"mapping": [0, 6, 2, 3, 11, 8, 7, 10, 5, 1, 4, 12], "R": [[-0.1917839715920676, 0.8486027853587365, 0.49304383265767293], [-0.6053646159632217, -0.4977033972765725, 0.6211481385942162], [0.772497631051432, -0.17934503344322816, 0.6091656334685773]], "T": [-0.00901561369199182, -0.010597109054363618, 0.08251877751466605], "aligned_model": [[-0.4684468119333712, 0.39686075235398893, 0.23374268321241543, 0.18595489584142522, 0.19377623187082085, -0.22216590894250976, -0.6172187157240473, -0.42848017057795657, 0.0018079455724514075, -0.07339400515183361, 0.5810077026229629, -0.1613101235691222], [-0.7556018977052735, 0.4011203380431208, 0.4256839190591943, -0.6576386591357579, -0.6323909950257206, 0.5617867463109464, 0.06408999132659254, 0.3024729049370143, -0.09657641694123303, -0.25790514272091974, -0.15994190415140408, -0.07201283592515964], [0.22753413540799602, -0.3369716252440843, 0.42766965766999576, -0.4020128848391825, 0.22357666605931212, 0.00022670947340806824, -0.4878690283830335, 0.43162708686086304, -0.8250673631005259, 0.7156298732644376, 0.08608285301725903, -0.06042608018644588]], "inverted": false, "swapped": false, "error_lsq": 0.049098746074156284, "error_max": 0.2665127931047088, "target": "111.xyz", "model": "22.xyz", "model_rescale": 4.46600560860683, "target_rescale": 4.15665070898175},
{"mapping": [10, 4, 5, 0, 1, 7, 8, 9, 2, 3, 12, 13], "R": [[0.5547462678752587, 0.8316409780558556, 0.025097049563081418], [-0.82698872545066, 0.5478289810420084, 0.1263845540719596], [0.09135768307025396, -0.09086633671924313, 0.9916637951419122]], "T": [-0.04974949492902364, -0.05088624431670494, -0.0023658958031393938], "aligned_model": [[-0.444516815594901, 0.4023518910209744, 0.42226566310195307, 0.2608647661393853, 0.28077853822036397, -0.2206402692856357, -0.6339514000181299, -0.6140376279371511, -0.1540042811342575, -0.11417673697230007, 0.5712912570882016, -0.1340905090532788], [-0.544169278367819, 0.22695704148242982, 0.32723947500192274, -0.6587409932981824, -0.5584585597786894, 0.6490089131736221, -0.043345255737008426, 0.05693717778248458, -0.15472515320249758, 0.04583971383648841, -0.1690143131383468, -0.05444271968300457], [-0.32957807428566455, -0.4492883657698846, 0.33756774445846727, -0.33282806831864753, 0.45402804190970436, 0.31282987964181924, -0.3886123678650836, 0.39824374236326837, -0.7866342397164495, 0.7870779807402543, -0.0030281436696863572, 0.0002218705119024205]], "inverted": false, "swapped": false, "error_lsq": 0.0529676324966045, "error_max": 0.35906392312856156, "target": "111.xyz", "model": "23.xyz", "model_rescale": 4.509807674373902, "target_rescale": 4.15665070898175},
{"mapping": [11, 4, 5, 0, 1, 7, 8, 9, 2, 3, 12, 13], "R": [[0.5511934839981556, 0.8306471839868049, -0.07880989108459828], [-0.8326370904251489, 0.5536821093260007, 0.012312492056995156], [0.05386296358647567, 0.05883347301580799, 0.9968136253114623]], "T": [-0.044433631781674233, -0.05155476360642733, -0.06762318982667562], "aligned_model": [[-0.4605105289730124, 0.4483963813371897, 0.385863046299509, 0.30515768509058927, 0.24262435005290864, -0.25446842866944896, -0.5856692150571913, -0.6482025500948719, -0.06601449686811942, -0.19108116694348062, 0.5745872313069521, -0.1285478319058], [-0.4940394549278908, 0.2749860840697925, 0.2847556850723161, -0.6180565832625482, -0.6082869822600248, 0.6079708450239006, 0.0006936074076289364, 0.010463208410152448, -0.06505784022819372, -0.045518638223146723, -0.16953564378491662, -0.05528823922567022], [0.30295003163629775, -0.43069604996758604, 0.3602462993222304, -0.4309900320067217, 0.35995231728309474, 0.30562822779162047, -0.5090631299335792, 0.2818792193562373, -0.8651696448333318, 0.7167150537463004, -0.017224996851046517, -0.07422729554351583]], "inverted": false, "swapped": false, "error_lsq": 0.05219956240245647, "error_max": 0.3483473263576634, "target": "111.xyz", "model": "24.xyz", "model_rescale": 4.509807674373903, "target_rescale": 4.15665070898175},
{"mapping": [1, 5, 2, 4, 11, 7, 8, 9, 6, 0, 3, 12], "R": [[0.1917839715920674, -0.8486027853587365, 0.4930438326576726], [0.6053646159632217, 0.4977033972765722, 0.6211481385942164], [-0.7724976310514319, 0.17934503344322822, 0.6091656334685773]], "T": [-0.009015613691991789, -0.010597109054363583, 0.08251877751466609], "aligned_model": [[-0.4684468119333708, 0.39686075235398877, 0.2337426832124152, 0.1859548958414256, 0.19377623187082105, -0.22216590894251004, -0.6172187157240472, -0.4284801705779566, 0.0018079455724515497, -0.07339400515183363, 0.5810077026229628, -0.16131012356912217], [-0.7556018977052738, 0.4011203380431209, 0.4256839190591944, -0.6576386591357578, -0.6323909950257206, 0.5617867463109463, 0.06408999132659252, 0.3024729049370141, -0.09657641694123295, -0.2579051427209198, -0.159941904151404, -0.0720128359251597], [0.22753413540799605, -0.33697162524408436, 0.4276696576699958, -0.4020128848391826, 0.22357666605931203, 0.00022670947340804048, -0.4878690283830335, 0.43162708686086304, -0.8250673631005259, 0.7156298732644375, 0.08608285301725892, -0.060426080186445894]], "inverted": true, "swapped": false, "error_lsq": 0.049098746074156284, "error_max": 0.26651279310470904, "target": "111.xyz", "model": "25.xyz", "model_rescale": 4.466005608606829, "target_rescale": 4.15665070898175},
{"mapping": [0, 6, 2, 3, 11, 8, 7, 10, 5, 1, 4, 12], "R": [[-0.1917838611736088, 0.8486027887024802, 0.49304386985309523], [-0.6053646905215738, -0.49770334345875694, 0.6211481090526587], [0.7724976000370882, -0.1793451669723734, 0.6091656334861565]], "T": [-0.009015631816393012, -0.010597131583673598, 0.08251880836266495], "aligned_model": [[-0.4684466835180813, 0.3968607661216855, 0.2337425963227815, 0.18595491859346577, 0.19377598315109743, -0.22216583445775326, -0.6172186507406533, -0.4284802174171697, 0.0018079498387854817, -0.07339386723518118, 0.5810077348763658, -0.16131021996011866], [-0.7556020386667378, 0.40112036059654255, 0.4256839792058078, -0.6576387217542252, -0.6323907534794885, 0.5617867037575897, 0.06408999801989379, 0.30247294101062994, -0.09657634514115332, -0.25790533292904194, -0.15994201601652938, -0.07201272653188809], [0.22753421102707638, -0.33697168788109094, 0.4276696155019479, -0.4020128387714758, 0.2235765886336725, 0.00022670966027449335, -0.48786900312724396, 0.43162710508038155, -0.8250674006686094, 0.7156299238145949, 0.08608287401604264, -0.060426097285570635]], "inverted": false, "swapped": false, "error_lsq": 0.04909876139484178, "error_max": 0.26651295614967213, "target": "111.xyz", "model": "26.xyz", "model_rescale": 4.466005838112752, "target_rescale": 4.15665070898175},
{"mapping": [10, 4, 5, 0, 1, 7, 8, 9, 2, 3, 12, 13], "R": [[0.5547463751599966, 0.831640906418051, 0.02509705199832677], [-0.8269886552648069, 0.5478290878399958, 0.1263845503995818], [0.09135766694782976, -0.0908663484936011, 0.9916637955483143]], "T": [-0.04974947641913062, -0.050886278270106694, -0.0023658918163423975], "aligned_model": [[-0.4445168748043354, 0.40235199747693906, 0.4222657705245535, 0.26086499470602925, 0.2807787677536437, -0.22064029523662754, -0.6339513306753487, -0.6140375576277343, -0.1540044127066696, -0.1141768666114407, 0.57129092243527, -0.13409063965905516], [-0.5441693055780068, 0.2269570239201614, 0.3272394496628285, -0.6587409867810172, -0.5584585610383501, 0.6490089737045258, -0.043345209532163746, 0.05693721621050338, -0.1547251590413212, 0.045839692444013036, -0.16901435260111947, -0.05444273329865407], [-0.3295780505143241, -0.4492883465957439, 0.33756772579880034, -0.3328280582839733, 0.4540280141105709, 0.3128298561942282, -0.38861235435960256, 0.3982437180349417, -0.7866341965211202, 0.7870779482679683, -0.003028132005169554, 0.00022187587342410503]], "inverted": false, "swapped": false, "error_lsq": 0.052967638953229666, "error_max": 0.3590638768101685, "target": "111.xyz", "model": "27.xyz", "model_rescale": 4.509807893063789, "target_rescale": 4.15665070898175},
{"mapping": [11, 4, 5, 0, 1, 7, 8, 9, 2, 3, 12, 13], "R": [[0.5511935909462335, 0.830647113101375, -0.0788098902178396], [-0.8326370192827565, 0.5536822163583008, 0.012312489938515116], [0.053862968909285124, 0.058833466538283724, 0.9968136254061568]], "T": [-0.04443361371062597, -0.05155479762418501, -0.0676231846976768], "aligned_model": [[-0.4605105862553497, 0.44839648593211406, 0.3858631546145514, 0.3051579111958303, 0.24262457987826763, -0.2544684531225875, -0.5856691475437316, -0.6482024788612942, -0.0660146311795141, -0.19108129381463945, 0.5745868972286543, -0.12854796249707678], [-0.4940394869670314, 0.27498606360227673, 0.28475566245010053, -0.6180565788024877, -0.608286979954664, 0.6079709087727441, 0.0006936515844772409, 0.010463250432301001, -0.06505785182628003, -0.04551865413063251, -0.16953568411094805, -0.05528825297845627], [0.3029500108694668, -0.4306960185652699, 0.3602462924452579, -0.4309899930788439, 0.3599523179316839, 0.3056282105998022, -0.5090631019378137, 0.28187920907271413, -0.8651696133630343, 0.7167150086580206, -0.017225020279477393, -0.0742273023525069]], "inverted": false, "swapped": false, "error_lsq": 0.052199569076222134, "error_max": 0.3483472802808912, "target": "111.xyz", "model": "28.xyz", "model_rescale": 4.5098078930637895, "target_rescale": 4.15665070898175},
{"mapping": [1, 5, 2, 4, 11, 7, 8, 9, 6, 0, 3, 12], "R": [[0.1917838611736094, -0.8486027887024798, 0.4930438698530954], [0.6053646905215739, 0.49770334345875744, 0.6211481090526585], [-0.772497600037088, 0.17934516697237313, 0.6091656334861568]], "T": [-0.009015631816392963, -0.010597131583673557, 0.08251880836266501], "aligned_model": [[-0.4684466835180816, 0.39686076612168586, 0.23374259632278155, 0.18595491859346558, 0.19377598315109695, -0.22216583445775284, -0.6172186507406529, -0.4284802174171696, 0.0018079498387858634, -0.0733938672351816, 0.5810077348763656, -0.16131021996011863], [-0.7556020386667376, 0.4011203605965424, 0.4256839792058077, -0.6576387217542253, -0.6323907534794887, 0.5617867037575898, 0.06408999801989437, 0.3024729410106301, -0.09657634514115307, -0.25790533292904205, -0.1599420160165298, -0.072012726531888], [0.22753421102707622, -0.3369716878810907, 0.42766961550194804, -0.4020128387714757, 0.22357658863367252, 0.00022670966027443784, -0.487869003127244, 0.4316271050803814, -0.8250674006686093, 0.7156299238145948, 0.0860828740160428, -0.06042609728557069]], "inverted": true, "swapped": false, "error_lsq": 0.04909876139484179, "error_max": 0.26651295614967185, "target": "111.xyz", "model": "29.xyz", "model_rescale": 4.466005838112752, "target_rescale": 4.15665070898175},
