[{"mapping": [10, 4, 8, 7, 1, 2, 9, 3, 6, 3, 5, 11], "R": [[0.08168963993346723, -0.9683649003004866, -0.23578851242918764], [-0.6067019742742856, -0.23601124090504877, 0.7590859032929956], [-0.7907208844713947, 0.08104390188340949, -0.6067885701200113]], "T": [-0.062169392376630224, -0.011534931192636308, -0.0745090511295606], "aligned_model": [[-0.4303218128609497, 0.33745948567180273, 0.28000468855271266, 0.23075490182381642, -0.0007286700525665282, -0.31073267404723137, -0.61736898150989, -0.12368550539829123, 0.04370773317487623, -0.12368550539829123, 0.5245066543207428, -0.18777583870150666], [-0.6541799102075354, 0.3973370875930097, 0.34885104972069225, -0.6679726652355717, -0.6716388087979629, 0.6557145305489429, -0.05200948422073452, 0.053544104562141884, -0.06580223924877081, 0.053544104562141884, -0.2048333383937913, -0.06946838281116209], [-0.08171883497906524, -0.3719779558554157, 0.2433664162402738, -0.355857454685682, 0.3831809676502723, 0.20312671316650313, -0.5630742786356893, 0.6844821568231271, -0.837212898342306, 0.6844821568231271, 0.10937748780120823, -0.09817447600635151]], "inverted": true, "swapped": false, "error_lsq": 0.06104551043207739, "error_max": 0.47268373352645815, "target": "112.xyz", "model": "0.xyz", "model_rescale": 4.5108708085295355, "target_rescale": 4.15665070898175},
{"mapping": [9, 5, 8, 6, 0, 3, 10, 2, 7, 2, 4, 11], "R": [[-0.08168963993346756, 0.9683649003004868, -0.2357885124291873], [0.6067019742742865, 0.23601124090504869, 0.7590859032929952], [0.7907208844713941, -0.08104390188340937, -0.6067885701200122]], "T": [-0.06216939237663015, -0.011534931192636426, -0.07450905112956063], "aligned_model": [[-0.4303218128609498, 0.33745948567180295, 0.28000468855271254, 0.23075490182381647, -0.0007286700525667295, -0.31073267404723137, -0.6173689815098895, -0.12368550539829154, 0.04370773317487667, -0.12368550539829154, 0.5245066543207428, -0.18777583870150655], [-0.6541799102075353, 0.39733708759300923, 0.3488510497206924, -0.6679726652355721, -0.6716388087979627, 0.655714530548943, -0.05200948422073503, 0.053544104562142654, -0.06580223924877171, 0.053544104562142654, -0.20483333839379114, -0.0694683828111623], [-0.08171883497906496, -0.371977955855416, 0.2433664162402736, -0.35585745468568136, 0.3831809676502731, 0.20312671316650227, -0.5630742786356894, 0.6844821568231266, -0.8372128983423058, 0.6844821568231266, 0.10937748780120846, -0.09817447600635146]], "inverted": false, "swapped": false, "error_lsq": 0.06104551043207738, "error_max": 0.4726837335264577, "target": "112.xyz", "model": "1.xyz", "model_rescale": 4.510870808529536, "target_rescale": 4.15665070898175},
{"mapping": [10, 4, 8, 7, 1, 2, 9, 3, 6, 3, 5, 11], "R": [[0.0816896399334674, -0.9683649003004868, -0.23578851242918764], [-0.6067019742742856, -0.236011240905049, 0.759085903292996], [-0.7907208844713949, 0.08104390188340932, -0.6067885701200112]], "T": [-0.06216939237663023, -0.011534931192636252, -0.0745090511295606], "aligned_model": [[-0.4303218128609498, 0.33745948567180284, 0.2800046885527127, 0.23075490182381653, -0.0007286700525665629, -0.3107326740472315, -0.61736898150989, -0.12368550539829135, 0.043707733174876334, -0.12368550539829135, 0.524506654320743, -0.1877758387015066], [-0.6541799102075356, 0.39733708759301, 0.34885104972069214, -0.6679726652355719, -0.6716388087979632, 0.655714530548943, -0.05200948422073441, 0.05354410456214177, -0.06580223924877059, 0.05354410456214177, -0.20483333839379125, -0.06946838281116229], [-0.08171883497906549, -0.3719779558554156, 0.2433664162402742, -0.3558574546856821, 0.3831809676502723, 0.20312671316650313, -0.5630742786356894, 0.6844821568231271, -0.8372128983423061, 0.6844821568231271, 0.10937748780120826, -0.09817447600635135]], "inverted": true, "swapped": false, "error_lsq": 0.06104551043207738, "error_max": 0.47268373352645804, "target": "112.xyz", "model": "2.xyz", "model_rescale": 4.5108708085295355, "target_rescale": 4.15665070898175},
{"mapping": [12, 5, 4, 3, 2, 6, 10, 9, 1, 0, 8, 13], "R": [[-0.5547462481870625, -0.8316409912165081, 0.025097048647239825], [0.8269887383400691, -0.547828961523713, 0.12638455433537396], [-0.09135768594419953, 0.09086633394318283, 0.9916637951315189]], "T": [-0.04974941726899857, -0.05088625970492451, -0.002365895830162206], "aligned_model": [[-0.44451674217736414, 0.4023519700355468, 0.42226574108658854, 0.2608648261499494, 0.28077859720099113, -0.22064017389272256, -0.633951496185474, -0.6140377251344322, -0.15400432426204633, -0.11417678215996294, 0.5712911381251553, -0.13409055321100463], [-0.5441692772968393, 0.226957010911843, 0.3272394431132634, -0.6587410069742772, -0.5584585747728568, 0.649008891392445, -0.043345379389899796, 0.05693705281152063, -0.1547249818691087, 0.045839882533732085, -0.16901446272073467, -0.054442549667688314], [-0.3295780704477713, -0.44928835746498974, 0.33756774077300195, -0.33282806158013245, 0.45402803665785924, 0.3128298735481366, -0.38861234414825446, 0.3982437540897372, -0.7866342483761867, 0.7870779480997964, -0.0030281210129995927, 0.0002218498618048216]], "inverted": true, "swapped": false, "error_lsq": 0.05296764423300596, "error_max": 0.35906394108379164, "target": "112.xyz", "model": "3.xyz", "model_rescale": 4.509807743048502, "target_rescale": 4.15665070898175},
{"mapping": [12, 4, 5, 2, 3, 7, 9, 10, 0, 1, 8, 13], "R": [[0.5511934645081238, 0.8306471970410028, -0.07880988980741915], [-0.8326371034415614, 0.5536820897430417, 0.012312492445686319], [0.05386296181958854, 0.05883347300393019, 0.9968136254076373]], "T": [-0.044433554544473966, -0.051554778994990405, -0.0676231825052452], "aligned_model": [[-0.460510455418376, 0.4483964583742038, 0.38586312530217454, 0.3051577433472758, 0.24262441027524656, -0.2544683323836507, -0.5856693129762359, -0.6482026460482652, -0.06601454263092747, -0.19108120877498608, 0.5745871122117218, -0.12854787570295675], [-0.4940394543555088, 0.2749860526733361, 0.2847556538355047, -0.6180565976974096, -0.608286996535241, 0.6079708239749644, 0.00069348180134262, 0.01046308296351129, -0.06505766910749285, -0.045518466783155506, -0.16953579475312724, -0.055288067945324176], [0.30295003307858875, -0.4306960371272676, 0.36024630019452225, -0.430990020328935, 0.35995231699285485, 0.3056282306041784, -0.5090631283225123, 0.2818792089992776, -0.8651696373089119, 0.7167150373346683, -0.017225004129339562, -0.07422729998712187]], "inverted": false, "swapped": false, "error_lsq": 0.052199574405927845, "error_max": 0.34834734635671566, "target": "112.xyz", "model": "4.xyz", "model_rescale": 4.509807743048502, "target_rescale": 4.15665070898175},
{"mapping": [11, 4, 5, 2, 3, 7, 9, 10, 0, 1, 8, 13], "R": [[0.554746248187063, 0.8316409912165078, 0.02509704864723982], [-0.8269887383400688, 0.5478289615237134, 0.12638455433537388], [0.09135768594419943, -0.09086633394318284, 0.9916637951315189]], "T": [-0.049749417268998584, -0.05088625970492454, -0.00236589583016239], "aligned_model": [[-0.44451674217736387, 0.4023519700355466, 0.4222657410865884, 0.2608648261499497, 0.2807785972009914, -0.22064017389272295, -0.633951496185474, -0.6140377251344322, -0.15400432426204635, -0.11417678215996296, 0.5712911381251554, -0.13409055321100463], [-0.5441692772968393, 0.22695701091184323, 0.3272394431132636, -0.658741006974277, -0.5584585747728565, 0.6490088913924449, -0.04334537938990007, 0.05693705281152027, -0.1547249818691087, 0.04583988253373193, -0.16901446272073425, -0.054442549667688356], [-0.32957807044777127, -0.4492883574649897, 0.33756774077300195, -0.33282806158013245, 0.4540280366578592, 0.3128298735481367, -0.38861234414825435, 0.3982437540897373, -0.7866342483761868, 0.7870779480997963, -0.003028121012999532, 0.0002218498618049361]], "inverted": false, "swapped": false, "error_lsq": 0.05296764423300596, "error_max": 0.3590639410837917, "target": "112.xyz", "model": "5.xyz", "model_rescale": 4.509807743048502, "target_rescale": 4.15665070898175},
{"mapping": [11, 4, 5, 2, 3, 7, 9, 10, 0, 1, 8, 13], "R": [[0.5547463083950788, 0.8316409509645504, 0.025097051635808887], [-0.8269886989354882, 0.5478290211957699, 0.12638455352088365], [0.0913576770447929, -0.09086634258328481, 0.9916637951596884]], "T": [-0.049749434884977815, -0.05088627035590344, -0.00236589395357713], "aligned_model": [[-0.44451683442216183, 0.4023520350523026, 0.4222658091663411, 0.2608649509604582, 0.2807787250744967, -0.2206403358449511, -0.6339512627023199, -0.6140374885882814, -0.15400443978847872, -0.11417689156040164, 0.5712908739026606, -0.13409066567444017], [-0.5441693931697058, 0.22695710413331271, 0.32723953917151816, -0.65874095493295, -0.5584585198947446, 0.649008831271419, -0.043345248300504034, 0.05693718673770139, -0.15472506225213845, 0.04583980782427234, -0.16901461530284767, -0.054442627213933066], [-0.32957806637385917, -0.44928838593494413, 0.33756773965487535, -0.3328280866194301, 0.45402803897038935, 0.3128299003587466, -0.38861237880854704, 0.39824374678127245, -0.7866342626742444, 0.7870779885053942, -0.0030280967752258172, 0.0002218629155748635]], "inverted": false, "swapped": false, "error_lsq": 0.05296763690566283, "error_max": 0.35906387915748195, "target": "112.xyz", "model": "6.xyz", "model_rescale": 4.509807586411629, "target_rescale": 4.15665070898175},
{"mapping": [12, 4, 5, 2, 3, 7, 9, 10, 0, 1, 8, 13], "R": [[0.5511935240478587, 0.8306471570944622, -0.07880989442062916], [-0.8326370636522222, 0.5536821496053219, 0.012312491260333461], [0.0538629676151288, 0.05883347362954264, 0.9968136250575501]], "T": [-0.04443357163410136, -0.05155478971054253, -0.06762318608603332], "aligned_model": [[-0.46051054869134156, 0.44839652842458755, 0.38586318952017273, 0.3051578724990669, 0.24262453359465205, -0.254468497578944, -0.5856690746811292, -0.6482024135855439, -0.06601464861051157, -0.1910813264193412, 0.5745868486184831, -0.12854798751492635], [-0.4940395700179414, 0.2749861484182694, 0.28475574897921796, -0.6180565432486955, -0.6082869426877469, 0.6079707613835194, 0.000693616247270698, 0.01046321680821928, -0.065057746802709, -0.04551854568081182, -0.16953594908543188, -0.05528814624176041], [0.3029500362729357, -0.4306960464156617, 0.3602463180997457, -0.4309900261595401, 0.3599523383558674, 0.30562822972163195, -0.5090631299265092, 0.2818792345888983, -0.8651696751335253, 0.7167150538972902, -0.017225022683013527, -0.07422731061811766]], "inverted": false, "swapped": false, "error_lsq": 0.052199566718236855, "error_max": 0.3483472765487743, "target": "112.xyz", "model": "7.xyz", "model_rescale": 4.509807586411629, "target_rescale": 4.15665070898175},
{"mapping": [11, 4, 5, 2, 3, 7, 9, 10, 0, 1, 8, 13], "R": [[0.5547463083950788, 0.8316409509645504, 0.025097051635808894], [-0.8269886989354882, 0.5478290211957699, 0.12638455352088362], [0.09135767704479289, -0.09086634258328481, 0.9916637951596884]], "T": [-0.04974943488497782, -0.05088627035590344, -0.002365893953577197], "aligned_model": [[-0.44451683442216183, 0.40235203505230255, 0.42226580916634104, 0.26086495096045814, 0.28077872507449664, -0.2206403358449511, -0.6339512627023199, -0.6140374885882814, -0.15400443978847872, -0.11417689156040164, 0.5712908739026606, -0.13409066567444017], [-0.5441693931697058, 0.22695710413331277, 0.32723953917151816, -0.65874095493295, -0.5584585198947446, 0.649008831271419, -0.04334524830050401, 0.05693718673770137, -0.15472506225213845, 0.04583980782427231, -0.16901461530284764, -0.05444262721393303], [-0.32957806637385917, -0.44928838593494413, 0.3375677396548753, -0.33282808661943014, 0.4540280389703893, 0.3128299003587465, -0.388612378808547, 0.39824374678127245, -0.7866342626742445, 0.7870779885053941, -0.003028096775225598, 0.0002218629155750899]], "inverted": false, "swapped": false, "error_lsq": 0.05296763690566283, "error_max": 0.35906387915748195, "target": "112.xyz", "model": "8.xyz", "model_rescale": 4.509807586411629, "target_rescale": 4.15665070898175},
{"mapping": [10, 7, 6, 3, 2, 4, 12, 11, 1, 0, 8, 13], "R": [[0.5547461930624806, 0.8316410278038753, 0.02509705472758563], [-0.8269887743967257, 0.547828905529151, 0.1263845611161993], [0.09135769428179921, -0.09086633667121757, 0.9916637941134419]], "T": [-0.049749447508310174, -0.05088621149479572, -0.0023659012512958454], "aligned_model": [[-0.444516733087883, 0.40235189099988433, 0.4222656679289707, 0.26086486495525185, 0.2807786418843382, -0.22064025963804346, -0.6339514637253181, -0.6140376867962316, -0.1540043342781092, -0.1141767804199364, 0.5712912251013238, -0.1340905573490228], [-0.5441691710195532, 0.22695697925648817, 0.32723942214338697, -0.6587409536226716, -0.5584585107357727, 0.6490089299225614, -0.04334523454277143, 0.05693720834412738, -0.15472518302347024, 0.04583970275032734, -0.16901440126468106, -0.054442740136571445], [-0.32957809997149584, -0.44928837776760905, 0.33756776128844596, -0.33282808865562036, 0.45402805040043465, 0.31282988851540655, -0.3886123815026972, 0.3982437575533578, -0.7866342643129273, 0.7870780137991825, -0.003028134089603323, 0.00022187474312765527]], "inverted": true, "swapped": false, "error_lsq": 0.05296764161134406, "error_max": 0.35906399975963904, "target": "112.xyz", "model": "9.xyz", "model_rescale": 4.509807504472865, "target_rescale": 4.15665070898175},
{"mapping": [10, 6, 7, 2, 3, 5, 11, 12, 0, 1, 8, 13], "R": [[-0.5511934087087543, -0.8306472339486485, -0.07880989106377242], [0.8326371407452676, -0.5536820337088143, 0.012312489578354659], [-0.053862956171841475, -0.058833479257401164, 0.9968136253437246]], "T": [-0.044433584204084685, -0.0515547302816181, -0.06762318891979723], "aligned_model": [[-0.4605104453623377, 0.44839638528929565, 0.38586304791227904, 0.30515778714535896, 0.24262444976834222, -0.25446842191737346, -0.5856692747591848, -0.6482026121362016, -0.06601454254360409, -0.19108121729763744, 0.5745871993969083, -0.12854787992062075], [-0.4940393428618975, 0.27498602727836247, 0.28475562668221427, -0.6180565379805699, -0.6082869385767181, 0.6079708571916919, 0.000693634467145661, 0.010463233870997422, -0.06505785916832191, -0.04551866036061838, -0.1695357327064157, -0.055288259764470146], [0.30295004831010686, -0.43069606557755236, 0.3602463135355707, -0.43099004333891405, 0.359952335774209, 0.30562824235860414, -0.5090631522697732, 0.2818792268433499, -0.8651696806494671, 0.7167150775767795, -0.017225001026567682, -0.07422730153634392]], "inverted": false, "swapped": false, "error_lsq": 0.05219957177336223, "error_max": 0.34834740948662934, "target": "112.xyz", "model": "10.xyz", "model_rescale": 4.509807504472865, "target_rescale": 4.15665070898175},
{"mapping": [9, 7, 6, 3, 2, 4, 12, 11, 1, 0, 8, 13], "R": [[0.5511934087087533, 0.8306472339486489, -0.07880989106377227], [-0.8326371407452681, 0.5536820337088133, 0.012312489578354489], [0.053862956171841184, 0.05883347925740119, 0.9968136253437245]], "T": [-0.04443358420408467, -0.05155473028161807, -0.06762318891979711], "aligned_model": [[-0.4605104453623381, 0.448396385289296, 0.38586304791227943, 0.3051577871453583, 0.24262444976834174, -0.2544684219173727, -0.5856692747591847, -0.6482026121362012, -0.0660145425436042, -0.19108121729763727, 0.574587199396908, -0.1285478799206207], [-0.49403934286189705, 0.274986027278362, 0.2847556266822136, -0.6180565379805699, -0.6082869385767183, 0.6079708571916917, 0.0006936344671463063, 0.010463233870997936, -0.06505785916832166, -0.0455186603606184, -0.16953573270641625, -0.055288259764470035], [0.30295004831010686, -0.4306960655775523, 0.3602463135355708, -0.4309900433389143, 0.3599523357742088, 0.30562824235860436, -0.5090631522697731, 0.28187922684335, -0.8651696806494668, 0.7167150775767793, -0.017225001026567877, -0.074227301536344]], "inverted": true, "swapped": false, "error_lsq": 0.052199571773362236, "error_max": 0.34834740948662946, "target": "112.xyz", "model": "11.xyz", "model_rescale": 4.509807504472865, "target_rescale": 4.15665070898175},
{"mapping": [9, 6, 7, 2, 3, 5, 11, 12, 0, 1, 8, 13], "R": [[-0.5547463024866044, -0.8316409550268345, 0.025097047625078837], [0.826988702805412, -0.5478290159077974, 0.12638455111965247], [-0.09135767789114749, 0.09086633728476604, 0.9916637955672217]], "T": [-0.04974955695339153, -0.050886286009771506, -0.0023658888883799894], "aligned_model": [[-0.4445169423839862, 0.40235189894720125, 0.42226566908354857, 0.2608648140870211, 0.28077858422336843, -0.22064026359877933, -0.6339513595024284, -0.614037589366081, -0.1540042471309629, -0.11417670685826822, 0.5712910950692066, -0.13409047699461557], [-0.5441693857783922, 0.22695707540468546, 0.32723950453261336, -0.6587409476175694, -0.5584585184896416, 0.6490089095590887, -0.043345259526309604, 0.05693716960161828, -0.1547251332030503, 0.04583972505280544, -0.169014387389326, -0.05444270407512244], [-0.32957805128172124, -0.449288360185649, 0.33756773430292986, -0.33282806820913086, 0.45402802627944794, 0.3128298734301299, -0.38861236115538716, 0.39824373333319163, -0.7866342269223298, 0.7870779620548275, -0.0030281292125553094, 0.00022186756624880365]], "inverted": false, "swapped": false, "error_lsq": 0.05296762591425078, "error_max": 0.359063836163686, "target": "112.xyz", "model": "12.xyz", "model_rescale": 4.509807766519439, "target_rescale": 4.15665070898175},
{"mapping": [10, 6, 7, 2, 3, 5, 11, 12, 0, 1, 8, 13], "R": [[-0.5511935187635651, -0.830647160889022, -0.07880989138456479], [0.8326370671897552, -0.5536821442467675, 0.012312493002842045], [-0.05386296700593737, -0.05883347048499889, 0.9968136252760635]], "T": [-0.044433693825595956, -0.05155480579808869, -0.0676231928822016], "aligned_model": [[-0.4605106560603325, 0.44839638760947403, 0.3858630536114758, 0.30515773156464643, 0.24262439756664825, -0.2544684217766257, -0.5856691762246072, -0.6482025102226056, -0.0660144659852537, -0.19108113398125023, 0.5745870694569066, -0.12854779998325194], [-0.4940395652573592, 0.27498611562043646, 0.2847557171738467, -0.6180565394449885, -0.6082869378915782, 0.6079708435622415, 0.0006936010683429444, 0.010463202621753195, -0.06505782504695606, -0.045518621940135534, -0.16953571890065772, -0.0552882234935458], [0.3029500164556542, -0.4306960405750873, 0.36024629252590595, -0.43099001878304993, 0.35995231431794333, 0.3056282208754044, -0.509063117552485, 0.2818792155485083, -0.8651696250083458, 0.7167150411936413, -0.01722500709073481, -0.07422729190735243]], "inverted": false, "swapped": false, "error_lsq": 0.05219955568735957, "error_max": 0.34834723432893416, "target": "112.xyz", "model": "13.xyz", "model_rescale": 4.509807766519439, "target_rescale": 4.15665070898175},
{"mapping": [9, 7, 6, 3, 2, 4, 12, 11, 1, 0, 8, 13], "R": [[0.5511935187635654, 0.8306471608890218, -0.07880989138456496], [-0.8326370671897549, 0.5536821442467678, 0.012312493002842012], [0.05386296700593746, 0.05883347048499904, 0.9968136252760633]], "T": [-0.044433693825595956, -0.05155480579808869, -0.06762319288220148], "aligned_model": [[-0.4605106560603324, 0.44839638760947403, 0.3858630536114756, 0.3051577315646467, 0.2426243975666483, -0.25446842177662593, -0.5856691762246071, -0.6482025102226054, -0.06601446598525357, -0.19108113398125035, 0.5745870694569065, -0.12854779998325191], [-0.4940395652573593, 0.27498611562043657, 0.2847557171738468, -0.6180565394449884, -0.6082869378915781, 0.6079708435622415, 0.0006936010683427293, 0.010463202621752966, -0.06505782504695605, -0.04551862194013559, -0.1695357189006575, -0.05528822349354583], [0.3029500164556542, -0.4306960405750873, 0.36024629252590606, -0.43099001878304993, 0.35995231431794344, 0.3056282208754044, -0.5090631175524851, 0.28187921554850826, -0.8651696250083456, 0.7167150411936409, -0.017225007090734767, -0.07422729190735253]], "inverted": true, "swapped": false, "error_lsq": 0.05219955568735957, "error_max": 0.3483472343289341, "target": "112.xyz", "model": "14.xyz", "model_rescale": 4.509807766519439, "target_rescale": 4.15665070898175},
{"mapping": [9, 7, 8, 4, 0, 3, 10, 2, 5, 2, 6, 11], "R": [[0.08168961001989039, -0.9683649048883701, -0.23578850395075795], [-0.6067019469349431, -0.2360112190667752, 0.7590859319339047], [-0.7907209085386249, 0.08104391066053657, -0.6067885375851289]], "T": [-0.06216927828959435, -0.011534963639623468, -0.07450915106236952], "aligned_model": [[-0.4303216475094897, 0.33745952145714736, 0.28000471140142436, 0.23075468707557406, -0.0007286940365143005, -0.31073265659987825, -0.6173688248738542, -0.12368547923551368, 0.04370750971120948, -0.12368547923551368, 0.5245066988215119, -0.18777587140087884], [-0.6541798925794965, 0.3973371308045245, 0.3488512019946539, -0.6679727601499638, -0.6716387387672641, 0.6557144558203819, -0.05200939416161276, 0.053543957402498295, -0.06580226173208015, 0.053543957402498295, -0.20483336761335919, -0.06946824034938062], [-0.08171887409064083, -0.3719779757426832, 0.2433666216806419, -0.3558574929987065, 0.38318115173462874, 0.20312658683805443, -0.5630743316750018, 0.6844820444224153, -0.8372129505830674, 0.6844820444224153, 0.10937748184167781, -0.09817430584973211]], "inverted": false, "swapped": false, "error_lsq": 0.06104549712621716, "error_max": 0.4726836952023058, "target": "112.xyz", "model": "15.xyz", "model_rescale": 4.510870436145588, "target_rescale": 4.15665070898175},
{"mapping": [9, 7, 8, 4, 0, 3, 10, 2, 5, 2, 6, 11], "R": [[0.08168961001989083, -0.9683649048883698, -0.23578850395075818], [-0.6067019469349431, -0.23601121906677558, 0.7590859319339043], [-0.7907209085386244, 0.08104391066053646, -0.6067885375851287]], "T": [-0.06216927828959438, -0.011534963639623454, -0.07450915106236954], "aligned_model": [[-0.4303216475094893, 0.3374595214571471, 0.28000471140142397, 0.23075468707557437, -0.0007286940365140507, -0.31073265659987864, -0.617368824873854, -0.1236854792355139, 0.043707509711209645, -0.1236854792355139, 0.5245066988215118, -0.18777587140087876], [-0.6541798925794965, 0.3973371308045244, 0.348851201994654, -0.6679727601499635, -0.671638738767264, 0.6557144558203816, -0.052009394161613244, 0.05354395740249842, -0.0658022617320804, 0.05354395740249842, -0.20483336761335877, -0.06946824034938075], [-0.08171887409064078, -0.371977975742683, 0.24336662168064183, -0.3558574929987063, 0.3831811517346287, 0.2031265868380543, -0.5630743316750015, 0.6844820444224151, -0.8372129505830671, 0.6844820444224151, 0.1093774818416778, -0.09817430584973205]], "inverted": false, "swapped": false, "error_lsq": 0.06104549712621715, "error_max": 0.47268369520230546, "target": "112.xyz", "model": "16.xyz", "model_rescale": 4.510870436145588, "target_rescale": 4.15665070898175},
{"mapping": [10, 6, 8, 5, 1, 2, 9, 3, 4, 3, 7, 11], "R": [[-0.08168961001989095, 0.9683649048883699, -0.2357885039507578], [0.6067019469349426, 0.23601121906677536, 0.7590859319339047], [0.7907209085386249, -0.08104391066053598, -0.6067885375851283]], "T": [-0.06216927828959436, -0.011534963639623329, -0.07450915106236956], "aligned_model": [[-0.4303216475094894, 0.33745952145714736, 0.28000471140142413, 0.2307546870755744, -0.0007286940365143907, -0.3107326565998785, -0.6173688248738539, -0.12368547923551405, 0.0437075097112099, -0.12368547923551405, 0.5245066988215117, -0.1877758714008787], [-0.6541798925794964, 0.3973371308045246, 0.34885120199465375, -0.6679727601499635, -0.671638738767264, 0.6557144558203816, -0.052009394161612675, 0.05354395740249799, -0.06580226173207984, 0.05354395740249799, -0.2048333676133591, -0.06946824034938073], [-0.08171887409064131, -0.3719779757426826, 0.24336662168064233, -0.3558574929987065, 0.38318115173462824, 0.20312658683805473, -0.5630743316750019, 0.6844820444224152, -0.837212950583067, 0.6844820444224152, 0.10937748184167793, -0.09817430584973204]], "inverted": true, "swapped": false, "error_lsq": 0.06104549712621715, "error_max": 0.4726836952023054, "target": "112.xyz", "model": "17.xyz", "model_rescale": 4.510870436145588, "target_rescale": 4.15665070898175},
{"mapping": [0, 6, 2, 3, 11, 8, 7, 10, 5, 1, 4, 12], "R": [[-0.1917838916395468, 0.848602778434752, 0.4930438756747819], [-0.6053646573243211, -0.49770337301224304, 0.6211481177262339], [0.7724976184883665, -0.17934513354160309, 0.6091656199300373]], "T": [-0.009015623485070973, -0.010597103904974065, 0.0825187812549261], "aligned_model": [[-0.4684466965022305, 0.39686078937283337, 0.23374259929498267, 0.18595494806037957, 0.19377595934735317, -0.22216583979226276, -0.6172186778633785, -0.4284802465684179, 0.0018079513017176078, -0.07339385843111476, 0.5810077861314953, -0.16131023877613312], [-0.7556019577693641, 0.40112031212138644, 0.4256839639291623, -0.6576386771980219, -0.632390820926563, 0.5617866912813764, 0.06408995702127943, 0.3024729385289816, -0.09657642213871051, -0.25790522350926726, -0.15994194293792505, -0.07201277033093476], [0.22753412237188483, -0.33697165423578745, 0.4276696784406252, -0.40201294638803853, 0.22357668033334963, 0.00022674086722115905, -0.4878689822149359, 0.4316271606369989, -0.8250673773179446, 0.7156298454540418, 0.08608277669411854, -0.06042604464153192]], "inverted": false, "swapped": false, "error_lsq": 0.04909875202894437, "error_max": 0.2665128420929315, "target": "112.xyz", "model": "18.xyz", "model_rescale": 4.466005644533647, "target_rescale": 4.15665070898175},
{"mapping": [10, 4, 5, 0, 1, 7, 8, 9, 2, 3, 12, 13], "R": [[0.5547463278929138, 0.8316409380360253, 0.02509704906732515], [-0.8269886861772958, 0.5478290410600729, 0.12638455089903528], [0.09135767413894516, -0.09086634114874922, 0.9916637955588383]], "T": [-0.04974949638803089, -0.050886245795767886, -0.0023658955148479696], "aligned_model": [[-0.4445168734943837, 0.4023519542801691, 0.42226572580348043, 0.2608648950049606, 0.2807786665282719, -0.22064022453854312, -0.6339513083261514, -0.6140375368028401, -0.1540043732662863, -0.11417683021966368, 0.5712909823491856, -0.134090601742975], [-0.5441693631479756, 0.2269571330683518, 0.32723956324283837, -0.6587409051218837, -0.558458474947397, 0.6490089528384456, -0.04334523644573066, 0.05693719372875592, -0.1547252180982525, 0.04583964225072069, -0.16901445137270701, -0.054442787923765876], [-0.3295780602897977, -0.4492883743766345, 0.33756772969054893, -0.3328280811047918, 0.45402802296239164, 0.3128298722376972, -0.38861236938611826, 0.39824373468106516, -0.7866342225041763, 0.7870779856301906, -0.003028119103380286, 0.00022188156300727768]], "inverted": false, "swapped": false, "error_lsq": 0.0529676323495994, "error_max": 0.35906387047687, "target": "112.xyz", "model": "19.xyz", "model_rescale": 4.509807711582247, "target_rescale": 4.15665070898175},
{"mapping": [11, 4, 5, 0, 1, 7, 8, 9, 2, 3, 12, 13], "R": [[0.551193543861209, 0.8306471440391968, -0.07880989344776], [-0.8326370504175608, 0.5536821694820071, 0.01231249242202686], [0.05386296944716244, 0.058833470892203865, 0.9968136251201176]], "T": [-0.04443363312404863, -0.05155476512556982, -0.06762318941830149], "aligned_model": [[-0.4605105876697689, 0.44839644505181026, 0.3858631086549639, 0.3051578142789862, 0.24262447788213987, -0.25446838421876367, -0.5856691229481235, -0.6482024593449698, -0.0660145879721882, -0.19108126076588086, 0.5745869569960536, -0.1285479243690345], [-0.49403954189184773, 0.27498617452307855, 0.28475577573463956, -0.6180564957549358, -0.6082868945433749, 0.6079708865901798, 0.0006936252052237094, 0.010463226416784675, -0.06505790940754129, -0.04551870698441936, -0.16953578362040722, -0.055288308195980324], [0.3029500245285594, -0.430696041288887, 0.36024630132340213, -0.4309900181277663, 0.35995232448452286, 0.30562822733674655, -0.5090631204786046, 0.28187922213368455, -0.8651696443177757, 0.7167150409068022, -0.017225014795195122, -0.07422730170548685]], "inverted": false, "swapped": false, "error_lsq": 0.0521995621245065, "error_max": 0.34834726847628605, "target": "112.xyz", "model": "20.xyz", "model_rescale": 4.509807711582248, "target_rescale": 4.15665070898175},
{"mapping": [1, 5, 2, 4, 11, 7, 8, 9, 6, 0, 3, 12], "R": [[0.1917838916395468, -0.8486027784347521, 0.4930438756747825], [0.6053646573243208, 0.49770337301224343, 0.6211481177262342], [-0.7724976184883671, 0.17934513354160309, 0.609165619930037]], "T": [-0.009015623485070852, -0.010597103904973933, 0.08251878125492614], "aligned_model": [[-0.46844669650223075, 0.3968607893728336, 0.23374259929498314, 0.18595494806037954, 0.1937759593473532, -0.2221658397922627, -0.6172186778633788, -0.4284802465684178, 0.0018079513017174517, -0.07339385843111465, 0.5810077861314956, -0.16131023877613315], [-0.755601957769364, 0.4011203121213863, 0.42568396392916263, -0.6576386771980223, -0.6323908209265631, 0.5617866912813766, 0.06408995702127956, 0.30247293852898205, -0.09657642213871076, -0.257905223509267, -0.15994194293792519, -0.0720127703309347], [0.22753412237188558, -0.33697165423578795, 0.4276696784406251, -0.40201294638803836, 0.22357668033334993, 0.00022674086722079823, -0.48786898221493596, 0.43162716063699896, -0.8250673773179447, 0.7156298454540424, 0.0860827766941184, -0.06042604464153191]], "inverted": true, "swapped": false, "error_lsq": 0.04909875202894439, "error_max": 0.2665128420929321, "target": "112.xyz", "model": "21.xyz", "model_rescale": 4.466005644533646, "target_rescale": 4.15665070898175},
{"mapping": [0, 6, 2, 3, 11, 8, 7, 10, 5, 1, 4, 12], "R": [[-0.19178397159206753, 0.8486027853587368, 0.4930438326576724], [-0.605364615963222, -0.4977033972765719, 0.6211481385942162], [0.7724976310514317, -0.17934503344322816, 0.6091656334685778]], "T": [-0.009015613691991876, -0.010597109054363639, 0.0825187775146663], "aligned_model": [[-0.4684468119333709, 0.39686075235398877, 0.233742683212415, 0.18595489584142572, 0.19377623187082108, -0.2221659089425101, -0.6172187157240472, -0.42848017057795695, 0.001807945572451685, -0.07339400515183375, 0.5810077026229629, -0.16131012356912217], [-0.7556018977052738, 0.4011203380431212, 0.4256839190591943, -0.6576386591357576, -0.6323909950257205, 0.5617867463109463, 0.0640899913265924, 0.30247290493701384, -0.09657641694123267, -0.25790514272091997, -0.15994190415140377, -0.0720128359251597], [0.22753413540799577, -0.33697162524408375, 0.4276696576699964, -0.40201288483918257, 0.22357666605931203, 0.0002267094734085262, -0.4878690283830335, 0.4316270868608634, -0.8250673631005256, 0.7156298732644377, 0.08608285301725939, -0.06042608018644571]], "inverted": false, "swapped": false, "error_lsq": 0.04909874607415626, "error_max": 0.26651279310470843, "target": "112.xyz", "model": "22.xyz", "model_rescale": 4.46600560860683, "target_rescale": 4.15665070898175},
{"mapping": [10, 4, 5, 0, 1, 7, 8, 9, 2, 3, 12, 13], "R": [[0.5547462678752588, 0.8316409780558556, 0.025097049563081453], [-0.82698872545066, 0.5478289810420085, 0.12638455407195956], [0.0913576830702539, -0.09086633671924317, 0.9916637951419123]], "T": [-0.04974949492902364, -0.05088624431670494, -0.0023658958031392], "aligned_model": [[-0.444516815594901, 0.40235189102097435, 0.4222656631019531, 0.2608647661393853, 0.2807785382203641, -0.22064026928563577, -0.6339514000181299, -0.6140376279371511, -0.15400428113425751, -0.11417673697230005, 0.5712912570882016, -0.1340905090532788], [-0.5441692783678191, 0.22695704148242987, 0.32723947500192285, -0.6587409932981824, -0.5584585597786894, 0.6490089131736222, -0.04334525573700844, 0.05693717778248453, -0.15472515320249755, 0.04583971383648838, -0.16901431313834675, -0.05444271968300458], [-0.3295780742856643, -0.44928836576988446, 0.3375677444584675, -0.33282806831864736, 0.4540280419097046, 0.3128298796418195, -0.3886123678650833, 0.39824374236326865, -0.7866342397164493, 0.7870779807402545, -0.003028143669686212, 0.0002218705119026213]], "inverted": false, "swapped": false, "error_lsq": 0.0529676324966045, "error_max": 0.35906392312856167, "target": "112.xyz", "model": "23.xyz", "model_rescale": 4.509807674373902, "target_rescale": 4.15665070898175},
{"mapping": [11, 4, 5, 0, 1, 7, 8, 9, 2, 3, 12, 13], "R": [[0.5511934839981556, 0.8306471839868049, -0.07880989108459828], [-0.8326370904251489, 0.5536821093260007, 0.01231249205699516], [0.05386296358647567, 0.05883347301580798, 0.9968136253114623]], "T": [-0.044433631781674233, -0.05155476360642733, -0.06762318982667541], "aligned_model": [[-0.4605105289730124, 0.4483963813371897, 0.385863046299509, 0.30515768509058927, 0.24262435005290864, -0.25446842866944896, -0.5856692150571913, -0.6482025500948719, -0.06601449686811942, -0.19108116694348062, 0.5745872313069521, -0.1285478319058], [-0.4940394549278908, 0.2749860840697925, 0.2847556850723161, -0.6180565832625482, -0.6082869822600248, 0.6079708450239006, 0.0006936074076289364, 0.010463208410152448, -0.06505784022819372, -0.04551863822314672, -0.16953564378491662, -0.05528823922567022], [0.30295003163629797, -0.43069604996758587, 0.36024629932223057, -0.4309900320067215, 0.35995231728309496, 0.30562822779162063, -0.5090631299335789, 0.28187921935623744, -0.8651696448333316, 0.7167150537463006, -0.017224996851046316, -0.07422729554351562]], "inverted": false, "swapped": false, "error_lsq": 0.05219956240245644, "error_max": 0.3483473263576632, "target": "112.xyz", "model": "24.xyz", "model_rescale": 4.509807674373903, "target_rescale": 4.15665070898175},
{"mapping": [1, 5, 2, 4, 11, 7, 8, 9, 6, 0, 3, 12], "R": [[0.1917839715920674, -0.8486027853587365, 0.4930438326576726], [0.6053646159632217, 0.4977033972765722, 0.6211481385942164], [-0.7724976310514319, 0.17934503344322822, 0.6091656334685773]], "T": [-0.009015613691991789, -0.010597109054363583, 0.08251877751466628], "aligned_model": [[-0.4684468119333708, 0.39686075235398877, 0.2337426832124152, 0.1859548958414256, 0.19377623187082105, -0.22216590894251004, -0.6172187157240472, -0.4284801705779566, 0.0018079455724515497, -0.07339400515183363, 0.5810077026229628, -0.16131012356912217], [-0.7556018977052738, 0.4011203380431209, 0.4256839190591944, -0.6576386591357578, -0.6323909950257206, 0.5617867463109463, 0.06408999132659252, 0.3024729049370141, -0.09657641694123295, -0.2579051427209198, -0.159941904151404, -0.0720128359251597], [0.22753413540799627, -0.33697162524408414, 0.42766965766999604, -0.4020128848391824, 0.22357666605931226, 0.00022670947340823477, -0.48786902838303325, 0.43162708686086326, -0.8250673631005256, 0.7156298732644377, 0.08608285301725911, -0.0604260801864457]], "inverted": true, "swapped": false, "error_lsq": 0.04909874607415626, "error_max": 0.2665127931047089, "target": "112.xyz", "model": "25.xyz", "model_rescale": 4.466005608606829, "target_rescale": 4.15665070898175},
{"mapping": [0, 6, 2, 3, 11, 8, 7, 10, 5, 1, 4, 12], "R": [[-0.1917838611736088, 0.8486027887024802, 0.49304386985309523], [-0.6053646905215738, -0.49770334345875694, 0.6211481090526587], [0.7724976000370882, -0.1793451669723734, 0.6091656334861565]], "T": [-0.009015631816393012, -0.010597131583673598, 0.08251880836266515], "aligned_model": [[-0.4684466835180813, 0.3968607661216855, 0.2337425963227815, 0.18595491859346577, 0.19377598315109743, -0.22216583445775326, -0.6172186507406533, -0.4284802174171697, 0.0018079498387854817, -0.07339386723518118, 0.5810077348763658, -0.16131021996011866], [-0.7556020386667378, 0.40112036059654255, 0.4256839792058078, -0.6576387217542252, -0.6323907534794885, 0.5617867037575897, 0.06408999801989379, 0.30247294101062994, -0.09657634514115332, -0.25790533292904194, -0.15994201601652938, -0.07201272653188809], [0.22753421102707658, -0.3369716878810908, 0.42766961550194804, -0.40201283877147564, 0.2235765886336727, 0.00022670966027468764, -0.4878690031272438, 0.4316271050803817, -0.8250674006686092, 0.715629923814595, 0.08608287401604284, -0.06042609728557044]], "inverted": false, "swapped": false, "error_lsq": 0.04909876139484176, "error_max": 0.2665129561496719, "target": "112.xyz", "model": "26.xyz", "model_rescale": 4.466005838112752, "target_rescale": 4.15665070898175},
{"mapping": [10, 4, 5, 0, 1, 7, 8, 9, 2, 3, 12, 13], "R": [[0.5547463751599966, 0.831640906418051, 0.02509705199832677], [-0.8269886552648069, 0.5478290878399958, 0.1263845503995818], [0.09135766694782976, -0.0908663484936011, 0.9916637955483143]], "T": [-0.04974947641913062, -0.050886278270106694, -0.0023658918163422062], "aligned_model": [[-0.4445168748043354, 0.40235199747693906, 0.4222657705245535, 0.26086499470602925, 0.2807787677536437, -0.22064029523662754, -0.6339513306753487, -0.6140375576277343, -0.1540044127066696, -0.1141768666114407, 0.57129092243527, -0.13409063965905516], [-0.5441693055780068, 0.2269570239201614, 0.3272394496628285, -0.6587409867810172, -0.5584585610383501, 0.6490089737045258, -0.043345209532163746, 0.05693721621050338, -0.1547251590413212, 0.045839692444013036, -0.16901435260111947, -0.05444273329865407], [-0.32957805051432393, -0.44928834659574374, 0.3375677257988005, -0.33282805828397316, 0.4540280141105711, 0.3128298561942284, -0.3886123543596024, 0.39824371803494185, -0.78663419652112, 0.7870779482679685, -0.0030281320051693626, 0.00022187587342429628]], "inverted": false, "swapped": false, "error_lsq": 0.05296763895322967, "error_max": 0.35906387681016877, "target": "112.xyz", "model": "27.xyz", "model_rescale": 4.509807893063789, "target_rescale": 4.15665070898175},
{"mapping": [11, 4, 5, 0, 1, 7, 8, 9, 2, 3, 12, 13], "R": [[0.5511935909462335, 0.830647113101375, -0.07880989021783963], [-0.8326370192827565, 0.5536822163583008, 0.01231248993851512], [0.05386296890928513, 0.05883346653828374, 0.9968136254061568]], "T": [-0.04443361371062597, -0.05155479762418501, -0.0676231846976766], "aligned_model": [[-0.46051058625534974, 0.44839648593211406, 0.3858631546145514, 0.3051579111958303, 0.24262457987826763, -0.2544684531225875, -0.5856691475437316, -0.6482024788612942, -0.06601463117951409, -0.1910812938146395, 0.5745868972286543, -0.12854796249707678], [-0.4940394869670314, 0.27498606360227673, 0.28475566245010053, -0.6180565788024877, -0.608286979954664, 0.6079709087727441, 0.0006936515844772409, 0.010463250432301001, -0.06505785182628003, -0.04551865413063251, -0.16953568411094805, -0.05528825297845627], [0.30295001086946705, -0.4306960185652697, 0.36024629244525813, -0.43098999307884367, 0.35995231793168414, 0.30562821059980244, -0.5090631019378136, 0.2818792090727143, -0.8651696133630341, 0.7167150086580208, -0.017225020279477192, -0.0742273023525067]], "inverted": false, "swapped": false, "error_lsq": 0.052199569076222106, "error_max": 0.34834728028089096, "target": "112.xyz", "model": "28.xyz", "model_rescale": 4.5098078930637895, "target_rescale": 4.15665070898175},
{"mapping": [1, 5, 2, 4, 11, 7, 8, 9, 6, 0, 3, 12], "R": [[0.1917838611736094, -0.8486027887024798, 0.4930438698530954], [0.6053646905215739, 0.49770334345875744, 0.6211481090526585], [-0.772497600037088, 0.17934516697237313, 0.6091656334861568]], "T": [-0.009015631816392963, -0.010597131583673557, 0.0825188083626652], "aligned_model": [[-0.4684466835180816, 0.39686076612168586, 0.23374259632278155, 0.18595491859346558, 0.19377598315109695, -0.22216583445775284, -0.6172186507406529, -0.4284802174171696, 0.0018079498387858634, -0.0733938672351816, 0.5810077348763656, -0.16131021996011863], [-0.7556020386667376, 0.4011203605965424, 0.4256839792058077, -0.6576387217542253, -0.6323907534794887, 0.5617867037575898, 0.06408999801989437, 0.3024729410106301, -0.09657634514115307, -0.25790533292904205, -0.1599420160165298, -0.072012726531888], [0.2275342110270764, -0.33697168788109055, 0.42766961550194826, -0.40201283877147553, 0.22357658863367272, 0.00022670966027463213, -0.4878690031272438, 0.4316271050803816, -0.8250674006686091, 0.715629923814595, 0.08608287401604299, -0.060426097285570496]], "inverted": true, "swapped": false, "error_lsq": 0.04909876139484177, "error_max": 0.2665129561496716, "target": "112.xyz", "model": "29.xyz", "model_rescale": 4.466005838112752, "target_rescale": 4.15665070898175},
