[{"mapping": [10, 4, 8, 7, 1, 2, 9, 3, 6, 3, 5, 11], "R": [[0.0816896765399922, -0.9683648788810557, -0.2357885877146524], [-0.6067019769376931, -0.23601132166751698, 0.7590858760539859], [-0.7907208786459903, 0.08104392262489951, -0.6067885749409615]], "T": [-0.06216954143708355, -0.01153481938786314, -0.07450905130677972], "aligned_model": [[-0.43032190780724455, 0.33745929660233004, 0.2800045149431637, 0.23075480297771297, -0.0007287549371431598, -0.3107328743032636, -0.617369136178912, -0.12368564593159614, 0.04370757460604557, -0.12368564593159614, 0.5245065249739975, -0.18777598330881057], [-0.6541798295666269, 0.39733722953538964, 0.34885119425207706, -0.6679725321055198, -0.6716386862737891, 0.6557146247281839, -0.05200942518808658, 0.05354422034964353, -0.06580212772697938, 0.05354422034964353, -0.20483317484315064, -0.06946828189524892], [-0.08171882058655285, -0.37197796835773544, 0.24336640538544996, -0.35585745233832083, 0.3831809743180872, 0.2031267095145315, -0.5630742680675578, 0.6844821569955363, -0.8372128998193257, 0.6844821569955363, 0.10937747912326944, -0.09817447316291761]], "inverted": true, "swapped": false, "error_lsq": 0.061045522930334, "error_max": 0.4726837308740849, "target": "113.xyz", "model": "0.xyz", "model_rescale": 4.5108708085295355, "target_rescale": 4.1566504249280145},
{"mapping": [9, 5, 8, 6, 0, 3, 10, 2, 7, 2, 4, 11], "R": [[-0.08168967653999204, 0.9683648788810555, -0.2357885877146526], [0.6067019769376928, 0.23601132166751715, 0.7590858760539858], [0.7907208786459903, -0.0810439226248997, -0.6067885749409611]], "T": [-0.06216954143708354, -0.011534819387863222, -0.07450905130677964], "aligned_model": [[-0.43032190780724444, 0.33745929660232976, 0.2800045149431636, 0.2307548029777129, -0.0007287549371429239, -0.31073287430326346, -0.617369136178912, -0.12368564593159595, 0.04370757460604536, -0.12368564593159595, 0.5245065249739973, -0.18777598330881046], [-0.6541798295666268, 0.3973372295353896, 0.3488511942520768, -0.6679725321055193, -0.6716386862737891, 0.6557146247281833, -0.05200942518808672, 0.053544220349643394, -0.0658021277269793, 0.053544220349643394, -0.20483317484315042, -0.06946828189524906], [-0.08171882058655296, -0.3719779683577352, 0.24336640538545, -0.3558574523383211, 0.38318097431808695, 0.2031267095145317, -0.5630742680675572, 0.6844821569955359, -0.8372128998193253, 0.6844821569955359, 0.10937747912326908, -0.09817447316291743]], "inverted": false, "swapped": false, "error_lsq": 0.061045522930333995, "error_max": 0.47268373087408494, "target": "113.xyz", "model": "1.xyz", "model_rescale": 4.510870808529536, "target_rescale": 4.1566504249280145},
{"mapping": [10, 4, 8, 7, 1, 2, 9, 3, 6, 3, 5, 11], "R": [[0.08168967653999226, -0.9683648788810557, -0.23578858771465228], [-0.6067019769376931, -0.23601132166751698, 0.7590858760539859], [-0.7907208786459902, 0.0810439226248994, -0.6067885749409616]], "T": [-0.062169541437083545, -0.011534819387863125, -0.07450905130677975], "aligned_model": [[-0.4303219078072446, 0.3374592966023301, 0.2800045149431637, 0.23075480297771306, -0.0007287549371432361, -0.3107328743032636, -0.617369136178912, -0.1236856459315962, 0.04370757460604567, -0.1236856459315962, 0.5245065249739974, -0.18777598330881046], [-0.6541798295666269, 0.3973372295353897, 0.3488511942520769, -0.6679725321055198, -0.6716386862737891, 0.6557146247281839, -0.052009425188086565, 0.05354422034964355, -0.06580212772697938, 0.05354422034964355, -0.20483317484315064, -0.06946828189524912], [-0.08171882058655282, -0.37197796835773544, 0.24336640538545007, -0.35585745233832067, 0.3831809743180872, 0.20312670951453127, -0.5630742680675578, 0.6844821569955363, -0.8372128998193257, 0.6844821569955363, 0.10937747912326952, -0.09817447316291746]], "inverted": true, "swapped": false, "error_lsq": 0.061045522930334, "error_max": 0.4726837308740849, "target": "113.xyz", "model": "2.xyz", "model_rescale": 4.5108708085295355, "target_rescale": 4.1566504249280145},
{"mapping": [11, 4, 5, 2, 3, 7, 9, 10, 0, 1, 8, 13], "R": [[0.5547462925897352, 0.8316409614938702, 0.025097052087745327], [-0.8269887102183551, 0.547829006276847, 0.12638454436007585], [0.0913576708838704, -0.09086633616072239, 0.9916637963157681]], "T": [-0.04974956094876165, -0.05088614534256884, -0.0023658953917344034], "aligned_model": [[-0.4445168632533919, 0.4023518072051339, 0.4222655809861157, 0.260864711063747, 0.2807784848447288, -0.22064035115972827, -0.6339516441894428, -0.614037870408461, -0.15400447045848503, -0.11417692289652148, 0.5712910006484919, -0.13409069667750326], [-0.5441691799600478, 0.2269571541307882, 0.3272395784171025, -0.658740872519544, -0.5584584482332298, 0.6490089931813697, -0.04334529133905547, 0.05693713294725884, -0.1547248640548161, 0.045839984517812446, -0.16901431570360032, -0.05444243976850184], [-0.3295780716131775, -0.44928835845952964, 0.33756774071812895, -0.3328280712235819, 0.45402802795407676, 0.31282988369587456, -0.3886123376831083, 0.39824376149455026, -0.7866342480602538, 0.787077950295063, -0.0030281282354464815, 0.00022185111740458466]], "inverted": false, "swapped": false, "error_lsq": 0.05296765552042105, "error_max": 0.3590639584348623, "target": "113.xyz", "model": "3.xyz", "model_rescale": 4.509807743048502, "target_rescale": 4.1566504249280145},
{"mapping": [12, 4, 5, 2, 3, 7, 9, 10, 0, 1, 8, 13], "R": [[0.5511935096282858, 0.8306471673215927, -0.07880988747782058], [-0.8326370747701988, 0.5536821334029227, 0.012312468010715182], [0.05386294330780228, 0.05883348171748892, 0.9968136258936364]], "T": [-0.0444336983988749, -0.05155466302962776, -0.06762318203067787], "aligned_model": [[-0.4605105742675566, 0.4483962957975177, 0.3858629645739565, 0.3051576289896724, 0.24262429776611122, -0.2544685107279888, -0.5856694609778672, -0.6482027922014284, -0.06601468815205551, -0.19108135059917802, 0.574586974879117, -0.12854801937561675], [-0.4940393683582077, 0.2749862025992175, 0.2847557843729542, -0.6180564554997703, -0.6082868737260336, 0.6079709210433198, 0.0006935774791685945, 0.01046315925290528, -0.06505753816176842, -0.045518374614295046, -0.1695356463839221, -0.05528795638803173], [0.30295002584532915, -0.4306960315226202, 0.36024630618479575, -0.43099003237286815, 0.3599523053345478, 0.3056282450612058, -0.509063125164361, 0.281879212543055, -0.8651696370428698, 0.7167150383719627, -0.01722500790272289, -0.07422729933545363]], "inverted": false, "swapped": false, "error_lsq": 0.05219958522411458, "error_max": 0.3483473539191344, "target": "113.xyz", "model": "4.xyz", "model_rescale": 4.509807743048502, "target_rescale": 4.1566504249280145},
{"mapping": [11, 4, 5, 2, 3, 7, 9, 10, 0, 1, 8, 13], "R": [[0.5547462925897355, 0.8316409614938702, 0.02509705208774534], [-0.8269887102183551, 0.5478290062768474, 0.12638454436007587], [0.09135767088387037, -0.09086633616072243, 0.9916637963157682]], "T": [-0.049749560948761665, -0.050886145342568856, -0.002365895391734479], "aligned_model": [[-0.44451686325339185, 0.4023518072051339, 0.4222655809861157, 0.2608647110637472, 0.280778484844729, -0.22064035115972852, -0.633951644189443, -0.6140378704084613, -0.1540044704584851, -0.1141769228965215, 0.5712910006484921, -0.13409069667750328], [-0.544169179960048, 0.22695715413078843, 0.32723957841710277, -0.6587408725195442, -0.5584584482332299, 0.6490089931813697, -0.04334529133905563, 0.05693713294725869, -0.1547248640548162, 0.04583998451781243, -0.16901431570360015, -0.05444243976850184], [-0.3295780716131775, -0.44928835845952975, 0.3375677407181289, -0.33282807122358193, 0.4540280279540767, 0.31282988369587456, -0.3886123376831084, 0.39824376149455026, -0.7866342480602541, 0.787077950295063, -0.0030281282354462915, 0.0002218511174048067]], "inverted": false, "swapped": false, "error_lsq": 0.05296765552042106, "error_max": 0.3590639584348623, "target": "113.xyz", "model": "5.xyz", "model_rescale": 4.509807743048502, "target_rescale": 4.1566504249280145},
{"mapping": [11, 4, 5, 2, 3, 7, 9, 10, 0, 1, 8, 13], "R": [[0.5547463527978466, 0.8316409212418445, 0.025097055076311603], [-0.8269886708137071, 0.5478290659489996, 0.12638454354557999], [0.09135766198444976, -0.09086634480082845, 0.9916637963439384]], "T": [-0.04974957856474292, -0.05088615599355081, -0.002365893515148747], "aligned_model": [[-0.44451695549813275, 0.40235187222184426, 0.4222656490658208, 0.26086483587431686, 0.2807786127182934, -0.22064051311203364, -0.6339514107063043, -0.6140376338623278, -0.15400458598491323, -0.11417703229696025, 0.5712907364260168, -0.13409080914093674], [-0.5441692958329645, 0.22695724735231607, 0.3272396744754107, -0.6587408204781733, -0.5584583933550786, 0.6490089330603098, -0.04334516024971386, 0.05693726687338077, -0.1547249444378592, 0.045839909808330026, -0.1690144682856573, -0.05444251731476459], [-0.32957806753926494, -0.44928838692948636, 0.3375677396000008, -0.33282809626288895, 0.4540280302665982, 0.312829910506494, -0.38861237234339446, 0.3982437541860927, -0.7866342623583106, 0.7870779907006634, -0.003028103997679689, 0.0002218641711763873]], "inverted": false, "swapped": false, "error_lsq": 0.052967648193071114, "error_max": 0.3590638965085417, "target": "113.xyz", "model": "6.xyz", "model_rescale": 4.509807586411629, "target_rescale": 4.1566504249280145},
{"mapping": [12, 4, 5, 2, 3, 7, 9, 10, 0, 1, 8, 13], "R": [[0.5511935691681159, 0.8306471273749841, -0.07880989209103258], [-0.8326370349807911, 0.5536821932652986, 0.012312466825363862], [0.053862949103352695, 0.05883348234309714, 0.9968136255435488]], "T": [-0.044433715488504194, -0.051554673745183, -0.06762318561146638], "aligned_model": [[-0.46051066754046677, 0.4483963658478558, 0.3858630287919076, 0.30515775814152457, 0.24262442108557622, -0.2544686759233586, -0.585669222682776, -0.6482025597387242, -0.06601479413163593, -0.1910814682435325, 0.5745867112858979, -0.12854813118758418], [-0.49403948402069225, 0.2749862983442062, 0.2847558795167233, -0.6180564010510142, -0.6082868198784971, 0.6079708584518428, 0.0006937119250389964, 0.010463293097556135, -0.06505761585700312, -0.04551845351196883, -0.16953580071616978, -0.055288034684485975], [0.3029500290396784, -0.430696040811016, 0.3602463240900172, -0.43099003820346626, 0.35995232669756694, 0.30562824417865087, -0.509063126768357, 0.28187923813267624, -0.8651696748674843, 0.7167150549345827, -0.017225026456397716, -0.07422730996645091]], "inverted": false, "swapped": false, "error_lsq": 0.05219957753641643, "error_max": 0.3483472841111748, "target": "113.xyz", "model": "7.xyz", "model_rescale": 4.509807586411629, "target_rescale": 4.1566504249280145},
{"mapping": [12, 5, 4, 3, 2, 6, 10, 9, 1, 0, 8, 13], "R": [[-0.5547463527978466, -0.8316409212418445, 0.025097055076311686], [0.8269886708137071, -0.5478290659489996, 0.12638454354557993], [-0.09135766198444967, 0.09086634480082847, 0.9916637963439384]], "T": [-0.04974957856474292, -0.05088615599355079, -0.0023658935151485666], "aligned_model": [[-0.44451695549813275, 0.40235187222184426, 0.4222656490658208, 0.26086483587431686, 0.2807786127182934, -0.2206405131120336, -0.6339514107063043, -0.6140376338623278, -0.1540045859849133, -0.11417703229696018, 0.5712907364260168, -0.13409080914093674], [-0.5441692958329645, 0.2269572473523161, 0.3272396744754107, -0.6587408204781733, -0.5584583933550786, 0.6490089330603098, -0.04334516024971384, 0.056937266873380736, -0.15472494443785914, 0.04583990980832999, -0.16901446828565733, -0.054442517314764606], [-0.32957806753926494, -0.44928838692948636, 0.33756773960000075, -0.33282809626288895, 0.45402803026659816, 0.31282991050649406, -0.38861237234339435, 0.39824375418609276, -0.7866342623583105, 0.7870779907006635, -0.003028103997679857, 0.00022186417117628062]], "inverted": true, "swapped": false, "error_lsq": 0.052967648193071114, "error_max": 0.3590638965085417, "target": "113.xyz", "model": "8.xyz", "model_rescale": 4.509807586411629, "target_rescale": 4.1566504249280145},
{"mapping": [9, 6, 7, 2, 3, 5, 11, 12, 0, 1, 8, 13], "R": [[-0.5547462374651644, -0.831640998081234, 0.025097058168089045], [0.8269887462750092, -0.5478289502822968, 0.12638455114089386], [-0.09135767922146378, 0.09086633888875346, 0.9916637952976919]], "T": [-0.04974959118807609, -0.050886097132441764, -0.0023659008128669775], "aligned_model": [[-0.4445168541639112, 0.4023517281694696, 0.4222655078284946, 0.260864749869053, 0.28077852952807797, -0.22064043690505925, -0.6339516117292952, -0.6140378320702702, -0.1540044804745363, -0.11417692115648638, 0.5712910876246581, -0.13409070081551133], [-0.5441690736827628, 0.22695712247543778, 0.32723955744722427, -0.65874081916793, -0.5584583841961436, 0.6490090317114766, -0.043345146491928485, 0.05693728847985797, -0.15472506520917306, 0.04583980473439984, -0.16901425424753538, -0.0544426302373866], [-0.3295781011369047, -0.44928837876214595, 0.33756776123357674, -0.33282809829907417, 0.4540280416966485, 0.3128298986631514, -0.3886123750375497, 0.398243764958173, -0.7866342639969972, 0.7870780159944479, -0.00302814131205093, 0.00022187599872544334]], "inverted": false, "swapped": false, "error_lsq": 0.05296765289872185, "error_max": 0.3590640171107161, "target": "113.xyz", "model": "9.xyz", "model_rescale": 4.509807504472865, "target_rescale": 4.1566504249280145},
{"mapping": [10, 6, 7, 2, 3, 5, 11, 12, 0, 1, 8, 13], "R": [[-0.5511934538289275, -0.8306472042292357, -0.07880988873417354], [0.8326371120739018, -0.553682077368706, 0.012312465143382557], [-0.05386293766005442, -0.05883348797095847, 0.9968136258297238]], "T": [-0.04443372805848852, -0.05155461431625707, -0.06762318844522881], "aligned_model": [[-0.4605105642115197, 0.44839622271260715, 0.3858628871840589, 0.30515767278775807, 0.24262433725920982, -0.25446860026172063, -0.5856694227608257, -0.6482027582893739, -0.06601468806472235, -0.19108135912181892, 0.5745870620643013, -0.1285480235932706], [-0.49403925686460076, 0.2749861772042456, 0.28475575721966356, -0.618056395782924, -0.608286815767506, 0.6079709542600397, 0.0006937301449682493, 0.010463310160386236, -0.06505772822259694, -0.045518568191760964, -0.16953558433719934, -0.05528814820717895], [0.3029500410768496, -0.4306960599729052, 0.3602463195258438, -0.4309900553828462, 0.35995232411590283, 0.30562825681563255, -0.5090631491116188, 0.2818792303871303, -0.8651696803834287, 0.7167150786140699, -0.017225004799950178, -0.07422730088467953]], "inverted": false, "swapped": false, "error_lsq": 0.05219958259151078, "error_max": 0.3483474170490505, "target": "113.xyz", "model": "10.xyz", "model_rescale": 4.509807504472865, "target_rescale": 4.1566504249280145},
{"mapping": [9, 7, 6, 3, 2, 4, 12, 11, 1, 0, 8, 13], "R": [[0.551193453828928, 0.8306472042292352, -0.07880988873417345], [-0.8326371120739013, 0.5536820773687066, 0.012312465143382426], [0.0538629376600543, 0.05883348797095844, 0.9968136258297235]], "T": [-0.044433728058488546, -0.05155461431625707, -0.06762318844522869], "aligned_model": [[-0.4605105642115195, 0.4483962227126068, 0.3858628871840586, 0.3051576727877584, 0.24262433725921018, -0.254468600261721, -0.5856694227608257, -0.6482027582893739, -0.06601468806472247, -0.19108135912181887, 0.5745870620643014, -0.12854802359327064], [-0.4940392568646011, 0.274986177204246, 0.28475575721966384, -0.6180563957829236, -0.6082868157675058, 0.6079709542600393, 0.0006937301449678884, 0.010463310160385764, -0.0650577282225969, -0.04551856819176114, -0.1695355843371989, -0.05528814820717902], [0.30295004107684964, -0.4306960599729053, 0.3602463195258438, -0.43099005538284624, 0.35995232411590283, 0.30562825681563266, -0.5090631491116187, 0.2818792303871304, -0.8651696803834283, 0.7167150786140697, -0.017225004799950316, -0.0742273008846796]], "inverted": true, "swapped": false, "error_lsq": 0.05219958259151078, "error_max": 0.3483474170490505, "target": "113.xyz", "model": "11.xyz", "model_rescale": 4.509807504472865, "target_rescale": 4.1566504249280145},
{"mapping": [9, 6, 7, 2, 3, 5, 11, 12, 0, 1, 8, 13], "R": [[-0.5547463468892854, -0.8316409253041869, 0.025097051065584224], [0.8269886746836891, -0.5478290606609405, 0.1263845411443481], [-0.09135766283081208, 0.09086633950230207, 0.9916637967514716]], "T": [-0.04974970063315343, -0.050886171647423456, -0.0023658884499507867], "aligned_model": [[-0.44451706346000264, 0.40235173611678077, 0.422265508983068, 0.2608646990008223, 0.2807784718671096, -0.22064044086579457, -0.6339515075064046, -0.6140377346401173, -0.1540043933273934, -0.11417684759481878, 0.5712909575925403, -0.1340906204611061], [-0.5441692884416145, 0.22695721862363524, 0.3272396398364521, -0.6587408131628314, -0.5584583919500146, 0.6490090113480045, -0.0433451714754627, 0.05693724973735417, -0.15472501538875025, 0.04583982703688347, -0.16901424037218649, -0.0544425941759334], [-0.32957805244712923, -0.4492883611801861, 0.33756773424806025, -0.3328280778525838, 0.4540280175756626, 0.31282988357787384, -0.38861235469024014, 0.39824374073800617, -0.7866342266063998, 0.7870779642500926, -0.003028136435002186, 0.0002218688218463957]], "inverted": false, "swapped": false, "error_lsq": 0.052967637201641556, "error_max": 0.359063853514736, "target": "113.xyz", "model": "12.xyz", "model_rescale": 4.509807766519439, "target_rescale": 4.1566504249280145},
{"mapping": [10, 6, 7, 2, 3, 5, 11, 12, 0, 1, 8, 13], "R": [[-0.5511935638837346, -0.830647131169603, -0.07880988905496497], [0.8326370385183836, -0.553682187906656, 0.012312468567870702], [-0.053862948494151526, -0.05883347919855726, 0.9968136257620628]], "T": [-0.044433837679995807, -0.05155468983273355, -0.0676231924076344], "aligned_model": [[-0.46051077490950204, 0.4483962250327801, 0.38586289288325093, 0.30515761720704543, 0.24262428505751626, -0.25446860012097205, -0.5856693242262466, -0.6482026563757758, -0.06601461150637461, -0.19108127580543308, 0.5745869321242989, -0.12854794365590383], [-0.4940394792600732, 0.2749862655463191, 0.28475584771129736, -0.6180563972473463, -0.6082868150823681, 0.60797094063059, 0.0006936967461695157, 0.010463278911147726, -0.06505769410122877, -0.04551852977127236, -0.16953557053144802, -0.05528811193625057], [0.3029500092223939, -0.4306960349704393, 0.36024629851618006, -0.43099003082698195, 0.3599523026596374, 0.3056282353324322, -0.5090631143943309, 0.2818792190922884, -0.8651696247423069, 0.7167150422309324, -0.017225010864117256, -0.07422729125568746]], "inverted": false, "swapped": false, "error_lsq": 0.05219956650552138, "error_max": 0.34834724189132604, "target": "113.xyz", "model": "13.xyz", "model_rescale": 4.509807766519439, "target_rescale": 4.1566504249280145},
{"mapping": [9, 7, 6, 3, 2, 4, 12, 11, 1, 0, 8, 13], "R": [[0.5511935638837355, 0.8306471311696023, -0.0788098890549655], [-0.8326370385183829, 0.5536821879066569, 0.012312468567870875], [0.053862948494152026, 0.05883347919855754, 0.9968136257620626]], "T": [-0.0444338376799958, -0.05155468983273358, -0.06762319240763429], "aligned_model": [[-0.46051077490950176, 0.44839622503278004, 0.3858628928832504, 0.3051576172070462, 0.2426242850575166, -0.254468600120973, -0.5856693242262464, -0.648202656375776, -0.06601461150637418, -0.19108127580543344, 0.5745869321242989, -0.12854794365590377], [-0.4940394792600736, 0.2749862655463195, 0.28475584771129786, -0.6180563972473462, -0.6082868150823678, 0.6079709406305899, 0.0006936967461687524, 0.010463278911147095, -0.06505769410122904, -0.045518529771272354, -0.1695355705314474, -0.0552881119362507], [0.3029500092223938, -0.4306960349704392, 0.3602462985161803, -0.4309900308269816, 0.35995230265963785, 0.305628235332432, -0.5090631143943313, 0.2818792190922882, -0.8651696247423066, 0.7167150422309321, -0.017225010864116985, -0.07422729125568758]], "inverted": true, "swapped": false, "error_lsq": 0.052199566505521384, "error_max": 0.3483472418913258, "target": "113.xyz", "model": "14.xyz", "model_rescale": 4.509807766519439, "target_rescale": 4.1566504249280145},
{"mapping": [10, 8, 6, 1, 5, 2, 3, 9, 3, 4, 7, 11], "R": [[0.08168964662644157, -0.9683648834689345, 0.23578857923623991], [-0.6067019495983508, -0.23601129982927327, -0.7590859046948887], [0.7907209027132189, -0.08104393140201382, -0.6067885424060828]], "T": [-0.062169427350047726, -0.01153485183484279, 0.0745091512395909], "aligned_model": [[-0.4303217424557677, 0.28000453779185003, 0.3374593323876609, -0.0007287789210800727, 0.2307545882295009, -0.3107328568559315, -0.12368561976882107, -0.6173689795428782, -0.12368561976882107, 0.043707351142390466, 0.5245065694747713, -0.18777601600819044], [-0.6541798119385867, 0.34885134652605265, 0.3973372727469183, -0.6716386162430891, -0.6679726270199224, 0.6557145499996141, 0.053544073189997904, -0.05200933512897041, 0.053544073189997904, -0.06580215021030614, -0.2048332040626979, -0.06946813943347291], [0.08171885969813675, -0.24336661082581956, 0.3719779882449994, -0.3831811584024436, 0.35585749065133676, -0.2031265831860795, -0.6844820445948246, 0.5630743211068819, -0.6844820445948246, 0.8372129520600818, -0.10937747316374577, 0.09817430300630148]], "inverted": false, "swapped": false, "error_lsq": 0.06104550962447672, "error_max": 0.4726836925500156, "target": "113.xyz", "model": "15.xyz", "model_rescale": 4.510870436145588, "target_rescale": 4.1566504249280145},
{"mapping": [9, 7, 8, 4, 0, 3, 10, 2, 5, 2, 6, 11], "R": [[0.08168964662644146, -0.9683648834689342, -0.23578857923624008], [-0.606701949598351, -0.23601129982927338, 0.7590859046948883], [-0.7907209027132187, 0.08104393140201399, -0.6067885424060829]], "T": [-0.06216942735004774, -0.011534851834842819, -0.07450915123959082], "aligned_model": [[-0.4303217424557676, 0.3374593323876607, 0.28000453779185, 0.23075458822950076, -0.0007287789210798923, -0.31073285685593144, -0.6173689795428782, -0.12368561976882095, 0.04370735114239027, -0.12368561976882095, 0.5245065694747713, -0.1877760160081904], [-0.6541798119385864, 0.3973372727469182, 0.3488513465260527, -0.6679726270199222, -0.6716386162430888, 0.6557145499996141, -0.05200933512897071, 0.05354407318999832, -0.06580215021030644, 0.05354407318999832, -0.20483320406269756, -0.06946813943347305], [-0.08171885969813658, -0.3719779882449994, 0.24336661082581953, -0.35585749065133654, 0.3831811584024438, 0.20312658318607943, -0.5630743211068817, 0.6844820445948246, -0.8372129520600817, 0.6844820445948246, 0.10937747316374571, -0.09817430300630131]], "inverted": false, "swapped": false, "error_lsq": 0.06104550962447672, "error_max": 0.4726836925500156, "target": "113.xyz", "model": "16.xyz", "model_rescale": 4.510870436145588, "target_rescale": 4.1566504249280145},
{"mapping": [9, 7, 8, 4, 0, 3, 10, 2, 5, 2, 6, 11], "R": [[0.08168964662644174, -0.968364883468934, -0.2357885792362403], [-0.6067019495983512, -0.2360112998292737, 0.7590859046948878], [-0.7907209027132182, 0.08104393140201416, -0.606788542406083]], "T": [-0.062169427350047726, -0.011534851834842964, -0.07450915123959075], "aligned_model": [[-0.4303217424557673, 0.33745933238766046, 0.28000453779184975, 0.23075458822950107, -0.0007287789210796564, -0.3107328568559317, -0.6173689795428781, -0.12368561976882098, 0.0437073511423903, -0.12368561976882098, 0.5245065694747713, -0.18777601600819044], [-0.6541798119385865, 0.39733727274691805, 0.34885134652605304, -0.6679726270199222, -0.6716386162430884, 0.6557145499996139, -0.05200933512897119, 0.05354407318999845, -0.0658021502103068, 0.05354407318999845, -0.20483320406269734, -0.06946813943347294], [-0.08171885969813615, -0.37197798824499956, 0.24336661082581912, -0.35585749065133615, 0.383181158402444, 0.20312658318607907, -0.5630743211068815, 0.6844820445948243, -0.8372129520600815, 0.6844820445948243, 0.10937747316374578, -0.09817430300630142]], "inverted": false, "swapped": false, "error_lsq": 0.06104550962447672, "error_max": 0.4726836925500154, "target": "113.xyz", "model": "17.xyz", "model_rescale": 4.510870436145588, "target_rescale": 4.1566504249280145},
{"mapping": [0, 6, 2, 3, 11, 8, 7, 10, 5, 1, 4, 12], "R": [[-0.19178385572985576, 0.8486028084205418, 0.4930438380328462], [-0.6053646711392827, -0.4977033215251189, 0.6211481455170681], [0.7724976165774355, -0.1793451345412909, 0.6091656220590163]], "T": [-0.00901576977261331, -0.010596987505896431, 0.08251878145367265], "aligned_model": [[-0.4684467981392648, 0.39686061860245, 0.2337424266155223, 0.18595484089874026, 0.19377585031451183, -0.22216602040112027, -0.6172188283115255, -0.4284804118520779, 0.001807810692044668, -0.0733939902288595, 0.5810076488091456, -0.16131038129488307], [-0.7556018693879061, 0.4011204541395131, 0.42568409387690753, -0.6576385476498487, -0.6323906927710233, 0.561786795127089, 0.06409003859950546, 0.30247302870263393, -0.09657630238807047, -0.2579051128603225, -0.15994179112226525, -0.0720126626506761], [0.22753412009204593, -0.33697165258098527, 0.4276696800759249, -0.4020129480046759, 0.22357667879631044, 0.00022674264878953798, -0.48786898213921814, 0.4316271615294992, -0.8250673773689928, 0.7156298448800535, 0.08608277678333175, -0.060426044712082835]], "inverted": false, "swapped": false, "error_lsq": 0.04909873567427369, "error_max": 0.2665128518228772, "target": "113.xyz", "model": "18.xyz", "model_rescale": 4.466005644533647, "target_rescale": 4.1566504249280145},
{"mapping": [11, 5, 4, 1, 0, 6, 9, 8, 3, 2, 12, 13], "R": [[-0.5547463722956425, -0.831640908313344, 0.025097052507829405], [0.8269886580555397, -0.5478290858132637, 0.12638454092372808], [-0.09135765907860255, 0.09086634336628759, 0.9916637967430887]], "T": [-0.04974964006779628, -0.05088613143341763, -0.0023658950764187526], "aligned_model": [[-0.4445169945703762, 0.4023517914497253, 0.4222655657029757, 0.2608647799187914, 0.2807785541720418, -0.22064040180560057, -0.6339514563301333, -0.6140376820768828, -0.15400451946271249, -0.11417697095621167, 0.5712908448725286, -0.13409074520946207], [-0.5441692658112167, 0.2269572762873318, 0.32723969854670504, -0.6587407706671227, -0.5584583484077494, 0.6490090546273509, -0.043345148394914254, 0.056937273864458966, -0.15472510028396275, 0.045839744234783715, -0.1690143043555386, -0.05444267802458953], [-0.3295780614552056, -0.4492883753711729, 0.33756772963567844, -0.3328280907482494, 0.4540280142586019, 0.3128298823854457, -0.38861236292096757, 0.39824374208588376, -0.7866342221882455, 0.7870779878254571, -0.0030281263258311736, 0.00022188281860567247]], "inverted": true, "swapped": false, "error_lsq": 0.05296764363698539, "error_max": 0.3590638878279285, "target": "113.xyz", "model": "19.xyz", "model_rescale": 4.509807711582247, "target_rescale": 4.1566504249280145},
{"mapping": [11, 4, 5, 0, 1, 7, 8, 9, 2, 3, 12, 13], "R": [[0.5511935889814268, 0.830647114319744, -0.07880989111816158], [-0.832637021746155, 0.5536822131419439, 0.012312467987056479], [0.05386295093538203, 0.05883347960576024, 0.9968136256061169]], "T": [-0.0444337769784519, -0.05155464916021263, -0.06762318894373379], "aligned_model": [[-0.46051070651891524, 0.4483962824750931, 0.3858629479267147, 0.3051576999214153, 0.2426243653730369, -0.25446856256315276, -0.5856692709497683, -0.6482026054981468, -0.06601473349330453, -0.1910814025900613, 0.5745868196634553, -0.1285480680416829], [-0.49403945589458176, 0.2749863244489902, 0.28475590627211966, -0.6180563535572718, -0.6082867717341425, 0.6079709836585188, 0.0006937208830176331, 0.010463302706147072, -0.06505777846182721, -0.04551861481556833, -0.16953563525116783, -0.055288196638697766], [0.30295001729530147, -0.43069603568423975, 0.3602463073136756, -0.43099003017169435, 0.359952312826221, 0.3056282417937711, -0.5090631173204512, 0.28187922567746415, -0.8651696440517384, 0.7167150419440919, -0.017225018568577555, -0.0742273010538234]], "inverted": false, "swapped": false, "error_lsq": 0.052199572942663364, "error_max": 0.3483472760386847, "target": "113.xyz", "model": "20.xyz", "model_rescale": 4.509807711582248, "target_rescale": 4.1566504249280145},
{"mapping": [1, 5, 2, 4, 11, 7, 8, 9, 6, 0, 3, 12], "R": [[0.19178385572985568, -0.848602808420542, 0.49304383803284624], [0.6053646711392829, 0.49770332152511876, 0.6211481455170679], [-0.7724976165774353, 0.17934513454129108, 0.6091656220590165]], "T": [-0.00901576977261324, -0.010596987505896382, 0.08251878145367271], "aligned_model": [[-0.4684467981392648, 0.39686061860245, 0.23374242661552241, 0.1859548408987405, 0.19377585031451203, -0.2221660204011205, -0.6172188283115257, -0.42848041185207814, 0.0018078106920447375, -0.07339399022885952, 0.5810076488091458, -0.1613103812948831], [-0.7556018693879063, 0.4011204541395132, 0.42568409387690753, -0.6576385476498485, -0.6323906927710234, 0.561786795127089, 0.06409003859950574, 0.3024730287026337, -0.09657630238807008, -0.25790511286032297, -0.1599417911222653, -0.07201266265067603], [0.22753412009204593, -0.3369716525809852, 0.42766968007592515, -0.40201294800467613, 0.22357667879631027, 0.00022674264878967676, -0.4878689821392181, 0.43162716152949926, -0.8250673773689929, 0.7156298448800538, 0.08608277678333162, -0.060426044712082835]], "inverted": true, "swapped": false, "error_lsq": 0.04909873567427369, "error_max": 0.2665128518228773, "target": "113.xyz", "model": "21.xyz", "model_rescale": 4.466005644533646, "target_rescale": 4.1566504249280145},
{"mapping": [0, 6, 2, 3, 11, 8, 7, 10, 5, 1, 4, 12], "R": [[-0.19178393568236596, 0.8486028153445367, 0.49304379501572515], [-0.605364629778195, -0.4977033457894312, 0.6211481663850542], [0.7724976291404986, -0.17934503444291996, 0.609165635597558]], "T": [-0.009015759979534892, -0.010596992655285353, 0.08251877771341301], "aligned_model": [[-0.4684469135703956, 0.3968605815835942, 0.23374251053294903, 0.18595478867979517, 0.19377612283800108, -0.22216608955138267, -0.6172188661721999, -0.42848033586162076, 0.001807804962776955, -0.07339413694957832, 0.5810075653006125, -0.16131026608786828], [-0.7556018093238316, 0.40112048006125456, 0.4256840490069477, -0.657638529587582, -0.6323908668701612, 0.5617868501566512, 0.0640900729048075, 0.3024729951106617, -0.09657629719058913, -0.2579050320719879, -0.15994175233573832, -0.07201272824489614], [0.22753413312815526, -0.33697162358928046, 0.4276696593052972, -0.40201288645582267, 0.2235766645222697, 0.0002267112549800554, -0.4878690283073136, 0.4316270877533658, -0.825067363151574, 0.7156298726904488, 0.08608285310647086, -0.06042608025699642]], "inverted": false, "swapped": false, "error_lsq": 0.04909872971949488, "error_max": 0.2665128028346424, "target": "113.xyz", "model": "22.xyz", "model_rescale": 4.46600560860683, "target_rescale": 4.1566504249280145},
{"mapping": [11, 5, 4, 1, 0, 6, 9, 8, 3, 2, 12, 13], "R": [[-0.5547463122779284, -0.8316409483332182, 0.025097053003585543], [0.826988697328947, -0.5478290257951399, 0.12638454409665537], [-0.09135766800992062, 0.09086633893677751, 0.9916637963261621]], "T": [-0.049749638608787464, -0.05088612995435328, -0.0023658953647102228], "aligned_model": [[-0.4445169366709294, 0.4023517281905614, 0.42226550300147914, 0.2608646510531812, 0.2807784258640989, -0.2206404465526412, -0.6339515480221046, -0.6140377732111869, -0.15400442733068592, -0.11417687770885046, 0.5712911196115298, -0.1340906525197682], [-0.5441691810310282, 0.22695718470137244, 0.3272396103057544, -0.6587408588434511, -0.5584584332390692, 0.6490090149625403, -0.04334516768615471, 0.05693725791822722, -0.15472503538819765, 0.045839815820566204, -0.1690141661212077, -0.05444260978381574], [-0.32957807545107326, -0.4492883667644205, 0.3375677444035988, -0.33282807796209907, 0.45402803320592033, 0.3128298897895626, -0.3886123613999376, 0.3982437497680818, -0.7866342394005194, 0.7870779829355193, -0.003028150892132198, 0.0002218717674998395]], "inverted": true, "swapped": false, "error_lsq": 0.05296764378398896, "error_max": 0.3590639404796278, "target": "113.xyz", "model": "23.xyz", "model_rescale": 4.509807674373902, "target_rescale": 4.1566504249280145},
{"mapping": [11, 4, 5, 0, 1, 7, 8, 9, 2, 3, 12, 13], "R": [[0.5511935291183145, 0.8306471542673958, -0.07880988875499836], [-0.8326370617537867, 0.5536821529858784, 0.012312467622023832], [0.05386294507468861, 0.058833481729366324, 0.9968136257974616]], "T": [-0.04443377563607605, -0.05155464764106865, -0.06762318935210752], "aligned_model": [[-0.4605106478221939, 0.44839621876050256, 0.38586288557129106, 0.3051575707329829, 0.24262423754377138, -0.25446860701378576, -0.58566936305883, -0.6482026962480415, -0.06601464238923935, -0.19108130876766227, 0.574587093974339, -0.1285479755784508], [-0.4940393689305925, 0.2749862339956688, 0.2847558156097598, -0.6180564410649125, -0.6082868594508215, 0.6079709420922513, 0.000693703085462051, 0.01046328469955312, -0.06505770928246626, -0.045518546054284126, -0.169535495415707, -0.055288127668375195], [0.30295002440303886, -0.430696044362938, 0.3602463053125045, -0.4309900440506548, 0.35995230562478775, 0.3056282422486492, -0.5090631267754248, 0.28187922290001777, -0.865169644567293, 0.7167150547835914, -0.017225000624427757, -0.07422729489185086]], "inverted": false, "swapped": false, "error_lsq": 0.052199573220611854, "error_max": 0.3483473339200733, "target": "113.xyz", "model": "24.xyz", "model_rescale": 4.509807674373903, "target_rescale": 4.1566504249280145},
{"mapping": [1, 5, 2, 4, 11, 7, 8, 9, 6, 0, 3, 12], "R": [[0.19178393568236554, -0.8486028153445365, 0.4930437950157256], [0.6053646297781948, 0.4977033457894313, 0.6211481663850541], [-0.7724976291404986, 0.17934503444292038, 0.6091656355975577]], "T": [-0.009015759979534771, -0.010596992655285326, 0.08251877771341301], "aligned_model": [[-0.4684469135703955, 0.39686058158359416, 0.23374251053294942, 0.185954788679795, 0.1937761228380012, -0.22216608955138265, -0.6172188661722001, -0.4284803358616206, 0.0018078049627765769, -0.07339413694957793, 0.5810075653006126, -0.16131026608786833], [-0.7556018093238315, 0.40112048006125445, 0.42568404900694756, -0.6576385295875821, -0.6323908668701613, 0.5617868501566511, 0.06409007290480764, 0.3024729951106617, -0.0965762971905891, -0.2579050320719879, -0.1599417523357385, -0.07201272824489614], [0.2275341331281556, -0.3369716235892809, 0.427669659305297, -0.4020128864558228, 0.22357666452226957, 0.00022671125498002764, -0.48786902830731316, 0.4316270877533659, -0.825067363151574, 0.7156298726904488, 0.08608285310647043, -0.06042608025699639]], "inverted": true, "swapped": false, "error_lsq": 0.04909872971949488, "error_max": 0.2665128028346427, "target": "113.xyz", "model": "25.xyz", "model_rescale": 4.466005608606829, "target_rescale": 4.1566504249280145},
{"mapping": [0, 6, 2, 3, 11, 8, 7, 10, 5, 1, 4, 12], "R": [[-0.19178382526390125, 0.8486028186882724, 0.49304383221115844], [-0.6053647043365373, -0.4977032919716218, 0.621148136843497], [0.7724975981261576, -0.17934516797207012, 0.609165635615132]], "T": [-0.009015778103933666, -0.010597015184596457, 0.08251880856141151], "aligned_model": [[-0.4684467851551006, 0.3968605953512905, 0.23374242364331843, 0.18595481143183212, 0.19377587411826075, -0.22216601506661893, -0.617218801188809, -0.4284803827008301, 0.0018078092291003468, -0.07339399903291044, 0.5810075975540223, -0.1613103624788718], [-0.7556019502852847, 0.40112050261467347, 0.42568410915355537, -0.6576385922060508, -0.6323906253239449, 0.5617868076033005, 0.0640900795981156, 0.3024730311842786, -0.09657622539051133, -0.25790522228009993, -0.15994186420086598, -0.07201261885162957], [0.22753420874724017, -0.33697168622629137, 0.4276696171372463, -0.40201284038811635, 0.22357658709663042, 0.00022671144184627234, -0.48786900305152, 0.43162710597288645, -0.8250674007196577, 0.7156299232406064, 0.08608287410524984, -0.06042609735611999]], "inverted": false, "swapped": false, "error_lsq": 0.04909874504017377, "error_max": 0.2665129658796205, "target": "113.xyz", "model": "26.xyz", "model_rescale": 4.466005838112752, "target_rescale": 4.1566504249280145},
{"mapping": [10, 4, 5, 0, 1, 7, 8, 9, 2, 3, 12, 13], "R": [[0.554746419562723, 0.8316408766953677, 0.025097055438828147], [-0.8269886271430479, 0.5478291325931846, 0.12638454042427724], [0.09135765188749075, -0.0908663507111375, 0.9916637967325643]], "T": [-0.04974962009889425, -0.050886163907755425, -0.0023658913779136316], "aligned_model": [[-0.4445169958803301, 0.4023518346465027, 0.42226561042405386, 0.2608648796198654, 0.28077865539741653, -0.22064047250368685, -0.6339514786793307, -0.6140377029017795, -0.15400455890309628, -0.114177007347994, 0.5712907849586075, -0.13409078312554515], [-0.5441692082412487, 0.22695716713914205, 0.32723958496669825, -0.658740852326252, -0.5584584344986959, 0.6490090754934281, -0.04334512148134954, 0.05693729634620663, -0.1547250412270358, 0.04583979442807656, -0.16901420558395408, -0.0544426233994796], [-0.3295780516797312, -0.44928834759028324, 0.33756772574392857, -0.3328280679274304, 0.4540280054067814, 0.31282986634197535, -0.3886123478944531, 0.3982437254397587, -0.7866341962051884, 0.7870779504632353, -0.0030281392276162496, 0.00022187712902358315]], "inverted": false, "swapped": false, "error_lsq": 0.05296765024062878, "error_max": 0.35906389416122864, "target": "113.xyz", "model": "27.xyz", "model_rescale": 4.509807893063789, "target_rescale": 4.1566504249280145},
{"mapping": [11, 4, 5, 0, 1, 7, 8, 9, 2, 3, 12, 13], "R": [[0.5511936360664492, 0.8306470833819193, -0.07880988788824295], [-0.8326369906113482, 0.5536822600182362, 0.012312465503546751], [0.05386295039750777, 0.05883347525184168, 0.9968136258921557]], "T": [-0.044433757565027335, -0.05155468165882697, -0.06762318422310966], "aligned_model": [[-0.46051070510449943, 0.4483963233554037, 0.3858629938863075, 0.3051577968382647, 0.24262446736916843, -0.25446863146697823, -0.5856692955453766, -0.6482026250144728, -0.06601477670063176, -0.19108143563882418, 0.5745867598960503, -0.12854810616972795], [-0.49403940096976456, 0.2749862135281894, 0.284755792987584, -0.6180564366048199, -0.6082868571454253, 0.6079710058410805, 0.000693747262268625, 0.010463326721663245, -0.06505772088057048, -0.04551856196178125, -0.16953553574171193, -0.055288141421175864], [0.30295000363621016, -0.43069601296062443, 0.36024629843552924, -0.43099000512277197, 0.3599523062733817, 0.305628225056826, -0.5090630987796606, 0.2818792126164931, -0.8651696130969955, 0.7167150096953112, -0.017225024052856107, -0.0742273017008422]], "inverted": false, "swapped": false, "error_lsq": 0.05219957989439231, "error_max": 0.3483472878432917, "target": "113.xyz", "model": "28.xyz", "model_rescale": 4.5098078930637895, "target_rescale": 4.1566504249280145},
{"mapping": [1, 5, 2, 4, 11, 7, 8, 9, 6, 0, 3, 12], "R": [[0.1917838252639007, -0.8486028186882727, 0.493043832211158], [0.6053647043365377, 0.4977032919716212, 0.6211481368434972], [-0.7724975981261576, 0.17934516797207037, 0.6091656356151322]], "T": [-0.009015778103933666, -0.010597015184596409, 0.08251880856141157], "aligned_model": [[-0.4684467851550999, 0.39686059535129, 0.23374242364331804, 0.18595481143183262, 0.19377587411826125, -0.22216601506661948, -0.617218801188809, -0.4284803827008304, 0.0018078092291003468, -0.07339399903291029, 0.5810075975540223, -0.16131036247887176], [-0.755601950285285, 0.4011205026146738, 0.42568410915355537, -0.6576385922060506, -0.6323906253239449, 0.5617868076033002, 0.0640900795981155, 0.30247303118427826, -0.09657622539051094, -0.25790522228010015, -0.15994186420086573, -0.0720126188516296], [0.22753420874724023, -0.3369716862262915, 0.4276696171372464, -0.40201284038811647, 0.2235765870966303, 0.00022671144184634173, -0.4878690030515197, 0.43162710597288656, -0.8250674007196576, 0.7156299232406064, 0.08608287410524966, -0.060426097356119965]], "inverted": true, "swapped": false, "error_lsq": 0.04909874504017377, "error_max": 0.26651296587962087, "target": "113.xyz", "model": "29.xyz", "model_rescale": 4.466005838112752, "target_rescale": 4.1566504249280145},
