[{"mapping": [9, 8, 5, 0, 6, 3, 2, 10, 2, 7, 4, 11], "R": [[0.08168967653999193, -0.9683648788810557, 0.23578858771465222], [-0.6067019769376931, -0.23601132166751665, -0.7590858760539859], [0.7907208786459903, -0.08104392262489957, -0.6067885749409616]], "T": [-0.06216954143708351, -0.011534819387863215, 0.0745090513067797], "aligned_model": [[-0.4303219078072448, 0.2800045149431638, 0.3374592966023301, -0.000728754937143257, 0.2307548029777128, -0.31073287430326335, -0.123685645931596, -0.6173691361789121, -0.123685645931596, 0.04370757460604547, 0.5245065249739974, -0.1877759833088105], [-0.6541798295666268, 0.34885119425207683, 0.3973372295353895, -0.6716386862737891, -0.6679725321055197, 0.655714624728184, 0.05354422034964362, -0.05200942518808638, 0.05354422034964362, -0.06580212772697941, -0.20483317484315078, -0.06946828189524895], [0.08171882058655286, -0.24336640538544996, 0.3719779683577356, -0.38318097431808723, 0.35585745233832095, -0.20312670951453132, -0.6844821569955364, 0.5630742680675578, -0.6844821569955364, 0.837212899819326, -0.10937747912326934, 0.09817447316291758]], "inverted": true, "swapped": false, "error_lsq": 0.061045522930333995, "error_max": 0.47268373087408516, "target": "114.xyz", "model": "0.xyz", "model_rescale": 4.5108708085295355, "target_rescale": 4.1566504249280145},
{"mapping": [10, 8, 4, 1, 7, 2, 3, 9, 3, 6, 5, 11], "R": [[-0.08168967653999176, 0.9683648788810555, 0.23578858771465216], [0.6067019769376931, 0.23601132166751654, -0.7590858760539858], [-0.79072087864599, 0.08104392262489968, -0.6067885749409614]], "T": [-0.062169541437083496, -0.01153481938786323, 0.07450905130677968], "aligned_model": [[-0.43032190780724466, 0.28000451494316375, 0.33745929660233, -0.0007287549371432153, 0.2307548029777126, -0.3107328743032631, -0.1236856459315959, -0.6173691361789119, -0.1236856459315959, 0.0437075746060454, 0.5245065249739971, -0.1877759833088105], [-0.6541798295666266, 0.34885119425207683, 0.39733722953538925, -0.6716386862737892, -0.6679725321055197, 0.6557146247281835, 0.053544220349643665, -0.0520094251880865, 0.053544220349643665, -0.06580212772697965, -0.20483317484315078, -0.06946828189524887], [0.0817188205865528, -0.24336640538544976, 0.37197796835773533, -0.3831809743180872, 0.3558574523383209, -0.2031267095145314, -0.6844821569955359, 0.5630742680675573, -0.6844821569955359, 0.8372128998193253, -0.1093774791232692, 0.09817447316291758]], "inverted": false, "swapped": false, "error_lsq": 0.061045522930334, "error_max": 0.47268373087408505, "target": "114.xyz", "model": "1.xyz", "model_rescale": 4.510870808529536, "target_rescale": 4.1566504249280145},
{"mapping": [9, 8, 5, 0, 6, 3, 2, 10, 2, 7, 4, 11], "R": [[0.08168967653999226, -0.9683648788810557, 0.23578858771465228], [-0.6067019769376931, -0.23601132166751698, -0.7590858760539859], [0.7907208786459902, -0.0810439226248994, -0.6067885749409616]], "T": [-0.062169541437083496, -0.011534819387863264, 0.07450905130677966], "aligned_model": [[-0.4303219078072446, 0.28000451494316364, 0.3374592966023301, -0.0007287549371431876, 0.23075480297771303, -0.3107328743032635, -0.1236856459315962, -0.617369136178912, -0.1236856459315962, 0.04370757460604568, 0.5245065249739974, -0.1877759833088106], [-0.6541798295666269, 0.34885119425207717, 0.39733722953538964, -0.6716386862737892, -0.6679725321055197, 0.6557146247281838, 0.05354422034964352, -0.05200942518808659, 0.05354422034964352, -0.06580212772697941, -0.20483317484315067, -0.06946828189524881], [0.08171882058655285, -0.24336640538544985, 0.37197796835773544, -0.3831809743180873, 0.35585745233832067, -0.20312670951453127, -0.6844821569955363, 0.5630742680675578, -0.6844821569955363, 0.8372128998193257, -0.10937747912326949, 0.09817447316291773]], "inverted": true, "swapped": false, "error_lsq": 0.061045522930334016, "error_max": 0.472683730874085, "target": "114.xyz", "model": "2.xyz", "model_rescale": 4.5108708085295355, "target_rescale": 4.1566504249280145},
{"mapping": [11, 4, 5, 2, 3, 7, 9, 10, 0, 1, 8, 13], "R": [[0.5547462925897355, 0.8316409614938702, 0.02509705208774534], [-0.8269887102183551, 0.5478290062768474, 0.12638454436007587], [0.09135767088387037, -0.09086633616072243, 0.9916637963157682]], "T": [-0.04974956094876166, -0.05088614534256884, -0.002365895391734476], "aligned_model": [[-0.44451686325339185, 0.4023518072051339, 0.4222655809861157, 0.2608647110637472, 0.280778484844729, -0.2206403511597285, -0.633951644189443, -0.6140378704084613, -0.15400447045848506, -0.11417692289652148, 0.5712910006484921, -0.13409069667750328], [-0.544169179960048, 0.22695715413078843, 0.32723957841710277, -0.6587408725195442, -0.5584584482332299, 0.6490089931813697, -0.043345291339055625, 0.0569371329472587, -0.15472486405481617, 0.045839984517812446, -0.16901431570360015, -0.05444243976850186], [-0.32957807161317754, -0.4492883584595298, 0.3375677407181289, -0.332828071223582, 0.4540280279540767, 0.31282988369587456, -0.38861233768310843, 0.39824376149455026, -0.7866342480602541, 0.787077950295063, -0.0030281282354465817, 0.00022185111740451657]], "inverted": false, "swapped": false, "error_lsq": 0.05296765552042106, "error_max": 0.35906395843486216, "target": "114.xyz", "model": "3.xyz", "model_rescale": 4.509807743048502, "target_rescale": 4.1566504249280145},
{"mapping": [12, 4, 5, 2, 3, 7, 9, 10, 0, 1, 8, 13], "R": [[0.5511935096282858, 0.8306471673215927, -0.07880988747782058], [-0.8326370747701988, 0.5536821334029227, 0.01231246801071519], [0.05386294330780228, 0.05883348171748892, 0.9968136258936364]], "T": [-0.0444336983988749, -0.05155466302962776, -0.06762318203067794], "aligned_model": [[-0.4605105742675566, 0.4483962957975177, 0.3858629645739565, 0.3051576289896724, 0.24262429776611122, -0.2544685107279888, -0.5856694609778672, -0.6482027922014284, -0.06601468815205551, -0.19108135059917802, 0.574586974879117, -0.12854801937561675], [-0.4940393683582077, 0.2749862025992175, 0.2847557843729542, -0.6180564554997703, -0.6082868737260336, 0.6079709210433198, 0.0006935774791685945, 0.01046315925290528, -0.06505753816176842, -0.045518374614295046, -0.1695356463839221, -0.05528795638803173], [0.30295002584532904, -0.43069603152262026, 0.3602463061847957, -0.43099003237286826, 0.3599523053345477, 0.3056282450612057, -0.509063125164361, 0.2818792125430549, -0.8651696370428699, 0.7167150383719626, -0.01722500790272296, -0.0742272993354537]], "inverted": false, "swapped": false, "error_lsq": 0.05219958522411459, "error_max": 0.3483473539191344, "target": "114.xyz", "model": "4.xyz", "model_rescale": 4.509807743048502, "target_rescale": 4.1566504249280145},
{"mapping": [11, 4, 5, 2, 3, 7, 9, 10, 0, 1, 8, 13], "R": [[0.5547462925897355, 0.8316409614938702, 0.025097052087745354], [-0.8269887102183551, 0.5478290062768474, 0.12638454436007587], [0.09135767088387037, -0.09086633616072244, 0.9916637963157682]], "T": [-0.049749560948761665, -0.050886145342568856, -0.002365895391734552], "aligned_model": [[-0.44451686325339185, 0.4023518072051339, 0.4222655809861157, 0.2608647110637472, 0.280778484844729, -0.22064035115972852, -0.633951644189443, -0.6140378704084613, -0.1540044704584851, -0.11417692289652148, 0.5712910006484921, -0.13409069667750328], [-0.544169179960048, 0.22695715413078843, 0.32723957841710277, -0.6587408725195442, -0.5584584482332299, 0.6490089931813697, -0.04334529133905563, 0.05693713294725869, -0.1547248640548162, 0.04583998451781243, -0.16901431570360015, -0.05444243976850184], [-0.32957807161317754, -0.4492883584595298, 0.33756774071812884, -0.332828071223582, 0.45402802795407665, 0.3128298836958745, -0.3886123376831084, 0.39824376149455026, -0.7866342480602542, 0.7870779502950629, -0.003028128235446372, 0.00022185111740473428]], "inverted": false, "swapped": false, "error_lsq": 0.05296765552042106, "error_max": 0.35906395843486216, "target": "114.xyz", "model": "5.xyz", "model_rescale": 4.509807743048502, "target_rescale": 4.1566504249280145},
{"mapping": [11, 4, 5, 2, 3, 7, 9, 10, 0, 1, 8, 13], "R": [[0.5547463527978466, 0.8316409212418445, 0.02509705507631159], [-0.8269886708137071, 0.5478290659489996, 0.12638454354557999], [0.09135766198444978, -0.09086634480082845, 0.9916637963439384]], "T": [-0.04974957856474292, -0.05088615599355081, -0.0023658935151488207], "aligned_model": [[-0.4445169554981327, 0.4023518722218443, 0.42226564906582076, 0.2608648358743169, 0.2807786127182934, -0.22064051311203364, -0.6339514107063043, -0.6140376338623278, -0.15400458598491323, -0.11417703229696026, 0.5712907364260168, -0.13409080914093674], [-0.5441692958329645, 0.22695724735231607, 0.3272396744754107, -0.6587408204781733, -0.5584583933550786, 0.6490089330603098, -0.04334516024971386, 0.05693726687338077, -0.1547249444378592, 0.045839909808330026, -0.1690144682856573, -0.05444251731476459], [-0.329578067539265, -0.4492883869294864, 0.33756773960000075, -0.332828096262889, 0.45402803026659816, 0.31282991050649395, -0.3886123723433945, 0.39824375418609265, -0.7866342623583107, 0.7870779907006633, -0.003028103997679756, 0.0002218641711763127]], "inverted": false, "swapped": false, "error_lsq": 0.052967648193071114, "error_max": 0.3590638965085417, "target": "114.xyz", "model": "6.xyz", "model_rescale": 4.509807586411629, "target_rescale": 4.1566504249280145},
{"mapping": [12, 4, 5, 2, 3, 7, 9, 10, 0, 1, 8, 13], "R": [[0.5511935691681158, 0.8306471273749844, -0.07880989209103252], [-0.8326370349807913, 0.5536821932652984, 0.01231246682536397], [0.05386294910335274, 0.05883348234309704, 0.9968136255435489]], "T": [-0.044433715488504194, -0.05155467374518301, -0.06762318561146645], "aligned_model": [[-0.4605106675404669, 0.4483963658478559, 0.3858630287919077, 0.30515775814152435, 0.2426244210855761, -0.2544686759233584, -0.5856692226827761, -0.6482025597387243, -0.06601479413163598, -0.19108146824353248, 0.574586711285898, -0.1285481311875842], [-0.4940394840206922, 0.2749862983442061, 0.2847558795167234, -0.6180564010510143, -0.6082868198784972, 0.607970858451843, 0.0006937119250390589, 0.010463293097556281, -0.06505761585700319, -0.04551845351196872, -0.16953580071616992, -0.055288034684485954], [0.3029500290396784, -0.43069604081101615, 0.36024632409001717, -0.4309900382034663, 0.359952326697567, 0.30562824417865075, -0.509063126768357, 0.2818792381326763, -0.8651696748674844, 0.7167150549345828, -0.017225026456397806, -0.07422730996645097]], "inverted": false, "swapped": false, "error_lsq": 0.052199577536416415, "error_max": 0.3483472841111749, "target": "114.xyz", "model": "7.xyz", "model_rescale": 4.509807586411629, "target_rescale": 4.1566504249280145},
{"mapping": [11, 4, 5, 2, 3, 7, 9, 10, 0, 1, 8, 13], "R": [[0.5547463527978465, 0.8316409212418447, 0.025097055076311596], [-0.8269886708137073, 0.5478290659489995, 0.12638454354557999], [0.09135766198444978, -0.09086634480082843, 0.9916637963439385]], "T": [-0.04974957856474293, -0.05088615599355081, -0.002365893515148888], "aligned_model": [[-0.4445169554981328, 0.40235187222184443, 0.4222656490658209, 0.26086483587431686, 0.28077861271829335, -0.22064051311203353, -0.6339514107063043, -0.6140376338623278, -0.15400458598491326, -0.11417703229696027, 0.5712907364260168, -0.13409080914093674], [-0.5441692958329645, 0.22695724735231607, 0.3272396744754107, -0.6587408204781734, -0.5584583933550787, 0.6490089330603099, -0.04334516024971374, 0.05693726687338088, -0.15472494443785917, 0.04583990980833004, -0.16901446828565742, -0.05444251731476454], [-0.3295780675392651, -0.44928838692948647, 0.33756773960000075, -0.33282809626288906, 0.45402803026659816, 0.31282991050649395, -0.3886123723433946, 0.39824375418609265, -0.7866342623583109, 0.7870779907006633, -0.003028103997679523, 0.0002218641711765378]], "inverted": false, "swapped": false, "error_lsq": 0.052967648193071114, "error_max": 0.35906389650854176, "target": "114.xyz", "model": "8.xyz", "model_rescale": 4.509807586411629, "target_rescale": 4.1566504249280145},
{"mapping": [9, 6, 7, 2, 3, 5, 11, 12, 0, 1, 8, 13], "R": [[-0.5547462374651644, -0.831640998081234, 0.025097058168089027], [0.8269887462750092, -0.5478289502822968, 0.12638455114089386], [-0.09135767922146376, 0.09086633888875344, 0.9916637952976919]], "T": [-0.04974959118807609, -0.050886097132441764, -0.0023659008128670504], "aligned_model": [[-0.4445168541639112, 0.4023517281694696, 0.4222655078284946, 0.260864749869053, 0.28077852952807797, -0.22064043690505925, -0.6339516117292952, -0.6140378320702702, -0.15400448047453627, -0.1141769211564864, 0.5712910876246581, -0.13409070081551133], [-0.5441690736827628, 0.22695712247543778, 0.32723955744722427, -0.65874081916793, -0.5584583841961436, 0.6490090317114766, -0.043345146491928485, 0.05693728847985797, -0.15472506520917306, 0.04583980473439984, -0.16901425424753538, -0.0544426302373866], [-0.32957810113690483, -0.44928837876214595, 0.33756776123357674, -0.3328280982990742, 0.45402804169664845, 0.31282989866315136, -0.38861237503754975, 0.39824376495817293, -0.7866342639969972, 0.7870780159944479, -0.003028141312051003, 0.00022187599872536875]], "inverted": false, "swapped": false, "error_lsq": 0.05296765289872185, "error_max": 0.3590640171107161, "target": "114.xyz", "model": "9.xyz", "model_rescale": 4.509807504472865, "target_rescale": 4.1566504249280145},
{"mapping": [10, 6, 7, 2, 3, 5, 11, 12, 0, 1, 8, 13], "R": [[-0.5511934538289275, -0.8306472042292357, -0.07880988873417336], [0.8326371120739018, -0.553682077368706, 0.012312465143382476], [-0.05386293766005426, -0.058833487970958366, 0.9968136258297238]], "T": [-0.04443372805848853, -0.05155461431625706, -0.06762318844522887], "aligned_model": [[-0.4605105642115197, 0.44839622271260704, 0.3858628871840589, 0.30515767278775796, 0.24262433725920987, -0.2544686002617206, -0.5856694227608257, -0.6482027582893739, -0.06601468806472252, -0.19108135912181878, 0.5745870620643013, -0.12854802359327064], [-0.49403925686460076, 0.2749861772042456, 0.28475575721966356, -0.6180563957829239, -0.6082868157675061, 0.6079709542600396, 0.0006937301449682909, 0.010463310160386208, -0.06505772822259687, -0.04551856819176102, -0.16953558433719934, -0.05528814820717894], [0.3029500410768496, -0.43069605997290533, 0.3602463195258437, -0.43099005538284635, 0.35995232411590267, 0.30562825681563255, -0.5090631491116187, 0.28187923038713036, -0.8651696803834287, 0.7167150786140699, -0.017225004799950358, -0.07422730088467958]], "inverted": false, "swapped": false, "error_lsq": 0.052199582591510786, "error_max": 0.3483474170490506, "target": "114.xyz", "model": "10.xyz", "model_rescale": 4.509807504472865, "target_rescale": 4.1566504249280145},
{"mapping": [9, 7, 6, 3, 2, 4, 12, 11, 1, 0, 8, 13], "R": [[0.5511934538289279, 0.8306472042292354, -0.07880988873417344], [-0.8326371120739016, 0.5536820773687064, 0.012312465143382394], [0.05386293766005426, 0.05883348797095844, 0.9968136258297237]], "T": [-0.044433728058488546, -0.05155461431625706, -0.06762318844522877], "aligned_model": [[-0.4605105642115196, 0.44839622271260693, 0.3858628871840587, 0.3051576727877583, 0.24262433725921007, -0.25446860026172097, -0.5856694227608257, -0.6482027582893739, -0.06601468806472247, -0.19108135912181884, 0.5745870620643014, -0.12854802359327064], [-0.49403925686460104, 0.27498617720424595, 0.2847557572196638, -0.6180563957829238, -0.608286815767506, 0.6079709542600394, 0.0006937301449680133, 0.010463310160385868, -0.06505772822259683, -0.04551856819176112, -0.169535584337199, -0.05528814820717898], [0.30295004107684964, -0.4306960599729054, 0.36024631952584374, -0.4309900553828464, 0.3599523241159027, 0.30562825681563266, -0.5090631491116187, 0.2818792303871305, -0.8651696803834285, 0.7167150786140698, -0.017225004799950414, -0.07422730088467967]], "inverted": true, "swapped": false, "error_lsq": 0.052199582591510786, "error_max": 0.34834741704905053, "target": "114.xyz", "model": "11.xyz", "model_rescale": 4.509807504472865, "target_rescale": 4.1566504249280145},
{"mapping": [9, 6, 7, 2, 3, 5, 11, 12, 0, 1, 8, 13], "R": [[-0.5547463468892854, -0.8316409253041869, 0.025097051065584196], [0.8269886746836891, -0.5478290606609405, 0.12638454114434808], [-0.09135766283081205, 0.09086633950230202, 0.9916637967514716]], "T": [-0.04974970063315343, -0.050886171647423456, -0.0023658884499508596], "aligned_model": [[-0.44451706346000264, 0.40235173611678077, 0.422265508983068, 0.2608646990008223, 0.2807784718671096, -0.22064044086579457, -0.6339515075064046, -0.6140377346401173, -0.15400439332739338, -0.1141768475948188, 0.5712909575925403, -0.1340906204611061], [-0.5441692884416145, 0.22695721862363524, 0.3272396398364521, -0.6587408131628314, -0.5584583919500146, 0.6490090113480045, -0.043345171475462685, 0.05693724973735417, -0.15472501538875022, 0.04583982703688344, -0.16901424037218649, -0.0544425941759334], [-0.3295780524471293, -0.44928836118018617, 0.33756773424806025, -0.3328280778525839, 0.4540280175756625, 0.31282988357787384, -0.38861235469024025, 0.3982437407380061, -0.7866342266063999, 0.7870779642500925, -0.003028136435002252, 0.00022186882184632196]], "inverted": false, "swapped": false, "error_lsq": 0.052967637201641556, "error_max": 0.35906385351473596, "target": "114.xyz", "model": "12.xyz", "model_rescale": 4.509807766519439, "target_rescale": 4.1566504249280145},
{"mapping": [10, 6, 7, 2, 3, 5, 11, 12, 0, 1, 8, 13], "R": [[-0.5511935638837346, -0.830647131169603, -0.0788098890549651], [0.8326370385183836, -0.553682187906656, 0.012312468567870863], [-0.053862948494151734, -0.058833479198557276, 0.9968136257620628]], "T": [-0.0444338376799958, -0.051554689832733556, -0.06762319240763448], "aligned_model": [[-0.4605107749095021, 0.44839622503278015, 0.3858628928832509, 0.3051576172070455, 0.2426242850575162, -0.2544686001209721, -0.5856693242262465, -0.6482026563757759, -0.0660146115063745, -0.19108127580543316, 0.5745869321242989, -0.12854794365590383], [-0.49403947926007313, 0.27498626554631905, 0.2847558477112974, -0.6180563972473464, -0.608286815082368, 0.6079709406305901, 0.0006936967461694463, 0.010463278911147782, -0.06505769410122891, -0.04551852977127224, -0.16953557053144805, -0.05528811193625058], [0.3029500092223938, -0.4306960349704394, 0.36024629851617995, -0.43099003082698184, 0.3599523026596375, 0.305628235332432, -0.5090631143943312, 0.28187921909228825, -0.8651696247423071, 0.7167150422309322, -0.017225010864117235, -0.07422729125568754]], "inverted": false, "swapped": false, "error_lsq": 0.052199566505521384, "error_max": 0.34834724189132604, "target": "114.xyz", "model": "13.xyz", "model_rescale": 4.509807766519439, "target_rescale": 4.1566504249280145},
{"mapping": [9, 7, 6, 3, 2, 4, 12, 11, 1, 0, 8, 13], "R": [[0.5511935638837352, 0.8306471311696024, -0.07880988905496547], [-0.832637038518383, 0.5536821879066566, 0.012312468567870879], [0.05386294849415199, 0.05883347919855755, 0.9968136257620627]], "T": [-0.0444338376799958, -0.05155468983273357, -0.06762319240763436], "aligned_model": [[-0.4605107749095019, 0.44839622503278004, 0.38586289288325043, 0.305157617207046, 0.24262428505751638, -0.2544686001209727, -0.5856693242262463, -0.6482026563757759, -0.0660146115063742, -0.19108127580543344, 0.5745869321242989, -0.12854794365590377], [-0.4940394792600734, 0.27498626554631933, 0.2847558477112977, -0.6180563972473461, -0.6082868150823677, 0.6079709406305899, 0.0006936967461689536, 0.010463278911147303, -0.065057694101229, -0.045518529771272305, -0.16953557053144755, -0.05528811193625066], [0.3029500092223938, -0.43069603497043935, 0.36024629851618023, -0.43099003082698184, 0.35995230265963774, 0.305628235332432, -0.5090631143943314, 0.28187921909228814, -0.8651696247423069, 0.7167150422309321, -0.01722501086411707, -0.07422729125568765]], "inverted": true, "swapped": false, "error_lsq": 0.0521995665055214, "error_max": 0.348347241891326, "target": "114.xyz", "model": "14.xyz", "model_rescale": 4.509807766519439, "target_rescale": 4.1566504249280145},
{"mapping": [9, 8, 7, 0, 4, 3, 2, 10, 2, 5, 6, 11], "R": [[-0.08168964662644201, 0.9683648834689343, 0.23578857923624033], [0.6067019495983503, 0.23601129982927402, -0.7590859046948888], [-0.7907209027132193, 0.08104393140201371, -0.6067885424060823]], "T": [-0.06216942735004774, -0.011534851834842826, 0.07450915123959075], "aligned_model": [[-0.4303217424557674, 0.28000453779184986, 0.33745933238766057, -0.000728778921079698, 0.23075458822950126, -0.310732856855932, -0.12368561976882121, -0.6173689795428781, -0.12368561976882121, 0.043707351142390494, 0.5245065694747714, -0.1877760160081904], [-0.6541798119385868, 0.3488513465260527, 0.3973372727469189, -0.6716386162430892, -0.6679726270199219, 0.655714549999614, 0.05354407318999765, -0.0520093351289705, 0.05354407318999765, -0.06580215021030561, -0.20483320406269742, -0.06946813943347302], [0.08171885969813712, -0.24336661082581995, 0.37197798824499906, -0.38318115840244327, 0.3558574906513371, -0.20312658318608, -0.6844820445948248, 0.5630743211068819, -0.6844820445948248, 0.837212952060082, -0.10937747316374567, 0.09817430300630137]], "inverted": true, "swapped": false, "error_lsq": 0.06104550962447672, "error_max": 0.4726836925500156, "target": "114.xyz", "model": "15.xyz", "model_rescale": 4.510870436145588, "target_rescale": 4.1566504249280145},
{"mapping": [9, 8, 7, 0, 4, 3, 2, 10, 2, 5, 6, 11], "R": [[-0.08168964662644118, 0.9683648834689341, 0.23578857923624022], [0.60670194959835, 0.23601129982927346, -0.7590859046948888], [-0.7907209027132192, 0.08104393140201402, -0.6067885424060817]], "T": [-0.062169427350047754, -0.011534851834842763, 0.07450915123959073], "aligned_model": [[-0.43032174245576765, 0.28000453779185003, 0.3374593323876605, -0.0007287789210797674, 0.23075458822950062, -0.3107328568559313, -0.12368561976882071, -0.6173689795428782, -0.12368561976882071, 0.04370735114238998, 0.5245065694747713, -0.18777601600819038], [-0.6541798119385862, 0.3488513465260523, 0.3973372727469185, -0.6716386162430892, -0.6679726270199218, 0.6557145499996135, 0.05354407318999754, -0.05200933512897016, 0.05354407318999754, -0.06580215021030555, -0.20483320406269762, -0.06946813943347296], [0.08171885969813714, -0.24336661082581984, 0.3719779882449989, -0.38318115840244293, 0.3558574906513373, -0.20312658318608035, -0.6844820445948245, 0.5630743211068814, -0.6844820445948245, 0.8372129520600815, -0.1093774731637453, 0.09817430300630124]], "inverted": true, "swapped": false, "error_lsq": 0.06104550962447672, "error_max": 0.4726836925500159, "target": "114.xyz", "model": "16.xyz", "model_rescale": 4.510870436145588, "target_rescale": 4.1566504249280145},
{"mapping": [10, 8, 6, 1, 5, 2, 3, 9, 3, 4, 7, 11], "R": [[0.08168964662644179, -0.9683648834689342, 0.23578857923623975], [-0.6067019495983508, -0.23601129982927338, -0.7590859046948883], [0.7907209027132185, -0.0810439314020136, -0.6067885424060827]], "T": [-0.06216942735004771, -0.011534851834842777, 0.07450915123959084], "aligned_model": [[-0.4303217424557676, 0.2800045377918499, 0.33745933238766085, -0.0007287789210801143, 0.23075458822950096, -0.31073285685593155, -0.12368561976882123, -0.617368979542878, -0.12368561976882123, 0.043707351142390646, 0.5245065694747711, -0.1877760160081903], [-0.6541798119385865, 0.3488513465260525, 0.39733727274691827, -0.6716386162430887, -0.6679726270199222, 0.655714549999614, 0.053544073189998084, -0.052009335128970616, 0.053544073189998084, -0.06580215021030629, -0.20483320406269762, -0.06946813943347313], [0.08171885969813666, -0.24336661082581973, 0.3719779882449991, -0.38318115840244354, 0.3558574906513364, -0.2031265831860794, -0.6844820445948245, 0.5630743211068818, -0.6844820445948245, 0.8372129520600815, -0.10937747316374594, 0.09817430300630126]], "inverted": false, "swapped": false, "error_lsq": 0.06104550962447672, "error_max": 0.47268369255001547, "target": "114.xyz", "model": "17.xyz", "model_rescale": 4.510870436145588, "target_rescale": 4.1566504249280145},
{"mapping": [0, 6, 2, 3, 11, 8, 7, 10, 5, 1, 4, 12], "R": [[-0.19178385572985554, 0.8486028084205416, 0.49304383803284635], [-0.6053646711392825, -0.497703321525119, 0.621148145517068], [0.7724976165774355, -0.17934513454129092, 0.609165622059016]], "T": [-0.009015769772613293, -0.010596987505896438, 0.08251878145367256], "aligned_model": [[-0.46844679813926476, 0.3968606186024498, 0.23374242661552244, 0.18595484089874006, 0.1937758503145118, -0.2221660204011202, -0.6172188283115257, -0.42848041185207775, 0.0018078106920444079, -0.07339399022885928, 0.5810076488091455, -0.1613103812948831], [-0.7556018693879059, 0.4011204541395129, 0.4256840938769075, -0.6576385476498487, -0.6323906927710233, 0.561786795127089, 0.06409003859950552, 0.30247302870263393, -0.09657630238807058, -0.25790511286032236, -0.15994179112226528, -0.07201266265067607], [0.22753412009204596, -0.3369716525809854, 0.42766968007592465, -0.4020129480046759, 0.22357667879631038, 0.00022674264878942696, -0.48786898213921814, 0.4316271615294991, -0.8250673773689929, 0.7156298448800534, 0.0860827767833316, -0.06042604471208288]], "inverted": false, "swapped": false, "error_lsq": 0.04909873567427369, "error_max": 0.26651285182287726, "target": "114.xyz", "model": "18.xyz", "model_rescale": 4.466005644533647, "target_rescale": 4.1566504249280145},
{"mapping": [11, 5, 4, 1, 0, 6, 9, 8, 3, 2, 12, 13], "R": [[-0.5547463722956422, -0.8316409083133441, 0.02509705250782917], [0.8269886580555398, -0.5478290858132634, 0.1263845409237282], [-0.0913576590786028, 0.0908663433662874, 0.9916637967430886]], "T": [-0.049749640067796266, -0.05088613143341762, -0.002365895076418834], "aligned_model": [[-0.4445169945703762, 0.40235179144972544, 0.4222655657029757, 0.2608647799187913, 0.28077855417204156, -0.22064040180560046, -0.6339514563301331, -0.6140376820768828, -0.1540045194627123, -0.11417697095621182, 0.5712908448725285, -0.13409074520946207], [-0.5441692658112166, 0.22695727628733153, 0.32723969854670487, -0.6587407706671228, -0.5584583484077495, 0.6490090546273509, -0.043345148394914094, 0.05693727386445922, -0.1547251002839628, 0.04583974423478383, -0.1690143043555388, -0.0544426780245895], [-0.32957806145520563, -0.4492883753711728, 0.33756772963567844, -0.33282809074824926, 0.45402801425860195, 0.3128298823854454, -0.38861236292096774, 0.3982437420858835, -0.7866342221882455, 0.7870779878254569, -0.0030281263258310678, 0.00022188281860556752]], "inverted": true, "swapped": false, "error_lsq": 0.05296764363698539, "error_max": 0.3590638878279285, "target": "114.xyz", "model": "19.xyz", "model_rescale": 4.509807711582247, "target_rescale": 4.1566504249280145},
{"mapping": [11, 4, 5, 0, 1, 7, 8, 9, 2, 3, 12, 13], "R": [[0.5511935889814268, 0.830647114319744, -0.07880989111816158], [-0.832637021746155, 0.5536822131419439, 0.012312467987056479], [0.05386295093538203, 0.05883347960576024, 0.9968136256061169]], "T": [-0.0444337769784519, -0.05155464916021263, -0.06762318894373386], "aligned_model": [[-0.46051070651891524, 0.4483962824750931, 0.3858629479267147, 0.3051576999214153, 0.2426243653730369, -0.25446856256315276, -0.5856692709497683, -0.6482026054981468, -0.06601473349330453, -0.1910814025900613, 0.5745868196634553, -0.1285480680416829], [-0.49403945589458176, 0.2749863244489902, 0.28475590627211966, -0.6180563535572718, -0.6082867717341425, 0.6079709836585188, 0.0006937208830176331, 0.010463302706147072, -0.06505777846182721, -0.04551861481556833, -0.16953563525116783, -0.055288196638697766], [0.3029500172953014, -0.4306960356842398, 0.3602463073136755, -0.43099003017169446, 0.35995231282622087, 0.305628241793771, -0.5090631173204512, 0.2818792256774641, -0.8651696440517385, 0.7167150419440917, -0.017225018568577624, -0.07422730105382347]], "inverted": false, "swapped": false, "error_lsq": 0.052199572942663364, "error_max": 0.34834727603868476, "target": "114.xyz", "model": "20.xyz", "model_rescale": 4.509807711582248, "target_rescale": 4.1566504249280145},
{"mapping": [1, 5, 2, 4, 11, 7, 8, 9, 6, 0, 3, 12], "R": [[0.19178385572985565, -0.8486028084205419, 0.49304383803284624], [0.6053646711392828, 0.49770332152511876, 0.6211481455170678], [-0.7724976165774352, 0.17934513454129108, 0.6091656220590165]], "T": [-0.009015769772613237, -0.010596987505896396, 0.08251878145367264], "aligned_model": [[-0.46844679813926476, 0.39686061860245, 0.23374242661552241, 0.18595484089874045, 0.19377585031451197, -0.22216602040112043, -0.6172188283115256, -0.428480411852078, 0.0018078106920446854, -0.07339399022885948, 0.5810076488091458, -0.1613103812948831], [-0.7556018693879061, 0.4011204541395131, 0.4256840938769075, -0.6576385476498485, -0.6323906927710236, 0.561786795127089, 0.06409003859950578, 0.3024730287026337, -0.09657630238807015, -0.25790511286032286, -0.1599417911222653, -0.07201266265067603], [0.22753412009204577, -0.33697165258098516, 0.4276696800759251, -0.4020129480046762, 0.22357667879631016, 0.00022674264878966288, -0.48786898213921803, 0.4316271615294992, -0.8250673773689929, 0.7156298448800535, 0.08608277678333157, -0.060426044712082905]], "inverted": true, "swapped": false, "error_lsq": 0.04909873567427369, "error_max": 0.26651285182287715, "target": "114.xyz", "model": "21.xyz", "model_rescale": 4.466005644533646, "target_rescale": 4.1566504249280145},
{"mapping": [0, 6, 2, 3, 11, 8, 7, 10, 5, 1, 4, 12], "R": [[-0.1917839356823658, 0.8486028153445367, 0.4930437950157252], [-0.605364629778195, -0.4977033457894312, 0.6211481663850543], [0.7724976291404986, -0.17934503444292016, 0.609165635597558]], "T": [-0.009015759979534885, -0.01059699265528534, 0.08251877771341294], "aligned_model": [[-0.4684469135703955, 0.3968605815835941, 0.23374251053294903, 0.18595478867979517, 0.19377612283800114, -0.2221660895513827, -0.6172188661722, -0.42848033586162076, 0.001807804962776851, -0.07339413694957818, 0.5810075653006125, -0.1613102660878683], [-0.7556018093238317, 0.40112048006125456, 0.4256840490069477, -0.6576385295875821, -0.6323908668701612, 0.5617868501566512, 0.06409007290480746, 0.3024729951106617, -0.09657629719058917, -0.25790503207198784, -0.15994175233573826, -0.07201272824489614], [0.22753413312815518, -0.33697162358928057, 0.42766965930529716, -0.4020128864558229, 0.22357666452226954, 0.00022671125498006928, -0.48786902830731355, 0.43162708775336583, -0.825067363151574, 0.7156298726904488, 0.08608285310647068, -0.06042608025699649]], "inverted": false, "swapped": false, "error_lsq": 0.04909872971949489, "error_max": 0.2665128028346425, "target": "114.xyz", "model": "22.xyz", "model_rescale": 4.46600560860683, "target_rescale": 4.1566504249280145},
{"mapping": [11, 5, 4, 1, 0, 6, 9, 8, 3, 2, 12, 13], "R": [[-0.5547463122779293, -0.8316409483332176, 0.025097053003585522], [0.8269886973289463, -0.5478290257951408, 0.1263845440966554], [-0.0913576680099206, 0.09086633893677762, 0.9916637963261621]], "T": [-0.04974963860878749, -0.05088612995435331, -0.002365895364710295], "aligned_model": [[-0.44451693667092895, 0.402351728190561, 0.4222655030014787, 0.26086465105318174, 0.28077842586409946, -0.22064044655264192, -0.6339515480221047, -0.614037773211187, -0.15400442733068592, -0.11417687770885049, 0.5712911196115299, -0.1340906525197682], [-0.5441691810310286, 0.22695718470137288, 0.3272396103057548, -0.6587408588434507, -0.5584584332390687, 0.64900901496254, -0.043345167686155366, 0.0569372579182266, -0.15472503538819782, 0.04583981582056611, -0.169014166121207, -0.054442609783815855], [-0.32957807545107326, -0.4492883667644207, 0.3375677444035987, -0.3328280779620991, 0.4540280332059203, 0.31282988978956255, -0.3886123613999376, 0.3982437497680818, -0.7866342394005195, 0.7870779829355192, -0.0030281508921323396, 0.00022187176749977663]], "inverted": true, "swapped": false, "error_lsq": 0.05296764378398896, "error_max": 0.35906394047962775, "target": "114.xyz", "model": "23.xyz", "model_rescale": 4.509807674373902, "target_rescale": 4.1566504249280145},
{"mapping": [11, 4, 5, 0, 1, 7, 8, 9, 2, 3, 12, 13], "R": [[0.5511935291183145, 0.8306471542673958, -0.07880988875499836], [-0.8326370617537867, 0.5536821529858784, 0.012312467622023832], [0.05386294507468861, 0.05883348172936634, 0.9968136257974616]], "T": [-0.04443377563607605, -0.05155464764106865, -0.0676231893521076], "aligned_model": [[-0.4605106478221939, 0.44839621876050256, 0.38586288557129106, 0.3051575707329829, 0.24262423754377138, -0.25446860701378576, -0.58566936305883, -0.6482026962480415, -0.06601464238923935, -0.19108130876766227, 0.574587093974339, -0.1285479755784508], [-0.4940393689305925, 0.2749862339956688, 0.2847558156097598, -0.6180564410649125, -0.6082868594508215, 0.6079709420922513, 0.000693703085462051, 0.01046328469955312, -0.06505770928246626, -0.045518546054284126, -0.169535495415707, -0.055288127668375195], [0.3029500244030388, -0.43069604436293807, 0.36024630531250446, -0.43099004405065483, 0.3599523056247877, 0.30562824224864915, -0.5090631267754249, 0.2818792229000177, -0.865169644567293, 0.7167150547835914, -0.01722500062442782, -0.07422729489185093]], "inverted": false, "swapped": false, "error_lsq": 0.052199573220611854, "error_max": 0.34834733392007333, "target": "114.xyz", "model": "24.xyz", "model_rescale": 4.509807674373903, "target_rescale": 4.1566504249280145},
{"mapping": [1, 5, 2, 4, 11, 7, 8, 9, 6, 0, 3, 12], "R": [[0.19178393568236551, -0.8486028153445367, 0.49304379501572515], [0.605364629778195, 0.497703345789431, 0.6211481663850542], [-0.7724976291404986, 0.17934503444292027, 0.6091656355975579]], "T": [-0.009015759979534826, -0.010596992655285332, 0.08251877771341297], "aligned_model": [[-0.46844691357039525, 0.39686058158359394, 0.23374251053294906, 0.18595478867979534, 0.19377612283800133, -0.22216608955138292, -0.6172188661722001, -0.42848033586162093, 0.001807804962776799, -0.07339413694957808, 0.5810075653006125, -0.1613102660878683], [-0.7556018093238317, 0.4011204800612546, 0.4256840490069477, -0.657638529587582, -0.6323908668701613, 0.5617868501566511, 0.06409007290480748, 0.3024729951106615, -0.09657629719058894, -0.2579050320719881, -0.15994175233573835, -0.07201272824489616], [0.22753413312815546, -0.33697162358928084, 0.4276696593052971, -0.40201288645582284, 0.22357666452226954, 0.0002267112549799999, -0.4878690283073134, 0.4316270877533659, -0.8250673631515743, 0.7156298726904488, 0.08608285310647049, -0.06042608025699649]], "inverted": true, "swapped": false, "error_lsq": 0.04909872971949488, "error_max": 0.2665128028346428, "target": "114.xyz", "model": "25.xyz", "model_rescale": 4.466005608606829, "target_rescale": 4.1566504249280145},
{"mapping": [0, 6, 2, 3, 11, 8, 7, 10, 5, 1, 4, 12], "R": [[-0.19178382526390086, 0.8486028186882723, 0.49304383221115844], [-0.6053647043365372, -0.4977032919716217, 0.621148136843497], [0.7724975981261576, -0.17934516797207034, 0.6091656356151317]], "T": [-0.009015778103933648, -0.010597015184596464, 0.0825188085614114], "aligned_model": [[-0.46844678515510035, 0.39686059535129015, 0.23374242364331843, 0.1859548114318321, 0.19377587411826094, -0.222166015066619, -0.6172188011888091, -0.42848038270083, 0.0018078092291000311, -0.07339399903291016, 0.5810075975540222, -0.1613103624788718], [-0.7556019502852847, 0.40112050261467347, 0.42568410915355537, -0.6576385922060508, -0.6323906253239447, 0.5617868076033004, 0.06409007959811555, 0.3024730311842786, -0.09657622539051139, -0.2579052222800998, -0.15994186420086598, -0.07201261885162957], [0.22753420874724023, -0.33697168622629164, 0.42766961713724605, -0.4020128403881164, 0.22357658709663025, 0.00022671144184620295, -0.48786900305151976, 0.4316271059728864, -0.8250674007196577, 0.7156299232406061, 0.08608287410524952, -0.06042609735612002]], "inverted": false, "swapped": false, "error_lsq": 0.04909874504017378, "error_max": 0.2665129658796207, "target": "114.xyz", "model": "26.xyz", "model_rescale": 4.466005838112752, "target_rescale": 4.1566504249280145},
{"mapping": [10, 4, 5, 0, 1, 7, 8, 9, 2, 3, 12, 13], "R": [[0.554746419562723, 0.8316408766953677, 0.02509705543882816], [-0.8269886271430479, 0.5478291325931846, 0.12638454042427727], [0.09135765188749076, -0.09086635071113752, 0.9916637967325643]], "T": [-0.04974962009889425, -0.050886163907755425, -0.002365891377913705], "aligned_model": [[-0.4445169958803301, 0.4023518346465027, 0.42226561042405386, 0.2608648796198654, 0.28077865539741653, -0.22064047250368685, -0.6339514786793307, -0.6140377029017795, -0.1540045589030963, -0.11417700734799399, 0.5712907849586075, -0.13409078312554515], [-0.5441692082412487, 0.22695716713914205, 0.32723958496669825, -0.6587408523262521, -0.5584584344986959, 0.6490090754934281, -0.04334512148134955, 0.05693729634620666, -0.15472504122703581, 0.04583979442807659, -0.16901420558395408, -0.0544426233994796], [-0.32957805167973125, -0.44928834759028335, 0.33756772574392846, -0.33282806792743047, 0.45402800540678134, 0.3128298663419753, -0.3886123478944531, 0.3982437254397587, -0.7866341962051884, 0.7870779504632353, -0.00302813922761633, 0.0002218771290235116]], "inverted": false, "swapped": false, "error_lsq": 0.05296765024062879, "error_max": 0.35906389416122864, "target": "114.xyz", "model": "27.xyz", "model_rescale": 4.509807893063789, "target_rescale": 4.1566504249280145},
{"mapping": [11, 4, 5, 0, 1, 7, 8, 9, 2, 3, 12, 13], "R": [[0.5511936360664492, 0.8306470833819193, -0.07880988788824297], [-0.8326369906113482, 0.5536822600182362, 0.012312465503546755], [0.0538629503975078, 0.05883347525184171, 0.9968136258921557]], "T": [-0.04443375756502733, -0.05155468165882698, -0.06762318422310974], "aligned_model": [[-0.4605107051044995, 0.44839632335540375, 0.38586299388630746, 0.3051577968382647, 0.24262446736916843, -0.25446863146697823, -0.5856692955453766, -0.6482026250144728, -0.06601477670063172, -0.19108143563882418, 0.5745867598960503, -0.12854810616972795], [-0.49403940096976456, 0.2749862135281894, 0.284755792987584, -0.6180564366048199, -0.6082868571454253, 0.6079710058410805, 0.000693747262268618, 0.010463326721663238, -0.06505772088057049, -0.04551856196178126, -0.16953553574171193, -0.05528814142117587], [0.30295000363621005, -0.4306960129606245, 0.3602462984355292, -0.4309900051227721, 0.3599523062733816, 0.30562822505682585, -0.5090630987796606, 0.281879212616493, -0.8651696130969956, 0.7167150096953111, -0.01722502405285617, -0.0742273017008423]], "inverted": false, "swapped": false, "error_lsq": 0.05219957989439231, "error_max": 0.3483472878432917, "target": "114.xyz", "model": "28.xyz", "model_rescale": 4.5098078930637895, "target_rescale": 4.1566504249280145},
{"mapping": [1, 5, 2, 4, 11, 7, 8, 9, 6, 0, 3, 12], "R": [[0.1917838252639007, -0.8486028186882727, 0.49304383221115805], [0.6053647043365377, 0.4977032919716212, 0.6211481368434971], [-0.7724975981261575, 0.17934516797207045, 0.6091656356151322]], "T": [-0.009015778103933659, -0.010597015184596416, 0.0825188085614115], "aligned_model": [[-0.4684467851550999, 0.39686059535129, 0.23374242364331804, 0.18595481143183262, 0.19377587411826125, -0.22216601506661948, -0.617218801188809, -0.4284803827008304, 0.0018078092291003538, -0.07339399903291027, 0.5810075975540223, -0.1613103624788718], [-0.7556019502852849, 0.4011205026146738, 0.42568410915355537, -0.6576385922060505, -0.6323906253239449, 0.5617868076033002, 0.06409007959811555, 0.3024730311842782, -0.09657622539051089, -0.2579052222801002, -0.15994186420086573, -0.0720126188516296], [0.22753420874724004, -0.3369716862262915, 0.42766961713724627, -0.4020128403881166, 0.2235765870966301, 0.00022671144184632785, -0.4878690030515198, 0.43162710597288645, -0.8250674007196577, 0.7156299232406061, 0.08608287410524953, -0.060426097356120034]], "inverted": true, "swapped": false, "error_lsq": 0.04909874504017377, "error_max": 0.26651296587962076, "target": "114.xyz", "model": "29.xyz", "model_rescale": 4.466005838112752, "target_rescale": 4.1566504249280145},
