[{"mapping": [10, 4, 8, 7, 1, 2, 9, 3, 6, 3, 5, 11], "R": [[0.08168967653999204, -0.9683648788810557, -0.2357885877146521], [-0.6067019769376931, -0.23601132166751665, 0.7590858760539858], [-0.79072087864599, 0.08104392262489946, -0.6067885749409616]], "T": [-0.06216954143708353, -0.011534819387863153, -0.07450905130677961], "aligned_model": [[-0.4303219078072448, 0.33745929660233015, 0.28000451494316375, 0.23075480297771278, -0.000728754937143361, -0.31073287430326335, -0.617369136178912, -0.12368564593159612, 0.04370757460604559, -0.12368564593159612, 0.5245065249739974, -0.18777598330881054], [-0.6541798295666267, 0.3973372295353894, 0.3488511942520769, -0.6679725321055198, -0.671638686273789, 0.6557146247281839, -0.05200942518808648, 0.05354422034964363, -0.06580212772697952, 0.05354422034964363, -0.20483317484315078, -0.0694682818952489], [-0.08171882058655265, -0.37197796835773533, 0.24336640538545, -0.3558574523383205, 0.38318097431808734, 0.20312670951453143, -0.5630742680675577, 0.6844821569955364, -0.8372128998193256, 0.6844821569955364, 0.1093774791232696, -0.09817447316291748]], "inverted": true, "swapped": false, "error_lsq": 0.061045522930334, "error_max": 0.472683730874085, "target": "115.xyz", "model": "0.xyz", "model_rescale": 4.5108708085295355, "target_rescale": 4.1566504249280145},
{"mapping": [9, 5, 8, 6, 0, 3, 10, 2, 7, 2, 4, 11], "R": [[-0.08168967653999265, 0.9683648788810557, -0.23578858771465194], [0.6067019769376933, 0.23601132166751687, 0.7590858760539857], [0.79072087864599, -0.08104392262489898, -0.6067885749409619]], "T": [-0.06216954143708346, -0.01153481938786323, -0.0745090513067796], "aligned_model": [[-0.43032190780724455, 0.3374592966023302, 0.2800045149431634, 0.23075480297771306, -0.0007287549371433749, -0.3107328743032635, -0.6173691361789114, -0.12368564593159655, 0.043707574606046115, -0.12368564593159655, 0.5245065249739972, -0.1877759833088104], [-0.6541798295666267, 0.39733722953538936, 0.3488511942520769, -0.6679725321055197, -0.671638686273789, 0.6557146247281838, -0.05200942518808678, 0.05354422034964389, -0.06580212772697981, 0.05354422034964389, -0.2048331748431505, -0.06946828189524906], [-0.08171882058655286, -0.37197796835773517, 0.24336640538545024, -0.35585745233832045, 0.38318097431808756, 0.20312670951453116, -0.5630742680675578, 0.6844821569955362, -0.8372128998193256, 0.6844821569955362, 0.10937747912326984, -0.09817447316291747]], "inverted": false, "swapped": false, "error_lsq": 0.06104552293033399, "error_max": 0.47268373087408455, "target": "115.xyz", "model": "1.xyz", "model_rescale": 4.510870808529536, "target_rescale": 4.1566504249280145},
{"mapping": [10, 4, 8, 7, 1, 2, 9, 3, 6, 3, 5, 11], "R": [[0.08168967653999226, -0.9683648788810555, -0.23578858771465272], [-0.6067019769376935, -0.23601132166751732, 0.7590858760539856], [-0.7907208786459898, 0.08104392262489984, -0.6067885749409619]], "T": [-0.062169541437083586, -0.011534819387863174, -0.07450905130677964], "aligned_model": [[-0.4303219078072444, 0.33745929660232976, 0.2800045149431636, 0.2307548029777131, -0.0007287549371428892, -0.31073287430326374, -0.6173691361789122, -0.12368564593159605, 0.04370757460604539, -0.12368564593159605, 0.5245065249739975, -0.18777598330881048], [-0.6541798295666271, 0.3973372295353897, 0.3488511942520771, -0.6679725321055198, -0.671638686273789, 0.6557146247281839, -0.052009425188087, 0.05354422034964383, -0.0658021277269797, 0.05354422034964383, -0.2048331748431504, -0.06946828189524923], [-0.08171882058655223, -0.3719779683577357, 0.2433664053854499, -0.35585745233832033, 0.3831809743180876, 0.20312670951453105, -0.5630742680675574, 0.6844821569955363, -0.8372128998193256, 0.6844821569955363, 0.10937747912326955, -0.09817447316291728]], "inverted": true, "swapped": false, "error_lsq": 0.061045522930333995, "error_max": 0.472683730874085, "target": "115.xyz", "model": "2.xyz", "model_rescale": 4.5108708085295355, "target_rescale": 4.1566504249280145},
{"mapping": [12, 5, 4, 3, 2, 6, 10, 9, 1, 0, 8, 13], "R": [[-0.5547462925897345, -0.8316409614938707, 0.025097052087745698], [0.8269887102183555, -0.5478290062768464, 0.12638454436007576], [-0.09135767088387017, 0.09086633616072257, 0.9916637963157681]], "T": [-0.04974956094876163, -0.050886145342568814, -0.0023658953917341683], "aligned_model": [[-0.4445168632533924, 0.40235180720513414, 0.42226558098611616, 0.2608647110637465, 0.2807784848447285, -0.22064035115972763, -0.6339516441894429, -0.6140378704084609, -0.1540044704584853, -0.11417692289652115, 0.571291000648492, -0.13409069667750323], [-0.5441691799600474, 0.22695715413078787, 0.3272395784171021, -0.6587408725195443, -0.55845844823323, 0.6490089931813697, -0.043345291339054966, 0.056937132947259286, -0.15472486405481597, 0.04583998451781249, -0.16901431570360076, -0.054442439768501744], [-0.32957807161317726, -0.44928835845952964, 0.33756774071812895, -0.3328280712235819, 0.4540280279540767, 0.3128298836958747, -0.38861233768310804, 0.39824376149455054, -0.7866342480602536, 0.7870779502950632, -0.00302812823544642, 0.00022185111740484226]], "inverted": true, "swapped": false, "error_lsq": 0.05296765552042105, "error_max": 0.35906395843486233, "target": "115.xyz", "model": "3.xyz", "model_rescale": 4.509807743048502, "target_rescale": 4.1566504249280145},
{"mapping": [12, 4, 5, 2, 3, 7, 9, 10, 0, 1, 8, 13], "R": [[0.5511935096282858, 0.8306471673215927, -0.07880988747782056], [-0.8326370747701988, 0.5536821334029227, 0.012312468010715182], [0.05386294330780225, 0.05883348171748891, 0.9968136258936364]], "T": [-0.0444336983988749, -0.05155466302962776, -0.06762318203067774], "aligned_model": [[-0.4605105742675566, 0.4483962957975177, 0.3858629645739565, 0.3051576289896724, 0.24262429776611122, -0.2544685107279888, -0.5856694609778672, -0.6482027922014284, -0.06601468815205554, -0.191081350599178, 0.574586974879117, -0.12854801937561675], [-0.4940393683582077, 0.2749862025992175, 0.2847557843729542, -0.6180564554997703, -0.6082868737260336, 0.6079709210433198, 0.0006935774791685945, 0.01046315925290528, -0.06505753816176842, -0.045518374614295046, -0.1695356463839221, -0.05528795638803173], [0.30295002584532926, -0.4306960315226201, 0.36024630618479586, -0.43099003237286804, 0.3599523053345479, 0.3056282450612059, -0.5090631251643609, 0.2818792125430551, -0.8651696370428695, 0.7167150383719629, -0.017225007902722786, -0.07422729933545351]], "inverted": false, "swapped": false, "error_lsq": 0.05219958522411456, "error_max": 0.34834735391913424, "target": "115.xyz", "model": "4.xyz", "model_rescale": 4.509807743048502, "target_rescale": 4.1566504249280145},
{"mapping": [11, 4, 5, 2, 3, 7, 9, 10, 0, 1, 8, 13], "R": [[0.5547462925897355, 0.8316409614938702, 0.025097052087745354], [-0.8269887102183551, 0.5478290062768474, 0.12638454436007587], [0.09135767088387037, -0.09086633616072244, 0.9916637963157682]], "T": [-0.049749560948761665, -0.050886145342568856, -0.002365895391734361], "aligned_model": [[-0.44451686325339185, 0.4023518072051339, 0.4222655809861157, 0.2608647110637472, 0.280778484844729, -0.22064035115972852, -0.633951644189443, -0.6140378704084613, -0.1540044704584851, -0.11417692289652148, 0.5712910006484921, -0.13409069667750328], [-0.544169179960048, 0.22695715413078843, 0.32723957841710277, -0.6587408725195442, -0.5584584482332299, 0.6490089931813697, -0.04334529133905563, 0.05693713294725869, -0.1547248640548162, 0.04583998451781243, -0.16901431570360015, -0.05444243976850184], [-0.32957807161317737, -0.44928835845952964, 0.337567740718129, -0.3328280712235818, 0.4540280279540768, 0.31282988369587467, -0.3886123376831082, 0.39824376149455043, -0.786634248060254, 0.7870779502950631, -0.0030281282354461805, 0.00022185111740492553]], "inverted": false, "swapped": false, "error_lsq": 0.05296765552042106, "error_max": 0.35906395843486244, "target": "115.xyz", "model": "5.xyz", "model_rescale": 4.509807743048502, "target_rescale": 4.1566504249280145},
{"mapping": [11, 4, 5, 2, 3, 7, 9, 10, 0, 1, 8, 13], "R": [[0.5547463527978466, 0.8316409212418445, 0.025097055076311582], [-0.8269886708137071, 0.5478290659489996, 0.12638454354557993], [0.09135766198444972, -0.0908663448008284, 0.9916637963439384]], "T": [-0.04974957856474292, -0.05088615599355081, -0.0023658935151486277], "aligned_model": [[-0.4445169554981327, 0.4023518722218443, 0.42226564906582076, 0.2608648358743169, 0.28077861271829335, -0.22064051311203364, -0.6339514107063043, -0.6140376338623278, -0.15400458598491323, -0.11417703229696026, 0.5712907364260168, -0.13409080914093674], [-0.5441692958329644, 0.22695724735231612, 0.3272396744754107, -0.6587408204781733, -0.5584583933550786, 0.6490089330603098, -0.04334516024971384, 0.05693726687338074, -0.15472494443785917, 0.04583990980832997, -0.1690144682856573, -0.05444251731476459], [-0.3295780675392649, -0.44928838692948625, 0.3375677396000009, -0.3328280962628889, 0.45402803026659827, 0.31282991050649417, -0.38861237234339435, 0.3982437541860928, -0.7866342623583105, 0.7870779907006635, -0.00302810399767957, 0.00022186417117650483]], "inverted": false, "swapped": false, "error_lsq": 0.052967648193071114, "error_max": 0.35906389650854204, "target": "115.xyz", "model": "6.xyz", "model_rescale": 4.509807586411629, "target_rescale": 4.1566504249280145},
{"mapping": [12, 4, 5, 2, 3, 7, 9, 10, 0, 1, 8, 13], "R": [[0.5511935691681159, 0.8306471273749841, -0.0788098920910325], [-0.8326370349807911, 0.5536821932652986, 0.012312466825363948], [0.05386294910335272, 0.058833482343097016, 0.9968136255435488]], "T": [-0.0444337154885042, -0.05155467374518301, -0.06762318561146625], "aligned_model": [[-0.4605106675404668, 0.44839636584785575, 0.38586302879190754, 0.30515775814152446, 0.24262442108557628, -0.2544686759233586, -0.585669222682776, -0.6482025597387242, -0.066014794131636, -0.19108146824353242, 0.5745867112858979, -0.1285481311875842], [-0.4940394840206922, 0.2749862983442061, 0.2847558795167234, -0.6180564010510142, -0.6082868198784971, 0.6079708584518428, 0.0006937119250389548, 0.010463293097556163, -0.0650576158570032, -0.045518453511968766, -0.1695358007161698, -0.05528803468448598], [0.30295002903967855, -0.43069604081101587, 0.36024632409001733, -0.43099003820346604, 0.35995232669756716, 0.3056282441786509, -0.5090631267683567, 0.28187923813267646, -0.8651696748674841, 0.7167150549345829, -0.017225026456397632, -0.07422730996645077]], "inverted": false, "swapped": false, "error_lsq": 0.05219957753641639, "error_max": 0.34834728411117466, "target": "115.xyz", "model": "7.xyz", "model_rescale": 4.509807586411629, "target_rescale": 4.1566504249280145},
{"mapping": [12, 5, 4, 3, 2, 6, 10, 9, 1, 0, 8, 13], "R": [[-0.5547463527978465, -0.8316409212418447, 0.0250970550763118], [0.8269886708137073, -0.5478290659489995, 0.12638454354558], [-0.0913576619844497, 0.09086634480082861, 0.9916637963439385]], "T": [-0.04974957856474292, -0.050886155993550786, -0.002365893515148449], "aligned_model": [[-0.4445169554981329, 0.4023518722218443, 0.422265649065821, 0.26086483587431675, 0.2807786127182934, -0.22064051311203342, -0.6339514107063045, -0.6140376338623278, -0.1540045859849134, -0.1141770322969601, 0.5712907364260168, -0.13409080914093677], [-0.5441692958329645, 0.22695724735231604, 0.3272396744754107, -0.6587408204781733, -0.5584583933550786, 0.6490089330603099, -0.04334516024971376, 0.056937266873380896, -0.15472494443785917, 0.045839909808330095, -0.16901446828565747, -0.05444251731476458], [-0.3295780675392648, -0.44928838692948636, 0.33756773960000086, -0.3328280962628889, 0.4540280302665983, 0.31282991050649417, -0.38861237234339424, 0.398243754186093, -0.7866342623583105, 0.7870779907006638, -0.0030281039976797885, 0.00022186417117640769]], "inverted": true, "swapped": false, "error_lsq": 0.052967648193071114, "error_max": 0.3590638965085418, "target": "115.xyz", "model": "8.xyz", "model_rescale": 4.509807586411629, "target_rescale": 4.1566504249280145},
{"mapping": [9, 6, 7, 2, 3, 5, 11, 12, 0, 1, 8, 13], "R": [[-0.5547462374651644, -0.831640998081234, 0.025097058168089], [0.8269887462750092, -0.5478289502822968, 0.12638455114089386], [-0.09135767922146379, 0.09086633888875342, 0.9916637952976919]], "T": [-0.04974959118807609, -0.050886097132441764, -0.00236590081286686], "aligned_model": [[-0.4445168541639112, 0.4023517281694696, 0.4222655078284946, 0.260864749869053, 0.28077852952807797, -0.22064043690505927, -0.6339516117292952, -0.6140378320702702, -0.15400448047453624, -0.11417692115648641, 0.5712910876246581, -0.13409070081551133], [-0.5441690736827628, 0.22695712247543778, 0.32723955744722427, -0.65874081916793, -0.5584583841961436, 0.6490090317114766, -0.043345146491928485, 0.05693728847985797, -0.15472506520917306, 0.04583980473439984, -0.16901425424753538, -0.0544426302373866], [-0.32957810113690467, -0.4492883787621458, 0.3375677612335769, -0.33282809829907406, 0.4540280416966486, 0.31282989866315153, -0.3886123750375496, 0.3982437649581731, -0.786634263996997, 0.7870780159944482, -0.0030281413120507917, 0.0002218759987255574]], "inverted": false, "swapped": false, "error_lsq": 0.05296765289872186, "error_max": 0.35906401711071634, "target": "115.xyz", "model": "9.xyz", "model_rescale": 4.509807504472865, "target_rescale": 4.1566504249280145},
{"mapping": [10, 6, 7, 2, 3, 5, 11, 12, 0, 1, 8, 13], "R": [[-0.5511934538289275, -0.8306472042292357, -0.07880988873417337], [0.8326371120739018, -0.553682077368706, 0.01231246514338246], [-0.05386293766005425, -0.05883348797095838, 0.9968136258297238]], "T": [-0.044433728058488525, -0.05155461431625706, -0.06762318844522867], "aligned_model": [[-0.4605105642115197, 0.44839622271260704, 0.3858628871840589, 0.30515767278775796, 0.24262433725920987, -0.2544686002617206, -0.5856694227608257, -0.6482027582893739, -0.0660146880647225, -0.19108135912181878, 0.5745870620643013, -0.1285480235932706], [-0.49403925686460076, 0.2749861772042456, 0.28475575721966356, -0.6180563957829239, -0.6082868157675061, 0.6079709542600396, 0.0006937301449682978, 0.0104633101603862, -0.06505772822259685, -0.04551856819176103, -0.16953558433719934, -0.05528814820717894], [0.3029500410768497, -0.43069605997290517, 0.36024631952584385, -0.4309900553828462, 0.35995232411590283, 0.30562825681563277, -0.5090631491116184, 0.28187923038713053, -0.8651696803834285, 0.7167150786140701, -0.017225004799950164, -0.07422730088467938]], "inverted": false, "swapped": false, "error_lsq": 0.05219958259151076, "error_max": 0.3483474170490503, "target": "115.xyz", "model": "10.xyz", "model_rescale": 4.509807504472865, "target_rescale": 4.1566504249280145},
{"mapping": [9, 7, 6, 3, 2, 4, 12, 11, 1, 0, 8, 13], "R": [[0.5511934538289276, 0.8306472042292354, -0.07880988873417338], [-0.8326371120739016, 0.5536820773687061, 0.012312465143382387], [0.053862937660054205, 0.05883348797095843, 0.9968136258297235]], "T": [-0.04443372805848854, -0.05155461431625706, -0.06762318844522856], "aligned_model": [[-0.4605105642115196, 0.44839622271260693, 0.3858628871840588, 0.305157672787758, 0.2426243372592099, -0.2544686002617207, -0.5856694227608256, -0.6482027582893738, -0.0660146880647225, -0.19108135912181878, 0.5745870620643012, -0.1285480235932706], [-0.4940392568646008, 0.27498617720424573, 0.28475575721966356, -0.6180563957829238, -0.608286815767506, 0.6079709542600394, 0.000693730144968159, 0.010463310160386007, -0.06505772822259681, -0.04551856819176111, -0.16953558433719917, -0.055288148207178964], [0.30295004107684975, -0.43069605997290517, 0.3602463195258439, -0.4309900553828462, 0.3599523241159029, 0.3056282568156328, -0.5090631491116184, 0.2818792303871306, -0.8651696803834281, 0.7167150786140699, -0.01722500479995024, -0.07422730088467946]], "inverted": true, "swapped": false, "error_lsq": 0.05219958259151075, "error_max": 0.34834741704905037, "target": "115.xyz", "model": "11.xyz", "model_rescale": 4.509807504472865, "target_rescale": 4.1566504249280145},
{"mapping": [9, 6, 7, 2, 3, 5, 11, 12, 0, 1, 8, 13], "R": [[-0.5547463468892854, -0.8316409253041869, 0.02509705106558421], [0.8269886746836891, -0.5478290606609405, 0.1263845411443481], [-0.09135766283081206, 0.09086633950230204, 0.9916637967514716]], "T": [-0.04974970063315343, -0.050886171647423456, -0.0023658884499506688], "aligned_model": [[-0.44451706346000264, 0.40235173611678077, 0.422265508983068, 0.2608646990008223, 0.2807784718671096, -0.22064044086579457, -0.6339515075064046, -0.6140377346401173, -0.1540043933273934, -0.1141768475948188, 0.5712909575925403, -0.1340906204611061], [-0.5441692884416145, 0.22695721862363524, 0.3272396398364521, -0.6587408131628314, -0.5584583919500146, 0.6490090113480045, -0.0433451714754627, 0.05693724973735417, -0.15472501538875025, 0.04583982703688347, -0.16901424037218649, -0.0544425941759334], [-0.3295780524471291, -0.449288361180186, 0.33756773424806036, -0.33282807785258367, 0.4540280175756627, 0.312829883577874, -0.3886123546902401, 0.3982437407380063, -0.7866342266063997, 0.7870779642500927, -0.003028136435002061, 0.00022186882184651278]], "inverted": false, "swapped": false, "error_lsq": 0.052967637201641556, "error_max": 0.3590638535147362, "target": "115.xyz", "model": "12.xyz", "model_rescale": 4.509807766519439, "target_rescale": 4.1566504249280145},
{"mapping": [10, 6, 7, 2, 3, 5, 11, 12, 0, 1, 8, 13], "R": [[-0.5511935638837346, -0.830647131169603, -0.07880988905496494], [0.8326370385183836, -0.553682187906656, 0.012312468567870744], [-0.05386294849415155, -0.058833479198557234, 0.9968136257620628]], "T": [-0.044433837679995807, -0.05155468983273355, -0.06762319240763427], "aligned_model": [[-0.46051077490950204, 0.4483962250327801, 0.38586289288325093, 0.30515761720704543, 0.24262428505751626, -0.25446860012097205, -0.5856693242262466, -0.6482026563757758, -0.06601461150637464, -0.19108127580543305, 0.5745869321242989, -0.12854794365590383], [-0.4940394792600732, 0.2749862655463191, 0.28475584771129736, -0.6180563972473463, -0.6082868150823681, 0.60797094063059, 0.0006936967461695018, 0.01046327891114774, -0.06505769410122882, -0.045518529771272326, -0.16953557053144802, -0.05528811193625057], [0.302950009222394, -0.4306960349704392, 0.3602462985161802, -0.43099003082698173, 0.3599523026596376, 0.30562823533243233, -0.5090631143943308, 0.2818792190922885, -0.8651696247423067, 0.7167150422309325, -0.01722501086411713, -0.07422729125568733]], "inverted": false, "swapped": false, "error_lsq": 0.05219956650552135, "error_max": 0.3483472418913258, "target": "115.xyz", "model": "13.xyz", "model_rescale": 4.509807766519439, "target_rescale": 4.1566504249280145},
{"mapping": [9, 7, 6, 3, 2, 4, 12, 11, 1, 0, 8, 13], "R": [[0.5511935638837353, 0.8306471311696023, -0.07880988905496544], [-0.8326370385183829, 0.5536821879066567, 0.012312468567870875], [0.053862948494151984, 0.05883347919855753, 0.9968136257620626]], "T": [-0.0444338376799958, -0.05155468983273358, -0.06762319240763416], "aligned_model": [[-0.4605107749095018, 0.44839622503278, 0.3858628928832504, 0.3051576172070461, 0.2426242850575165, -0.25446860012097283, -0.5856693242262463, -0.6482026563757759, -0.06601461150637422, -0.19108127580543344, 0.5745869321242988, -0.12854794365590377], [-0.49403947926007347, 0.2749862655463194, 0.28475584771129775, -0.6180563972473462, -0.6082868150823678, 0.6079709406305899, 0.0006936967461688634, 0.010463278911147206, -0.06505769410122902, -0.04551852977127233, -0.16953557053144752, -0.055288111936250675], [0.30295000922239396, -0.43069603497043907, 0.3602462985161804, -0.4309900308269815, 0.35995230265963796, 0.30562823533243216, -0.5090631143943312, 0.2818792190922883, -0.8651696247423065, 0.7167150422309322, -0.017225010864116888, -0.07422729125568746]], "inverted": true, "swapped": false, "error_lsq": 0.05219956650552137, "error_max": 0.3483472418913257, "target": "115.xyz", "model": "14.xyz", "model_rescale": 4.509807766519439, "target_rescale": 4.1566504249280145},
{"mapping": [9, 7, 8, 4, 0, 3, 10, 2, 5, 2, 6, 11], "R": [[0.08168964662644213, -0.968364883468934, -0.23578857923624014], [-0.6067019495983506, -0.23601129982927388, 0.7590859046948881], [-0.7907209027132185, 0.08104393140201355, -0.6067885424060826]], "T": [-0.06216942735004771, -0.011534851834842881, -0.07450915123959062], "aligned_model": [[-0.4303217424557672, 0.3374593323876605, 0.28000453779184964, 0.23075458822950123, -0.0007287789210797813, -0.31073285685593194, -0.6173689795428778, -0.12368561976882131, 0.04370735114239062, -0.12368561976882131, 0.5245065694747711, -0.18777601600819036], [-0.6541798119385867, 0.39733727274691844, 0.3488513465260527, -0.6679726270199219, -0.6716386162430887, 0.6557145499996136, -0.05200933512897083, 0.053544073189997925, -0.06580215021030605, 0.053544073189997925, -0.20483320406269734, -0.06946813943347308], [-0.08171885969813661, -0.37197798824499895, 0.24336661082581978, -0.35585749065133626, 0.3831811584024437, 0.20312658318607957, -0.5630743211068816, 0.6844820445948245, -0.8372129520600813, 0.6844820445948245, 0.10937747316374605, -0.09817430300630123]], "inverted": false, "swapped": false, "error_lsq": 0.06104550962447672, "error_max": 0.47268369255001524, "target": "115.xyz", "model": "15.xyz", "model_rescale": 4.510870436145588, "target_rescale": 4.1566504249280145},
{"mapping": [9, 7, 8, 4, 0, 3, 10, 2, 5, 2, 6, 11], "R": [[0.08168964662644146, -0.9683648834689342, -0.23578857923624008], [-0.606701949598351, -0.23601129982927338, 0.7590859046948883], [-0.7907209027132187, 0.08104393140201399, -0.6067885424060829]], "T": [-0.06216942735004774, -0.011534851834842819, -0.07450915123959069], "aligned_model": [[-0.4303217424557676, 0.3374593323876607, 0.28000453779185, 0.23075458822950076, -0.0007287789210798923, -0.31073285685593144, -0.6173689795428782, -0.12368561976882095, 0.04370735114239027, -0.12368561976882095, 0.5245065694747713, -0.1877760160081904], [-0.6541798119385864, 0.3973372727469182, 0.3488513465260527, -0.6679726270199222, -0.6716386162430888, 0.6557145499996141, -0.05200933512897071, 0.05354407318999832, -0.06580215021030644, 0.05354407318999832, -0.20483320406269756, -0.06946813943347305], [-0.08171885969813646, -0.3719779882449993, 0.24336661082581967, -0.35585749065133643, 0.383181158402444, 0.20312658318607957, -0.5630743211068816, 0.6844820445948248, -0.8372129520600816, 0.6844820445948248, 0.10937747316374584, -0.09817430300630119]], "inverted": false, "swapped": false, "error_lsq": 0.06104550962447672, "error_max": 0.4726836925500157, "target": "115.xyz", "model": "16.xyz", "model_rescale": 4.510870436145588, "target_rescale": 4.1566504249280145},
{"mapping": [9, 7, 8, 4, 0, 3, 10, 2, 5, 2, 6, 11], "R": [[0.08168964662644174, -0.968364883468934, -0.2357885792362403], [-0.6067019495983512, -0.2360112998292737, 0.7590859046948878], [-0.7907209027132182, 0.08104393140201416, -0.606788542406083]], "T": [-0.062169427350047726, -0.011534851834842964, -0.07450915123959062], "aligned_model": [[-0.4303217424557673, 0.33745933238766046, 0.28000453779184975, 0.23075458822950107, -0.0007287789210796564, -0.3107328568559317, -0.6173689795428781, -0.12368561976882098, 0.0437073511423903, -0.12368561976882098, 0.5245065694747713, -0.18777601600819044], [-0.6541798119385865, 0.39733727274691805, 0.34885134652605304, -0.6679726270199222, -0.6716386162430884, 0.6557145499996139, -0.05200933512897119, 0.05354407318999845, -0.0658021502103068, 0.05354407318999845, -0.20483320406269734, -0.06946813943347294], [-0.08171885969813603, -0.37197798824499945, 0.24336661082581923, -0.35585749065133604, 0.3831811584024441, 0.20312658318607918, -0.5630743211068814, 0.6844820445948245, -0.8372129520600813, 0.6844820445948245, 0.10937747316374591, -0.09817430300630131]], "inverted": false, "swapped": false, "error_lsq": 0.06104550962447672, "error_max": 0.4726836925500155, "target": "115.xyz", "model": "17.xyz", "model_rescale": 4.510870436145588, "target_rescale": 4.1566504249280145},
{"mapping": [0, 6, 2, 3, 11, 8, 7, 10, 5, 1, 4, 12], "R": [[-0.19178385572985576, 0.8486028084205418, 0.4930438380328462], [-0.6053646711392827, -0.4977033215251189, 0.6211481455170681], [0.7724976165774355, -0.1793451345412909, 0.6091656220590163]], "T": [-0.00901576977261331, -0.010596987505896431, 0.08251878145367278], "aligned_model": [[-0.4684467981392648, 0.39686061860245, 0.2337424266155223, 0.18595484089874026, 0.19377585031451183, -0.22216602040112027, -0.6172188283115255, -0.4284804118520779, 0.001807810692044668, -0.0733939902288595, 0.5810076488091456, -0.16131038129488307], [-0.7556018693879061, 0.4011204541395131, 0.42568409387690753, -0.6576385476498487, -0.6323906927710233, 0.561786795127089, 0.06409003859950546, 0.30247302870263393, -0.09657630238807047, -0.2579051128603225, -0.15994179112226525, -0.0720126626506761], [0.22753412009204607, -0.33697165258098516, 0.427669680075925, -0.4020129480046758, 0.22357667879631055, 0.00022674264878966288, -0.48786898213921803, 0.4316271615294993, -0.8250673773689927, 0.7156298448800537, 0.08608277678333187, -0.06042604471208271]], "inverted": false, "swapped": false, "error_lsq": 0.049098735674273676, "error_max": 0.26651285182287704, "target": "115.xyz", "model": "18.xyz", "model_rescale": 4.466005644533647, "target_rescale": 4.1566504249280145},
{"mapping": [10, 4, 5, 0, 1, 7, 8, 9, 2, 3, 12, 13], "R": [[0.5547463722956422, 0.8316409083133444, 0.025097052507829204], [-0.82698865805554, 0.5478290858132632, 0.1263845409237284], [0.09135765907860295, -0.09086634336628753, 0.9916637967430887]], "T": [-0.049749640067796266, -0.05088613143341761, -0.002365895076418606], "aligned_model": [[-0.44451699457037636, 0.4023517914497256, 0.42226556570297585, 0.2608647799187913, 0.28077855417204156, -0.2206404018056004, -0.6339514563301333, -0.614037682076883, -0.15400451946271232, -0.1141769709562118, 0.5712908448725286, -0.13409074520946207], [-0.5441692658112165, 0.2269572762873314, 0.32723969854670487, -0.658740770667123, -0.5584583484077495, 0.6490090546273511, -0.043345148394913956, 0.056937273864459514, -0.1547251002839629, 0.04583974423478404, -0.169014304355539, -0.05444267802458943], [-0.32957806145520546, -0.4492883753711728, 0.33756772963567855, -0.3328280907482491, 0.45402801425860223, 0.3128298823854455, -0.3886123629209677, 0.39824374208588365, -0.7866342221882454, 0.7870779878254572, -0.0030281263258306306, 0.0002218828186059934]], "inverted": false, "swapped": false, "error_lsq": 0.05296764363698539, "error_max": 0.3590638878279287, "target": "115.xyz", "model": "19.xyz", "model_rescale": 4.509807711582247, "target_rescale": 4.1566504249280145},
{"mapping": [11, 4, 5, 0, 1, 7, 8, 9, 2, 3, 12, 13], "R": [[0.5511935889814268, 0.830647114319744, -0.07880989111816157], [-0.832637021746155, 0.5536822131419439, 0.012312467987056444], [0.05386295093538199, 0.058833479605760214, 0.9968136256061169]], "T": [-0.0444337769784519, -0.05155464916021263, -0.06762318894373366], "aligned_model": [[-0.46051070651891524, 0.4483962824750931, 0.3858629479267147, 0.3051576999214153, 0.2426243653730369, -0.25446856256315276, -0.5856692709497683, -0.6482026054981468, -0.06601473349330454, -0.1910814025900613, 0.5745868196634553, -0.1285480680416829], [-0.4940394558945818, 0.27498632444899024, 0.2847559062721196, -0.6180563535572718, -0.6082867717341425, 0.6079709836585188, 0.000693720883017647, 0.010463302706147058, -0.06505777846182718, -0.045518614815568355, -0.16953563525116783, -0.055288196638697766], [0.30295001729530163, -0.4306960356842396, 0.36024630731367574, -0.43099003017169424, 0.3599523128262211, 0.3056282417937713, -0.509063117320451, 0.2818792256774644, -0.8651696440517382, 0.716715041944092, -0.017225018568577458, -0.07422730105382326]], "inverted": false, "swapped": false, "error_lsq": 0.05219957294266334, "error_max": 0.34834727603868454, "target": "115.xyz", "model": "20.xyz", "model_rescale": 4.509807711582248, "target_rescale": 4.1566504249280145},
{"mapping": [1, 5, 2, 4, 11, 7, 8, 9, 6, 0, 3, 12], "R": [[0.19178385572985573, -0.8486028084205419, 0.4930438380328461], [0.6053646711392828, 0.4977033215251187, 0.6211481455170678], [-0.7724976165774351, 0.17934513454129097, 0.6091656220590165]], "T": [-0.009015769772613251, -0.010596987505896396, 0.08251878145367283], "aligned_model": [[-0.46844679813926476, 0.39686061860245003, 0.23374242661552233, 0.18595484089874048, 0.19377585031451194, -0.22216602040112043, -0.6172188283115256, -0.4284804118520782, 0.001807810692044838, -0.07339399022885959, 0.5810076488091458, -0.16131038129488307], [-0.7556018693879061, 0.40112045413951314, 0.4256840938769075, -0.6576385476498485, -0.6323906927710234, 0.5617867951270888, 0.06409003859950572, 0.30247302870263365, -0.09657630238807009, -0.25790511286032286, -0.15994179112226525, -0.07201266265067603], [0.22753412009204585, -0.3369716525809848, 0.4276696800759253, -0.4020129480046759, 0.22357667879631035, 0.00022674264878988493, -0.4878689821392178, 0.4316271615294993, -0.8250673773689926, 0.7156298448800537, 0.08608277678333182, -0.06042604471208271]], "inverted": true, "swapped": false, "error_lsq": 0.049098735674273676, "error_max": 0.2665128518228769, "target": "115.xyz", "model": "21.xyz", "model_rescale": 4.466005644533646, "target_rescale": 4.1566504249280145},
{"mapping": [0, 6, 2, 3, 11, 8, 7, 10, 5, 1, 4, 12], "R": [[-0.1917839356823658, 0.8486028153445367, 0.4930437950157252], [-0.605364629778195, -0.4977033457894312, 0.6211481663850543], [0.7724976291404986, -0.17934503444292016, 0.609165635597558]], "T": [-0.009015759979534885, -0.01059699265528534, 0.08251877771341314], "aligned_model": [[-0.4684469135703955, 0.3968605815835941, 0.23374251053294903, 0.18595478867979517, 0.19377612283800114, -0.2221660895513827, -0.6172188661722, -0.42848033586162076, 0.001807804962776851, -0.07339413694957818, 0.5810075653006125, -0.1613102660878683], [-0.7556018093238317, 0.40112048006125456, 0.4256840490069477, -0.6576385295875821, -0.6323908668701612, 0.5617868501566512, 0.06409007290480746, 0.3024729951106617, -0.09657629719058917, -0.25790503207198784, -0.15994175233573826, -0.07201272824489614], [0.2275341331281554, -0.33697162358928034, 0.4276696593052974, -0.40201288645582267, 0.2235766645222697, 0.00022671125498026357, -0.4878690283073133, 0.43162708775336606, -0.8250673631515739, 0.7156298726904489, 0.08608285310647087, -0.06042608025699629]], "inverted": false, "swapped": false, "error_lsq": 0.04909872971949488, "error_max": 0.26651280283464235, "target": "115.xyz", "model": "22.xyz", "model_rescale": 4.46600560860683, "target_rescale": 4.1566504249280145},
{"mapping": [11, 5, 4, 1, 0, 6, 9, 8, 3, 2, 12, 13], "R": [[-0.5547463122779291, -0.8316409483332177, 0.025097053003585484], [0.8269886973289464, -0.5478290257951407, 0.1263845440966554], [-0.09135766800992062, 0.09086633893677756, 0.9916637963261621]], "T": [-0.04974963860878749, -0.05088612995435329, -0.002365895364710105], "aligned_model": [[-0.444516936670929, 0.40235172819056103, 0.42226550300147875, 0.2608646510531817, 0.2807784258640994, -0.22064044655264187, -0.6339515480221046, -0.6140377732111869, -0.15400442733068592, -0.11417687770885053, 0.5712911196115299, -0.1340906525197682], [-0.5441691810310286, 0.22695718470137285, 0.32723961030575477, -0.6587408588434507, -0.5584584332390687, 0.64900901496254, -0.04334516768615524, 0.05693725791822672, -0.15472503538819776, 0.04583981582056615, -0.16901416612120707, -0.05444260978381583], [-0.32957807545107315, -0.44928836676442047, 0.33756774440359893, -0.33282807796209896, 0.45402803320592044, 0.3128298897895627, -0.38861236139993743, 0.39824374976808197, -0.7866342394005192, 0.7870779829355194, -0.0030281508921321076, 0.00022187176749996094]], "inverted": true, "swapped": false, "error_lsq": 0.05296764378398896, "error_max": 0.3590639404796281, "target": "115.xyz", "model": "23.xyz", "model_rescale": 4.509807674373902, "target_rescale": 4.1566504249280145},
{"mapping": [11, 4, 5, 0, 1, 7, 8, 9, 2, 3, 12, 13], "R": [[0.5511935291183145, 0.8306471542673958, -0.07880988875499836], [-0.8326370617537867, 0.5536821529858784, 0.012312467622023832], [0.05386294507468861, 0.058833481729366324, 0.9968136257974616]], "T": [-0.04443377563607605, -0.05155464764106865, -0.0676231893521074], "aligned_model": [[-0.4605106478221939, 0.44839621876050256, 0.38586288557129106, 0.3051575707329829, 0.24262423754377138, -0.25446860701378576, -0.58566936305883, -0.6482026962480415, -0.06601464238923935, -0.19108130876766227, 0.574587093974339, -0.1285479755784508], [-0.4940393689305925, 0.2749862339956688, 0.2847558156097598, -0.6180564410649125, -0.6082868594508215, 0.6079709420922513, 0.000693703085462051, 0.01046328469955312, -0.06505770928246626, -0.045518546054284126, -0.169535495415707, -0.055288127668375195], [0.302950024403039, -0.43069604436293785, 0.3602463053125047, -0.43099004405065466, 0.35995230562478786, 0.3056282422486494, -0.5090631267754246, 0.2818792229000179, -0.8651696445672928, 0.7167150547835915, -0.017225000624427632, -0.07422729489185073]], "inverted": false, "swapped": false, "error_lsq": 0.05219957322061183, "error_max": 0.3483473339200731, "target": "115.xyz", "model": "24.xyz", "model_rescale": 4.509807674373903, "target_rescale": 4.1566504249280145},
{"mapping": [1, 5, 2, 4, 11, 7, 8, 9, 6, 0, 3, 12], "R": [[0.19178393568236526, -0.8486028153445366, 0.4930437950157254], [0.6053646297781949, 0.49770334578943104, 0.6211481663850543], [-0.7724976291404988, 0.17934503444292046, 0.6091656355975575]], "T": [-0.009015759979534795, -0.010596992655285319, 0.08251877771341314], "aligned_model": [[-0.46844691357039514, 0.3968605815835939, 0.2337425105329492, 0.1859547886797952, 0.19377612283800136, -0.2221660895513829, -0.6172188661722001, -0.4284803358616207, 0.0018078049627765526, -0.0733941369495778, 0.5810075653006126, -0.16131026608786833], [-0.7556018093238317, 0.4011204800612546, 0.42568404900694773, -0.657638529587582, -0.6323908668701612, 0.5617868501566511, 0.06409007290480742, 0.3024729951106616, -0.0965762971905891, -0.2579050320719879, -0.1599417523357383, -0.07201272824489618], [0.2275341331281559, -0.33697162358928084, 0.4276696593052971, -0.4020128864558226, 0.22357666452226982, 0.00022671125498009703, -0.487869028307313, 0.43162708775336617, -0.825067363151574, 0.715629872690449, 0.08608285310647047, -0.06042608025699624]], "inverted": true, "swapped": false, "error_lsq": 0.04909872971949487, "error_max": 0.26651280283464285, "target": "115.xyz", "model": "25.xyz", "model_rescale": 4.466005608606829, "target_rescale": 4.1566504249280145},
{"mapping": [0, 6, 2, 3, 11, 8, 7, 10, 5, 1, 4, 12], "R": [[-0.19178382526390098, 0.8486028186882723, 0.49304383221115833], [-0.6053647043365372, -0.4977032919716216, 0.6211481368434969], [0.7724975981261575, -0.17934516797207023, 0.6091656356151318]], "T": [-0.00901577810393367, -0.010597015184596478, 0.08251880856141161], "aligned_model": [[-0.4684467851551003, 0.3968605953512902, 0.2337424236433183, 0.18595481143183218, 0.19377587411826086, -0.222166015066619, -0.6172188011888091, -0.42848038270083016, 0.0018078092291002323, -0.0733939990329103, 0.5810075975540221, -0.16131036247887176], [-0.7556019502852845, 0.40112050261467336, 0.4256841091535552, -0.6576385922060506, -0.6323906253239447, 0.5617868076033004, 0.06409007959811559, 0.3024730311842785, -0.09657622539051135, -0.2579052222800999, -0.15994186420086598, -0.07201261885162957], [0.22753420874724026, -0.33697168622629137, 0.42766961713724627, -0.40201284038811624, 0.22357658709663045, 0.00022671144184638337, -0.4878690030515197, 0.43162710597288656, -0.8250674007196573, 0.7156299232406063, 0.08608287410524983, -0.06042609735611984]], "inverted": false, "swapped": false, "error_lsq": 0.04909874504017376, "error_max": 0.2665129658796203, "target": "115.xyz", "model": "26.xyz", "model_rescale": 4.466005838112752, "target_rescale": 4.1566504249280145},
{"mapping": [10, 4, 5, 0, 1, 7, 8, 9, 2, 3, 12, 13], "R": [[0.554746419562723, 0.8316408766953677, 0.02509705543882816], [-0.8269886271430479, 0.5478291325931846, 0.12638454042427721], [0.09135765188749073, -0.09086635071113752, 0.9916637967325643]], "T": [-0.04974962009889425, -0.050886163907755425, -0.002365891377913513], "aligned_model": [[-0.4445169958803301, 0.4023518346465027, 0.42226561042405386, 0.2608648796198654, 0.28077865539741653, -0.22064047250368685, -0.6339514786793307, -0.6140377029017795, -0.1540045589030963, -0.11417700734799399, 0.5712907849586075, -0.13409078312554515], [-0.5441692082412487, 0.22695716713914205, 0.3272395849666982, -0.658740852326252, -0.5584584344986959, 0.6490090754934281, -0.04334512148134953, 0.05693729634620663, -0.1547250412270358, 0.04583979442807655, -0.16901420558395408, -0.0544426233994796], [-0.32957805167973103, -0.44928834759028313, 0.3375677257439287, -0.3328280679274303, 0.4540280054067815, 0.31282986634197557, -0.38861234789445287, 0.39824372543975894, -0.7866341962051883, 0.7870779504632354, -0.003028139227616145, 0.00022187712902370415]], "inverted": false, "swapped": false, "error_lsq": 0.05296765024062879, "error_max": 0.3590638941612288, "target": "115.xyz", "model": "27.xyz", "model_rescale": 4.509807893063789, "target_rescale": 4.1566504249280145},
{"mapping": [11, 4, 5, 0, 1, 7, 8, 9, 2, 3, 12, 13], "R": [[0.5511936360664492, 0.8306470833819193, -0.07880988788824295], [-0.8326369906113482, 0.5536822600182362, 0.01231246550354674], [0.05386295039750777, 0.058833475251841696, 0.9968136258921557]], "T": [-0.044433757565027335, -0.05155468165882697, -0.06762318422310953], "aligned_model": [[-0.46051070510449943, 0.4483963233554037, 0.3858629938863075, 0.3051577968382647, 0.24262446736916843, -0.25446863146697823, -0.5856692955453766, -0.6482026250144728, -0.06601477670063176, -0.19108143563882418, 0.5745867598960503, -0.12854810616972795], [-0.49403940096976456, 0.2749862135281894, 0.284755792987584, -0.6180564366048199, -0.6082868571454253, 0.6079710058410805, 0.0006937472622686319, 0.010463326721663238, -0.06505772088057046, -0.04551856196178126, -0.16953553574171193, -0.055288141421175864], [0.3029500036362103, -0.4306960129606243, 0.36024629843552936, -0.43099000512277186, 0.3599523062733818, 0.30562822505682613, -0.5090630987796605, 0.28187921261649324, -0.8651696130969954, 0.7167150096953113, -0.017225024052855975, -0.07422730170084209]], "inverted": false, "swapped": false, "error_lsq": 0.0521995798943923, "error_max": 0.34834728784329155, "target": "115.xyz", "model": "28.xyz", "model_rescale": 4.5098078930637895, "target_rescale": 4.1566504249280145},
{"mapping": [1, 5, 2, 4, 11, 7, 8, 9, 6, 0, 3, 12], "R": [[0.1917838252639007, -0.8486028186882727, 0.493043832211158], [0.6053647043365377, 0.4977032919716212, 0.6211481368434972], [-0.7724975981261576, 0.17934516797207037, 0.6091656356151322]], "T": [-0.009015778103933666, -0.010597015184596409, 0.0825188085614117], "aligned_model": [[-0.4684467851550999, 0.39686059535129, 0.23374242364331804, 0.18595481143183262, 0.19377587411826125, -0.22216601506661948, -0.617218801188809, -0.4284803827008304, 0.0018078092291003468, -0.07339399903291029, 0.5810075975540223, -0.16131036247887176], [-0.755601950285285, 0.4011205026146738, 0.42568410915355537, -0.6576385922060506, -0.6323906253239449, 0.5617868076033002, 0.0640900795981155, 0.30247303118427826, -0.09657622539051094, -0.25790522228010015, -0.15994186420086573, -0.0720126188516296], [0.22753420874724034, -0.33697168622629137, 0.4276696171372465, -0.40201284038811635, 0.22357658709663042, 0.00022671144184646663, -0.4878690030515196, 0.43162710597288667, -0.8250674007196575, 0.7156299232406065, 0.08608287410524978, -0.06042609735611984]], "inverted": true, "swapped": false, "error_lsq": 0.04909874504017376, "error_max": 0.26651296587962064, "target": "115.xyz", "model": "29.xyz", "model_rescale": 4.466005838112752, "target_rescale": 4.1566504249280145},
