[{"mapping": [10, 1, 7, 8, 4, 2, 3, 9, 5, 3, 6, 11], "R": [[0.08168959971426254, -0.9683649141727406, -0.23578846939098697], [-0.606701968759823, -0.2360111835397356, 0.759085925536186], [-0.7907208928575737, 0.08104390318459553, -0.606788559017989]], "T": [0.06216953001452648, 0.011534829680900985, 0.07450905017672164], "aligned_model": [[0.4303219893120058, 0.0007288454359247049, -0.23075472328959462, -0.280004574112632, -0.3374593713498981, 0.310732770153311, 0.12368563564587123, 0.6173691238194456, -0.5245065058573379, 0.12368563564587123, -0.043707588782154805, 0.18777597994336448], [0.6541797863844976, 0.6716387170391166, 0.667972577684177, -0.34885112638544613, -0.397337168918262, -0.6557146433931007, -0.05354419976114071, 0.052009342752537505, 0.204833274713698, -0.05354419976114071, 0.06580213405221687, 0.06946827340715674], [0.08171884083460144, -0.3831809596039809, 0.3558574637397672, -0.24336642039188744, 0.37197795132554423, -0.2031267240666586, -0.68448215891623, 0.5630742756841728, -0.10937748352402711, -0.68448215891623, 0.8372128985893385, 0.09817447524559036]], "inverted": false, "swapped": false, "error_lsq": 0.06104550879051938, "error_max": 0.4726838321576451, "target": "116.xyz", "model": "0.xyz", "model_rescale": 4.5108708085295355, "target_rescale": 4.156650619975746},
{"mapping": [9, 6, 0, 5, 8, 3, 10, 2, 4, 7, 2, 11], "R": [[0.08168959971426187, -0.9683649141727406, 0.23578846939098674], [-0.6067019687598234, -0.23601118353973505, -0.7590859255361859], [0.7907208928575733, -0.08104390318459603, -0.6067885590179893]], "T": [0.06216953001452644, 0.011534829680901047, -0.07450905017672153], "aligned_model": [[0.4303219893120061, -0.23075472328959404, 0.0007288454359248644, -0.33745937134989806, -0.2800045741126322, 0.3107327701533104, 0.6173691238194456, 0.12368563564587087, -0.5245065058573377, -0.04370758878215449, 0.12368563564587087, 0.18777597994336442], [0.6541797863844971, 0.667972577684177, 0.6716387170391164, -0.39733716891826154, -0.34885112638544596, -0.6557146433931009, 0.05200934275253751, -0.053544199761141255, 0.2048332747136981, 0.06580213405221738, -0.053544199761141255, 0.0694682734071568], [-0.08171884083460089, -0.35585746373976673, 0.38318095960398135, -0.3719779513255444, 0.24336642039188716, 0.20312672406665816, -0.5630742756841722, 0.6844821589162297, 0.10937748352402697, -0.8372128985893381, 0.6844821589162297, -0.09817447524559009]], "inverted": false, "swapped": false, "error_lsq": 0.061045508790519364, "error_max": 0.4726838321576451, "target": "116.xyz", "model": "1.xyz", "model_rescale": 4.510870808529536, "target_rescale": 4.156650619975746},
{"mapping": [10, 7, 1, 4, 8, 2, 9, 3, 5, 6, 3, 11], "R": [[-0.08168959971426243, 0.9683649141727406, 0.23578846939098697], [0.6067019687598234, 0.23601118353973544, -0.7590859255361856], [-0.7907208928575732, 0.08104390318459578, -0.6067885590179894]], "T": [0.06216953001452649, 0.011534829680901013, -0.0745090501767216], "aligned_model": [[0.43032198931200594, -0.23075472328959454, 0.0007288454359247187, -0.3374593713498981, -0.28000457411263213, 0.310732770153311, 0.6173691238194458, 0.12368563564587116, -0.5245065058573379, -0.04370758878215471, 0.12368563564587116, 0.18777597994336442], [0.6541797863844974, 0.667972577684177, 0.6716387170391163, -0.39733716891826165, -0.348851126385446, -0.6557146433931008, 0.052009342752537754, -0.053544199761141234, 0.2048332747136979, 0.06580213405221734, -0.053544199761141234, 0.06946827340715699], [-0.08171884083460088, -0.3558574637397665, 0.38318095960398135, -0.37197795132554445, 0.24336642039188727, 0.203126724066658, -0.5630742756841726, 0.6844821589162298, 0.10937748352402721, -0.8372128985893382, 0.6844821589162298, -0.09817447524559007]], "inverted": true, "swapped": false, "error_lsq": 0.061045508790519364, "error_max": 0.4726838321576449, "target": "116.xyz", "model": "2.xyz", "model_rescale": 4.5108708085295355, "target_rescale": 4.156650619975746},
{"mapping": [12, 3, 2, 5, 4, 6, 10, 9, 8, 1, 0, 13], "R": [[0.5547462129446363, 0.8316410148897594, -0.025097043186696637], [-0.8269887606256673, 0.5478289263835423, -0.12638456083034114], [-0.09135769821097203, 0.09086632913563789, 0.9916637944419504]], "T": [0.04974955733590594, 0.05088616029028414, -0.0023658961957147406], "aligned_model": [[0.4445168991487126, -0.26086466446765133, -0.2807784311859124, -0.40235184629839027, -0.42226561301665133, 0.22064028836691096, 0.6339516317740348, 0.6140378650557738, -0.5712909931720646, 0.15400446017139907, 0.11417692673487699, 0.13409069345313804], [0.5441691640155468, 0.6587409229373009, 0.5584584855823147, -0.22695708820301952, -0.3272395255580056, -0.6490090002808713, 0.043345258710028076, -0.05693717864495804, 0.16901438903701888, 0.15472488409463767, -0.04583999061533454, 0.05444244673965156], [-0.32957807132327627, -0.332828053977032, 0.4540280437138073, -0.44928835506530224, 0.33756774262553707, 0.31282986602164387, -0.38861235087218365, 0.39824374681865565, -0.003028113782609509, -0.7866342490772523, 0.7870779463044261, 0.0002218486135868048]], "inverted": true, "swapped": false, "error_lsq": 0.05296763029045983, "error_max": 0.3590639345838746, "target": "116.xyz", "model": "3.xyz", "model_rescale": 4.509807743048502, "target_rescale": 4.156650619975746},
{"mapping": [6, 5, 4, 3, 2, 12, 10, 9, 8, 1, 0, 13], "R": [[-0.8231670281251006, -0.5673309590051181, -0.02305703281047034], [-0.5605099099750317, 0.8184149237538051, -0.12659246974775246], [0.09069004701438886, -0.091283051720386, -0.9916868053176576]], "T": [0.05670837631554565, 0.08685712803025687, -0.0023455635522264128], "aligned_model": [[0.4759929946238316, -0.2588409444295512, -0.24054586603376693, -0.4578931643141371, -0.43959808591835287, 0.23933747303176875, 0.6018967243950404, 0.6201918027908246, -0.5635915443009394, 0.11534419717736877, 0.15193435396893723, 0.133639275573153], [0.6725497824136443, 0.5132523749046106, 0.6136997818796901, -0.3613341429438574, -0.2608867359687779, -0.5180359431275743, -0.12395962084179359, -0.023512213866714163, 0.20881112826390208, -0.04833795460801964, 0.1525568593421393, 0.052109452367059855], [0.31320121541158025, -0.4495009658048635, 0.33737339034006547, -0.33322875138282576, 0.4536456047621032, -0.3294360234799663, -0.3881709336848401, 0.39870342246008883, -0.0034912705003436115, -0.7865729188519286, 0.7871757934379299, 0.00030143729300072686]], "inverted": false, "swapped": false, "error_lsq": 0.05274246801489783, "error_max": 0.36202917904006776, "target": "116.xyz", "model": "4.xyz", "model_rescale": 4.509807743048502, "target_rescale": 4.156650619975746},
{"mapping": [11, 2, 3, 4, 5, 7, 9, 10, 8, 0, 1, 13], "R": [[-0.5547462129446368, -0.8316410148897592, -0.025097043186696973], [0.8269887606256671, -0.5478289263835427, -0.12638456083034105], [0.09135769821097174, -0.09086632913563814, 0.9916637944419504]], "T": [0.049749557335905956, 0.05088616029028417, -0.002365896195714921], "aligned_model": [[0.4445168991487125, -0.26086466446765144, -0.2807784311859127, -0.40235184629839, -0.4222656130166513, 0.22064028836691119, 0.6339516317740351, 0.6140378650557737, -0.5712909931720647, 0.15400446017139938, 0.11417692673487675, 0.13409069345313807], [0.5441691640155469, 0.6587409229373006, 0.5584584855823146, -0.22695708820301977, -0.32723952555800584, -0.6490090002808712, 0.04334525871002836, -0.0569371786449577, 0.16901438903701854, 0.1547248840946377, -0.04583999061533439, 0.05444244673965161], [-0.3295780713232762, -0.3328280539770322, 0.45402804371380706, -0.44928835506530235, 0.3375677426255369, 0.3128298660216439, -0.38861235087218343, 0.3982437468186558, -0.003028113782609646, -0.7866342490772525, 0.7870779463044258, 0.00022184861358694793]], "inverted": false, "swapped": false, "error_lsq": 0.05296763029045984, "error_max": 0.3590639345838746, "target": "116.xyz", "model": "5.xyz", "model_rescale": 4.509807743048502, "target_rescale": 4.156650619975746},
{"mapping": [11, 2, 3, 4, 5, 7, 9, 10, 8, 0, 1, 13], "R": [[-0.5547462731526573, -0.8316409746378025, -0.0250970461752669], [0.8269887212210872, -0.5478289860556036, -0.12638456001585147], [0.09135768931156543, -0.09086633777574249, 0.9916637944701201]], "T": [0.04974957495188574, 0.05088617094126238, -0.0023658943191297577], "aligned_model": [[0.4445169913935143, -0.2608647892781639, -0.2807785590594226, -0.4023519113151486, -0.4222656810964073, 0.2206404503191442, 0.6339513982908759, 0.6140376285096172, -0.5712907289495638, 0.1540045756978357, 0.11417703613531834, 0.13409080591657702], [0.5441692798884112, 0.6587408708959784, 0.5584584307042066, -0.22695718142448743, -0.3272396216162592, -0.6490089401598517, 0.04334512762064452, -0.0569373125711273, 0.16901454161911886, 0.15472496447766368, -0.04583991590587991, 0.054442524285891886], [-0.3295780672493634, -0.332828079016329, 0.4540280460263383, -0.4492883835352577, 0.3375677415074096, 0.31282989283225243, -0.3886123855324739, 0.3982437395101934, -0.003028089544838339, -0.7866342633753107, 0.7870779867100235, 0.00022186166735637877]], "inverted": false, "swapped": false, "error_lsq": 0.05296762296313091, "error_max": 0.3590638726575588, "target": "116.xyz", "model": "6.xyz", "model_rescale": 4.509807586411629, "target_rescale": 4.156650619975746},
{"mapping": [6, 5, 4, 3, 2, 12, 10, 9, 8, 1, 0, 13], "R": [[-0.8231670634237862, -0.5673309079321409, -0.023057029278573764], [-0.5605098594119755, 0.818414958200127, -0.12659247093035236], [0.09069003912353302, -0.091283060307908, -0.9916868052488119]], "T": [0.05670838854395256, 0.08685711183806151, -0.0023455616963251654], "aligned_model": [[0.4759931165357702, -0.2588409749097845, -0.24054589868102283, -0.45789325649911694, -0.43959818027035524, 0.23933752123931606, 0.601896558356688, 0.6201916345854497, -0.563591357449127, 0.11534427499002475, 0.15193442744754806, 0.1336393512187864], [0.6725496710177875, 0.5132524823823236, 0.6136998937845505, -0.36133405336931973, -0.2608866419670928, -0.5180360830868583, -0.12395940648420718, -0.023511995081980278, 0.20881088201606884, -0.04833807186788115, 0.1525567509365727, 0.052109339534345794], [0.3132012415822669, -0.4495009943013674, 0.33737338911904485, -0.3332287758171659, 0.45364560760324635, -0.32943601920731747, -0.3881709688435222, 0.39870341457689007, -0.003491245691754357, -0.7865729330938527, 0.7871758337469724, 0.000301450326560039]], "inverted": false, "swapped": false, "error_lsq": 0.05274246503019489, "error_max": 0.36202911595446285, "target": "116.xyz", "model": "7.xyz", "model_rescale": 4.509807586411629, "target_rescale": 4.156650619975746},
{"mapping": [11, 2, 3, 4, 5, 7, 9, 10, 8, 0, 1, 13], "R": [[-0.5547462731526576, -0.8316409746378023, -0.025097046175266667], [0.826988721221087, -0.5478289860556038, -0.12638456001585155], [0.0913576893115656, -0.09086633777574235, 0.9916637944701199]], "T": [0.04974957495188575, 0.0508861709412624, -0.002365894319129833], "aligned_model": [[0.4445169913935141, -0.26086478927816414, -0.2807785590594226, -0.4023519113151486, -0.42226568109640705, 0.2206404503191445, 0.6339513982908759, 0.6140376285096173, -0.5712907289495638, 0.15400457569783552, 0.11417703613531852, 0.13409080591657702], [0.5441692798884114, 0.6587408708959783, 0.5584584307042064, -0.22695718142448756, -0.3272396216162594, -0.6490089401598517, 0.043345127620644755, -0.056937312571127115, 0.1690145416191186, 0.1547249644776638, -0.045839915905879915, 0.0544425242858919], [-0.3295780672493634, -0.3328280790163288, 0.4540280460263383, -0.4492883835352576, 0.33756774150740954, 0.3128298928322522, -0.38861238553247396, 0.39824373951019315, -0.0030280895448379893, -0.7866342633753107, 0.7870779867100233, 0.00022186166735657827]], "inverted": false, "swapped": false, "error_lsq": 0.05296762296313091, "error_max": 0.35906387265755885, "target": "116.xyz", "model": "8.xyz", "model_rescale": 4.509807586411629, "target_rescale": 4.156650619975746},
{"mapping": [10, 3, 2, 7, 6, 4, 12, 11, 8, 1, 0, 13], "R": [[-0.5547461578200469, -0.8316410514771282, -0.025097049267041795], [0.8269887966823251, -0.5478288703889725, -0.12638456761116956], [0.09135770654857533, -0.09086633186367217, 0.9916637934238728]], "T": [0.049749587575215345, 0.050886112080154006, -0.002365901616849186], "aligned_model": [[0.44451689005922934, -0.26086470327295275, -0.28077847586925775, -0.40235176726272953, -0.42226553985903453, 0.22064037411222598, 0.6339515993138717, 0.6140378267175667, -0.571291080148235, 0.1540044701874692, 0.11417692499485922, 0.1340906975911642], [0.5441690577382596, 0.6587408695857001, 0.558458421545233, -0.22695705654766316, -0.32723950458813034, -0.6490090388109936, 0.04334511386289851, -0.056937334177568716, 0.16901432758097323, 0.1547250852490008, -0.045839810831933614, 0.0544426372085336], [-0.3295781008470006, -0.3328280810525173, 0.4540280574563848, -0.4492883753679223, 0.3375677631409798, 0.3128298809889095, -0.3886123882266283, 0.3982437502822738, -0.003028126859211312, -0.7866342650139911, 0.7870780120038129, 0.00022187349491078123]], "inverted": true, "swapped": false, "error_lsq": 0.05296762766881593, "error_max": 0.3590639932597578, "target": "116.xyz", "model": "9.xyz", "model_rescale": 4.509807504472865, "target_rescale": 4.156650619975746},
{"mapping": [4, 7, 6, 3, 2, 10, 12, 11, 8, 1, 0, 13], "R": [[0.8231669926121864, 0.5673310106644696, -0.023057029562380683], [0.5605099608247437, -0.8184148875604421, -0.12659247859044975], [-0.09069005507801364, 0.09128305515187815, -0.9916868042643737]], "T": [0.05670842240804943, 0.0868571613921367, -0.0023455689254315137], "aligned_model": [[0.47599309062307094, -0.25884088092916285, -0.24054580414280516, -0.45789318185003414, -0.43959810506367647, 0.23933750220710726, 0.6018967478060336, 0.6201918245923913, -0.5635916015620818, 0.115344131508087, 0.1519342850808023, 0.13363920829444467], [0.6725497846220115, 0.5132523169978702, 0.6136997363031904, -0.3613340772352588, -0.2608866579299386, -0.5180358420370695, -0.12395947664779536, -0.023512057342475218, 0.20881121997814783, -0.04833814560344443, 0.15255669300719593, 0.05210927370187576], [0.3132012305046442, -0.44950098640641434, 0.33737341052960823, -0.33322877861014205, 0.4536456183258805, -0.3294360526250015, -0.3881709705869681, 0.3987034263490545, -0.0034912840397775375, -0.7865729347496507, 0.787175859122395, 0.0003014621863722173]], "inverted": false, "swapped": false, "error_lsq": 0.052742468570999235, "error_max": 0.3620292333485135, "target": "116.xyz", "model": "10.xyz", "model_rescale": 4.509807504472865, "target_rescale": 4.156650619975746},
{"mapping": [5, 6, 7, 2, 3, 9, 11, 12, 8, 0, 1, 13], "R": [[-0.8231669926121863, -0.5673310106644696, -0.023057029562380326], [-0.5605099608247439, 0.818414887560442, -0.12659247859044961], [0.09069005507801327, -0.09128305515187823, -0.9916868042643738]], "T": [0.05670842240804942, 0.0868571613921367, -0.0023455689254316013], "aligned_model": [[0.47599309062307066, -0.2588408809291627, -0.24054580414280535, -0.4578931818500339, -0.4395981050636765, 0.23933750220710737, 0.6018967478060337, 0.6201918245923912, -0.5635916015620817, 0.11534413150808728, 0.15193428508080203, 0.13363920829444464], [0.6725497846220116, 0.5132523169978702, 0.6136997363031903, -0.3613340772352589, -0.2608866579299388, -0.5180358420370694, -0.12395947664779516, -0.023512057342475107, 0.20881121997814767, -0.048338145603444294, 0.15255669300719582, 0.0521092737018758], [0.3132012305046446, -0.4495009864064145, 0.33737341052960834, -0.3332287786101424, 0.45364561832588046, -0.32943605262500164, -0.38817097058696803, 0.3987034263490548, -0.0034912840397776307, -0.7865729347496507, 0.7871758591223948, 0.00030146218637234785]], "inverted": true, "swapped": false, "error_lsq": 0.052742468570999235, "error_max": 0.36202923334851367, "target": "116.xyz", "model": "11.xyz", "model_rescale": 4.509807504472865, "target_rescale": 4.156650619975746},
{"mapping": [9, 2, 3, 6, 7, 5, 11, 12, 8, 0, 1, 13], "R": [[0.5547462672441861, 0.8316409787000841, -0.025097042164535156], [-0.8269887250910085, 0.5478289807676342, -0.12638455761462195], [-0.09135769015792172, 0.09086633247722349, 0.9916637948776532]], "T": [0.049749697020300236, 0.050886186595125435, -0.002365889253933866], "aligned_model": [[0.4445170993553361, -0.2608646524047297, -0.280778418208296, -0.40235177521004506, -0.42226554101361136, 0.22064037807297227, 0.6339514950909847, 0.6140377292874183, -0.5712909501161199, 0.15400438304032202, 0.1141768514331894, 0.1340906172367557], [0.5441692724970952, 0.6587408635805914, 0.558458429299096, -0.22695715269586714, -0.32723958697736255, -0.6490090184475181, 0.04334513884644891, -0.056937295435046484, 0.1690143137056042, 0.15472503542858485, -0.04583983313440591, 0.05444260114708946], [-0.3295780521572266, -0.33282806060603015, 0.4540280333353963, -0.44928835778596377, 0.3375677361554627, 0.31282986590363465, -0.3886123678793157, 0.3982437260621108, -0.0030281219821664015, -0.7866342276233935, 0.7870779602594591, 0.00022186631803280043]], "inverted": false, "swapped": false, "error_lsq": 0.05296761197172583, "error_max": 0.35906382966381073, "target": "116.xyz", "model": "12.xyz", "model_rescale": 4.509807766519439, "target_rescale": 4.156650619975746},
{"mapping": [4, 7, 6, 3, 2, 10, 12, 11, 8, 1, 0, 13], "R": [[0.8231670606694529, 0.5673309118096845, -0.023057032202902006], [0.560509863373087, -0.8184149561191455, -0.12659246684531017], [-0.09069003964216281, 0.09128305486611164, -0.9916868057022913]], "T": [0.056708496000366024, 0.08685705174170179, -0.0023455565397270594], "aligned_model": [[0.475993080007442, -0.25884085827160086, -0.24054578045311958, -0.45789312770211793, -0.4395980498836366, 0.23933762288555266, 0.6018966436045619, 0.6201917214230432, -0.5635914773527232, 0.11534406961711025, 0.15193422525407285, 0.13363914743559158], [0.6725497694960807, 0.5132524057724879, 0.613699809921794, -0.3613340964068722, -0.260886692257566, -0.5180361168513093, -0.12395945416291203, -0.023512050013605887, 0.20881117730653134, -0.04833806581274573, 0.1525567424858666, 0.05210933833656045], [0.31320121489864905, -0.44950096838161, 0.3373733839732892, -0.3332287575345981, 0.45364559482030115, -0.32943600418049, -0.38817095107817834, 0.3987034012767209, -0.003491278283345818, -0.7865728975251454, 0.7871758071846536, 0.0003014548297542506]], "inverted": false, "swapped": false, "error_lsq": 0.052742451646694354, "error_max": 0.3620290669419348, "target": "116.xyz", "model": "13.xyz", "model_rescale": 4.509807766519439, "target_rescale": 4.156650619975746},
{"mapping": [5, 6, 7, 2, 3, 9, 11, 12, 8, 0, 1, 13], "R": [[-0.8231670606694526, -0.5673309118096849, -0.023057032202901857], [-0.5605098633730873, 0.8184149561191452, -0.12659246684531061], [0.09069003964216299, -0.09128305486611206, -0.9916868057022911]], "T": [0.05670849600036601, 0.08685705174170177, -0.0023455565397271804], "aligned_model": [[0.47599308000744167, -0.25884085827160097, -0.24054578045311983, -0.45789312770211765, -0.4395980498836365, 0.23933762288555294, 0.601896643604562, 0.6201917214230431, -0.5635914773527232, 0.11534406961711038, 0.15193422525407277, 0.13363914743559158], [0.672549769496081, 0.5132524057724874, 0.6136998099217941, -0.36133409640687253, -0.260886692257566, -0.5180361168513093, -0.12395945416291199, -0.02351205001360547, 0.20881117730653104, -0.04833806581274605, 0.15255674248586698, 0.0521093383365605], [0.3132012148986488, -0.4495009683816103, 0.3373733839732889, -0.33322875753459796, 0.45364559482030126, -0.32943600418048974, -0.38817095107817823, 0.398703401276721, -0.003491278283345848, -0.7865728975251451, 0.7871758071846531, 0.00030145482975434774]], "inverted": true, "swapped": false, "error_lsq": 0.052742451646694354, "error_max": 0.3620290669419345, "target": "116.xyz", "model": "14.xyz", "model_rescale": 4.509807766519439, "target_rescale": 4.156650619975746},
{"mapping": [10, 1, 5, 8, 6, 2, 3, 9, 7, 3, 4, 11], "R": [[-0.08168956980065784, 0.9683649187606336, -0.23578846091252084], [0.6067019414204915, 0.23601116170141573, 0.7590859541770979], [0.7907209169247963, -0.08104391196172708, -0.6067885264831149]], "T": [0.06216941592749028, 0.011534862127893106, 0.07450915010953224], "aligned_model": [[0.43032182396057206, 0.0007288694198947995, -0.23075450854131815, -0.2800045969613738, -0.3374594071352667, 0.3107327527059287, 0.12368560948309623, 0.6173689671834046, -0.5245065503580991, 0.12368560948309623, -0.043707365318485646, 0.18777601264272728], [0.6541797687564503, 0.6716386470084156, 0.667972672598572, -0.34885127865939214, -0.39733721212975315, -0.6557145686645558, -0.05354405260150953, 0.05200925269340405, 0.20483330393329313, -0.05354405260150953, 0.06580215653552567, 0.06946813094536937], [0.08171887994617, -0.3831811436883453, 0.3558575020527851, -0.24336662583225188, 0.3719779712128173, -0.2031265977382007, -0.6844820465155148, 0.5630743287234843, -0.10937747756449692, -0.6844820465155148, 0.8372129508300994, 0.09817430508896878]], "inverted": false, "swapped": false, "error_lsq": 0.06104549548465251, "error_max": 0.47268379383347575, "target": "116.xyz", "model": "15.xyz", "model_rescale": 4.510870436145588, "target_rescale": 4.156650619975746},
{"mapping": [10, 5, 1, 6, 8, 2, 9, 3, 7, 4, 3, 11], "R": [[0.08168956980065678, -0.9683649187606335, 0.2357884609125206], [-0.6067019414204907, -0.2360111617014149, -0.7590859541770985], [0.7907209169247964, -0.0810439119617275, -0.6067885264831139]], "T": [0.06216941592749028, 0.01153486212789303, -0.07450915010953206], "aligned_model": [[0.43032182396057256, -0.23075450854131727, 0.0007288694198949938, -0.3374594071352667, -0.28000459696137425, 0.31073275270592793, 0.6173689671834048, 0.12368560948309568, -0.5245065503580989, -0.043707365318485035, 0.12368560948309568, 0.18777601264272734], [0.6541797687564497, 0.6679726725985715, 0.6716386470084159, -0.39733721212975304, -0.34885127865939164, -0.6557145686645557, 0.05200925269340303, -0.05354405260150905, 0.2048333039332936, 0.06580215653552499, -0.05354405260150905, 0.06946813094536908], [-0.08171887994617015, -0.35585750205278566, 0.3831811436883449, -0.3719779712128169, 0.24336662583225188, 0.2031265977382014, -0.5630743287234834, 0.6844820465155147, 0.10937747756449641, -0.837212950830099, 0.6844820465155147, -0.09817430508896861]], "inverted": true, "swapped": false, "error_lsq": 0.0610454954846525, "error_max": 0.47268379383347603, "target": "116.xyz", "model": "16.xyz", "model_rescale": 4.510870436145588, "target_rescale": 4.156650619975746},
{"mapping": [9, 4, 0, 7, 8, 3, 10, 2, 6, 5, 2, 11], "R": [[-0.08168956980065734, 0.9683649187606336, 0.23578846091252073], [0.6067019414204914, 0.23601116170141523, -0.7590859541770978], [-0.7907209169247962, 0.08104391196172733, -0.6067885264831147]], "T": [0.06216941592749026, 0.011534862127893196, -0.07450915010953207], "aligned_model": [[0.43032182396057234, -0.23075450854131774, 0.0007288694198948897, -0.3374594071352666, -0.280004596961374, 0.3107327527059284, 0.6173689671834047, 0.12368560948309597, -0.524506550358099, -0.04370736531848535, 0.12368560948309597, 0.18777601264272734], [0.6541797687564499, 0.667972672598572, 0.6716386470084155, -0.3973372121297529, -0.34885127865939203, -0.6557145686645558, 0.052009252693403694, -0.05354405260150961, 0.20483330393329333, 0.06580215653552565, -0.05354405260150961, 0.06946813094536916], [-0.08171887994616986, -0.3558575020527852, 0.3831811436883454, -0.3719779712128172, 0.24336662583225177, 0.20312659773820085, -0.5630743287234838, 0.6844820465155149, 0.10937747756449681, -0.8372129508300993, 0.6844820465155149, -0.09817430508896875]], "inverted": false, "swapped": false, "error_lsq": 0.06104549548465251, "error_max": 0.4726837938334759, "target": "116.xyz", "model": "17.xyz", "model_rescale": 4.510870436145588, "target_rescale": 4.156650619975746},
{"mapping": [9, 3, 11, 6, 2, 8, 7, 10, 4, 5, 1, 12], "R": [[0.07020350428377219, -0.9064586278104119, -0.4164183281921488], [0.5927847691349681, 0.37365481164795, -0.7134341589901187], [0.8022952607786498, -0.19676086450410013, 0.5635667455871738]], "T": [-0.02149771380472027, 0.04512203936878268, 0.10317969618612992], "aligned_model": [[0.7606769149041512, -0.29331610527168084, -0.3203197561036744, -0.3452842029533556, -0.20862897967679622, 0.27798108932332405, 0.6116374848154946, 0.42702051941198055, -0.6269725007638516, -0.01162780746118492, -0.018326855475604552, 0.12502741581537452], [0.3544383401440826, 0.6766217747237071, 0.6231866869184773, -0.40352949901384433, -0.43700356820693453, -0.485157750173301, 0.08648344281422549, -0.21720285284344387, 0.10498058173618066, 0.16811169397368214, 0.2713462929608856, 0.13463762478059205], [0.006383684657734104, -0.36454903153748697, 0.2587297967233905, -0.3485870856756121, 0.4208881388797066, 0.008606999835110901, -0.44295249267863596, 0.457943177171481, 0.08701046097625989, -0.800146578189359, 0.7473442834714519, -0.030671353634040346]], "inverted": false, "swapped": false, "error_lsq": 0.05432914516182264, "error_max": 0.35763433154374663, "target": "116.xyz", "model": "18.xyz", "model_rescale": 4.466005644533647, "target_rescale": 4.156650619975746},
{"mapping": [10, 0, 1, 4, 5, 7, 8, 9, 12, 2, 3, 13], "R": [[-0.554746292650476, -0.8316409617092893, -0.025097043606781604], [0.8269887084629062, -0.5478290059198905, -0.12638455739400575], [0.0913576864057225, -0.09086633634120558, 0.9916637948692695]], "T": [0.049749636454937324, 0.05088614638112393, -0.002365895880401591], "aligned_model": [[0.44451703046574287, -0.260864733322658, -0.2807785005131884, -0.4023518305430238, -0.4222655977335542, 0.2206403390127178, 0.6339514439147049, 0.6140376767241746, -0.5712908373960938, 0.15400450917564865, 0.11417697479458797, 0.1340907419851183], [0.5441692498666724, 0.6587408210849164, 0.5584583857568615, -0.22695721035952005, -0.32723964568757496, -0.649009061726878, 0.04334511576585858, -0.05693731956219636, 0.16901437768899463, 0.15472512032378014, -0.04583975033232976, 0.054442684995725174], [-0.32957806116530264, -0.3328280735016886, 0.45402803001834224, -0.44928837197694826, 0.33756773154308256, 0.3128298647112003, -0.38861237611004806, 0.39824372740998276, -0.0030281118729902135, -0.7866342232052407, 0.7870779838348209, 0.00022188031479023753]], "inverted": false, "swapped": false, "error_lsq": 0.05296761840707808, "error_max": 0.35906386397697426, "target": "116.xyz", "model": "19.xyz", "model_rescale": 4.509807711582247, "target_rescale": 4.156650619975746},
{"mapping": [6, 5, 4, 1, 0, 11, 9, 8, 12, 3, 2, 13], "R": [[-0.8231670772184803, -0.5673308878595678, -0.023057030686099034], [-0.5605098396682151, 0.8184149723001197, -0.12659246719337877], [0.0906900359394395, -0.09128305864435943, -0.9916868056931253]], "T": [0.056708454781950246, 0.08685711167525755, -0.002345563198409528], "aligned_model": [[0.4759930590591468, -0.2588408887814908, -0.24054581194368274, -0.45789318632792936, -0.4395981094901213, 0.23933756823851876, 0.6018966049831209, 0.620191681820929, -0.5635913968239008, 0.11534415510538724, 0.15193430878100345, 0.13363923194319535], [0.6725498248583968, 0.5132524794966375, 0.6136998851457476, -0.3613340275085129, -0.26088662185940287, -0.5180360698580605, -0.12395941282893146, -0.023512007179821423, 0.208811075043371, -0.048338191480814766, 0.15255661981740526, 0.05210921416829527], [0.3132012136642957, -0.44950098255955007, 0.3373733793735556, -0.33322877043921556, 0.4536455914938901, -0.32943601325988503, -0.38817095939206486, 0.3987034025410408, -0.0034912680592576123, -0.7865728930540417, 0.7871758308121692, 0.00030146887906387036]], "inverted": false, "swapped": false, "error_lsq": 0.052742458717816305, "error_max": 0.3620291040773862, "target": "116.xyz", "model": "20.xyz", "model_rescale": 4.509807711582248, "target_rescale": 4.156650619975746},
{"mapping": [10, 11, 4, 2, 5, 7, 9, 8, 3, 0, 6, 12], "R": [[0.0702035042837723, -0.9064586278104116, 0.41641832819214897], [0.5927847691349679, 0.3736548116479501, 0.7134341589901186], [-0.8022952607786495, 0.19676086450410002, 0.5635667455871736]], "T": [-0.021497713804720313, 0.045122039368782646, -0.10317969618612984], "aligned_model": [[0.7606769149041512, -0.32031975610367436, -0.2933161052716808, -0.20862897967679642, -0.3452842029533557, 0.277981089323324, 0.4270205194119805, 0.6116374848154947, -0.6269725007638516, -0.018326855475604455, -0.011627807461184934, 0.12502741581537452], [0.3544383401440824, 0.6231866869184776, 0.6766217747237071, -0.4370035682069344, -0.40352949901384405, -0.4851577501733009, -0.21720285284344384, 0.08648344281422529, 0.10498058173618088, 0.27134629296088575, 0.1681116939736821, 0.13463762478059205], [-0.006383684657734104, -0.25872979672339047, 0.3645490315374869, -0.4208881388797064, 0.34858708567561236, -0.008606999835110679, -0.4579431771714807, 0.44295249267863596, -0.08701046097625972, -0.7473442834714519, 0.800146578189359, 0.03067135363404043]], "inverted": false, "swapped": false, "error_lsq": 0.05432914516182264, "error_max": 0.3576343315437468, "target": "116.xyz", "model": "21.xyz", "model_rescale": 4.466005644533646, "target_rescale": 4.156650619975746},
{"mapping": [9, 3, 11, 6, 2, 8, 7, 10, 4, 5, 1, 12], "R": [[0.07020361779609512, -0.9064586164865411, -0.4164183337049963], [0.5927847254392327, 0.3736548894598305, -0.7134341545431473], [0.8022952831310137, -0.19676076890495164, 0.563566747143281]], "T": [-0.0214977074940191, 0.045122038203600626, 0.10317970022108469], "aligned_model": [[0.7606768410626744, -0.29331599211595905, -0.3203199996969842, -0.34528417034746206, -0.2086290854945195, 0.27798115140820284, 0.6116375540016602, 0.42702043846921717, -0.6269723947094165, -0.011627767754004724, -0.0183266753581695, 0.1250273170989379], [0.35443832891604177, 0.6766217797008003, 0.6231868310053543, -0.403529499568857, -0.4370035325036571, -0.4851578155076711, 0.08648337851527856, -0.21720286510690795, 0.10498058567785064, 0.16811169445409274, 0.2713462207126915, 0.13463766151929274], [0.006383613629400042, -0.36454895570774937, 0.2587297892099296, -0.34858705695912706, 0.4208881164104974, 0.008606974082300711, -0.44295252331085544, 0.45794311102255625, 0.08701054168540684, -0.8001465543522833, 0.7473443252725839, -0.030671380982658897]], "inverted": false, "swapped": false, "error_lsq": 0.05432913968438144, "error_max": 0.357634295419206, "target": "116.xyz", "model": "22.xyz", "model_rescale": 4.46600560860683, "target_rescale": 4.156650619975746},
{"mapping": [11, 1, 0, 5, 4, 6, 9, 8, 12, 3, 2, 13], "R": [[0.5547462326328202, 0.8316410017291167, -0.02509704410253765], [-0.8269887477362672, 0.5478289459018252, -0.12638456056692993], [-0.09135769533703098, 0.09086633191169835, 0.9916637944523434]], "T": [0.04974963499593005, 0.050886144902061045, -0.002365896168692825], "aligned_model": [[0.44451697256625616, -0.26086460445707965, -0.2807783722052772, -0.40235176728382516, -0.4222655350320227, 0.2206403837598129, 0.633951535606684, 0.6140377678584865, -0.5712911121351159, 0.15400441704361673, 0.11417688154722168, 0.1340906492954192], [0.5441691650865185, 0.6587409092612091, 0.5584584705881479, -0.22695711877360125, -0.32723955744666255, -0.6490090220620564, 0.04334513505713306, -0.056937303615928234, 0.16901423945464536, 0.1547250554280292, -0.04583982191809338, 0.05444261675496792], [-0.3295780751611694, -0.3328280607155448, 0.45402804896565446, -0.449288363370198, 0.3375677463110013, 0.31282987211532237, -0.38861237458901404, 0.3982437350921852, -0.003028136439294271, -0.7866342404175134, 0.7870779789448851, 0.000221869263685834]], "inverted": true, "swapped": false, "error_lsq": 0.05296761855407691, "error_max": 0.35906391662867404, "target": "116.xyz", "model": "23.xyz", "model_rescale": 4.509807674373902, "target_rescale": 4.156650619975746},
{"mapping": [6, 5, 4, 1, 0, 11, 9, 8, 12, 3, 2, 13], "R": [[-0.823167039020232, -0.5673309432436595, -0.023057031658994736], [-0.5605098943738795, 0.8184149343776083, -0.1265924701420977], [0.0906900445453997, -0.09128305442936935, -0.9916868052940901]], "T": [0.056708454049760465, 0.08685711346560276, -0.00234556347659258], "aligned_model": [[0.47599308866318046, -0.2588408618626722, -0.24054578410195557, -0.45789310168845365, -0.43959802392773706, 0.2393375433057588, 0.6018966820327326, 0.6201917597934491, -0.5635915995077148, 0.11534409352514648, 0.15193424904657954, 0.133639171285863], [0.672549769123762, 0.5132523724105472, 0.6136997812281244, -0.3613341549045365, -0.26088674608695933, -0.5180359706214116, -0.12395946774738859, -0.023512058929811355, 0.2088113087290009, -0.04833809727991639, 0.15255672035523798, 0.05210931153766081], [0.31320122129889016, -0.4495009740210863, 0.3373733940875345, -0.3332287578075429, 0.45364561030107786, -0.32943602722766724, -0.38817095760358805, 0.3987034105050327, -0.0034912929988255566, -0.7865729102865621, 0.7871758259306788, 0.00030145782205842327]], "inverted": false, "swapped": false, "error_lsq": 0.05274245771600772, "error_max": 0.36202915659765994, "target": "116.xyz", "model": "24.xyz", "model_rescale": 4.509807674373903, "target_rescale": 4.156650619975746},
{"mapping": [10, 11, 4, 2, 5, 7, 9, 8, 3, 0, 6, 12], "R": [[0.07020361779609555, -0.9064586164865411, 0.4164183337049963], [0.5927847254392331, 0.3736548894598307, 0.7134341545431473], [-0.8022952831310136, 0.19676076890495148, 0.5635667471432815]], "T": [-0.021497707494019115, 0.04512203820360062, -0.10317970022108469], "aligned_model": [[0.7606768410626746, -0.320319999696984, -0.2933159921159592, -0.2086290854945195, -0.3452841703474624, 0.2779811514082028, 0.4270204384692174, 0.6116375540016601, -0.6269723947094165, -0.018326675358169155, -0.011627767754005099, 0.12502731709893794], [0.35443832891604166, 0.6231868310053548, 0.6766217797008005, -0.4370035325036571, -0.4035294995688572, -0.48515781550767134, -0.2172028651069079, 0.08648337851527821, 0.1049805856778509, 0.271346220712692, 0.1681116944540924, 0.13463766151929274], [-0.006383613629399709, -0.2587297892099296, 0.3645489557077496, -0.42088811641049767, 0.34858705695912706, -0.008606974082300656, -0.4579431110225562, 0.4429525233108559, -0.08701054168540692, -0.7473443252725839, 0.8001465543522835, 0.030671380982659063]], "inverted": false, "swapped": false, "error_lsq": 0.05432913968438144, "error_max": 0.3576342954192062, "target": "116.xyz", "model": "25.xyz", "model_rescale": 4.466005608606829, "target_rescale": 4.156650619975746},
{"mapping": [9, 3, 11, 6, 2, 8, 7, 10, 4, 5, 1, 12], "R": [[0.0702034510394056, -0.9064586340700637, -0.4164183235425555], [0.5927847842941126, 0.37365477483390774, -0.7134341656755754], [0.8022952542372044, -0.1967609055774453, 0.5635667405594509]], "T": [-0.021497710547875075, 0.04512207340504601, 0.10317973500281503], "aligned_model": [[0.7606768686475952, -0.29331608769802475, -0.3203197753144449, -0.3452841592653375, -0.20862897057243035, 0.2779810951513881, 0.6116374724557162, 0.4270204913432671, -0.6269724650023529, -0.01162778196100938, -0.018326877952088226, 0.12502740673189786], [0.3544383220044337, 0.6766218303229051, 0.6231866208429501, -0.40352953101268374, -0.43700358163569564, -0.4851577498511247, 0.08648342371534509, -0.21720285156203614, 0.10498065675643525, 0.16811164255378605, 0.2713463937492206, 0.1346375919307742], [0.006383663410262266, -0.3645489030644164, 0.25872971832161046, -0.34858712266773123, 0.4208880743693351, 0.00860697286054328, -0.44295249605187176, 0.4579431323226772, 0.08701056584799859, -0.8001465915801461, 0.7473443807748187, -0.03067139454307989]], "inverted": false, "swapped": false, "error_lsq": 0.05432914767381083, "error_max": 0.35763431825889613, "target": "116.xyz", "model": "26.xyz", "model_rescale": 4.466005838112752, "target_rescale": 4.156650619975746},
{"mapping": [10, 0, 1, 4, 5, 7, 8, 9, 12, 2, 3, 13], "R": [[-0.554746339917568, -0.831640930091312, -0.02509704653778337], [0.8269886775504144, -0.5478290526998224, -0.1263845568945518], [0.09135767921460618, -0.09086634368605893, 0.9916637948587457]], "T": [0.04974961648603865, 0.050886178855463676, -0.002365892181895331], "aligned_model": [[0.44451703177568846, -0.2608648330237281, -0.28077860173856184, -0.40235187373978576, -0.4222656424546195, 0.2206404097108074, 0.6339514662639021, 0.6140376975490682, -0.5712907774821834, 0.15400454861603008, 0.11417701118636257, 0.13409077990119633], [0.5441691922967069, 0.6587409027440511, 0.5584584718478162, -0.22695710121133236, -0.3272395321075673, -0.6490090825929594, 0.04334508885229586, -0.05693734204393905, 0.16901427891739912, 0.15472506126684768, -0.04583980052562214, 0.054442630370612755], [-0.3295780513898291, -0.332828050680869, 0.4540280211665228, -0.4492883441960566, 0.3375677276513352, 0.3128298486677312, -0.38861236108353187, 0.39824371076385995, -0.0030281247747815485, -0.7866341972221853, 0.7870779464725983, 0.0002218746252065757]], "inverted": false, "swapped": false, "error_lsq": 0.05296762501071168, "error_max": 0.359063870310295, "target": "116.xyz", "model": "27.xyz", "model_rescale": 4.509807893063789, "target_rescale": 4.156650619975746},
{"mapping": [6, 5, 4, 1, 0, 11, 9, 8, 12, 3, 2, 13], "R": [[-0.8231671115011328, -0.5673308382260799, -0.02305702800829758], [-0.5605097905056416, 0.8184150058675703, -0.12659246785692527], [0.09069002861507708, -0.09128306616497156, -0.9916868056706805]], "T": [0.05670842418979903, 0.08685708890089915, -0.0023455595210769707], "aligned_model": [[0.4759931344570724, -0.2588409679664565, -0.2405458939896269, -0.4578933107355524, -0.43959823675872284, 0.23933758893902762, 0.6018966351449971, 0.6201917091218266, -0.5635913039223812, 0.11534421344783466, 0.15193436140149386, 0.13363928742466424], [0.672549816359523, 0.5132523952767107, 0.6136997974101688, -0.36133406445197525, -0.2608866623185172, -0.5180360176844949, -0.12395939820554068, -0.02351199607208264, 0.2088111464087982, -0.04833815176955154, 0.15255665249736444, 0.05210925036390646], [0.3132011977033614, -0.4495009549570851, 0.3373733752931879, -0.3332287477699898, 0.4536455824802832, -0.3294360033529517, -0.38817094419770315, 0.39870338605256983, -0.003491281027071899, -0.7865728669918062, 0.7871757935087393, 0.00030146325846668563]], "inverted": false, "swapped": false, "error_lsq": 0.05274246688865084, "error_max": 0.3620291080835525, "target": "116.xyz", "model": "28.xyz", "model_rescale": 4.5098078930637895, "target_rescale": 4.156650619975746},
{"mapping": [10, 4, 11, 5, 2, 7, 8, 9, 3, 6, 0, 12], "R": [[-0.0702034510394052, 0.906458634070064, -0.41641832354255504], [-0.592784784294113, -0.3736547748339071, -0.7134341656755754], [-0.802295254237204, 0.19676090557744547, 0.5635667405594512]], "T": [-0.021497710547875103, 0.04512207340504596, 0.10317973500281508], "aligned_model": [[0.7606768686475951, -0.2933160876980253, -0.3203197753144453, -0.3452841592653372, -0.20862897057243, 0.2779810951513886, 0.6116374724557162, 0.42702049134326747, -0.6269724650023529, -0.011627781961009546, -0.018326877952088337, 0.1250274067318978], [0.354438322004434, 0.6766218303229045, 0.6231866208429497, -0.40352953101268396, -0.4370035816356956, -0.4851577498511244, 0.08648342371534515, -0.21720285156203564, 0.10498065675643492, 0.1681116425537856, 0.2713463937492209, 0.13463759193077426], [0.006383663410262197, -0.36454890306441656, 0.25872971832161024, -0.34858712266773095, 0.4208880743693354, 0.008606972860543446, -0.4429524960518717, 0.4579431323226773, 0.0870105658479985, -0.8001465915801461, 0.7473443807748185, -0.030671394543079933]], "inverted": true, "swapped": false, "error_lsq": 0.05432914767381083, "error_max": 0.35763431825889586, "target": "116.xyz", "model": "29.xyz", "model_rescale": 4.466005838112752, "target_rescale": 4.156650619975746},
