[{"mapping": [10, 1, 7, 8, 4, 2, 3, 9, 5, 3, 6, 11], "R": [[0.08168959971426243, -0.9683649141727406, -0.23578846939098674], [-0.6067019687598232, -0.23601118353973527, 0.7590859255361858], [-0.7907208928575733, 0.08104390318459553, -0.6067885590179891]], "T": [0.062169530014526464, 0.011534829680901013, 0.07450905017672158], "aligned_model": [[0.43032198931200594, 0.0007288454359248853, -0.23075472328959445, -0.2800045741126321, -0.33745937134989823, 0.31073277015331086, 0.12368563564587122, 0.6173691238194456, -0.5245065058573379, 0.12368563564587122, -0.04370758878215483, 0.18777597994336448], [0.6541797863844974, 0.6716387170391165, 0.667972577684177, -0.348851126385446, -0.3973371689182617, -0.6557146433931008, -0.05354419976114101, 0.05200934275253753, 0.2048332747136981, -0.05354419976114101, 0.06580213405221717, 0.06946827340715674], [0.08171884083460115, -0.383180959603981, 0.3558574637397667, -0.2433664203918873, 0.37197795132554423, -0.2031267240666583, -0.6844821589162298, 0.5630742756841726, -0.10937748352402726, -0.6844821589162298, 0.8372128985893381, 0.09817447524559027]], "inverted": false, "swapped": false, "error_lsq": 0.06104550879051938, "error_max": 0.472683832157645, "target": "117.xyz", "model": "0.xyz", "model_rescale": 4.5108708085295355, "target_rescale": 4.156650619975746},
{"mapping": [10, 1, 7, 8, 4, 2, 3, 9, 5, 3, 6, 11], "R": [[0.08168959971426215, -0.9683649141727408, -0.23578846939098674], [-0.6067019687598235, -0.23601118353973505, 0.7590859255361859], [-0.7907208928575733, 0.08104390318459581, -0.6067885590179894]], "T": [0.06216953001452645, 0.011534829680901061, 0.07450905017672156], "aligned_model": [[0.4303219893120061, 0.0007288454359248714, -0.23075472328959418, -0.2800045741126322, -0.3374593713498983, 0.31073277015331063, 0.12368563564587111, 0.6173691238194456, -0.5245065058573378, 0.12368563564587111, -0.04370758878215468, 0.18777597994336453], [0.6541797863844971, 0.6716387170391165, 0.667972577684177, -0.348851126385446, -0.3973371689182615, -0.6557146433931009, -0.053544199761141296, 0.052009342752537525, 0.2048332747136981, -0.053544199761141296, 0.06580213405221744, 0.06946827340715667], [0.081718840834601, -0.38318095960398146, 0.3558574637397666, -0.24336642039188716, 0.37197795132554434, -0.20312672406665816, -0.6844821589162295, 0.5630742756841725, -0.10937748352402708, -0.6844821589162295, 0.8372128985893381, 0.09817447524559027]], "inverted": false, "swapped": false, "error_lsq": 0.06104550879051937, "error_max": 0.472683832157645, "target": "117.xyz", "model": "1.xyz", "model_rescale": 4.510870808529536, "target_rescale": 4.156650619975746},
{"mapping": [10, 1, 7, 8, 4, 2, 3, 9, 5, 3, 6, 11], "R": [[0.0816895997142626, -0.9683649141727406, -0.23578846939098624], [-0.6067019687598232, -0.23601118353973505, 0.7590859255361859], [-0.7907208928575733, 0.08104390318459515, -0.6067885590179892]], "T": [0.062169530014526415, 0.011534829680900978, 0.07450905017672159], "aligned_model": [[0.43032198931200605, 0.0007288454359252253, -0.23075472328959445, -0.28000457411263213, -0.33745937134989845, 0.31073277015331074, 0.12368563564587148, 0.6173691238194453, -0.5245065058573377, 0.12368563564587148, -0.043707588782155186, 0.18777597994336434], [0.6541797863844974, 0.6716387170391164, 0.6679725776841772, -0.3488511263854458, -0.39733716891826165, -0.6557146433931008, -0.05354419976114099, 0.05200934275253739, 0.20483327471369822, -0.05354419976114099, 0.06580213405221719, 0.06946827340715689], [0.0817188408346013, -0.3831809596039811, 0.35585746373976657, -0.2433664203918876, 0.37197795132554407, -0.20312672406665822, -0.6844821589162298, 0.5630742756841728, -0.10937748352402747, -0.6844821589162298, 0.8372128985893381, 0.09817447524559014]], "inverted": false, "swapped": false, "error_lsq": 0.06104550879051937, "error_max": 0.47268383215764476, "target": "117.xyz", "model": "2.xyz", "model_rescale": 4.5108708085295355, "target_rescale": 4.156650619975746},
{"mapping": [11, 2, 3, 4, 5, 7, 9, 10, 8, 0, 1, 13], "R": [[-0.5547462129446368, -0.8316410148897592, -0.025097043186696956], [0.8269887606256671, -0.5478289263835427, -0.12638456083034114], [0.09135769821097181, -0.09086632913563819, 0.9916637944419504]], "T": [0.049749557335905956, 0.05088616029028416, -0.0023658961957149075], "aligned_model": [[0.4445168991487125, -0.26086466446765144, -0.2807784311859127, -0.40235184629839, -0.4222656130166513, 0.22064028836691119, 0.6339516317740351, 0.6140378650557737, -0.5712909931720647, 0.15400446017139935, 0.11417692673487677, 0.13409069345313807], [0.544169164015547, 0.6587409229373007, 0.5584584855823145, -0.22695708820301974, -0.32723952555800584, -0.6490090002808713, 0.04334525871002838, -0.056937178644957745, 0.1690143890370186, 0.15472488409463775, -0.04583999061533446, 0.05444244673965163], [-0.3295780713232762, -0.3328280539770322, 0.4540280437138071, -0.4492883550653024, 0.3375677426255369, 0.31282986602164387, -0.3886123508721835, 0.3982437468186558, -0.003028113782609912, -0.7866342490772525, 0.7870779463044258, 0.00022184861358666907]], "inverted": false, "swapped": false, "error_lsq": 0.05296763029045984, "error_max": 0.3590639345838744, "target": "117.xyz", "model": "3.xyz", "model_rescale": 4.509807743048502, "target_rescale": 4.156650619975746},
{"mapping": [6, 5, 4, 3, 2, 12, 10, 9, 8, 1, 0, 13], "R": [[-0.8231670281251006, -0.5673309590051183, -0.02305703281047048], [-0.5605099099750317, 0.8184149237538051, -0.12659246974775237], [0.09069004701438893, -0.09128305172038584, -0.9916868053176576]], "T": [0.05670837631554565, 0.08685712803025687, -0.0023455635522264795], "aligned_model": [[0.4759929946238316, -0.25884094442955136, -0.240545866033767, -0.4578931643141371, -0.4395980859183528, 0.2393374730317688, 0.6018967243950404, 0.6201918027908246, -0.5635915443009394, 0.11534419717736866, 0.15193435396893734, 0.133639275573153], [0.6725497824136443, 0.5132523749046106, 0.61369978187969, -0.36133414294385735, -0.260886735968778, -0.5180359431275743, -0.12395962084179356, -0.02351221386671419, 0.20881112826390208, -0.048337954608019554, 0.15255685934213922, 0.052109452367059855], [0.3132012154115802, -0.44950096580486343, 0.3373733903400655, -0.3332287513828258, 0.45364560476210314, -0.3294360234799665, -0.38817093368484024, 0.3987034224600887, -0.003491270500343574, -0.7865729188519287, 0.7871757934379298, 0.00030143729300064447]], "inverted": false, "swapped": false, "error_lsq": 0.05274246801489781, "error_max": 0.36202917904006776, "target": "117.xyz", "model": "4.xyz", "model_rescale": 4.509807743048502, "target_rescale": 4.156650619975746},
{"mapping": [11, 2, 3, 4, 5, 7, 9, 10, 8, 0, 1, 13], "R": [[-0.554746212944637, -0.8316410148897593, -0.025097043186697032], [0.8269887606256672, -0.547828926383543, -0.12638456083034105], [0.0913576982109717, -0.09086632913563819, 0.9916637944419506]], "T": [0.04974955733590596, 0.05088616029028417, -0.002365896195714984], "aligned_model": [[0.4445168991487126, -0.2608646644676515, -0.2807784311859129, -0.40235184629839, -0.4222656130166514, 0.22064028836691124, 0.6339516317740352, 0.6140378650557738, -0.5712909931720648, 0.15400446017139946, 0.11417692673487673, 0.13409069345313807], [0.5441691640155472, 0.6587409229373007, 0.5584584855823147, -0.22695708820301994, -0.32723952555800595, -0.6490090002808713, 0.043345258710028416, -0.05693717864495765, 0.1690143890370185, 0.1547248840946377, -0.04583999061533439, 0.054442446739651616], [-0.32957807132327627, -0.33282805397703236, 0.45402804371380706, -0.44928835506530246, 0.33756774262553696, 0.31282986602164403, -0.3886123508721835, 0.39824374681865593, -0.003028113782609744, -0.7866342490772528, 0.7870779463044258, 0.00022184861358689025]], "inverted": false, "swapped": false, "error_lsq": 0.05296763029045984, "error_max": 0.3590639345838744, "target": "117.xyz", "model": "5.xyz", "model_rescale": 4.509807743048502, "target_rescale": 4.156650619975746},
{"mapping": [12, 3, 2, 5, 4, 6, 10, 9, 8, 1, 0, 13], "R": [[0.5547462731526575, 0.8316409746378024, -0.025097046175266778], [-0.8269887212210871, 0.5478289860556037, -0.1263845600158515], [-0.09135768931156552, 0.0908663377757424, 0.99166379447012]], "T": [0.04974957495188574, 0.050886170941262375, -0.0023658943191297147], "aligned_model": [[0.4445169913935142, -0.26086478927816403, -0.2807785590594226, -0.4023519113151486, -0.42226568109640716, 0.2206404503191443, 0.6339513982908759, 0.6140376285096173, -0.5712907289495638, 0.1540045756978356, 0.11417703613531845, 0.13409080591657702], [0.5441692798884114, 0.6587408708959784, 0.5584584307042065, -0.22695718142448748, -0.32723962161625936, -0.6490089401598517, 0.04334512762064462, -0.0569373125711272, 0.16901454161911875, 0.1547249644776637, -0.045839915905879915, 0.054442524285891886], [-0.3295780672493635, -0.332828079016329, 0.45402804602633823, -0.44928838353525774, 0.3375677415074095, 0.31282989283225227, -0.388612385532474, 0.3982437395101932, -0.0030280895448382195, -0.7866342633753107, 0.7870779867100235, 0.0002218616673564113]], "inverted": true, "swapped": false, "error_lsq": 0.0529676229631309, "error_max": 0.3590638726575588, "target": "117.xyz", "model": "6.xyz", "model_rescale": 4.509807586411629, "target_rescale": 4.156650619975746},
{"mapping": [6, 5, 4, 3, 2, 12, 10, 9, 8, 1, 0, 13], "R": [[-0.8231670634237861, -0.5673309079321414, -0.02305702927857405], [-0.5605098594119757, 0.8184149582001269, -0.12659247093035264], [0.09069003912353345, -0.09128306030790803, -0.991686805248812]], "T": [0.05670838854395256, 0.08685711183806151, -0.002345561696325242], "aligned_model": [[0.47599311653577026, -0.25884097490978486, -0.24054589868102294, -0.45789325649911705, -0.43959818027035513, 0.23933752123931618, 0.6018965583566881, 0.62019163458545, -0.5635913574491271, 0.11534427499002456, 0.15193442744754831, 0.13363935121878645], [0.6725496710177878, 0.5132524823823233, 0.6136998937845505, -0.36133405336931995, -0.2608866419670928, -0.5180360830868583, -0.12395940648420721, -0.023511995081980083, 0.2088108820160687, -0.048338071867881346, 0.15255675093657295, 0.052109339534345815], [0.31320124158226653, -0.4495009943013675, 0.3373733891190448, -0.3332287758171657, 0.45364560760324657, -0.32943601920731747, -0.3881709688435224, 0.39870341457688985, -0.0034912456917542602, -0.7865729330938528, 0.7871758337469723, 0.00030145032655994573]], "inverted": false, "swapped": false, "error_lsq": 0.0527424650301949, "error_max": 0.36202911595446274, "target": "117.xyz", "model": "7.xyz", "model_rescale": 4.509807586411629, "target_rescale": 4.156650619975746},
{"mapping": [12, 3, 2, 5, 4, 6, 10, 9, 8, 1, 0, 13], "R": [[0.5547462731526575, 0.8316409746378024, -0.02509704617526682], [-0.8269887212210871, 0.5478289860556037, -0.12638456001585147], [-0.09135768931156546, 0.09086633777574243, 0.99166379447012]], "T": [0.04974957495188574, 0.05088617094126237, -0.0023658943191296427], "aligned_model": [[0.4445169913935142, -0.26086478927816403, -0.2807785590594226, -0.4023519113151486, -0.42226568109640716, 0.2206404503191443, 0.6339513982908759, 0.6140376285096173, -0.5712907289495638, 0.15400457569783566, 0.1141770361353184, 0.13409080591657704], [0.5441692798884114, 0.6587408708959784, 0.5584584307042066, -0.22695718142448756, -0.32723962161625936, -0.6490089401598516, 0.04334512762064461, -0.056937312571127205, 0.16901454161911877, 0.15472496447766365, -0.04583991590587992, 0.05444252428589191], [-0.3295780672493634, -0.332828079016329, 0.45402804602633823, -0.4492883835352577, 0.3375677415074095, 0.3128298928322523, -0.3886123855324739, 0.39824373951019326, -0.003028089544838482, -0.7866342633753106, 0.7870779867100236, 0.00022186166735619446]], "inverted": true, "swapped": false, "error_lsq": 0.0529676229631309, "error_max": 0.3590638726575587, "target": "117.xyz", "model": "8.xyz", "model_rescale": 4.509807586411629, "target_rescale": 4.156650619975746},
{"mapping": [9, 2, 3, 6, 7, 5, 11, 12, 8, 0, 1, 13], "R": [[0.5547461578200465, 0.8316410514771284, -0.025097049267041954], [-0.8269887966823253, 0.5478288703889722, -0.1263845676111695], [-0.09135770654857524, 0.09086633186367224, 0.9916637934238727]], "T": [0.04974958757521533, 0.050886112080154006, -0.002365901616849321], "aligned_model": [[0.44451689005922956, -0.2608647032729525, -0.28077847586925764, -0.4023517672627297, -0.4222655398590348, 0.22064037411222565, 0.6339515993138717, 0.6140378267175665, -0.571291080148235, 0.15400447018746932, 0.11417692499485908, 0.1340906975911642], [0.5441690577382595, 0.6587408695857002, 0.5584584215452331, -0.22695705654766304, -0.3272395045881302, -0.6490090388109936, 0.043345113862898195, -0.05693733417756899, 0.1690143275809735, 0.15472508524900075, -0.0458398108319336, 0.05444263720853357], [-0.3295781008470005, -0.3328280810525173, 0.4540280574563847, -0.4492883753679223, 0.3375677631409797, 0.3128298809889095, -0.3886123882266282, 0.3982437502822738, -0.003028126859211523, -0.7866342650139913, 0.7870780120038126, 0.0002218734949106559]], "inverted": false, "swapped": false, "error_lsq": 0.05296762766881593, "error_max": 0.3590639932597576, "target": "117.xyz", "model": "9.xyz", "model_rescale": 4.509807504472865, "target_rescale": 4.156650619975746},
{"mapping": [4, 7, 6, 3, 2, 10, 12, 11, 8, 1, 0, 13], "R": [[0.8231669926121862, 0.5673310106644696, -0.023057029562380656], [0.5605099608247439, -0.8184148875604418, -0.12659247859044986], [-0.0906900550780137, 0.09128305515187825, -0.9916868042643736]], "T": [0.05670842240804942, 0.08685716139213671, -0.0023455689254315787], "aligned_model": [[0.4759930906230708, -0.25884088092916285, -0.2405458041428052, -0.457893181850034, -0.43959810506367636, 0.2393375022071073, 0.6018967478060335, 0.6201918245923912, -0.5635916015620817, 0.11534413150808702, 0.1519342850808023, 0.13363920829444464], [0.6725497846220116, 0.51325231699787, 0.6136997363031902, -0.36133407723525895, -0.26088665792993876, -0.5180358420370694, -0.1239594766477952, -0.023512057342474954, 0.20881121997814756, -0.048338145603444474, 0.15255669300719604, 0.052109273701875805], [0.31320123050464405, -0.4495009864064144, 0.33737341052960806, -0.333228778610142, 0.45364561832588046, -0.3294360526250014, -0.3881709705869681, 0.39870342634905437, -0.0034912840397776164, -0.7865729347496507, 0.7871758591223947, 0.00030146218637215746]], "inverted": false, "swapped": false, "error_lsq": 0.052742468570999214, "error_max": 0.36202923334851334, "target": "117.xyz", "model": "10.xyz", "model_rescale": 4.509807504472865, "target_rescale": 4.156650619975746},
{"mapping": [5, 6, 7, 2, 3, 9, 11, 12, 8, 0, 1, 13], "R": [[-0.8231669926121863, -0.5673310106644696, -0.023057029562380326], [-0.5605099608247439, 0.818414887560442, -0.12659247859044961], [0.09069005507801327, -0.09128305515187823, -0.9916868042643738]], "T": [0.05670842240804942, 0.0868571613921367, -0.0023455689254316655], "aligned_model": [[0.47599309062307066, -0.2588408809291627, -0.24054580414280535, -0.4578931818500339, -0.4395981050636765, 0.23933750220710737, 0.6018967478060337, 0.6201918245923912, -0.5635916015620817, 0.11534413150808728, 0.15193428508080203, 0.13363920829444464], [0.6725497846220116, 0.5132523169978702, 0.6136997363031903, -0.3613340772352589, -0.2608866579299388, -0.5180358420370694, -0.12395947664779516, -0.023512057342475107, 0.20881121997814767, -0.048338145603444294, 0.15255669300719582, 0.0521092737018758], [0.31320123050464455, -0.44950098640641456, 0.3373734105296083, -0.33322877861014244, 0.4536456183258804, -0.3294360526250017, -0.3881709705869681, 0.39870342634905476, -0.003491284039777695, -0.7865729347496508, 0.7871758591223947, 0.00030146218637228366]], "inverted": true, "swapped": false, "error_lsq": 0.052742468570999235, "error_max": 0.3620292333485136, "target": "117.xyz", "model": "11.xyz", "model_rescale": 4.509807504472865, "target_rescale": 4.156650619975746},
{"mapping": [9, 2, 3, 6, 7, 5, 11, 12, 8, 0, 1, 13], "R": [[0.5547462672441861, 0.8316409787000841, -0.025097042164535156], [-0.8269887250910085, 0.5478289807676342, -0.12638455761462195], [-0.09135769015792172, 0.09086633247722349, 0.9916637948776532]], "T": [0.049749697020300236, 0.050886186595125435, -0.0023658892539339302], "aligned_model": [[0.4445170993553361, -0.2608646524047297, -0.280778418208296, -0.40235177521004506, -0.42226554101361136, 0.22064037807297227, 0.6339514950909847, 0.6140377292874183, -0.5712909501161199, 0.15400438304032202, 0.1141768514331894, 0.1340906172367557], [0.5441692724970952, 0.6587408635805914, 0.558458429299096, -0.22695715269586714, -0.32723958697736255, -0.6490090184475181, 0.04334513884644891, -0.056937295435046484, 0.1690143137056042, 0.15472503542858485, -0.04583983313440591, 0.05444260114708946], [-0.32957805215722663, -0.3328280606060302, 0.45402803333539626, -0.4492883577859638, 0.33756773615546265, 0.3128298659036346, -0.38861236787931575, 0.3982437260621107, -0.0030281219821664657, -0.7866342276233935, 0.7870779602594591, 0.00022186631803273625]], "inverted": false, "swapped": false, "error_lsq": 0.052967611971725836, "error_max": 0.3590638296638107, "target": "117.xyz", "model": "12.xyz", "model_rescale": 4.509807766519439, "target_rescale": 4.156650619975746},
{"mapping": [4, 7, 6, 3, 2, 10, 12, 11, 8, 1, 0, 13], "R": [[0.8231670606694529, 0.5673309118096846, -0.023057032202901936], [0.5605098633730871, -0.8184149561191455, -0.12659246684531045], [-0.09069003964216292, 0.09128305486611192, -0.9916868057022912]], "T": [0.056708496000366024, 0.08685705174170179, -0.002345556539727126], "aligned_model": [[0.475993080007442, -0.2588408582716009, -0.24054578045311964, -0.4578931277021178, -0.4395980498836366, 0.23933762288555277, 0.6018966436045621, 0.6201917214230432, -0.5635914773527233, 0.11534406961711033, 0.15193422525407285, 0.13363914743559158], [0.6725497694960808, 0.5132524057724878, 0.6136998099217941, -0.3613340964068723, -0.2608866922575659, -0.5180361168513095, -0.12395945416291211, -0.023512050013605748, 0.20881117730653131, -0.04833806581274595, 0.15255674248586681, 0.05210933833656046], [0.31320121489864877, -0.4495009683816102, 0.3373733839732889, -0.333228757534598, 0.4536455948203011, -0.32943600418048985, -0.38817095107817823, 0.3987034012767209, -0.0034912782833459613, -0.7865728975251454, 0.7871758071846534, 0.00030145482975419855]], "inverted": false, "swapped": false, "error_lsq": 0.052742451646694354, "error_max": 0.3620290669419345, "target": "117.xyz", "model": "13.xyz", "model_rescale": 4.509807766519439, "target_rescale": 4.156650619975746},
{"mapping": [5, 6, 7, 2, 3, 9, 11, 12, 8, 0, 1, 13], "R": [[-0.8231670606694527, -0.5673309118096844, -0.02305703220290173], [-0.5605098633730868, 0.8184149561191453, -0.12659246684531061], [0.09069003964216285, -0.09128305486611218, -0.991686805702291]], "T": [0.05670849600036602, 0.08685705174170176, -0.0023455565397272403], "aligned_model": [[0.4759930800074418, -0.2588408582716007, -0.24054578045311967, -0.4578931277021177, -0.4395980498836366, 0.23933762288555274, 0.6018966436045619, 0.620191721423043, -0.5635914773527232, 0.11534406961711047, 0.15193422525407263, 0.13363914743559155], [0.6725497694960808, 0.5132524057724875, 0.6136998099217941, -0.36133409640687225, -0.2608866922575657, -0.5180361168513093, -0.12395945416291222, -0.023512050013605706, 0.2088111773065313, -0.04833806581274609, 0.15255674248586693, 0.05210933833656046], [0.31320121489864877, -0.44950096838161036, 0.33737338397328875, -0.333228757534598, 0.4536455948203011, -0.3294360041804897, -0.3881709510781781, 0.398703401276721, -0.003491278283346033, -0.786572897525145, 0.787175807184653, 0.00030145482975430264]], "inverted": true, "swapped": false, "error_lsq": 0.05274245164669434, "error_max": 0.3620290669419344, "target": "117.xyz", "model": "14.xyz", "model_rescale": 4.509807766519439, "target_rescale": 4.156650619975746},
{"mapping": [10, 1, 5, 8, 6, 2, 3, 9, 7, 3, 4, 11], "R": [[-0.08168956980065784, 0.9683649187606336, -0.2357884609125205], [0.6067019414204917, 0.2360111617014154, 0.7590859541770978], [0.790720916924796, -0.08104391196172686, -0.6067885264831152]], "T": [0.06216941592749024, 0.01153486212789312, 0.0745091501095322], "aligned_model": [[0.43032182396057217, 0.0007288694198950424, -0.23075450854131807, -0.2800045969613738, -0.3374594071352668, 0.3107327527059286, 0.12368560948309633, 0.6173689671834044, -0.524506550358099, 0.12368560948309633, -0.04370736531848582, 0.18777601264272725], [0.6541797687564502, 0.6716386470084154, 0.6679726725985721, -0.3488512786593921, -0.3973372121297529, -0.6557145686645559, -0.05354405260150963, 0.05200925269340401, 0.20483330393329333, -0.05354405260150963, 0.0658021565355259, 0.06946813094536936], [0.08171887994616982, -0.38318114368834566, 0.35585750205278466, -0.24336662583225194, 0.3719779712128172, -0.2031265977382003, -0.6844820465155148, 0.5630743287234843, -0.10937747756449724, -0.6844820465155148, 0.8372129508300992, 0.09817430508896875]], "inverted": false, "swapped": false, "error_lsq": 0.06104549548465251, "error_max": 0.47268379383347575, "target": "117.xyz", "model": "15.xyz", "model_rescale": 4.510870436145588, "target_rescale": 4.156650619975746},
{"mapping": [9, 0, 4, 8, 7, 3, 2, 10, 6, 2, 5, 11], "R": [[0.081689569800657, -0.9683649187606338, -0.23578846091252065], [-0.6067019414204915, -0.2360111617014149, 0.7590859541770981], [-0.7907209169247962, 0.08104391196172755, -0.6067885264831148]], "T": [0.06216941592749028, 0.011534862127893085, 0.07450915010953214], "aligned_model": [[0.43032182396057256, 0.0007288694198949938, -0.2307545085413175, -0.28000459696137425, -0.3374594071352668, 0.31073275270592815, 0.12368560948309584, 0.6173689671834048, -0.5245065503580991, 0.12368560948309584, -0.0437073653184852, 0.1877760126427273], [0.6541797687564499, 0.6716386470084157, 0.6679726725985721, -0.3488512786593918, -0.39733721212975287, -0.6557145686645559, -0.05354405260150961, 0.05200925269340347, 0.20483330393329355, -0.05354405260150961, 0.06580215653552565, 0.06946813094536931], [0.08171887994616979, -0.3831811436883455, 0.35585750205278527, -0.24336662583225183, 0.37197797121281734, -0.2031265977382009, -0.6844820465155148, 0.5630743287234838, -0.10937747756449666, -0.6844820465155148, 0.8372129508300993, 0.09817430508896856]], "inverted": true, "swapped": false, "error_lsq": 0.06104549548465251, "error_max": 0.47268379383347614, "target": "117.xyz", "model": "16.xyz", "model_rescale": 4.510870436145588, "target_rescale": 4.156650619975746},
{"mapping": [10, 1, 5, 8, 6, 2, 3, 9, 7, 3, 4, 11], "R": [[-0.08168956980065811, 0.9683649187606334, -0.23578846091252068], [0.6067019414204915, 0.23601116170141567, 0.7590859541770976], [0.7907209169247957, -0.08104391196172678, -0.6067885264831149]], "T": [0.06216941592749027, 0.011534862127893092, 0.07450915010953219], "aligned_model": [[0.4303218239605719, 0.0007288694198948759, -0.23075450854131824, -0.28000459696137364, -0.3374594071352666, 0.3107327527059288, 0.12368560948309645, 0.6173689671834043, -0.524506550358099, 0.12368560948309645, -0.04370736531848583, 0.18777601264272714], [0.6541797687564502, 0.6716386470084154, 0.6679726725985718, -0.3488512786593919, -0.39733721212975304, -0.6557145686645557, -0.053544052601509656, 0.052009252693404145, 0.20483330393329305, -0.053544052601509656, 0.06580215653552576, 0.06946813094536958], [0.08171887994616994, -0.3831811436883454, 0.3558575020527847, -0.24336662583225205, 0.37197797121281706, -0.2031265977382003, -0.6844820465155145, 0.5630743287234842, -0.10937747756449717, -0.6844820465155145, 0.837212950830099, 0.09817430508896857]], "inverted": false, "swapped": false, "error_lsq": 0.0610454954846525, "error_max": 0.4726837938334754, "target": "117.xyz", "model": "17.xyz", "model_rescale": 4.510870436145588, "target_rescale": 4.156650619975746},
{"mapping": [9, 3, 11, 6, 2, 8, 7, 10, 4, 5, 1, 12], "R": [[0.07020350428377219, -0.9064586278104119, -0.4164183281921488], [0.5927847691349681, 0.37365481164795, -0.7134341589901187], [0.8022952607786498, -0.19676086450410013, 0.5635667455871738]], "T": [-0.02149771380472027, 0.04512203936878268, 0.10317969618612985], "aligned_model": [[0.7606769149041512, -0.29331610527168084, -0.3203197561036744, -0.3452842029533556, -0.20862897967679622, 0.27798108932332405, 0.6116374848154946, 0.42702051941198055, -0.6269725007638516, -0.01162780746118492, -0.018326855475604552, 0.12502741581537452], [0.3544383401440826, 0.6766217747237071, 0.6231866869184773, -0.40352949901384433, -0.43700356820693453, -0.485157750173301, 0.08648344281422549, -0.21720285284344387, 0.10498058173618066, 0.16811169397368214, 0.2713462929608856, 0.13463762478059205], [0.0063836846577340345, -0.3645490315374871, 0.25872979672339047, -0.34858708567561214, 0.42088813887970655, 0.008606999835110832, -0.442952492678636, 0.4579431771714809, 0.08701046097625982, -0.800146578189359, 0.7473442834714519, -0.030671353634040416]], "inverted": false, "swapped": false, "error_lsq": 0.05432914516182264, "error_max": 0.35763433154374663, "target": "117.xyz", "model": "18.xyz", "model_rescale": 4.466005644533647, "target_rescale": 4.156650619975746},
{"mapping": [10, 0, 1, 4, 5, 7, 8, 9, 12, 2, 3, 13], "R": [[-0.554746292650476, -0.8316409617092893, -0.025097043606781617], [0.8269887084629062, -0.5478290059198905, -0.12638455739400573], [0.09135768640572245, -0.09086633634120557, 0.9916637948692695]], "T": [0.049749636454937324, 0.05088614638112393, -0.0023658958804016533], "aligned_model": [[0.44451703046574287, -0.260864733322658, -0.2807785005131884, -0.4023518305430238, -0.4222655977335542, 0.2206403390127178, 0.6339514439147049, 0.6140376767241746, -0.5712908373960938, 0.15400450917564867, 0.11417697479458795, 0.1340907419851183], [0.5441692498666724, 0.6587408210849164, 0.5584583857568615, -0.22695721035952005, -0.32723964568757496, -0.649009061726878, 0.043345115765858575, -0.05693731956219636, 0.16901437768899463, 0.1547251203237801, -0.045839750332329746, 0.054442684995725174], [-0.32957806116530275, -0.3328280735016887, 0.45402803001834213, -0.44928837197694826, 0.33756773154308256, 0.3128298647112003, -0.3886123761100481, 0.39824372740998276, -0.0030281118729903037, -0.7866342232052408, 0.7870779838348207, 0.00022188031479017595]], "inverted": false, "swapped": false, "error_lsq": 0.05296761840707808, "error_max": 0.35906386397697426, "target": "117.xyz", "model": "19.xyz", "model_rescale": 4.509807711582247, "target_rescale": 4.156650619975746},
{"mapping": [6, 5, 4, 1, 0, 11, 9, 8, 12, 3, 2, 13], "R": [[-0.8231670772184805, -0.5673308878595673, -0.023057030686098694], [-0.5605098396682149, 0.8184149723001197, -0.12659246719337888], [0.09069003593943924, -0.09128305864435976, -0.9916868056931252]], "T": [0.056708454781950246, 0.08685711167525755, -0.002345563198409584], "aligned_model": [[0.4759930590591469, -0.2588408887814904, -0.24054581194368257, -0.45789318632792936, -0.4395981094901215, 0.23933756823851865, 0.6018966049831209, 0.6201916818209288, -0.5635913968239006, 0.11534415510538748, 0.15193430878100317, 0.13363923194319532], [0.6725498248583965, 0.5132524794966374, 0.6136998851457476, -0.36133402750851285, -0.2608866218594027, -0.5180360698580605, -0.1239594128289316, -0.02351200717982145, 0.2088110750433711, -0.04833819148081488, 0.15255661981740534, 0.052109214168295254], [0.3132012136642957, -0.44950098255955023, 0.3373733793735553, -0.33322877043921567, 0.4536455914938899, -0.32943601325988486, -0.38817095939206464, 0.3987034025410409, -0.003491268059257932, -0.7865728930540417, 0.787175830812169, 0.00030146887906385084]], "inverted": false, "swapped": false, "error_lsq": 0.0527424587178163, "error_max": 0.362029104077386, "target": "117.xyz", "model": "20.xyz", "model_rescale": 4.509807711582248, "target_rescale": 4.156650619975746},
{"mapping": [10, 11, 4, 2, 5, 7, 9, 8, 3, 0, 6, 12], "R": [[0.07020350428377216, -0.9064586278104116, 0.4164183281921492], [0.5927847691349679, 0.3736548116479503, 0.7134341589901189], [-0.8022952607786498, 0.19676086450410024, 0.5635667455871736]], "T": [-0.02149771380472034, 0.045122039368782625, -0.10317969618612993], "aligned_model": [[0.7606769149041515, -0.32031975610367436, -0.29331610527168067, -0.20862897967679653, -0.34528420295335566, 0.277981089323324, 0.4270205194119805, 0.6116374848154948, -0.6269725007638516, -0.01832685547560462, -0.011627807461184768, 0.12502741581537455], [0.3544383401440824, 0.6231866869184777, 0.6766217747237074, -0.4370035682069347, -0.4035294990138441, -0.48515775017330104, -0.21720285284344404, 0.08648344281422538, 0.10498058173618091, 0.2713462929608856, 0.1681116939736823, 0.13463762478059205], [-0.00638368465773434, -0.2587297967233906, 0.3645490315374869, -0.4208881388797065, 0.34858708567561236, -0.008606999835110776, -0.457943177171481, 0.44295249267863585, -0.08701046097625968, -0.7473442834714521, 0.8001465781893589, 0.030671353634040333]], "inverted": false, "swapped": false, "error_lsq": 0.054329145161822634, "error_max": 0.3576343315437469, "target": "117.xyz", "model": "21.xyz", "model_rescale": 4.466005644533646, "target_rescale": 4.156650619975746},
{"mapping": [9, 3, 11, 6, 2, 8, 7, 10, 4, 5, 1, 12], "R": [[0.07020361779609512, -0.9064586164865411, -0.4164183337049963], [0.5927847254392327, 0.3736548894598305, -0.7134341545431473], [0.8022952831310137, -0.19676076890495164, 0.563566747143281]], "T": [-0.0214977074940191, 0.045122038203600626, 0.10317970022108462], "aligned_model": [[0.7606768410626744, -0.29331599211595905, -0.3203199996969842, -0.34528417034746206, -0.2086290854945195, 0.27798115140820284, 0.6116375540016602, 0.42702043846921717, -0.6269723947094165, -0.011627767754004724, -0.0183266753581695, 0.1250273170989379], [0.35443832891604177, 0.6766217797008003, 0.6231868310053543, -0.403529499568857, -0.4370035325036571, -0.4851578155076711, 0.08648337851527856, -0.21720286510690795, 0.10498058567785064, 0.16811169445409274, 0.2713462207126915, 0.13463766151929274], [0.006383613629399973, -0.3645489557077494, 0.25872978920992956, -0.3485870569591271, 0.42088811641049734, 0.008606974082300642, -0.4429525233108555, 0.4579431110225562, 0.08701054168540677, -0.8001465543522834, 0.7473443252725838, -0.030671380982658966]], "inverted": false, "swapped": false, "error_lsq": 0.05432913968438144, "error_max": 0.357634295419206, "target": "117.xyz", "model": "22.xyz", "model_rescale": 4.46600560860683, "target_rescale": 4.156650619975746},
{"mapping": [10, 0, 1, 4, 5, 7, 8, 9, 12, 2, 3, 13], "R": [[-0.5547462326328201, -0.8316410017291167, -0.02509704410253789], [0.8269887477362672, -0.5478289459018251, -0.1263845605669297], [0.09135769533703067, -0.0908663319116984, 0.9916637944523434]], "T": [0.04974963499593004, 0.050886144902061045, -0.002365896168692869], "aligned_model": [[0.4445169725662563, -0.2608646044570795, -0.28077837220527724, -0.40235176728382505, -0.4222655350320228, 0.22064038375981276, 0.6339515356066842, 0.6140377678584864, -0.5712911121351157, 0.15400441704361692, 0.11417688154722147, 0.1340906492954192], [0.5441691650865184, 0.6587409092612091, 0.5584584705881479, -0.2269571187736013, -0.3272395574466624, -0.6490090220620562, 0.04334513505713293, -0.056937303615928206, 0.1690142394546454, 0.154725055428029, -0.04583982191809323, 0.05444261675496788], [-0.32957807516116955, -0.33282806071554516, 0.4540280489656542, -0.4492883633701981, 0.33756774631100117, 0.3128298721153224, -0.38861237458901404, 0.39824373509218525, -0.0030281364392942722, -0.7866342404175133, 0.7870779789448852, 0.00022186926368600183]], "inverted": false, "swapped": false, "error_lsq": 0.05296761855407691, "error_max": 0.3590639166286741, "target": "117.xyz", "model": "23.xyz", "model_rescale": 4.509807674373902, "target_rescale": 4.156650619975746},
{"mapping": [6, 5, 4, 1, 0, 11, 9, 8, 12, 3, 2, 13], "R": [[-0.8231670390202317, -0.5673309432436597, -0.023057031658994854], [-0.5605098943738798, 0.8184149343776079, -0.12659247014209773], [0.09069004454539983, -0.09128305442936926, -0.99168680529409]], "T": [0.05670845404976046, 0.08685711346560278, -0.002345563476592648], "aligned_model": [[0.4759930886631802, -0.2588408618626724, -0.2405457841019558, -0.45789310168845354, -0.4395980239277369, 0.23933754330575896, 0.6018966820327325, 0.6201917597934492, -0.5635915995077148, 0.11534409352514638, 0.15193424904657965, 0.133639171285863], [0.6725497691237621, 0.513252372410547, 0.6136997812281242, -0.3613341549045367, -0.2608867460869594, -0.5180359706214114, -0.12395946774738832, -0.023512058929811078, 0.20881130872900067, -0.04833809727991638, 0.15255672035523804, 0.05210931153766085], [0.31320122129888994, -0.44950097402108624, 0.3373733940875344, -0.3332287578075428, 0.45364561030107786, -0.32943602722766724, -0.38817095760358816, 0.3987034105050325, -0.0034912929988255206, -0.7865729102865621, 0.7871758259306786, 0.00030145782205834304]], "inverted": false, "swapped": false, "error_lsq": 0.05274245771600772, "error_max": 0.3620291565976599, "target": "117.xyz", "model": "24.xyz", "model_rescale": 4.509807674373903, "target_rescale": 4.156650619975746},
{"mapping": [10, 11, 4, 2, 5, 7, 9, 8, 3, 0, 6, 12], "R": [[0.07020361779609549, -0.9064586164865414, 0.41641833370499653], [0.5927847254392329, 0.3736548894598307, 0.7134341545431473], [-0.8022952831310136, 0.19676076890495153, 0.5635667471432815]], "T": [-0.021497707494019143, 0.045122038203600605, -0.10317970022108476], "aligned_model": [[0.7606768410626749, -0.3203199996969841, -0.2933159921159592, -0.20862908549451964, -0.3452841703474625, 0.2779811514082028, 0.42702043846921744, 0.6116375540016602, -0.6269723947094167, -0.018326675358169252, -0.011627767754005043, 0.125027317098938], [0.35443832891604166, 0.6231868310053547, 0.6766217797008005, -0.4370035325036571, -0.403529499568857, -0.48515781550767123, -0.21720286510690795, 0.08648337851527832, 0.1049805856778509, 0.27134622071269177, 0.16811169445409258, 0.13463766151929274], [-0.006383613629399806, -0.2587297892099296, 0.36454895570774953, -0.4208881164104977, 0.348587056959127, -0.008606974082300753, -0.4579431110225563, 0.4429525233108557, -0.08701054168540696, -0.747344325272584, 0.8001465543522834, 0.030671380982658966]], "inverted": false, "swapped": false, "error_lsq": 0.054329139684381446, "error_max": 0.3576342954192064, "target": "117.xyz", "model": "25.xyz", "model_rescale": 4.466005608606829, "target_rescale": 4.156650619975746},
{"mapping": [9, 11, 3, 2, 6, 8, 10, 7, 4, 1, 5, 12], "R": [[-0.07020345103940501, 0.9064586340700639, 0.41641832354255504], [-0.5927847842941129, -0.373654774833907, 0.7134341656755756], [0.8022952542372043, -0.19676090557744552, 0.5635667405594509]], "T": [-0.021497710547875068, 0.04512207340504598, -0.10317973500281499], "aligned_model": [[0.7606768686475951, -0.3203197753144453, -0.29331608769802514, -0.20862897057243002, -0.3452841592653371, 0.27798109515138847, 0.42702049134326725, 0.6116374724557163, -0.6269724650023529, -0.01832687795208851, -0.011627781961009317, 0.12502740673189783], [0.3544383220044342, 0.6231866208429497, 0.6766218303229046, -0.43700358163569575, -0.403529531012684, -0.48515774985112453, -0.21720285156203573, 0.0864834237153454, 0.10498065675643475, 0.27134639374922065, 0.1681116425537859, 0.1346375919307743], [-0.006383663410262336, -0.2587297183216103, 0.36454890306441656, -0.4208880743693352, 0.3485871226677312, -0.008606972860543377, -0.45794313232267725, 0.4429524960518716, -0.08701056584799843, -0.7473443807748185, 0.8001465915801461, 0.030671394543079905]], "inverted": true, "swapped": false, "error_lsq": 0.054329147673810814, "error_max": 0.3576343182588957, "target": "117.xyz", "model": "26.xyz", "model_rescale": 4.466005838112752, "target_rescale": 4.156650619975746},
{"mapping": [10, 0, 1, 4, 5, 7, 8, 9, 12, 2, 3, 13], "R": [[-0.554746339917568, -0.831640930091312, -0.025097046537783392], [0.8269886775504144, -0.5478290526998224, -0.12638455689455177], [0.09135767921460614, -0.09086634368605893, 0.9916637948587457]], "T": [0.04974961648603865, 0.050886178855463676, -0.002365892181895394], "aligned_model": [[0.44451703177568846, -0.2608648330237281, -0.28077860173856184, -0.40235187373978576, -0.4222656424546195, 0.2206404097108074, 0.6339514662639021, 0.6140376975490682, -0.5712907774821834, 0.1540045486160301, 0.11417701118636256, 0.13409077990119633], [0.5441691922967069, 0.6587409027440511, 0.5584584718478162, -0.22695710121133236, -0.3272395321075673, -0.6490090825929594, 0.04334508885229585, -0.056937342043939035, 0.16901427891739912, 0.15472506126684765, -0.045839800525622115, 0.054442630370612755], [-0.32957805138982915, -0.3328280506808691, 0.4540280211665227, -0.4492883441960567, 0.33756772765133514, 0.3128298486677312, -0.38861236108353187, 0.39824371076385995, -0.003028124774781632, -0.7866341972221854, 0.7870779464725982, 0.00022187462520651454]], "inverted": false, "swapped": false, "error_lsq": 0.05296762501071168, "error_max": 0.35906387031029496, "target": "117.xyz", "model": "27.xyz", "model_rescale": 4.509807893063789, "target_rescale": 4.156650619975746},
{"mapping": [6, 5, 4, 1, 0, 11, 9, 8, 12, 3, 2, 13], "R": [[-0.8231671115011328, -0.56733083822608, -0.023057028008296974], [-0.5605097905056418, 0.8184150058675703, -0.12659246785692507], [0.0906900286150765, -0.09128306616497174, -0.9916868056706806]], "T": [0.05670842418979903, 0.08685708890089915, -0.0023455595210770176], "aligned_model": [[0.4759931344570722, -0.25884096796645634, -0.24054589398962717, -0.4578933107355522, -0.43959823675872306, 0.23933758893902796, 0.6018966351449975, 0.6201917091218265, -0.5635913039223812, 0.11534421344783513, 0.15193436140149336, 0.13363928742466424], [0.672549816359523, 0.5132523952767108, 0.6136997974101688, -0.36133406445197525, -0.2608866623185174, -0.5180360176844949, -0.12395939820554057, -0.023511996072082694, 0.20881114640879814, -0.04833815176955138, 0.15255665249736428, 0.05210925036390647], [0.31320119770336174, -0.44950095495708525, 0.33737337529318784, -0.3332287477699903, 0.4536455824802828, -0.3294360033529518, -0.388170944197703, 0.3987033860525701, -0.003491281027072286, -0.7865728669918062, 0.7871757935087393, 0.0003014632584666778]], "inverted": false, "swapped": false, "error_lsq": 0.052742466888650856, "error_max": 0.36202910808355243, "target": "117.xyz", "model": "28.xyz", "model_rescale": 4.5098078930637895, "target_rescale": 4.156650619975746},
{"mapping": [10, 4, 11, 5, 2, 7, 8, 9, 3, 6, 0, 12], "R": [[-0.07020345103940501, 0.9064586340700639, -0.41641832354255504], [-0.5927847842941129, -0.373654774833907, -0.7134341656755756], [-0.8022952542372043, 0.19676090557744552, 0.5635667405594509]], "T": [-0.02149771054787511, 0.045122073405045926, 0.10317973500281499], "aligned_model": [[0.760676868647595, -0.2933160876980252, -0.32031977531444533, -0.34528415926533707, -0.20862897057243, 0.2779810951513886, 0.6116374724557162, 0.42702049134326736, -0.6269724650023528, -0.011627781961009415, -0.01832687795208847, 0.1250274067318978], [0.35443832200443404, 0.6766218303229046, 0.6231866208429497, -0.40352953101268396, -0.43700358163569575, -0.4851577498511245, 0.08648342371534529, -0.21720285156203567, 0.10498065675643484, 0.1681116425537858, 0.27134639374922076, 0.13463759193077426], [0.006383663410262391, -0.36454890306441645, 0.2587297183216103, -0.3485871226677313, 0.42088807436933506, 0.008606972860543266, -0.4429524960518716, 0.45794313232267714, 0.08701056584799832, -0.800146591580146, 0.7473443807748184, -0.03067139454307996]], "inverted": true, "swapped": false, "error_lsq": 0.054329147673810814, "error_max": 0.35763431825889574, "target": "117.xyz", "model": "29.xyz", "model_rescale": 4.466005838112752, "target_rescale": 4.156650619975746},
