[{"mapping": [9, 6, 0, 5, 8, 3, 10, 2, 4, 7, 2, 11], "R": [[0.08168959971426215, -0.9683649141727406, 0.2357884693909873], [-0.6067019687598236, -0.2360111835397355, -0.7590859255361857], [0.7907208928575733, -0.08104390318459614, -0.6067885590179896]], "T": [0.06216953001452651, 0.011534829680901165, -0.0745090501767214], "aligned_model": [[0.43032198931200594, -0.2307547232895944, 0.0007288454359245175, -0.3374593713498979, -0.28000457411263213, 0.310732770153311, 0.617369123819446, 0.12368563564587093, -0.524506505857338, -0.043707588782154326, 0.12368563564587093, 0.18777597994336456], [0.6541797863844975, 0.6679725776841772, 0.6716387170391165, -0.39733716891826176, -0.34885112638544624, -0.655714643393101, 0.05200934275253785, -0.0535441997611413, 0.20483327471369797, 0.06580213405221749, -0.0535441997611413, 0.06946827340715693], [-0.08171884083460058, -0.35585746373976657, 0.3831809596039817, -0.37197795132554456, 0.24336642039188727, 0.20312672406665833, -0.5630742756841723, 0.6844821589162301, 0.1093774835240272, -0.8372128985893383, 0.6844821589162301, -0.09817447524559]], "inverted": false, "swapped": false, "error_lsq": 0.06104550879051938, "error_max": 0.4726838321576453, "target": "118.xyz", "model": "0.xyz", "model_rescale": 4.5108708085295355, "target_rescale": 4.156650619975745},
{"mapping": [9, 6, 0, 5, 8, 3, 10, 2, 4, 7, 2, 11], "R": [[0.08168959971426154, -0.9683649141727408, 0.2357884693909867], [-0.6067019687598233, -0.23601118353973466, -0.7590859255361863], [0.7907208928575737, -0.08104390318459609, -0.6067885590179891]], "T": [0.062169530014526464, 0.011534829680901082, -0.0745090501767214], "aligned_model": [[0.4303219893120064, -0.2307547232895938, 0.0007288454359249685, -0.33745937134989823, -0.28000457411263246, 0.31073277015331024, 0.6173691238194459, 0.12368563564587075, -0.5245065058573377, -0.04370758878215429, 0.12368563564587075, 0.1877759799433645], [0.6541797863844969, 0.6679725776841772, 0.6716387170391167, -0.3973371689182614, -0.3488511263854457, -0.6557146433931009, 0.05200934275253721, -0.053544199761141054, 0.20483327471369844, 0.0658021340522173, -0.053544199761141054, 0.06946827340715678], [-0.08171884083460097, -0.355857463739767, 0.3831809596039813, -0.37197795132554423, 0.2433664203918875, 0.20312672406665888, -0.5630742756841722, 0.6844821589162301, 0.109377483524027, -0.8372128985893382, 0.6844821589162301, -0.09817447524558996]], "inverted": false, "swapped": false, "error_lsq": 0.06104550879051937, "error_max": 0.4726838321576454, "target": "118.xyz", "model": "1.xyz", "model_rescale": 4.510870808529536, "target_rescale": 4.156650619975745},
{"mapping": [10, 7, 1, 4, 8, 2, 9, 3, 5, 6, 3, 11], "R": [[-0.08168959971426137, 0.9683649141727408, 0.235788469390987], [0.6067019687598234, 0.23601118353973483, -0.7590859255361859], [-0.7907208928575736, 0.08104390318459648, -0.6067885590179891]], "T": [0.06216953001452653, 0.011534829680901033, -0.07450905017672144], "aligned_model": [[0.4303219893120064, -0.2307547232895939, 0.0007288454359248436, -0.3374593713498981, -0.28000457411263263, 0.31073277015331036, 0.6173691238194462, 0.12368563564587055, -0.5245065058573379, -0.04370758878215403, 0.12368563564587055, 0.18777597994336453], [0.6541797863844971, 0.6679725776841772, 0.6716387170391164, -0.39733716891826143, -0.34885112638544574, -0.6557146433931009, 0.05200934275253733, -0.0535441997611411, 0.20483327471369842, 0.06580213405221735, -0.0535441997611411, 0.06946827340715692], [-0.08171884083460063, -0.3558574637397669, 0.3831809596039813, -0.3719779513255445, 0.24336642039188738, 0.20312672406665877, -0.563074275684172, 0.6844821589162302, 0.10937748352402693, -0.8372128985893383, 0.6844821589162302, -0.09817447524558984]], "inverted": true, "swapped": false, "error_lsq": 0.06104550879051937, "error_max": 0.4726838321576457, "target": "118.xyz", "model": "2.xyz", "model_rescale": 4.5108708085295355, "target_rescale": 4.156650619975745},
{"mapping": [12, 3, 2, 5, 4, 6, 10, 9, 8, 1, 0, 13], "R": [[0.5547462129446363, 0.8316410148897594, -0.025097043186696692], [-0.8269887606256673, 0.5478289263835423, -0.12638456083034114], [-0.091357698210972, 0.09086632913563793, 0.9916637944419504]], "T": [0.049749557335905956, 0.050886160290284206, -0.002365896195714611], "aligned_model": [[0.4445168991487126, -0.2608646644676513, -0.28077843118591234, -0.4023518462983902, -0.4222656130166513, 0.22064028836691096, 0.6339516317740349, 0.6140378650557737, -0.5712909931720646, 0.15400446017139913, 0.11417692673487696, 0.13409069345313807], [0.5441691640155469, 0.658740922937301, 0.5584584855823148, -0.22695708820301946, -0.32723952555800556, -0.6490090002808712, 0.043345258710028145, -0.056937178644957974, 0.16901438903701893, 0.15472488409463772, -0.04583999061533447, 0.05444244673965163], [-0.3295780713232761, -0.33282805397703186, 0.45402804371380745, -0.44928835506530207, 0.33756774262553724, 0.31282986602164403, -0.38861235087218343, 0.3982437468186559, -0.003028113782609414, -0.7866342490772522, 0.7870779463044262, 0.00022184861358693795]], "inverted": true, "swapped": false, "error_lsq": 0.05296763029045984, "error_max": 0.3590639345838748, "target": "118.xyz", "model": "3.xyz", "model_rescale": 4.509807743048502, "target_rescale": 4.156650619975745},
{"mapping": [6, 5, 4, 3, 2, 12, 10, 9, 8, 1, 0, 13], "R": [[-0.8231670281251006, -0.5673309590051183, -0.023057032810470196], [-0.5605099099750317, 0.8184149237538051, -0.1265924697477523], [0.09069004701438865, -0.09128305172038595, -0.9916868053176576]], "T": [0.056708376315545664, 0.08685712803025694, -0.0023455635522262783], "aligned_model": [[0.4759929946238315, -0.25884094442955125, -0.2405458660337671, -0.457893164314137, -0.4395980859183529, 0.23933747303176894, 0.6018967243950406, 0.6201918027908246, -0.5635915443009394, 0.1153441971773689, 0.15193435396893712, 0.13363927557315303], [0.6725497824136443, 0.5132523749046107, 0.61369978187969, -0.36133414294385724, -0.260886735968778, -0.5180359431275743, -0.12395962084179343, -0.023512213866714163, 0.20881112826390213, -0.0483379546080194, 0.15255685934213922, 0.052109452367059925], [0.3132012154115806, -0.44950096580486326, 0.3373733903400657, -0.33322875138282576, 0.4536456047621032, -0.32943602347996626, -0.3881709336848399, 0.39870342246008905, -0.0034912705003435534, -0.7865729188519285, 0.78717579343793, 0.00030143729300086564]], "inverted": false, "swapped": false, "error_lsq": 0.05274246801489783, "error_max": 0.36202917904006804, "target": "118.xyz", "model": "4.xyz", "model_rescale": 4.509807743048502, "target_rescale": 4.156650619975745},
{"mapping": [12, 3, 2, 5, 4, 6, 10, 9, 8, 1, 0, 13], "R": [[0.5547462129446363, 0.8316410148897594, -0.025097043186696706], [-0.8269887606256673, 0.5478289263835423, -0.12638456083034116], [-0.091357698210972, 0.09086632913563795, 0.9916637944419504]], "T": [0.04974955733590595, 0.0508861602902842, -0.0023658961957145497], "aligned_model": [[0.4445168991487126, -0.2608646644676513, -0.28077843118591234, -0.4023518462983902, -0.4222656130166513, 0.22064028836691094, 0.6339516317740349, 0.6140378650557737, -0.5712909931720646, 0.15400446017139915, 0.11417692673487695, 0.13409069345313807], [0.544169164015547, 0.6587409229373009, 0.5584584855823147, -0.2269570882030194, -0.32723952555800556, -0.6490090002808713, 0.04334525871002815, -0.05693717864495798, 0.16901438903701899, 0.15472488409463775, -0.0458399906153345, 0.05444244673965166], [-0.32957807132327605, -0.3328280539770318, 0.45402804371380745, -0.449288355065302, 0.33756774262553724, 0.31282986602164403, -0.3886123508721834, 0.3982437468186559, -0.00302811378260966, -0.7866342490772522, 0.7870779463044262, 0.00022184861358670854]], "inverted": true, "swapped": false, "error_lsq": 0.05296763029045984, "error_max": 0.35906393458387476, "target": "118.xyz", "model": "5.xyz", "model_rescale": 4.509807743048502, "target_rescale": 4.156650619975745},
{"mapping": [12, 3, 2, 5, 4, 6, 10, 9, 8, 1, 0, 13], "R": [[0.5547462731526576, 0.8316409746378023, -0.02509704617526687], [-0.826988721221087, 0.5478289860556038, -0.1263845600158516], [-0.09135768931156552, 0.09086633777574256, 0.9916637944701199]], "T": [0.049749574951885756, 0.05088617094126245, -0.0023658943191295213], "aligned_model": [[0.4445169913935142, -0.26086478927816403, -0.2807785590594227, -0.40235191131514847, -0.42226568109640716, 0.22064045031914445, 0.633951398290876, 0.6140376285096174, -0.5712907289495637, 0.1540045756978357, 0.11417703613531836, 0.13409080591657702], [0.5441692798884115, 0.6587408708959784, 0.5584584307042065, -0.22695718142448745, -0.32723962161625936, -0.6490089401598516, 0.04334512762064486, -0.056937312571127066, 0.16901454161911872, 0.15472496447766387, -0.04583991590587992, 0.05444252428589198], [-0.3295780672493632, -0.3328280790163288, 0.45402804602633834, -0.44928838353525763, 0.33756774150740954, 0.3128298928322523, -0.38861238553247374, 0.3982437395101934, -0.0030280895448380955, -0.7866342633753104, 0.7870779867100236, 0.00022186166735661513]], "inverted": true, "swapped": false, "error_lsq": 0.05296762296313091, "error_max": 0.359063872657559, "target": "118.xyz", "model": "6.xyz", "model_rescale": 4.509807586411629, "target_rescale": 4.156650619975745},
{"mapping": [6, 5, 4, 3, 2, 12, 10, 9, 8, 1, 0, 13], "R": [[-0.8231670634237862, -0.5673309079321411, -0.02305702927857535], [-0.5605098594119755, 0.818414958200127, -0.12659247093035264], [0.09069003912353449, -0.09128306030790732, -0.991686805248812]], "T": [0.056708388543952576, 0.08685711183806158, -0.0023455616963250813], "aligned_model": [[0.4759931165357708, -0.2588409749097852, -0.2405458986810223, -0.4578932564991175, -0.4395981802703546, 0.23933752123931554, 0.6018965583566876, 0.6201916345854505, -0.5635913574491271, 0.11534427499002352, 0.15193442744754934, 0.13363935121878645], [0.6725496710177876, 0.5132524823823236, 0.6136998937845506, -0.3613340533693198, -0.26088664196709266, -0.5180360830868584, -0.12395940648420722, -0.023511995081980097, 0.2088108820160689, -0.048338071867881305, 0.152556750936573, 0.052109339534345864], [0.31320124158226614, -0.449500994301367, 0.3373733891190453, -0.333228775817165, 0.4536456076032473, -0.3294360192073176, -0.38817096884352303, 0.39870341457688924, -0.0034912456917533152, -0.7865729330938527, 0.7871758337469724, 0.00030145032656001035]], "inverted": false, "swapped": false, "error_lsq": 0.0527424650301949, "error_max": 0.3620291159544634, "target": "118.xyz", "model": "7.xyz", "model_rescale": 4.509807586411629, "target_rescale": 4.156650619975745},
{"mapping": [11, 2, 3, 4, 5, 7, 9, 10, 8, 0, 1, 13], "R": [[-0.5547462731526571, -0.8316409746378025, -0.025097046175266573], [0.8269887212210872, -0.5478289860556034, -0.1263845600158516], [0.09135768931156574, -0.09086633777574227, 0.9916637944701199]], "T": [0.04974957495188575, 0.050886170941262465, -0.0023658943191297087], "aligned_model": [[0.44451699139351425, -0.26086478927816387, -0.28077855905942234, -0.4023519113151487, -0.42226568109640716, 0.22064045031914417, 0.6339513982908757, 0.6140376285096173, -0.5712907289495637, 0.15400457569783546, 0.1141770361353186, 0.13409080591657702], [0.5441692798884112, 0.6587408708959787, 0.5584584307042068, -0.22695718142448718, -0.3272396216162591, -0.6490089401598516, 0.04334512762064454, -0.056937312571127385, 0.169014541619119, 0.15472496447766387, -0.04583991590587995, 0.05444252428589192], [-0.32957806724936334, -0.3328280790163286, 0.4540280460263385, -0.4492883835352574, 0.3375677415074097, 0.31282989283225227, -0.3886123855324739, 0.3982437395101932, -0.003028089544837761, -0.7866342633753106, 0.7870779867100234, 0.0002218616673566906]], "inverted": false, "swapped": false, "error_lsq": 0.05296762296313091, "error_max": 0.3590638726575592, "target": "118.xyz", "model": "8.xyz", "model_rescale": 4.509807586411629, "target_rescale": 4.156650619975745},
{"mapping": [9, 2, 3, 6, 7, 5, 11, 12, 8, 0, 1, 13], "R": [[0.5547461578200463, 0.8316410514771286, -0.025097049267041975], [-0.8269887966823255, 0.547828870388972, -0.12638456761116956], [-0.09135770654857531, 0.09086633186367227, 0.9916637934238729]], "T": [0.049749587575215345, 0.05088611208015407, -0.00236590161684913], "aligned_model": [[0.4445168900592298, -0.2608647032729523, -0.2807784758692574, -0.40235176726272975, -0.42226553985903487, 0.22064037411222542, 0.6339515993138718, 0.6140378267175666, -0.571291080148235, 0.15400447018746938, 0.1141769249948591, 0.13409069759116424], [0.5441690577382594, 0.6587408695857003, 0.5584584215452332, -0.22695705654766282, -0.32723950458813, -0.6490090388109937, 0.04334511386289814, -0.056937334177569084, 0.1690143275809738, 0.1547250852490008, -0.04583981083193361, 0.0544426372085336], [-0.32957810084700045, -0.3328280810525172, 0.454028057456385, -0.44928837536792227, 0.33756776314097997, 0.31282988098890974, -0.38861238822662814, 0.3982437502822741, -0.0030281268592113114, -0.7866342650139913, 0.787078012003813, 0.00022187349491084498]], "inverted": false, "swapped": false, "error_lsq": 0.052967627668815936, "error_max": 0.35906399325975796, "target": "118.xyz", "model": "9.xyz", "model_rescale": 4.509807504472865, "target_rescale": 4.156650619975745},
{"mapping": [4, 7, 6, 3, 2, 10, 12, 11, 8, 1, 0, 13], "R": [[0.8231669926121864, 0.5673310106644696, -0.023057029562380385], [0.5605099608247437, -0.818414887560442, -0.12659247859045022], [-0.09069005507801367, 0.0912830551518787, -0.9916868042643737]], "T": [0.05670842240804944, 0.08685716139213677, -0.002345568925431384], "aligned_model": [[0.4759930906230709, -0.2588408809291627, -0.24054580414280527, -0.45789318185003397, -0.4395981050636765, 0.2393375022071074, 0.6018967478060337, 0.6201918245923912, -0.5635916015620818, 0.11534413150808726, 0.1519342850808021, 0.13363920829444467], [0.6725497846220116, 0.51325231699787, 0.6136997363031905, -0.3613340772352589, -0.26088665792993837, -0.5180358420370696, -0.12395947664779543, -0.0235120573424749, 0.20881121997814783, -0.04833814560344475, 0.15255669300719638, 0.05210927370187584], [0.3132012305046442, -0.44950098640641445, 0.3373734105296081, -0.33322877861014183, 0.45364561832588074, -0.329436052625001, -0.3881709705869677, 0.39870342634905487, -0.0034912840397776437, -0.7865729347496506, 0.7871758591223951, 0.0003014621863723869]], "inverted": false, "swapped": false, "error_lsq": 0.052742468570999235, "error_max": 0.3620292333485134, "target": "118.xyz", "model": "10.xyz", "model_rescale": 4.509807504472865, "target_rescale": 4.156650619975745},
{"mapping": [5, 6, 7, 2, 3, 9, 11, 12, 8, 0, 1, 13], "R": [[-0.8231669926121863, -0.5673310106644696, -0.023057029562380277], [-0.5605099608247439, 0.818414887560442, -0.12659247859044945], [0.09069005507801314, -0.09128305515187812, -0.9916868042643738]], "T": [0.056708422408049436, 0.08685716139213677, -0.0023455689254314694], "aligned_model": [[0.4759930906230707, -0.2588408809291627, -0.24054580414280533, -0.4578931818500338, -0.43959810506367647, 0.23933750220710742, 0.6018967478060339, 0.6201918245923912, -0.5635916015620817, 0.11534413150808734, 0.151934285080802, 0.13363920829444467], [0.6725497846220115, 0.5132523169978703, 0.6136997363031902, -0.36133407723525873, -0.2608866579299388, -0.5180358420370694, -0.12395947664779504, -0.023512057342475107, 0.20881121997814775, -0.048338145603444085, 0.15255669300719576, 0.05210927370187587], [0.3132012305046448, -0.44950098640641434, 0.33737341052960856, -0.3332287786101424, 0.45364561832588046, -0.3294360526250016, -0.3881709705869679, 0.3987034263490549, -0.003491284039777506, -0.7865729347496506, 0.787175859122395, 0.0003014621863724771]], "inverted": true, "swapped": false, "error_lsq": 0.052742468570999235, "error_max": 0.362029233348514, "target": "118.xyz", "model": "11.xyz", "model_rescale": 4.509807504472865, "target_rescale": 4.156650619975745},
{"mapping": [9, 2, 3, 6, 7, 5, 11, 12, 8, 0, 1, 13], "R": [[0.5547462672441861, 0.8316409787000841, -0.02509704216453515], [-0.8269887250910085, 0.5478289807676342, -0.12638455761462192], [-0.09135769015792171, 0.09086633247722348, 0.9916637948776532]], "T": [0.04974969702030025, 0.050886186595125504, -0.002365889253933737], "aligned_model": [[0.4445170993553361, -0.2608646524047297, -0.280778418208296, -0.40235177521004506, -0.42226554101361136, 0.22064037807297227, 0.6339514950909848, 0.6140377292874184, -0.5712909501161197, 0.15400438304032202, 0.1141768514331894, 0.13409061723675572], [0.5441692724970952, 0.6587408635805914, 0.558458429299096, -0.22695715269586708, -0.3272395869773625, -0.6490090184475181, 0.04334513884644897, -0.056937295435046414, 0.16901431370560427, 0.1547250354285849, -0.04583983313440583, 0.05444260114708953], [-0.3295780521572264, -0.33282806060603, 0.4540280333353965, -0.4492883577859636, 0.33756773615546287, 0.3128298659036349, -0.3886123678793155, 0.39824372606211095, -0.0030281219821662723, -0.7866342276233934, 0.7870779602594592, 0.0002218663180329288]], "inverted": false, "swapped": false, "error_lsq": 0.052967611971725836, "error_max": 0.35906382966381095, "target": "118.xyz", "model": "12.xyz", "model_rescale": 4.509807766519439, "target_rescale": 4.156650619975745},
{"mapping": [4, 7, 6, 3, 2, 10, 12, 11, 8, 1, 0, 13], "R": [[0.8231670606694528, 0.5673309118096848, -0.023057032202901957], [0.5605098633730872, -0.8184149561191454, -0.12659246684531], [-0.09069003964216271, 0.09128305486611152, -0.9916868057022914]], "T": [0.05670849600036604, 0.08685705174170186, -0.002345556539726928], "aligned_model": [[0.47599308000744184, -0.25884085827160097, -0.2405457804531197, -0.4578931277021177, -0.4395980498836365, 0.23933762288555283, 0.6018966436045621, 0.6201917214230432, -0.5635914773527233, 0.11534406961711033, 0.15193422525407288, 0.1336391474355916], [0.6725497694960808, 0.513252405772488, 0.613699809921794, -0.3613340964068721, -0.2608866922575661, -0.5180361168513091, -0.12395945416291182, -0.02351205001360579, 0.20881117730653126, -0.04833806581274552, 0.15255674248586656, 0.05210933833656054], [0.3132012148986494, -0.44950096838160986, 0.3373733839732895, -0.3332287575345981, 0.45364559482030126, -0.32943600418049, -0.38817095107817823, 0.3987034012767211, -0.003491278283345673, -0.7865728975251454, 0.7871758071846539, 0.00030145482975437767]], "inverted": false, "swapped": false, "error_lsq": 0.05274245164669436, "error_max": 0.36202906694193526, "target": "118.xyz", "model": "13.xyz", "model_rescale": 4.509807766519439, "target_rescale": 4.156650619975745},
{"mapping": [5, 6, 7, 2, 3, 9, 11, 12, 8, 0, 1, 13], "R": [[-0.8231670606694528, -0.5673309118096842, -0.023057032202901586], [-0.5605098633730866, 0.8184149561191453, -0.1265924668453105], [0.09069003964216264, -0.09128305486611217, -0.9916868057022908]], "T": [0.05670849600036604, 0.08685705174170183, -0.0023455565397270416], "aligned_model": [[0.47599308000744184, -0.25884085827160047, -0.24054578045311953, -0.4578931277021176, -0.43959804988363665, 0.23933762288555263, 0.6018966436045619, 0.6201917214230428, -0.5635914773527231, 0.11534406961711058, 0.15193422525407255, 0.13363914743559158], [0.6725497694960805, 0.5132524057724877, 0.6136998099217941, -0.361334096406872, -0.26088669225756556, -0.5180361168513092, -0.12395945416291221, -0.023512050013605762, 0.20881117730653148, -0.04833806581274594, 0.1525567424858669, 0.052109338336560514], [0.3132012148986491, -0.4495009683816102, 0.3373733839732889, -0.333228757534598, 0.4536455948203011, -0.32943600418048957, -0.3881709510781779, 0.3987034012767212, -0.0034912782833459175, -0.7865728975251447, 0.7871758071846533, 0.00030145482975450907]], "inverted": true, "swapped": false, "error_lsq": 0.052742451646694354, "error_max": 0.3620290669419349, "target": "118.xyz", "model": "14.xyz", "model_rescale": 4.509807766519439, "target_rescale": 4.156650619975745},
{"mapping": [9, 4, 0, 7, 8, 3, 10, 2, 6, 5, 2, 11], "R": [[-0.08168956980065778, 0.9683649187606338, 0.23578846091252068], [0.6067019414204915, 0.23601116170141542, -0.759085954177098], [-0.7907209169247962, 0.08104391196172692, -0.6067885264831151]], "T": [0.062169415927490264, 0.011534862127893217, -0.074509150109532], "aligned_model": [[0.4303218239605723, -0.23075450854131807, 0.0007288694198949522, -0.3374594071352668, -0.2800045969613739, 0.3107327527059287, 0.6173689671834046, 0.12368560948309631, -0.5245065503580991, -0.04370736531848566, 0.12368560948309631, 0.18777601264272728], [0.6541797687564502, 0.6679726725985721, 0.6716386470084157, -0.39733721212975304, -0.3488512786593919, -0.6557145686645558, 0.052009252693403826, -0.053544052601509476, 0.20483330393329335, 0.06580215653552567, -0.053544052601509476, 0.06946813094536944], [-0.08171887994616985, -0.3558575020527849, 0.3831811436883457, -0.37197797121281717, 0.24336662583225216, 0.20312659773820063, -0.5630743287234842, 0.6844820465155151, 0.10937747756449724, -0.8372129508300993, 0.6844820465155151, -0.09817430508896856]], "inverted": false, "swapped": false, "error_lsq": 0.06104549548465251, "error_max": 0.47268379383347586, "target": "118.xyz", "model": "15.xyz", "model_rescale": 4.510870436145588, "target_rescale": 4.156650619975745},
{"mapping": [10, 5, 1, 6, 8, 2, 9, 3, 7, 4, 3, 11], "R": [[0.08168956980065684, -0.9683649187606338, 0.23578846091252043], [-0.6067019414204913, -0.23601116170141467, -0.7590859541770985], [0.7907209169247964, -0.08104391196172744, -0.6067885264831144]], "T": [0.06216941592749027, 0.011534862127893113, -0.07450915010953199], "aligned_model": [[0.4303218239605727, -0.23075450854131735, 0.0007288694198951257, -0.3374594071352669, -0.28000459696137436, 0.31073275270592793, 0.6173689671834048, 0.12368560948309582, -0.524506550358099, -0.04370736531848518, 0.12368560948309582, 0.18777601264272736], [0.6541797687564498, 0.6679726725985721, 0.671638647008416, -0.3973372121297528, -0.34885127865939164, -0.6557145686645559, 0.05200925269340322, -0.05354405260150936, 0.2048333039332938, 0.06580215653552546, -0.05354405260150936, 0.06946813094536916], [-0.08171887994616989, -0.3558575020527853, 0.38318114368834544, -0.37197797121281706, 0.24336662583225202, 0.20312659773820127, -0.5630743287234836, 0.684482046515515, 0.10937747756449673, -0.8372129508300991, 0.684482046515515, -0.09817430508896854]], "inverted": true, "swapped": false, "error_lsq": 0.06104549548465251, "error_max": 0.47268379383347614, "target": "118.xyz", "model": "16.xyz", "model_rescale": 4.510870436145588, "target_rescale": 4.156650619975745},
{"mapping": [9, 4, 0, 7, 8, 3, 10, 2, 6, 5, 2, 11], "R": [[-0.08168956980065734, 0.9683649187606339, 0.23578846091252023], [0.6067019414204916, 0.23601116170141478, -0.7590859541770982], [-0.7907209169247962, 0.08104391196172703, -0.606788526483115]], "T": [0.06216941592749022, 0.011534862127893224, -0.07450915010953198], "aligned_model": [[0.4303218239605726, -0.2307545085413176, 0.0007288694198952991, -0.33745940713526706, -0.2800045969613742, 0.3107327527059282, 0.6173689671834047, 0.12368560948309618, -0.524506550358099, -0.043707365318485604, 0.12368560948309618, 0.18777601264272736], [0.6541797687564501, 0.6679726725985724, 0.6716386470084159, -0.3973372121297528, -0.3488512786593919, -0.6557145686645561, 0.052009252693403445, -0.053544052601509524, 0.2048333039332938, 0.06580215653552574, -0.053544052601509524, 0.06946813094536915], [-0.08171887994616982, -0.3558575020527849, 0.38318114368834566, -0.3719779712128171, 0.243366625832252, 0.20312659773820085, -0.5630743287234841, 0.6844820465155151, 0.10937747756449716, -0.8372129508300992, 0.6844820465155151, -0.0981743050889687]], "inverted": false, "swapped": false, "error_lsq": 0.061045495484652525, "error_max": 0.472683793833476, "target": "118.xyz", "model": "17.xyz", "model_rescale": 4.510870436145588, "target_rescale": 4.156650619975745},
{"mapping": [9, 3, 11, 6, 2, 8, 7, 10, 4, 5, 1, 12], "R": [[0.07020350428377223, -0.9064586278104114, -0.41641832819214913], [0.5927847691349681, 0.3736548116479502, -0.7134341589901184], [0.8022952607786493, -0.19676086450410024, 0.5635667455871737]], "T": [-0.021497713804720285, 0.04512203936878278, 0.10317969618613], "aligned_model": [[0.7606769149041512, -0.2933161052716804, -0.3203197561036742, -0.34528420295335566, -0.20862897967679653, 0.2779810893233237, 0.6116374848154946, 0.4270205194119802, -0.6269725007638515, -0.011627807461184657, -0.01832685547560462, 0.12502741581537455], [0.3544383401440824, 0.6766217747237071, 0.6231866869184776, -0.40352949901384416, -0.4370035682069342, -0.4851577501733009, 0.08648344281422526, -0.21720285284344382, 0.10498058173618097, 0.16811169397368203, 0.27134629296088575, 0.13463762478059205], [0.00638368465773427, -0.3645490315374869, 0.25872979672339036, -0.3485870856756118, 0.42088813887970666, 0.008606999835111193, -0.4429524926786357, 0.45794317717148103, 0.0870104609762599, -0.8001465781893586, 0.7473442834714518, -0.030671353634040235]], "inverted": false, "swapped": false, "error_lsq": 0.054329145161822655, "error_max": 0.3576343315437469, "target": "118.xyz", "model": "18.xyz", "model_rescale": 4.466005644533647, "target_rescale": 4.156650619975745},
{"mapping": [10, 0, 1, 4, 5, 7, 8, 9, 12, 2, 3, 13], "R": [[-0.5547462926504756, -0.8316409617092896, -0.02509704360678164], [0.8269887084629065, -0.54782900591989, -0.12638455739400575], [0.09135768640572253, -0.09086633634120556, 0.9916637948692695]], "T": [0.049749636454937324, 0.05088614638112399, -0.0023658958804014625], "aligned_model": [[0.4445170304657431, -0.2608647333226577, -0.2807785005131881, -0.40235183054302404, -0.42226559773355443, 0.22064033901271743, 0.6339514439147049, 0.6140376767241746, -0.5712908373960937, 0.15400450917564867, 0.11417697479458794, 0.1340907419851183], [0.5441692498666721, 0.6587408210849167, 0.5584583857568618, -0.22695721035951977, -0.3272396456875747, -0.6490090617268781, 0.04334511576585833, -0.05693731956219661, 0.16901437768899508, 0.15472512032378014, -0.04583975033232976, 0.05444268499572518], [-0.3295780611653025, -0.33282807350168847, 0.45402803001834235, -0.4492883719769481, 0.3375677315430827, 0.31282986471120033, -0.38861237611004795, 0.3982437274099829, -0.0030281118729900643, -0.7866342232052406, 0.787077983834821, 0.00022188031479036243]], "inverted": false, "swapped": false, "error_lsq": 0.05296761840707808, "error_max": 0.35906386397697454, "target": "118.xyz", "model": "19.xyz", "model_rescale": 4.509807711582247, "target_rescale": 4.156650619975745},
{"mapping": [6, 5, 4, 1, 0, 11, 9, 8, 12, 3, 2, 13], "R": [[-0.8231670772184805, -0.5673308878595673, -0.023057030686098514], [-0.5605098396682149, 0.8184149723001197, -0.12659246719337872], [0.090690035939439, -0.09128305864435972, -0.9916868056931252]], "T": [0.05670845478195026, 0.08685711167525761, -0.002345563198409384], "aligned_model": [[0.47599305905914685, -0.25884088878149036, -0.24054581194368263, -0.45789318632792925, -0.43959810949012157, 0.2393375682385187, 0.601896604983121, 0.6201916818209287, -0.5635913968239006, 0.11534415510538765, 0.15193430878100306, 0.13363923194319532], [0.6725498248583965, 0.5132524794966375, 0.6136998851457476, -0.36133402750851273, -0.2608866218594027, -0.5180360698580604, -0.12395941282893147, -0.02351200717982145, 0.20881107504337115, -0.04833819148081467, 0.1525566198174053, 0.05210921416829532], [0.31320121366429604, -0.44950098255955, 0.33737337937355555, -0.3332287704392157, 0.45364559149388983, -0.32943601325988475, -0.38817095939206436, 0.3987034025410412, -0.0034912680592578153, -0.7865728930540414, 0.7871758308121692, 0.00030146887906405684]], "inverted": false, "swapped": false, "error_lsq": 0.0527424587178163, "error_max": 0.36202910407738637, "target": "118.xyz", "model": "20.xyz", "model_rescale": 4.509807711582248, "target_rescale": 4.156650619975745},
{"mapping": [10, 4, 11, 5, 2, 7, 8, 9, 3, 6, 0, 12], "R": [[-0.07020350428377226, 0.9064586278104116, -0.41641832819214886], [-0.5927847691349684, -0.37365481164794995, -0.7134341589901181], [-0.802295260778649, 0.19676086450410032, 0.563566745587174]], "T": [-0.0214977138047203, 0.04512203936878276, 0.10317969618613007], "aligned_model": [[0.7606769149041512, -0.29331610527168084, -0.3203197561036744, -0.34528420295335566, -0.20862897967679633, 0.27798108932332405, 0.6116374848154947, 0.42702051941198055, -0.6269725007638516, -0.011627807461184948, -0.018326855475604455, 0.12502741581537455], [0.35443834014408226, 0.6766217747237068, 0.6231866869184777, -0.40352949901384416, -0.437003568206934, -0.48515775017330076, 0.08648344281422496, -0.21720285284344346, 0.10498058173618102, 0.16811169397368156, 0.2713462929608862, 0.13463762478059205], [0.006383684657734173, -0.3645490315374871, 0.25872979672339025, -0.3485870856756117, 0.4208881388797069, 0.0086069998351114, -0.44295249267863557, 0.45794317717148114, 0.08701046097625989, -0.8001465781893585, 0.7473442834714518, -0.03067135363404025]], "inverted": true, "swapped": false, "error_lsq": 0.054329145161822655, "error_max": 0.357634331543747, "target": "118.xyz", "model": "21.xyz", "model_rescale": 4.466005644533646, "target_rescale": 4.156650619975745},
{"mapping": [9, 3, 11, 6, 2, 8, 7, 10, 4, 5, 1, 12], "R": [[0.07020361779609502, -0.9064586164865411, -0.4164183337049966], [0.5927847254392331, 0.37365488945983055, -0.7134341545431473], [0.8022952831310136, -0.19676076890495198, 0.5635667471432813]], "T": [-0.021497707494019122, 0.04512203820360072, 0.10317970022108482], "aligned_model": [[0.7606768410626746, -0.29331599211595893, -0.3203199996969842, -0.3452841703474621, -0.2086290854945197, 0.27798115140820273, 0.6116375540016603, 0.42702043846921706, -0.6269723947094165, -0.011627767754004523, -0.018326675358169647, 0.12502731709893794], [0.3544383289160419, 0.6766217797008004, 0.6231868310053547, -0.4035294995688571, -0.437003532503657, -0.48515781550767123, 0.08648337851527849, -0.21720286510690778, 0.10498058567785076, 0.16811169445409258, 0.2713462207126919, 0.13463766151929282], [0.006383613629400167, -0.3645489557077496, 0.2587297892099295, -0.3485870569591269, 0.42088811641049767, 0.008606974082301072, -0.44295252331085533, 0.4579431110225566, 0.08701054168540681, -0.8001465543522833, 0.7473443252725839, -0.0306713809826588]], "inverted": false, "swapped": false, "error_lsq": 0.05432913968438146, "error_max": 0.35763429541920616, "target": "118.xyz", "model": "22.xyz", "model_rescale": 4.46600560860683, "target_rescale": 4.156650619975745},
{"mapping": [10, 0, 1, 4, 5, 7, 8, 9, 12, 2, 3, 13], "R": [[-0.5547462326328197, -0.8316410017291167, -0.025097044102537682], [0.8269887477362672, -0.5478289459018247, -0.12638456056692973], [0.09135769533703084, -0.09086633191169821, 0.9916637944523432]], "T": [0.04974963499593005, 0.050886144902061115, -0.002365896168692681], "aligned_model": [[0.4445169725662562, -0.2608646044570794, -0.2807783722052769, -0.40235176728382516, -0.4222655350320227, 0.22064038375981262, 0.6339515356066838, 0.6140377678584863, -0.5712911121351156, 0.15400441704361675, 0.11417688154722164, 0.1340906492954192], [0.5441691650865184, 0.6587409092612092, 0.558458470588148, -0.22695711877360103, -0.3272395574466622, -0.6490090220620561, 0.04334513505713284, -0.0569373036159283, 0.1690142394546456, 0.15472505542802908, -0.04583982191809319, 0.05444261675496793], [-0.3295780751611694, -0.3328280607155448, 0.45402804896565435, -0.4492883633701978, 0.3375677463110014, 0.3128298721153225, -0.388612374589014, 0.3982437350921852, -0.003028136439293932, -0.7866342404175131, 0.7870779789448852, 0.0002218692636861688]], "inverted": false, "swapped": false, "error_lsq": 0.05296761855407691, "error_max": 0.3590639166286745, "target": "118.xyz", "model": "23.xyz", "model_rescale": 4.509807674373902, "target_rescale": 4.156650619975745},
{"mapping": [6, 5, 4, 1, 0, 11, 9, 8, 12, 3, 2, 13], "R": [[-0.8231670390202317, -0.5673309432436597, -0.02305703165899494], [-0.56050989437388, 0.8184149343776079, -0.12659247014209787], [0.0906900445454, -0.09128305442936932, -0.99168680529409]], "T": [0.05670845404976047, 0.08685711346560285, -0.0023455634765924597], "aligned_model": [[0.4759930886631803, -0.2588408618626724, -0.24054578410195573, -0.4578931016884535, -0.4395980239277368, 0.23933754330575893, 0.6018966820327325, 0.6201917597934492, -0.5635915995077148, 0.11534409352514632, 0.15193424904657973, 0.13363917128586303], [0.6725497691237623, 0.513252372410547, 0.6136997812281244, -0.3613341549045368, -0.2608867460869594, -0.5180359706214113, -0.12395946774738822, -0.02351205892981087, 0.2088113087290006, -0.04833809727991639, 0.15255672035523823, 0.052109311537660935], [0.31320122129889, -0.4495009740210861, 0.3373733940875346, -0.3332287578075425, 0.45364561030107814, -0.329436027227667, -0.388170957603588, 0.39870341050503266, -0.0034912929988252838, -0.7865729102865618, 0.7871758259306788, 0.00030145782205852865]], "inverted": false, "swapped": false, "error_lsq": 0.052742457716007725, "error_max": 0.3620291565976603, "target": "118.xyz", "model": "24.xyz", "model_rescale": 4.509807674373903, "target_rescale": 4.156650619975745},
{"mapping": [10, 4, 11, 5, 2, 7, 8, 9, 3, 6, 0, 12], "R": [[-0.07020361779609516, 0.9064586164865411, -0.41641833370499637], [-0.5927847254392331, -0.3736548894598304, -0.7134341545431471], [-0.8022952831310134, 0.19676076890495184, 0.5635667471432815]], "T": [-0.021497707494019143, 0.045122038203600716, 0.1031797002210849], "aligned_model": [[0.7606768410626746, -0.2933159921159592, -0.32031999969698416, -0.34528417034746217, -0.20862908549451953, 0.2779811514082029, 0.6116375540016602, 0.4270204384692173, -0.6269723947094165, -0.011627767754004877, -0.01832667535816946, 0.12502731709893794], [0.3544383289160419, 0.6766217797008003, 0.6231868310053547, -0.4035294995688571, -0.43700353250365687, -0.485157815507671, 0.08648337851527838, -0.21720286510690756, 0.10498058567785087, 0.16811169445409235, 0.2713462207126921, 0.13463766151929282], [0.006383613629400084, -0.36454895570774953, 0.2587297892099295, -0.34858705695912684, 0.4208881164104979, 0.008606974082301086, -0.44295252331085544, 0.4579431110225566, 0.08701054168540694, -0.8001465543522833, 0.747344325272584, -0.030671380982658827]], "inverted": true, "swapped": false, "error_lsq": 0.05432913968438146, "error_max": 0.35763429541920616, "target": "118.xyz", "model": "25.xyz", "model_rescale": 4.466005608606829, "target_rescale": 4.156650619975745},
{"mapping": [9, 3, 11, 6, 2, 8, 7, 10, 4, 5, 1, 12], "R": [[0.0702034510394055, -0.9064586340700638, -0.4164183235425555], [0.5927847842941127, 0.37365477483390763, -0.7134341656755756], [0.8022952542372046, -0.1967609055774453, 0.563566740559451]], "T": [-0.02149771054787506, 0.04512207340504605, 0.10317973500281517], "aligned_model": [[0.7606768686475953, -0.29331608769802486, -0.320319775314445, -0.34528415926533745, -0.20862897057243027, 0.2779810951513882, 0.6116374724557163, 0.4270204913432672, -0.626972465002353, -0.01162778196100931, -0.018326877952088268, 0.1250274067318979], [0.35443832200443387, 0.6766218303229051, 0.6231866208429501, -0.4035295310126838, -0.43700358163569575, -0.4851577498511247, 0.08648342371534525, -0.21720285156203606, 0.10498065675643518, 0.16811164255378613, 0.27134639374922065, 0.13463759193077432], [0.00638366341026235, -0.36454890306441634, 0.25872971832161074, -0.3485871226677311, 0.4208880743693354, 0.008606972860543377, -0.4429524960518717, 0.45794313232267747, 0.08701056584799874, -0.8001465915801462, 0.7473443807748189, -0.03067139454307978]], "inverted": false, "swapped": false, "error_lsq": 0.054329147673810835, "error_max": 0.3576343182588962, "target": "118.xyz", "model": "26.xyz", "model_rescale": 4.466005838112752, "target_rescale": 4.156650619975745},
{"mapping": [10, 0, 1, 4, 5, 7, 8, 9, 12, 2, 3, 13], "R": [[-0.5547463399175682, -0.8316409300913121, -0.025097046537783475], [0.8269886775504145, -0.5478290526998223, -0.12638455689455166], [0.091357679214606, -0.09086634368605892, 0.9916637948587457]], "T": [0.049749616486038664, 0.05088617885546374, -0.002365892181895197], "aligned_model": [[0.4445170317756886, -0.26086483302372815, -0.280778601738562, -0.40235187373978576, -0.4222656424546196, 0.22064040971080745, 0.6339514662639022, 0.6140376975490683, -0.5712907774821834, 0.1540045486160302, 0.11417701118636252, 0.13409077990119636], [0.5441691922967068, 0.6587409027440513, 0.5584584718478165, -0.2269571012113323, -0.32723953210756707, -0.6490090825929593, 0.043345088852295786, -0.056937342043939014, 0.1690142789173993, 0.15472506126684762, -0.04583980052562198, 0.0544426303706128], [-0.32957805138982904, -0.33282805068086907, 0.45402802116652274, -0.4492883441960565, 0.3375677276513353, 0.31282984866773145, -0.3886123610835317, 0.3982437107638601, -0.003028124774781491, -0.7866341972221852, 0.7870779464725984, 0.00022187462520671664]], "inverted": false, "swapped": false, "error_lsq": 0.0529676250107117, "error_max": 0.3590638703102954, "target": "118.xyz", "model": "27.xyz", "model_rescale": 4.509807893063789, "target_rescale": 4.156650619975745},
{"mapping": [6, 5, 4, 1, 0, 11, 9, 8, 12, 3, 2, 13], "R": [[-0.8231671115011324, -0.5673308382260802, -0.023057028008297214], [-0.5605097905056422, 0.81841500586757, -0.1265924678569252], [0.0906900286150768, -0.09128306616497169, -0.9916868056706805]], "T": [0.05670842418979904, 0.08685708890089923, -0.0023455595210768333], "aligned_model": [[0.475993134457072, -0.2588409679664565, -0.24054589398962722, -0.45789331073555206, -0.4395982367587228, 0.23933758893902798, 0.6018966351449974, 0.6201917091218266, -0.5635913039223812, 0.11534421344783496, 0.15193436140149358, 0.13363928742466427], [0.6725498163595235, 0.5132523952767107, 0.6136997974101688, -0.3613340644519755, -0.2608866623185175, -0.5180360176844948, -0.12395939820554021, -0.023511996072082222, 0.20881114640879792, -0.04833815176955135, 0.15255665249736453, 0.052109250363906595], [0.31320119770336163, -0.44950095495708503, 0.33737337529318795, -0.3332287477699899, 0.4536455824802831, -0.32943600335295153, -0.3881709441977029, 0.39870338605257005, -0.003491281027071935, -0.7865728669918061, 0.7871757935087395, 0.0003014632584668448]], "inverted": false, "swapped": false, "error_lsq": 0.05274246688865086, "error_max": 0.36202910808355265, "target": "118.xyz", "model": "28.xyz", "model_rescale": 4.5098078930637895, "target_rescale": 4.156650619975745},
{"mapping": [10, 4, 11, 5, 2, 7, 8, 9, 3, 6, 0, 12], "R": [[-0.07020345103940492, 0.906458634070064, -0.4164183235425549], [-0.592784784294113, -0.3736547748339068, -0.7134341656755756], [-0.8022952542372042, 0.19676090557744555, 0.5635667405594512]], "T": [-0.02149771054787509, 0.045122073405045995, 0.10317973500281521], "aligned_model": [[0.7606768686475949, -0.29331608769802536, -0.3203197753144454, -0.34528415926533695, -0.2086289705724299, 0.2779810951513887, 0.6116374724557163, 0.42702049134326736, -0.6269724650023529, -0.011627781961009394, -0.018326877952088476, 0.12502740673189783], [0.35443832200443426, 0.6766218303229046, 0.6231866208429498, -0.40352953101268413, -0.4370035816356957, -0.4851577498511243, 0.08648342371534547, -0.21720285156203545, 0.10498065675643477, 0.16811164255378563, 0.271346393749221, 0.13463759193077435], [0.006383663410262391, -0.36454890306441656, 0.2587297183216104, -0.34858712266773095, 0.4208880743693355, 0.00860697286054364, -0.4429524960518715, 0.45794313232267747, 0.08701056584799859, -0.800146591580146, 0.7473443807748187, -0.030671394543079794]], "inverted": true, "swapped": false, "error_lsq": 0.054329147673810835, "error_max": 0.35763431825889563, "target": "118.xyz", "model": "29.xyz", "model_rescale": 4.466005838112752, "target_rescale": 4.156650619975745},
