[{"mapping": [10, 1, 7, 8, 4, 2, 3, 9, 5, 3, 6, 11], "R": [[0.08168959449147972, -0.9683649163046251, -0.235788462444951], [-0.606701979236302, -0.23601117387935094, 0.7590859201663832], [-0.7907208853587792, 0.08104390584385257, -0.6067885684346742]], "T": [0.062169528005491206, 0.011534927225437065, 0.07450905094314005], "aligned_model": [[0.4303219930492236, 0.0007288494491487635, -0.23075471949967735, -0.28000457926318034, -0.33745937709275625, 0.3107327622476611, 0.12368563325039797, 0.6173691220464868, -0.5245065060900194, 0.12368563325039797, -0.04370759050241417, 0.18777597844641186], [0.654179880724971, 0.6716388094920758, 0.6679726813164433, -0.34885102969823306, -0.39733706413289144, -0.6557145514937508, -0.05354411212156742, 0.05200944135278777, 0.20483337523929182, -0.05354411212156742, 0.06580224194426001, 0.06946837011989263], [0.08171883377518398, -0.38318096698932747, 0.35585745633993277, -0.24336641527184089, 0.37197795702838077, -0.20312671501216623, -0.6844821573318398, 0.5630742760948576, -0.10937748529129289, -0.6844821573318398, 0.8372128986596065, 0.0981744753303461]], "inverted": false, "swapped": false, "error_lsq": 0.06104550759756195, "error_max": 0.4726838237796579, "target": "119.xyz", "model": "0.xyz", "model_rescale": 4.5108708085295355, "target_rescale": 4.15665080997831},
{"mapping": [9, 6, 0, 5, 8, 3, 10, 2, 4, 7, 2, 11], "R": [[0.08168959449148, -0.9683649163046252, 0.23578846244495083], [-0.6067019792363018, -0.236011173879351, -0.7590859201663833], [0.7907208853587793, -0.08104390584385218, -0.6067885684346739]], "T": [0.06216952800549115, 0.011534927225437107, -0.07450905094313988], "aligned_model": [[0.43032199304922353, -0.2307547194996774, 0.000728849449148819, -0.3374593770927563, -0.28000457926318023, 0.3107327622476611, 0.6173691220464864, 0.12368563325039819, -0.5245065060900193, -0.04370759050241449, 0.12368563325039819, 0.18777597844641175], [0.6541798807249709, 0.6679726813164429, 0.6716388094920759, -0.3973370641328914, -0.3488510296982329, -0.6557145514937504, 0.052009441352787754, -0.053544112121567324, 0.2048333752392917, 0.0658022419442599, -0.053544112121567324, 0.06946837011989272], [-0.08171883377518434, -0.3558574563399328, 0.3831809669893273, -0.37197795702838016, 0.24336641527184127, 0.20312671501216661, -0.5630742760948575, 0.6844821573318397, 0.10937748529129294, -0.8372128986596059, 0.6844821573318397, -0.09817447533034593]], "inverted": false, "swapped": false, "error_lsq": 0.06104550759756194, "error_max": 0.47268382377965756, "target": "119.xyz", "model": "1.xyz", "model_rescale": 4.510870808529536, "target_rescale": 4.15665080997831},
{"mapping": [9, 6, 0, 5, 8, 3, 10, 2, 4, 7, 2, 11], "R": [[0.08168959449147989, -0.9683649163046253, 0.23578846244495066], [-0.6067019792363019, -0.23601117387935072, -0.7590859201663833], [0.7907208853587793, -0.08104390584385224, -0.6067885684346742]], "T": [0.06216952800549114, 0.011534927225437148, -0.07450905094313987], "aligned_model": [[0.43032199304922375, -0.23075471949967735, 0.0007288494491489717, -0.3374593770927565, -0.2800045792631804, 0.3107327622476611, 0.6173691220464866, 0.12368563325039822, -0.5245065060900194, -0.043707590502414476, 0.12368563325039822, 0.1877759784464119], [0.6541798807249709, 0.6679726813164432, 0.6716388094920759, -0.39733706413289144, -0.34885102969823306, -0.6557145514937507, 0.05200944135278752, -0.05354411212156739, 0.2048333752392919, 0.06580224194425988, -0.05354411212156739, 0.06946837011989246], [-0.08171883377518413, -0.3558574563399326, 0.3831809669893276, -0.37197795702838055, 0.243366415271841, 0.20312671501216628, -0.5630742760948577, 0.6844821573318399, 0.10937748529129313, -0.8372128986596062, 0.6844821573318399, -0.09817447533034615]], "inverted": false, "swapped": false, "error_lsq": 0.06104550759756195, "error_max": 0.4726838237796576, "target": "119.xyz", "model": "2.xyz", "model_rescale": 4.5108708085295355, "target_rescale": 4.15665080997831},
{"mapping": [12, 3, 2, 5, 4, 6, 10, 9, 8, 1, 0, 13], "R": [[0.5547461950394086, 0.8316410268047708, -0.025097044136807058], [-0.8269887731638957, 0.5478289091735644, -0.12638455338599347], [-0.09135769343724218, 0.09086632384337309, 0.9916637953666647]], "T": [0.04974955541624688, 0.05088625678264544, -0.0023658960736211206], "aligned_model": [[0.44451690723117065, -0.26086465393284153, -0.2807784214049873, -0.4023518549729975, -0.4222656224451433, 0.22064027199094943, 0.6339516290065109, 0.6140378615343652, -0.5712909925584716, 0.15400445908652097, 0.11417692414222944, 0.1340906916143752], [0.5441692497595304, 0.6587410237925351, 0.5584585923444202, -0.22695698512321652, -0.3272394165713314, -0.6490089052599451, 0.043345339978599, -0.05693709146951588, 0.16901449884912476, 0.1547249728886189, -0.04583989000761082, 0.05444254144050403], [-0.3295780753375899, -0.33282805753627365, 0.4540280408882993, -0.44928835220527197, 0.337567746219301, 0.3128298707142228, -0.3886123517352725, 0.3982437466893005, -0.0030281133800228715, -0.7866342498634703, 0.7870779469856753, 0.00022184856110255523]], "inverted": true, "swapped": false, "error_lsq": 0.05296763097102883, "error_max": 0.3590638973514914, "target": "119.xyz", "model": "3.xyz", "model_rescale": 4.509807743048502, "target_rescale": 4.15665080997831},
{"mapping": [6, 5, 4, 3, 2, 12, 10, 9, 8, 1, 0, 13], "R": [[-0.8231670386153951, -0.5673309437470914, -0.02305703372499828], [-0.5605098953406761, 0.818414934823934, -0.12659246297596283], [0.09069004224469943, -0.09128304729888712, -0.9916868061608384]], "T": [0.056708375134258665, 0.08685722447974957, -0.002345563427797507], "aligned_model": [[0.47599300381443443, -0.25884093708707, -0.24054585796563474, -0.4578931733038224, -0.43959809418238704, 0.23933746114030002, 0.6018967198717332, 0.6201917989931686, -0.5635915432264937, 0.11534419462438217, 0.15193435286725274, 0.13363927374581747], [0.6725498690943374, 0.5132524800476941, 0.6136998816495574, -0.36133403486567967, -0.2608866332638165, -0.5180358479606376, -0.12395953200023564, -0.023512130398372424, 0.208811236185781, -0.0483378542241686, 0.1525569489795579, 0.05210954737769466], [0.3132012198863628, -0.44950096340552825, 0.33737339340843986, -0.33322875486589726, 0.45364560194807085, -0.3294360269636571, -0.38817093412582343, 0.3987034226881447, -0.003491270487072421, -0.7865729195083149, 0.7871757941196219, 0.00030143730565363597]], "inverted": false, "swapped": false, "error_lsq": 0.052742471789080696, "error_max": 0.36202920406352135, "target": "119.xyz", "model": "4.xyz", "model_rescale": 4.509807743048502, "target_rescale": 4.15665080997831},
{"mapping": [12, 3, 2, 5, 4, 6, 10, 9, 8, 1, 0, 13], "R": [[0.5547461950394086, 0.8316410268047708, -0.025097044136807037], [-0.8269887731638957, 0.5478289091735644, -0.12638455338599341], [-0.09135769343724216, 0.09086632384337304, 0.9916637953666647]], "T": [0.04974955541624687, 0.050886256782645425, -0.0023658960736210595], "aligned_model": [[0.44451690723117065, -0.26086465393284153, -0.2807784214049873, -0.4023518549729975, -0.4222656224451433, 0.22064027199094943, 0.6339516290065108, 0.6140378615343651, -0.5712909925584717, 0.15400445908652094, 0.11417692414222945, 0.1340906916143752], [0.5441692497595304, 0.658741023792535, 0.5584585923444202, -0.22695698512321655, -0.3272394165713314, -0.6490089052599451, 0.04334533997859896, -0.056937091469515866, 0.16901449884912478, 0.15472497288861883, -0.045839890007610795, 0.054442541440504054], [-0.3295780753375898, -0.3328280575362736, 0.45402804088829934, -0.44928835220527186, 0.3375677462193011, 0.31282987071422286, -0.3886123517352724, 0.3982437466893005, -0.003028113380023089, -0.7866342498634702, 0.7870779469856755, 0.00022184856110231974]], "inverted": true, "swapped": false, "error_lsq": 0.05296763097102882, "error_max": 0.35906389735149136, "target": "119.xyz", "model": "5.xyz", "model_rescale": 4.509807743048502, "target_rescale": 4.15665080997831},
{"mapping": [11, 2, 3, 4, 5, 7, 9, 10, 8, 0, 1, 13], "R": [[-0.5547462552474349, -0.8316409865528119, -0.0250970471253767], [0.8269887337593137, -0.5478289688456315, -0.126384552571503], [0.09135768453783513, -0.09086633248347697, 0.9916637953948342]], "T": [0.04974957303222703, 0.05088626743362343, -0.002365894197036221], "aligned_model": [[0.4445169994759722, -0.2608647787433585, -0.2807785492785015, -0.402351919989756, -0.422265690524899, 0.22064043394318794, 0.6339513955233492, 0.6140376249882064, -0.571290728335968, 0.1540045746129589, 0.11417703354267303, 0.13409080407781598], [0.5441693656323948, 0.6587409717512133, 0.5584585374663135, -0.22695707834468618, -0.32723951262958584, -0.6490088451389273, 0.04334520888922334, -0.05693722539567639, 0.16901465143121577, 0.15472505327164235, -0.04583981529815706, 0.05444261898674264], [-0.32957807126367816, -0.33282808257557045, 0.45402804320083034, -0.4492883806752263, 0.3375677451011745, 0.31282989752483126, -0.3886123863955611, 0.39824373938083973, -0.003028089142253401, -0.7866342641615293, 0.787077987391272, 0.00022186161487142055]], "inverted": false, "swapped": false, "error_lsq": 0.05296762364369598, "error_max": 0.35906383542521586, "target": "119.xyz", "model": "6.xyz", "model_rescale": 4.509807586411629, "target_rescale": 4.15665080997831},
{"mapping": [6, 5, 4, 3, 2, 12, 10, 9, 8, 1, 0, 13], "R": [[-0.8231670739140725, -0.5673308926741238, -0.02305703019310211], [-0.5605098447776293, 0.8184149692702477, -0.1265924641585642], [0.09069003435384612, -0.09128305588640862, -0.9916868060919924]], "T": [0.05670838736266509, 0.08685720828755428, -0.002345561571896412], "aligned_model": [[0.47599312572636393, -0.2588409675673076, -0.2405458906128946, -0.45789326548879566, -0.43959818853438265, 0.23933750934785145, 0.6018965538333867, 0.6201916307877997, -0.5635913563746877, 0.11534427243703593, 0.15193442634586207, 0.133639349391449], [0.6725497576984842, 0.5132525875254036, 0.6136999935544153, -0.3613339452911467, -0.260886539262135, -0.5180359879199202, -0.12395931764263932, -0.023511911613627617, 0.20881098993793668, -0.04833797148403135, 0.1525568405739921, 0.052109434544980404], [0.3132012460570473, -0.44950099190203147, 0.33737339218741974, -0.3332287793002355, 0.45364560478921573, -0.32943602269100886, -0.3881709692845053, 0.3987034148049459, -0.0034912456784834435, -0.7865729337502394, 0.7871758344286636, 0.0003014503392121549]], "inverted": false, "swapped": false, "error_lsq": 0.052742468804381513, "error_max": 0.36202914097789585, "target": "119.xyz", "model": "7.xyz", "model_rescale": 4.509807586411629, "target_rescale": 4.15665080997831},
{"mapping": [11, 2, 3, 4, 5, 7, 9, 10, 8, 0, 1, 13], "R": [[-0.5547462552474349, -0.8316409865528119, -0.0250970471253767], [0.8269887337593137, -0.5478289688456315, -0.126384552571503], [0.09135768453783513, -0.09086633248347697, 0.9916637953948342]], "T": [0.04974957303222703, 0.05088626743362344, -0.0023658941970362913], "aligned_model": [[0.4445169994759722, -0.2608647787433585, -0.2807785492785015, -0.402351919989756, -0.422265690524899, 0.22064043394318794, 0.6339513955233492, 0.6140376249882064, -0.571290728335968, 0.1540045746129589, 0.11417703354267303, 0.13409080407781596], [0.5441693656323948, 0.6587409717512132, 0.5584585374663135, -0.22695707834468615, -0.32723951262958584, -0.6490088451389273, 0.043345208889223344, -0.056937225395676375, 0.16901465143121575, 0.15472505327164238, -0.04583981529815705, 0.054442618986742616], [-0.3295780712636782, -0.3328280825755705, 0.45402804320083023, -0.44928838067522636, 0.3375677451011744, 0.31282989752483115, -0.3886123863955611, 0.3982437393808396, -0.0030280891422531783, -0.7866342641615293, 0.787077987391272, 0.00022186161487164346]], "inverted": false, "swapped": false, "error_lsq": 0.05296762364369598, "error_max": 0.3590638354252159, "target": "119.xyz", "model": "8.xyz", "model_rescale": 4.509807586411629, "target_rescale": 4.15665080997831},
{"mapping": [9, 2, 3, 6, 7, 5, 11, 12, 8, 0, 1, 13], "R": [[0.5547461399148126, 0.831641063392142, -0.025097050217152306], [-0.8269888092205564, 0.5478288531789888, -0.12638456016681812], [-0.09135770177484273, 0.09086632657140503, 0.9916637943485875]], "T": [0.04974958565555508, 0.050886208572514496, -0.0023659014947552963], "aligned_model": [[0.4445168981416879, -0.2608646927381405, -0.28077846608833035, -0.4023517759373385, -0.42226554928752835, 0.220640357736259, 0.6339515965463439, 0.6140378231961542, -0.5712910795346428, 0.1540044691025952, 0.11417692240221557, 0.1340906957524054], [0.5441691434822392, 0.6587409704409357, 0.5584585283073431, -0.22695695346786074, -0.32723939560145343, -0.6490089437900695, 0.043345195131464474, -0.05693724700212818, 0.16901443739308492, 0.15472517404297814, -0.04583971022420716, 0.054442731909385485], [-0.3295781048613154, -0.3328280846117602, 0.454028054630876, -0.4492883725078909, 0.3375677667347453, 0.312829885681491, -0.38861238908971646, 0.39824375015291974, -0.0030281264566239534, -0.786634265800211, 0.7870780126850612, 0.0002218734424250979]], "inverted": false, "swapped": false, "error_lsq": 0.05296762834937085, "error_max": 0.3590639560273481, "target": "119.xyz", "model": "9.xyz", "model_rescale": 4.509807504472865, "target_rescale": 4.15665080997831},
{"mapping": [4, 7, 6, 3, 2, 10, 12, 11, 8, 1, 0, 13], "R": [[0.8231670031024847, 0.5673309954064392, -0.023057030476909435], [0.5605099461903842, -0.8184148986305745, -0.12659247181866431], [-0.0906900503083263, 0.09128305073038309, -0.9916868051075539]], "T": [0.05670842122676313, 0.08685725784162845, -0.002345568801002386], "aligned_model": [[0.4759930998136768, -0.2588408735866804, -0.24054579607467097, -0.45789319083972035, -0.4395981133277109, 0.2393374903156374, 0.6018967432827281, 0.6201918207947376, -0.5635916004876337, 0.11534412895509627, 0.15193428397911507, 0.13363920646710567], [0.672549871302702, 0.5132524221409522, 0.6136998360730592, -0.36133396915707966, -0.26088655522497267, -0.5180357468701355, -0.12395938780624219, -0.0235119738741352, 0.20881132790003093, -0.04833804521959589, 0.15255678264461817, 0.05210936871251115], [0.3132012349794243, -0.4495009840070813, 0.33737341359798, -0.3332287820932112, 0.45364561551185006, -0.32943605610868903, -0.38817097102794956, 0.3987034265771117, -0.003491284026506437, -0.7865729354060377, 0.7871758598040854, 0.0003014621990239806]], "inverted": false, "swapped": false, "error_lsq": 0.052742472345202386, "error_max": 0.36202925837197864, "target": "119.xyz", "model": "10.xyz", "model_rescale": 4.509807504472865, "target_rescale": 4.15665080997831},
{"mapping": [5, 6, 7, 2, 3, 9, 11, 12, 8, 0, 1, 13], "R": [[-0.8231670031024847, -0.5673309954064392, -0.023057030476909306], [-0.5605099461903844, 0.8184148986305745, -0.12659247181866423], [0.09069005030832616, -0.09128305073038308, -0.991686805107554]], "T": [0.05670842122676313, 0.08685725784162844, -0.002345568801002481], "aligned_model": [[0.47599309981367677, -0.25884087358668034, -0.24054579607467103, -0.45789319083972024, -0.439598113327711, 0.2393374903156374, 0.6018967432827282, 0.6201918207947374, -0.5635916004876337, 0.11534412895509638, 0.15193428397911496, 0.13363920646710567], [0.6725498713027022, 0.5132524221409522, 0.6136998360730592, -0.3613339691570797, -0.2608865552249728, -0.5180357468701356, -0.12395938780624212, -0.02351197387413516, 0.20881132790003082, -0.048338045219595824, 0.15255678264461808, 0.052109368712511164], [0.31320123497942454, -0.44950098400708144, 0.3373734135979801, -0.33322878209321144, 0.45364561551185006, -0.3294360561086892, -0.3881709710279497, 0.3987034265771119, -0.0034912840265063924, -0.7865729354060377, 0.7871758598040853, 0.00030146219902408644]], "inverted": true, "swapped": false, "error_lsq": 0.052742472345202386, "error_max": 0.3620292583719788, "target": "119.xyz", "model": "11.xyz", "model_rescale": 4.509807504472865, "target_rescale": 4.15665080997831},
{"mapping": [9, 2, 3, 6, 7, 5, 11, 12, 8, 0, 1, 13], "R": [[0.5547462493389468, 0.8316409906151049, -0.02509704311464623], [-0.8269887376292463, 0.5478289635576452, -0.12638455017027203], [-0.09135768538419126, 0.0908663271849564, 0.9916637958023676]], "T": [0.04974969510064142, 0.050886283087483525, -0.0023658891318406555], "aligned_model": [[0.4445171074378031, -0.260864641869913, -0.28077840842736457, -0.4023517838846586, -0.42226555044211017, 0.22064036169700005, 0.6339514923234574, 0.6140377257660058, -0.5712909495025271, 0.15400438195544747, 0.1141768488405444, 0.13409061539799594], [0.544169358241068, 0.658740964435829, 0.5584585360612065, -0.2269570496160602, -0.32723947799068265, -0.6490089234265961, 0.04334522011501311, -0.056937208259609295, 0.16901442351771787, 0.15472512422256457, -0.04583973252668018, 0.0544426958479422], [-0.3295780561715425, -0.3328280641652721, 0.4540280305098881, -0.44928835492593205, 0.33756773974922816, 0.3128298705962147, -0.38861236874240396, 0.39824372593275625, -0.0030281215795788133, -0.7866342284096125, 0.7870779609407076, 0.00022186626554752996]], "inverted": false, "swapped": false, "error_lsq": 0.05296761265228402, "error_max": 0.35906379243147213, "target": "119.xyz", "model": "12.xyz", "model_rescale": 4.509807766519439, "target_rescale": 4.15665080997831},
{"mapping": [4, 7, 6, 3, 2, 10, 12, 11, 8, 1, 0, 13], "R": [[0.8231670711597544, 0.5673308965516453, -0.02305703311743093], [0.5605098487387186, -0.8184149671892812, -0.12659246007352332], [-0.09069003487247475, 0.0912830504446155, -0.9916868065454713]], "T": [0.05670849481907781, 0.08685714819119186, -0.002345556415298494], "aligned_model": [[0.4759930891980528, -0.25884085092911246, -0.24054577238497932, -0.457893136691808, -0.43959805814767483, 0.23933761099407247, 0.6018966390812552, 0.6201917176253884, -0.5635914762782744, 0.11534406706412041, 0.15193422415238672, 0.13363914560825357], [0.6725498561767668, 0.5132525109155724, 0.6136999096916647, -0.3613339883286891, -0.2608865895525969, -0.5180360216843793, -0.1239593653213619, -0.0235119665452697, 0.20881128522841746, -0.04833796542889615, 0.15255683212328827, 0.052109433347196074], [0.31320121937342993, -0.44950096598227596, 0.33737338704166175, -0.333228761017668, 0.4536455920062697, -0.3294360076641795, -0.3881709515191594, 0.3987034015047783, -0.0034912782700751133, -0.7865728981815318, 0.7871758078663442, 0.0003014548424063912]], "inverted": false, "swapped": false, "error_lsq": 0.05274245542088719, "error_max": 0.36202909196536487, "target": "119.xyz", "model": "13.xyz", "model_rescale": 4.509807766519439, "target_rescale": 4.15665080997831},
{"mapping": [5, 6, 7, 2, 3, 9, 11, 12, 8, 0, 1, 13], "R": [[-0.8231670711597541, -0.5673308965516457, -0.023057033117431062], [-0.560509848738719, 0.8184149671892809, -0.12659246007352384], [0.0906900348724752, -0.09128305044461582, -0.9916868065454713]], "T": [0.0567084948190778, 0.08685714819119186, -0.002345556415298623], "aligned_model": [[0.4759930891980525, -0.25884085092911274, -0.24054577238497948, -0.45789313669180776, -0.43959805814767455, 0.2393376109940727, 0.6018966390812553, 0.6201917176253886, -0.5635914762782747, 0.11534406706412031, 0.15193422415238683, 0.13363914560825357], [0.6725498561767674, 0.513252510915572, 0.6136999096916647, -0.3613339883286897, -0.260886589552597, -0.5180360216843795, -0.12395936532136176, -0.02351196654526913, 0.2088112852284172, -0.04833796542889651, 0.15255683212328872, 0.05210943334719614], [0.31320121937342965, -0.44950096598227623, 0.3373733870416617, -0.3332287610176678, 0.45364559200627014, -0.32943600766417935, -0.3881709515191596, 0.39870340150477834, -0.0034912782700749845, -0.7865728981815316, 0.787175807866344, 0.00030145484240646104]], "inverted": true, "swapped": false, "error_lsq": 0.05274245542088721, "error_max": 0.36202909196536465, "target": "119.xyz", "model": "14.xyz", "model_rescale": 4.509807766519439, "target_rescale": 4.15665080997831},
{"mapping": [10, 1, 5, 8, 6, 2, 3, 9, 7, 3, 4, 11], "R": [[-0.08168956457789617, 0.9683649208925096, -0.2357884539665114], [0.6067019518969603, 0.23601115204106543, 0.7590859488072927], [0.7907209094260077, -0.08104391462098218, -0.6067885358997934]], "T": [0.062169413918457456, 0.011534959672431844, 0.07450915087594964], "aligned_model": [[0.4303218276977694, 0.0007288734330972158, -0.23075450475142065, -0.2800046021119088, -0.33745941287810854, 0.3107327448003049, 0.12368560708762844, 0.6173689654104458, -0.5245065505907849, 0.12368560708762844, -0.04370736703874423, 0.1877760111457736], [0.6541798630969391, 0.6716387394613748, 0.6679727762308245, -0.34885118197218995, -0.3973371073443983, -0.6557144767651923, -0.05354396496192493, 0.05200935129367157, 0.2048334044588691, -0.05354396496192493, 0.06580226442755704, 0.06946822765810744], [0.08171887288675789, -0.38318115107368556, 0.35585749465295524, -0.2433666207122072, 0.37197797691565027, -0.2031265886837161, -0.684482044931128, 0.5630743291341698, -0.10937747933176159, -0.684482044931128, 0.8372129509003672, 0.09817430517372619]], "inverted": false, "swapped": false, "error_lsq": 0.06104549429169314, "error_max": 0.4726837854555061, "target": "119.xyz", "model": "15.xyz", "model_rescale": 4.510870436145588, "target_rescale": 4.15665080997831},
{"mapping": [9, 0, 4, 8, 7, 3, 2, 10, 6, 2, 5, 11], "R": [[0.08168956457789533, -0.9683649208925099, -0.23578845396651077], [-0.6067019518969611, -0.23601115204106432, 0.7590859488072925], [-0.7907209094260073, 0.08104391462098248, -0.606788535899794]], "T": [0.0621694139184574, 0.011534959672431858, 0.07450915087594967], "aligned_model": [[0.43032182769777005, 0.0007288734330977154, -0.23075450475141993, -0.28000460211190936, -0.337459412878109, 0.310732744800304, 0.12368560708762817, 0.617368965410446, -0.5245065505907848, 0.12368560708762817, -0.04370736703874405, 0.18777601114577358], [0.6541798630969385, 0.6716387394613745, 0.667972776230825, -0.3488511819721898, -0.3973371073443976, -0.6557144767651928, -0.05354396496192575, 0.052009351293671416, 0.2048334044588695, -0.05354396496192575, 0.06580226442755784, 0.0694682276581074], [0.08171887288675747, -0.38318115107368605, 0.35585749465295496, -0.24336662071220688, 0.37197797691565065, -0.20312658868371564, -0.6844820449311277, 0.5630743291341697, -0.10937747933176153, -0.6844820449311277, 0.8372129509003672, 0.0981743051737261]], "inverted": true, "swapped": false, "error_lsq": 0.06104549429169314, "error_max": 0.4726837854555062, "target": "119.xyz", "model": "16.xyz", "model_rescale": 4.510870436145588, "target_rescale": 4.15665080997831},
{"mapping": [10, 1, 5, 8, 6, 2, 3, 9, 7, 3, 4, 11], "R": [[-0.08168956457789622, 0.9683649208925096, -0.23578845396651138], [0.6067019518969603, 0.2360111520410654, 0.7590859488072925], [0.7907209094260075, -0.08104391462098215, -0.6067885358997934]], "T": [0.062169413918457456, 0.011534959672431816, 0.07450915087594967], "aligned_model": [[0.4303218276977694, 0.0007288734330972435, -0.23075450475142065, -0.2800046021119088, -0.33745941287810854, 0.3107327448003049, 0.12368560708762846, 0.6173689654104458, -0.5245065505907849, 0.12368560708762846, -0.04370736703874427, 0.18777601114577352], [0.6541798630969388, 0.6716387394613744, 0.6679727762308243, -0.3488511819721898, -0.3973371073443982, -0.6557144767651922, -0.05354396496192507, 0.05200935129367165, 0.20483340445886897, -0.05354396496192507, 0.06580226442755713, 0.06946822765810762], [0.08171887288675786, -0.3831811510736855, 0.3558574946529552, -0.24336662071220722, 0.37197797691565027, -0.20312658868371597, -0.6844820449311277, 0.5630743291341697, -0.10937747933176156, -0.6844820449311277, 0.837212950900367, 0.09817430517372604]], "inverted": false, "swapped": false, "error_lsq": 0.06104549429169314, "error_max": 0.472683785455506, "target": "119.xyz", "model": "17.xyz", "model_rescale": 4.510870436145588, "target_rescale": 4.15665080997831},
{"mapping": [9, 3, 11, 6, 2, 8, 7, 10, 4, 5, 1, 12], "R": [[0.07020353409428695, -0.9064586095223621, -0.4164183629758157], [0.5927847560306789, 0.37365485871956683, -0.713434145224988], [0.8022952678523793, -0.19676085936498267, 0.5635667373112369]], "T": [-0.0214977165489715, 0.0451221376427352, 0.10317969588809857], "aligned_model": [[0.7606769273462696, -0.293316077204734, -0.3203197302261888, -0.3452842281485806, -0.20862900597238546, 0.27798106035774073, 0.6116374837204256, 0.4270205039835846, -0.6269725005674189, -0.011627804785895722, -0.018326846601435763, 0.12502741739029952], [0.3544384010040707, 0.676621892024942, 0.623186798061111, -0.4035293793413431, -0.4370034645217288, -0.485157665533235, 0.08648351642494045, -0.21720278095410478, 0.10498071006676654, 0.1681118026168324, 0.27134638333701394, 0.13463771743644679], [0.006383687517320422, -0.3645490240517879, 0.25872980358623987, -0.34858709113375996, 0.4208881329214911, 0.008606992949997297, -0.442952492932631, 0.4579431733999488, 0.08701046183084045, -0.8001465770163882, 0.7473442858898673, -0.030671352961137363]], "inverted": false, "swapped": false, "error_lsq": 0.05432913020183433, "error_max": 0.35763428135083675, "target": "119.xyz", "model": "18.xyz", "model_rescale": 4.466005644533647, "target_rescale": 4.15665080997831},
{"mapping": [10, 0, 1, 4, 5, 7, 8, 9, 12, 2, 3, 13], "R": [[-0.5547462747452492, -0.8316409736243028, -0.025097044556891875], [0.8269887210011372, -0.5478289887099137, -0.12638454994965467], [0.09135768163199039, -0.09086633104893835, 0.9916637957939842]], "T": [0.04974963453527796, 0.050886242873483506, -0.0023658957583079405], "aligned_model": [[0.444517038548203, -0.26086472278785033, -0.28077849073226524, -0.40235183921763407, -0.422265607162049, 0.2206403226367547, 0.6339514411471779, 0.6140376732027629, -0.5712908367825013, 0.1540045080907756, 0.11417697220194571, 0.13409074014636066], [0.5441693356106518, 0.6587409219401513, 0.5584584925189703, -0.22695710727971893, -0.3272395367008999, -0.6490089667059523, 0.043345197034431564, -0.05693723238674939, 0.16901448750109765, 0.15472520911775772, -0.04583964972460419, 0.054442779696576744], [-0.32957806517961874, -0.33282807706093137, 0.45402802719283347, -0.44928836911691605, 0.3375677351368488, 0.31282986940378205, -0.3886123769731355, 0.39824372728062934, -0.0030281114704040243, -0.7866342239914607, 0.787077984516069, 0.000221880262304294]], "inverted": false, "swapped": false, "error_lsq": 0.052967619087630806, "error_max": 0.359063826744626, "target": "119.xyz", "model": "19.xyz", "model_rescale": 4.509807711582247, "target_rescale": 4.15665080997831},
{"mapping": [6, 5, 4, 1, 0, 11, 9, 8, 12, 3, 2, 13], "R": [[-0.8231670877087741, -0.5673308726015386, -0.023057031600626925], [-0.5605098250338568, 0.8184149833702475, -0.12659246042159317], [0.09069003116975255, -0.09128305422286358, -0.9916868065363051]], "T": [0.05670845360066297, 0.08685720812474874, -0.0023455630739806655], "aligned_model": [[0.47599306824975113, -0.25884088143900685, -0.2405458038755477, -0.4578931953176129, -0.43959811775415375, 0.2393375563470468, 0.6018966004598173, 0.6201916780232765, -0.5635913957494556, 0.11534415255239613, 0.15193430767931443, 0.13363923011585527], [0.6725499115390893, 0.5132525846397186, 0.6136999849156156, -0.3613339194303354, -0.26088651915443833, -0.5180359746911272, -0.12395932398737351, -0.02351192371147652, 0.20881118296524792, -0.04833809109696645, 0.15255670945482752, 0.05210930917893055], [0.31320121813907614, -0.44950098016021584, 0.3373733824419283, -0.3332287739222845, 0.45364558867985966, -0.3294360167435739, -0.388170959833046, 0.39870340276909816, -0.003491268045987221, -0.7865728937104288, 0.7871758314938591, 0.0003014688917152993]], "inverted": false, "swapped": false, "error_lsq": 0.052742462492015536, "error_max": 0.3620291291008205, "target": "119.xyz", "model": "20.xyz", "model_rescale": 4.509807711582248, "target_rescale": 4.15665080997831},
{"mapping": [10, 11, 4, 2, 5, 7, 9, 8, 3, 0, 6, 12], "R": [[0.0702035340942874, -0.906458609522362, 0.41641836297581586], [0.5927847560306788, 0.3736548587195673, 0.7134341452249879], [-0.8022952678523794, 0.1967608593649825, 0.5635667373112369]], "T": [-0.02149771654897152, 0.04512213764273519, -0.10317969588809855], "aligned_model": [[0.7606769273462698, -0.32031973022618865, -0.29331607720473396, -0.20862900597238554, -0.3452842281485809, 0.2779810603577406, 0.4270205039835847, 0.6116374837204256, -0.6269725005674188, -0.018326846601435437, -0.011627804785895937, 0.1250274173902996], [0.3544384010040703, 0.6231867980611112, 0.6766218920249423, -0.4370034645217288, -0.4035293793413428, -0.48515766553323514, -0.21720278095410495, 0.08648351642494016, 0.10498071006676697, 0.27134638333701416, 0.16811180261683245, 0.13463771743644676], [-0.00638368751732038, -0.2587298035862401, 0.36454902405178785, -0.420888132921491, 0.3485870911337603, -0.00860699294999702, -0.4579431733999486, 0.4429524929326312, -0.0870104618308404, -0.7473442858898676, 0.8001465770163885, 0.030671352961137432]], "inverted": false, "swapped": false, "error_lsq": 0.05432913020183433, "error_max": 0.35763428135083714, "target": "119.xyz", "model": "21.xyz", "model_rescale": 4.466005644533646, "target_rescale": 4.15665080997831},
{"mapping": [9, 3, 11, 6, 2, 8, 7, 10, 4, 5, 1, 12], "R": [[0.07020364760660702, -0.9064585981984876, -0.41641836848866326], [0.5927847123349415, 0.37365493653144444, -0.7134341407780138], [0.80229529020474, -0.1967607637658359, 0.5635667388673475]], "T": [-0.02149771023827047, 0.04512213647755326, 0.10317969992305345], "aligned_model": [[0.7606768535047922, -0.293315964049012, -0.3203199738194919, -0.3452841955426868, -0.2086291117901071, 0.27798112244261647, 0.6116375529065883, 0.4270204230408205, -0.6269723945129838, -0.011627765078714998, -0.018326666484004862, 0.12502731867386474], [0.3544383897760346, 0.6766218970020269, 0.6231869421480011, -0.40352937989635945, -0.43700342881844395, -0.4851577308676077, 0.08648345212598862, -0.2172027932175618, 0.10498071400843056, 0.16811180309723694, 0.2713463110888141, 0.13463775417515259], [0.006383616488985472, -0.36454894822205375, 0.258729796072778, -0.348587062417273, 0.4208881104522848, 0.008606967197189161, -0.44295252356485126, 0.4579431072510258, 0.0870105425399867, -0.8001465531793135, 0.7473443276909973, -0.030671380309755608]], "inverted": false, "swapped": false, "error_lsq": 0.05432912472438828, "error_max": 0.35763424522627574, "target": "119.xyz", "model": "22.xyz", "model_rescale": 4.46600560860683, "target_rescale": 4.15665080997831},
{"mapping": [10, 0, 1, 4, 5, 7, 8, 9, 12, 2, 3, 13], "R": [[-0.5547462147275914, -0.8316410136441291, -0.025097045052648016], [0.8269887602744971, -0.5478289286918465, -0.12638455312257857], [0.09135769056329834, -0.09086632661943124, 0.991663795377058]], "T": [0.049749633076270616, 0.05088624139442065, -0.002365896046599148], "aligned_model": [[0.4445169806487147, -0.2608645939222694, -0.28077836242435167, -0.40235177595843347, -0.42226554446051573, 0.22064036738384998, 0.6339515328391572, 0.6140377643370749, -0.571291111521526, 0.15400441595874223, 0.11417687895457779, 0.13409064745666], [0.5441692508304985, 0.6587410101164413, 0.5584585773502542, -0.2269570156938009, -0.32723944845998787, -0.6490089270411313, 0.0433452163257035, -0.05693721644048354, 0.16901434926675457, 0.15472514422200834, -0.04583972131036572, 0.054442711455821295], [-0.32957807917548493, -0.3328280642747885, 0.45402804614014464, -0.4492883605101664, 0.33756774990476673, 0.3128298768079038, -0.3886123754521018, 0.39824373496283133, -0.0030281360367063748, -0.7866342412037325, 0.7870779796261337, 0.0002218692112007292]], "inverted": false, "swapped": false, "error_lsq": 0.05296761923463105, "error_max": 0.35906387939629875, "target": "119.xyz", "model": "23.xyz", "model_rescale": 4.509807674373902, "target_rescale": 4.15665080997831},
{"mapping": [6, 5, 4, 1, 0, 11, 9, 8, 12, 3, 2, 13], "R": [[-0.8231670495105312, -0.5673309279856249, -0.02305703257352407], [-0.5605098797395158, 0.8184149454477417, -0.12659246337031163], [0.09069003977571263, -0.09128305000787333, -0.9916868061372702]], "T": [0.05670845286847333, 0.08685720991509378, -0.0023455633521637133], "aligned_model": [[0.47599309785378846, -0.258840854520187, -0.24054577603381833, -0.45789311067814303, -0.43959803219177435, 0.239337531414284, 0.6018966775094263, 0.620191755995795, -0.5635915984332643, 0.11534409097215591, 0.15193424794489335, 0.1336391694585246], [0.6725498558044506, 0.5132524775536302, 0.613699880997994, -0.36133404682635684, -0.2608866433819931, -0.518035875454479, -0.12395937890583646, -0.023511975461472698, 0.20881141665088643, -0.048337996896067256, 0.1525568099926602, 0.052109406548296475], [0.31320122577367027, -0.4495009716217525, 0.33737339715590686, -0.3332287612906125, 0.45364560748704685, -0.32943603071135585, -0.38817095804456975, 0.3987034107330896, -0.0034912929855536695, -0.7865729109429488, 0.7871758266123693, 0.0003014578347103384]], "inverted": false, "swapped": false, "error_lsq": 0.05274246149020492, "error_max": 0.3620291816211088, "target": "119.xyz", "model": "24.xyz", "model_rescale": 4.509807674373903, "target_rescale": 4.15665080997831},
{"mapping": [10, 4, 11, 5, 2, 7, 8, 9, 3, 6, 0, 12], "R": [[-0.07020364760660791, 0.9064585981984871, -0.4164183684886642], [-0.5927847123349409, -0.37365493653144577, -0.7134341407780137], [-0.8022952902047404, 0.19676076376583543, 0.563566738867347]], "T": [-0.021497710238270545, 0.045122136477553226, 0.1031796999230535], "aligned_model": [[0.7606768535047926, -0.2933159640490113, -0.32031997381949107, -0.3452841955426874, -0.20862911179010782, 0.27798112244261586, 0.6116375529065883, 0.4270204230408202, -0.6269723945129837, -0.011627765078715019, -0.01832666648400448, 0.12502731867386482], [0.3544383897760336, 0.6766218970020277, 0.6231869421480016, -0.4035293798963586, -0.437003428818444, -0.48515773086760816, 0.08648345212598804, -0.21720279321756256, 0.10498071400843148, 0.16811180309723753, 0.2713463110888138, 0.1346377541751525], [0.00638361648898568, -0.3645489482220531, 0.25872979607277863, -0.3485870624172735, 0.42088811045228447, 0.008606967197188675, -0.4429525235648512, 0.45794310725102555, 0.0870105425399868, -0.8001465531793134, 0.7473443276909977, -0.030671380309755567]], "inverted": true, "swapped": false, "error_lsq": 0.05432912472438827, "error_max": 0.35763424522627685, "target": "119.xyz", "model": "25.xyz", "model_rescale": 4.466005608606829, "target_rescale": 4.15665080997831},
{"mapping": [9, 3, 11, 6, 2, 8, 7, 10, 4, 5, 1, 12], "R": [[0.07020348084992048, -0.9064586157820153, -0.41641835832622454], [0.5927847711898296, 0.3736548219055257, -0.713434151910442], [0.8022952613109321, -0.1967609004383314, 0.5635667322835165]], "T": [-0.021497713292124805, 0.04512217167899841, 0.10317973470478417], "aligned_model": [[0.7606768810897131, -0.2933160596310738, -0.32031974943696245, -0.34528418446056414, -0.2086289968680215, 0.27798106618580426, 0.6116374713606472, 0.4270204759148703, -0.6269724648059166, -0.011627779285721292, -0.018326869077915413, 0.1250274083068214], [0.3544383828644235, 0.6766219476241365, 0.623186731985587, -0.40352941134018533, -0.4370034779504876, -0.485157665211059, 0.08648349732605809, -0.2172027796726937, 0.10498078508701927, 0.16811175119693184, 0.2713464841253522, 0.1346376845866297], [0.006383666269848348, -0.36454889557871994, 0.2587297251844564, -0.34858712812587833, 0.4208880684111215, 0.008606965975432368, -0.4429524963058664, 0.45794312855114716, 0.08701056670257887, -0.8001465904071771, 0.7473443831932347, -0.03067139387017742]], "inverted": false, "swapped": false, "error_lsq": 0.05432913271382248, "error_max": 0.3576342680659732, "target": "119.xyz", "model": "26.xyz", "model_rescale": 4.466005838112752, "target_rescale": 4.15665080997831},
{"mapping": [10, 0, 1, 4, 5, 7, 8, 9, 12, 2, 3, 13], "R": [[-0.5547463220123375, -0.8316409420063292, -0.02509704748789378], [0.8269886900886491, -0.5478290354898422, -0.1263845494502005], [0.09135767444087461, -0.09086633839379099, 0.9916637957834604]], "T": [0.04974961456637987, 0.05088627534782361, -0.00236589205980188], "aligned_model": [[0.4445170398581496, -0.2608648224889158, -0.28077859195763427, -0.4023518824143952, -0.42226565188311366, 0.22064039333484037, 0.633951463496374, 0.6140376940276556, -0.5712907768685924, 0.15400454753115583, 0.11417700859371896, 0.1340907780624374], [0.5441692780406844, 0.6587410035992896, 0.5584585786099285, -0.2269569981315279, -0.32723942312088883, -0.6490089875720361, 0.04334517012086546, -0.05693725486849552, 0.16901438872950375, 0.15472515006082396, -0.04583969991789799, 0.054442725071462965], [-0.329578055404145, -0.3328280542401121, 0.4540280183410137, -0.4492883413360249, 0.33756773124510087, 0.31282985336031294, -0.38861236194661947, 0.3982437106345063, -0.0030281243721944693, -0.786634198008405, 0.7870779471538466, 0.0002218745727208941]], "inverted": false, "swapped": false, "error_lsq": 0.052967625691264, "error_max": 0.35906383307792905, "target": "119.xyz", "model": "27.xyz", "model_rescale": 4.509807893063789, "target_rescale": 4.15665080997831},
{"mapping": [6, 5, 4, 1, 0, 11, 9, 8, 12, 3, 2, 13], "R": [[-0.8231671219914253, -0.5673308229680512, -0.0230570289228259], [-0.5605097758712838, 0.818415016937697, -0.12659246108514], [0.09069002384539099, -0.09128306174347531, -0.9916868065138608]], "T": [0.056708423008511324, 0.08685718535039091, -0.002345559396648315], "aligned_model": [[0.4759931436476763, -0.2588409606239749, -0.24054588592149395, -0.4578933197252366, -0.43959824502275563, 0.23933757704755704, 0.6018966306216939, 0.6201917053241749, -0.5635913028479351, 0.11534421089484398, 0.15193436029980587, 0.1336392855973249], [0.6725499030402152, 0.5132525004197929, 0.6136998971800384, -0.3613339563737964, -0.2608865596135509, -0.5180359225175621, -0.12395930936398294, -0.02351191260373746, 0.20881125433067294, -0.0483380513857046, 0.15255674213478626, 0.052109345374540844], [0.3132012021781417, -0.4495009525577517, 0.3373733783615601, -0.333228751253059, 0.4536455796662528, -0.32943600683664037, -0.3881709446386846, 0.3987033862806272, -0.0034912810138006253, -0.7865728676481931, 0.7871757941904298, 0.0003014632711183752]], "inverted": false, "swapped": false, "error_lsq": 0.05274247066285123, "error_max": 0.3620291331069954, "target": "119.xyz", "model": "28.xyz", "model_rescale": 4.5098078930637895, "target_rescale": 4.15665080997831},
{"mapping": [10, 11, 4, 2, 5, 7, 9, 8, 3, 0, 6, 12], "R": [[0.07020348084992048, -0.9064586157820153, 0.41641835832622454], [0.5927847711898296, 0.3736548219055257, 0.713434151910442], [-0.8022952613109321, 0.1967609004383314, 0.5635667322835165]], "T": [-0.02149771329212484, 0.04512217167899834, -0.10317973470478414], "aligned_model": [[0.7606768810897131, -0.3203197494369625, -0.29331605963107393, -0.2086289968680215, -0.34528418446056414, 0.27798106618580426, 0.4270204759148703, 0.6116374713606471, -0.6269724648059166, -0.018326869077915378, -0.011627779285721382, 0.12502740830682135], [0.3544383828644233, 0.623186731985587, 0.6766219476241363, -0.43700347795048755, -0.4035294113401853, -0.48515766521105896, -0.21720277967269358, 0.08648349732605792, 0.10498078508701936, 0.2713464841253523, 0.16811175119693167, 0.13463768458662964], [-0.006383666269848376, -0.25872972518445636, 0.3645488955787199, -0.42088806841112136, 0.34858712812587844, -0.00860696597543223, -0.457943128551147, 0.4429524963058664, -0.08701056670257873, -0.7473443831932346, 0.8001465904071771, 0.030671393870177477]], "inverted": false, "swapped": false, "error_lsq": 0.05432913271382248, "error_max": 0.3576342680659733, "target": "119.xyz", "model": "29.xyz", "model_rescale": 4.466005838112752, "target_rescale": 4.15665080997831},
