[{"mapping": [10, 1, 7, 8, 4, 2, 3, 9, 5, 3, 6, 11], "R": [[0.08168959449147967, -0.9683649163046251, -0.2357884624449511], [-0.606701979236302, -0.23601117387935094, 0.7590859201663831], [-0.790720885358779, 0.08104390584385274, -0.6067885684346743]], "T": [0.062169528005491206, 0.011534927225437051, 0.07450905094313998], "aligned_model": [[0.4303219930492236, 0.0007288494491486802, -0.23075471949967735, -0.2800045792631804, -0.33745937709275614, 0.3107327622476611, 0.1236856332503979, 0.6173691220464869, -0.5245065060900194, 0.1236856332503979, -0.0437075905024141, 0.18777597844641186], [0.654179880724971, 0.6716388094920757, 0.6679726813164433, -0.3488510296982331, -0.39733706413289144, -0.6557145514937507, -0.05354411212156749, 0.05200944135278781, 0.20483337523929177, -0.05354411212156749, 0.06580224194426007, 0.0694683701198926], [0.08171883377518374, -0.38318096698932763, 0.3558574563399326, -0.24336641527184083, 0.3719779570283808, -0.20312671501216611, -0.6844821573318398, 0.5630742760948575, -0.1093774852912929, -0.6844821573318398, 0.8372128986596062, 0.098174475330346]], "inverted": false, "swapped": false, "error_lsq": 0.06104550759756195, "error_max": 0.47268382377965795, "target": "120.xyz", "model": "0.xyz", "model_rescale": 4.5108708085295355, "target_rescale": 4.156650809978309},
{"mapping": [10, 1, 7, 8, 4, 2, 3, 9, 5, 3, 6, 11], "R": [[0.08168959449147972, -0.9683649163046251, -0.235788462444951], [-0.606701979236302, -0.23601117387935094, 0.7590859201663832], [-0.7907208853587792, 0.08104390584385257, -0.6067885684346742]], "T": [0.062169528005491165, 0.011534927225437107, 0.07450905094313992], "aligned_model": [[0.4303219930492235, 0.0007288494491486663, -0.23075471949967727, -0.28000457926318023, -0.3374593770927562, 0.310732762247661, 0.12368563325039797, 0.6173691220464865, -0.5245065060900193, 0.12368563325039797, -0.04370759050241421, 0.18777597844641183], [0.6541798807249708, 0.6716388094920759, 0.6679726813164432, -0.34885102969823306, -0.3973370641328913, -0.6557145514937505, -0.05354411212156749, 0.05200944135278781, 0.20483337523929168, -0.05354411212156749, 0.06580224194426013, 0.06946837011989257], [0.08171883377518396, -0.38318096698932763, 0.3558574563399327, -0.24336641527184089, 0.37197795702838055, -0.20312671501216628, -0.6844821573318398, 0.5630742760948574, -0.10937748529129288, -0.6844821573318398, 0.8372128986596061, 0.09817447533034603]], "inverted": false, "swapped": false, "error_lsq": 0.061045507597561964, "error_max": 0.47268382377965795, "target": "120.xyz", "model": "1.xyz", "model_rescale": 4.510870808529536, "target_rescale": 4.156650809978309},
{"mapping": [10, 1, 7, 8, 4, 2, 3, 9, 5, 3, 6, 11], "R": [[0.08168959449147933, -0.9683649163046253, -0.23578846244495116], [-0.606701979236302, -0.23601117387935083, 0.7590859201663835], [-0.7907208853587795, 0.08104390584385296, -0.6067885684346741]], "T": [0.06216952800549122, 0.011534927225436996, 0.07450905094313998], "aligned_model": [[0.4303219930492238, 0.0007288494491486941, -0.23075471949967716, -0.2800045792631807, -0.3374593770927562, 0.310732762247661, 0.1236856332503977, 0.6173691220464871, -0.5245065060900195, 0.1236856332503977, -0.04370759050241388, 0.18777597844641183], [0.654179880724971, 0.671638809492076, 0.6679726813164435, -0.3488510296982329, -0.3973370641328916, -0.6557145514937508, -0.05354411212156738, 0.052009441352787476, 0.20483337523929193, -0.05354411212156738, 0.0658022419442599, 0.06946837011989276], [0.08171883377518388, -0.3831809669893274, 0.355857456339933, -0.24336641527184105, 0.3719779570283808, -0.20312671501216667, -0.6844821573318401, 0.5630742760948574, -0.10937748529129271, -0.6844821573318401, 0.8372128986596065, 0.09817447533034582]], "inverted": false, "swapped": false, "error_lsq": 0.061045507597561964, "error_max": 0.47268382377965834, "target": "120.xyz", "model": "2.xyz", "model_rescale": 4.5108708085295355, "target_rescale": 4.156650809978309},
{"mapping": [11, 2, 3, 4, 5, 7, 9, 10, 8, 0, 1, 13], "R": [[-0.5547461950394096, -0.8316410268047703, -0.02509704413680703], [0.8269887731638952, -0.5478289091735654, -0.12638455338599353], [0.09135769343724212, -0.0908663238433732, 0.9916637953666647]], "T": [0.04974955541624689, 0.05088625678264546, -0.002365896073621293], "aligned_model": [[0.4445169072311702, -0.26086465393284225, -0.28077842140498804, -0.4023518549729972, -0.422265622445143, 0.22064027199095024, 0.6339516290065111, 0.6140378615343655, -0.5712909925584718, 0.15400445908652097, 0.11417692414222949, 0.13409069161437523], [0.5441692497595308, 0.6587410237925347, 0.5584585923444197, -0.22695698512321705, -0.32723941657133193, -0.649008905259945, 0.043345339978599684, -0.056937091469515234, 0.16901449884912412, 0.15472497288861906, -0.04583989000761075, 0.05444254144050416], [-0.3295780753375898, -0.3328280575362737, 0.4540280408882993, -0.449288352205272, 0.3375677462193009, 0.3128298707142228, -0.3886123517352724, 0.39824374668930057, -0.003028113380023113, -0.7866342498634704, 0.7870779469856752, 0.00022184856110239346]], "inverted": false, "swapped": false, "error_lsq": 0.05296763097102883, "error_max": 0.3590638973514913, "target": "120.xyz", "model": "3.xyz", "model_rescale": 4.509807743048502, "target_rescale": 4.156650809978309},
{"mapping": [6, 5, 4, 3, 2, 12, 10, 9, 8, 1, 0, 13], "R": [[-0.8231670386153946, -0.567330943747092, -0.023057033724998732], [-0.5605098953406767, 0.8184149348239336, -0.12659246297596297], [0.09069004224469993, -0.09128304729888692, -0.9916868061608384]], "T": [0.05670837513425864, 0.08685722447974958, -0.0023455634277975866], "aligned_model": [[0.4759930038144342, -0.2588409370870707, -0.240545857965635, -0.4578931733038222, -0.43959809418238655, 0.2393374611403003, 0.6018967198717332, 0.6201917989931688, -0.5635915432264939, 0.11534419462438181, 0.1519343528672531, 0.13363927374581747], [0.6725498690943379, 0.5132524800476939, 0.6136998816495571, -0.3613340348656802, -0.26088663326381684, -0.5180358479606375, -0.12395953200023527, -0.02351213039837194, 0.2088112361857805, -0.04833785422416864, 0.15255694897955807, 0.05210954737769474], [0.3132012198863625, -0.4495009634055282, 0.3373733934084399, -0.333228754865897, 0.45364560194807113, -0.3294360269636572, -0.38817093412582376, 0.39870342268814435, -0.003491270487072188, -0.786572919508315, 0.7871757941196218, 0.0003014373056535202]], "inverted": false, "swapped": false, "error_lsq": 0.052742471789080696, "error_max": 0.36202920406352135, "target": "120.xyz", "model": "4.xyz", "model_rescale": 4.509807743048502, "target_rescale": 4.156650809978309},
{"mapping": [11, 2, 3, 4, 5, 7, 9, 10, 8, 0, 1, 13], "R": [[-0.5547461950394096, -0.8316410268047703, -0.025097044136807023], [0.8269887731638952, -0.5478289091735654, -0.12638455338599353], [0.09135769343724215, -0.0908663238433732, 0.9916637953666647]], "T": [0.0497495554162469, 0.05088625678264547, -0.0023658960736213735], "aligned_model": [[0.4445169072311702, -0.2608646539328423, -0.280778421404988, -0.4023518549729972, -0.422265622445143, 0.22064027199095024, 0.6339516290065111, 0.6140378615343655, -0.5712909925584718, 0.154004459086521, 0.1141769241422295, 0.13409069161437523], [0.544169249759531, 0.6587410237925347, 0.5584585923444197, -0.22695698512321705, -0.32723941657133193, -0.649008905259945, 0.043345339978599684, -0.05693709146951523, 0.16901449884912406, 0.15472497288861906, -0.04583989000761074, 0.05444254144050413], [-0.32957807533758987, -0.3328280575362737, 0.45402804088829923, -0.4492883522052721, 0.33756774621930086, 0.31282987071422275, -0.3886123517352724, 0.3982437466893005, -0.003028113380022887, -0.7866342498634705, 0.7870779469856751, 0.00022184856110260423]], "inverted": false, "swapped": false, "error_lsq": 0.05296763097102883, "error_max": 0.3590638973514913, "target": "120.xyz", "model": "5.xyz", "model_rescale": 4.509807743048502, "target_rescale": 4.156650809978309},
{"mapping": [12, 3, 2, 5, 4, 6, 10, 9, 8, 1, 0, 13], "R": [[0.5547462552474346, 0.8316409865528122, -0.0250970471253767], [-0.8269887337593139, 0.5478289688456311, -0.126384552571503], [-0.09135768453783516, 0.09086633248347692, 0.9916637953948342]], "T": [0.049749573032227004, 0.05088626743362339, -0.002365894197036176], "aligned_model": [[0.44451699947597234, -0.2608647787433583, -0.28077854927850127, -0.4023519199897562, -0.4222656905248992, 0.22064043394318766, 0.6339513955233492, 0.6140376249882064, -0.571290728335968, 0.15400457461295888, 0.114177033542673, 0.13409080407781593], [0.5441693656323946, 0.6587409717512133, 0.5584585374663135, -0.22695707834468598, -0.32723951262958567, -0.6490088451389275, 0.04334520888922313, -0.05693722539567659, 0.169014651431216, 0.15472505327164227, -0.04583981529815714, 0.05444261898674257], [-0.3295780712636784, -0.33282808257557056, 0.4540280432008302, -0.4492883806752265, 0.3375677451011743, 0.3128298975248311, -0.3886123863955613, 0.3982437393808395, -0.0030280891422533214, -0.7866342641615292, 0.7870779873912721, 0.00022186161487145958]], "inverted": true, "swapped": false, "error_lsq": 0.052967623643696, "error_max": 0.359063835425216, "target": "120.xyz", "model": "6.xyz", "model_rescale": 4.509807586411629, "target_rescale": 4.156650809978309},
{"mapping": [6, 5, 4, 3, 2, 12, 10, 9, 8, 1, 0, 13], "R": [[-0.8231670739140724, -0.5673308926741241, -0.02305703019310249], [-0.5605098447776296, 0.8184149692702476, -0.12659246415856387], [0.09069003435384623, -0.0912830558864081, -0.9916868060919926]], "T": [0.05670838736266508, 0.08685720828755428, -0.0023455615718964806], "aligned_model": [[0.4759931257263641, -0.2588409675673079, -0.24054589061289455, -0.4578932654887958, -0.4395981885343824, 0.23933750934785142, 0.6018965538333864, 0.6201916307877998, -0.5635913563746877, 0.11534427243703564, 0.1519344263458624, 0.133639349391449], [0.6725497576984842, 0.5132525875254037, 0.6136999935544152, -0.3613339452911467, -0.26088653926213534, -0.5180359879199201, -0.12395931764263904, -0.023511911613627617, 0.2088109899379365, -0.04833797148403107, 0.15255684057399185, 0.05210943454498042], [0.31320124605704736, -0.4495009919020313, 0.33737339218742, -0.33322877930023553, 0.4536456047892158, -0.32943602269100924, -0.3881709692845057, 0.39870341480494564, -0.0034912456784832345, -0.7865729337502397, 0.7871758344286635, 0.0003014503392120447]], "inverted": false, "swapped": false, "error_lsq": 0.052742468804381513, "error_max": 0.3620291409778962, "target": "120.xyz", "model": "7.xyz", "model_rescale": 4.509807586411629, "target_rescale": 4.156650809978309},
{"mapping": [11, 2, 3, 4, 5, 7, 9, 10, 8, 0, 1, 13], "R": [[-0.5547462552474351, -0.831640986552812, -0.02509704712537672], [0.8269887337593138, -0.5478289688456317, -0.12638455257150302], [0.09135768453783513, -0.090866332483477, 0.9916637953948344]], "T": [0.049749573032227025, 0.05088626743362342, -0.0023658941970363554], "aligned_model": [[0.4445169994759722, -0.2608647787433586, -0.2807785492785016, -0.40235191998975606, -0.42226569052489904, 0.22064043394318805, 0.6339513955233494, 0.6140376249882066, -0.5712907283359681, 0.15400457461295894, 0.11417703354267303, 0.13409080407781596], [0.5441693656323949, 0.6587409717512133, 0.5584585374663135, -0.22695707834468629, -0.32723951262958606, -0.6490088451389274, 0.04334520888922344, -0.056937225395676284, 0.16901465143121566, 0.15472505327164238, -0.04583981529815707, 0.05444261898674261], [-0.3295780712636784, -0.33282808257557067, 0.4540280432008303, -0.4492883806752266, 0.3375677451011744, 0.3128298975248312, -0.3886123863955613, 0.3982437393808397, -0.0030280891422532564, -0.7866342641615296, 0.7870779873912721, 0.00022186161487158101]], "inverted": false, "swapped": false, "error_lsq": 0.052967623643696, "error_max": 0.359063835425216, "target": "120.xyz", "model": "8.xyz", "model_rescale": 4.509807586411629, "target_rescale": 4.156650809978309},
{"mapping": [9, 2, 3, 6, 7, 5, 11, 12, 8, 0, 1, 13], "R": [[0.5547461399148129, 0.831641063392142, -0.025097050217152306], [-0.8269888092205564, 0.5478288531789891, -0.12638456016681812], [-0.09135770177484273, 0.09086632657140506, 0.9916637943485878]], "T": [0.04974958565555508, 0.05088620857251448, -0.0023659014947553605], "aligned_model": [[0.4445168981416879, -0.2608646927381407, -0.28077846608833057, -0.4023517759373385, -0.42226554928752835, 0.22064035773625923, 0.633951596546344, 0.6140378231961543, -0.571291079534643, 0.15400446910259524, 0.11417692240221557, 0.1340906957524054], [0.5441691434822394, 0.6587409704409357, 0.5584585283073431, -0.226956953467861, -0.32723939560145365, -0.6490089437900695, 0.0433451951314646, -0.05693724700212806, 0.16901443739308475, 0.15472517404297814, -0.045839710224207145, 0.0544427319093855], [-0.3295781048613155, -0.33282808461176033, 0.454028054630876, -0.44928837250789105, 0.33756776673474526, 0.312829885681491, -0.3886123890897165, 0.3982437501529198, -0.0030281264566240315, -0.7866342658002111, 0.7870780126850613, 0.00022187344242503544]], "inverted": false, "swapped": false, "error_lsq": 0.052967628349370854, "error_max": 0.3590639560273481, "target": "120.xyz", "model": "9.xyz", "model_rescale": 4.509807504472865, "target_rescale": 4.156650809978309},
{"mapping": [4, 7, 6, 3, 2, 10, 12, 11, 8, 1, 0, 13], "R": [[0.8231670031024847, 0.5673309954064394, -0.023057030476909185], [0.5605099461903844, -0.8184148986305744, -0.1265924718186647], [-0.09069005030832634, 0.09128305073038354, -0.991686805107554]], "T": [0.05670842122676312, 0.08685725784162844, -0.0023455688010024503], "aligned_model": [[0.47599309981367666, -0.2588408735866804, -0.2405457960746712, -0.45789319083972024, -0.43959811332771104, 0.23933749031563756, 0.6018967432827284, 0.6201918207947376, -0.5635916004876337, 0.11534412895509646, 0.15193428397911488, 0.13363920646710567], [0.6725498713027023, 0.513252422140952, 0.6136998360730593, -0.36133396915707994, -0.2608865552249726, -0.5180357468701356, -0.12395938780624226, -0.023511973874134937, 0.20881132790003074, -0.04833804521959621, 0.15255678264461847, 0.05210936871251115], [0.3132012349794242, -0.4495009840070816, 0.3373734135979798, -0.3332287820932113, 0.4536456155118501, -0.32943605610868887, -0.38817097102794945, 0.39870342657711194, -0.0034912840265066887, -0.7865729354060379, 0.7871758598040854, 0.0003014621990239468]], "inverted": false, "swapped": false, "error_lsq": 0.0527424723452024, "error_max": 0.3620292583719784, "target": "120.xyz", "model": "10.xyz", "model_rescale": 4.509807504472865, "target_rescale": 4.156650809978309},
{"mapping": [5, 6, 7, 2, 3, 9, 11, 12, 8, 0, 1, 13], "R": [[-0.8231670031024847, -0.5673309954064394, -0.023057030476909265], [-0.5605099461903846, 0.8184148986305744, -0.1265924718186643], [0.09069005030832616, -0.09128305073038312, -0.991686805107554]], "T": [0.05670842122676312, 0.08685725784162844, -0.0023455688010025452], "aligned_model": [[0.4759930998136767, -0.2588408735866804, -0.24054579607467114, -0.45789319083972024, -0.439598113327711, 0.23933749031563753, 0.6018967432827284, 0.6201918207947376, -0.5635916004876337, 0.11534412895509641, 0.15193428397911493, 0.13363920646710567], [0.6725498713027023, 0.5132524221409521, 0.6136998360730592, -0.36133396915707994, -0.26088655522497295, -0.5180357468701356, -0.12395938780624201, -0.023511973874135006, 0.20881132790003068, -0.04833804521959585, 0.15255678264461814, 0.052109368712511185], [0.3132012349794245, -0.4495009840070815, 0.33737341359798007, -0.3332287820932115, 0.45364561551185, -0.3294360561086892, -0.38817097102794973, 0.3987034265771119, -0.0034912840265064774, -0.7865729354060378, 0.7871758598040852, 0.00030146219902402486]], "inverted": true, "swapped": false, "error_lsq": 0.0527424723452024, "error_max": 0.3620292583719787, "target": "120.xyz", "model": "11.xyz", "model_rescale": 4.509807504472865, "target_rescale": 4.156650809978309},
{"mapping": [9, 2, 3, 6, 7, 5, 11, 12, 8, 0, 1, 13], "R": [[0.5547462493389463, 0.8316409906151051, -0.02509704311464616], [-0.8269887376292465, 0.547828963557645, -0.12638455017027186], [-0.0913576853841912, 0.09086632718495621, 0.9916637958023675]], "T": [0.049749695100641395, 0.0508862830874835, -0.002365889131840719], "aligned_model": [[0.44451710743780315, -0.26086464186991276, -0.28077840842736423, -0.40235178388465886, -0.42226555044211034, 0.22064036169699972, 0.6339514923234573, 0.6140377257660057, -0.571290949502527, 0.1540043819554474, 0.11417684884054442, 0.1340906153979959], [0.5441693582410678, 0.6587409644358289, 0.5584585360612067, -0.22695704961606028, -0.32723947799068254, -0.6490089234265961, 0.04334522011501284, -0.05693720825960942, 0.169014423517718, 0.1547251242225644, -0.045839732526680096, 0.054442695847942146], [-0.3295780561715426, -0.33282806416527216, 0.45402803050988794, -0.44928835492593194, 0.33756773974922816, 0.3128298705962147, -0.388612368742404, 0.3982437259327561, -0.003028121579578821, -0.7866342284096125, 0.7870779609407074, 0.00022186626554745624]], "inverted": false, "swapped": false, "error_lsq": 0.05296761265228402, "error_max": 0.35906379243147224, "target": "120.xyz", "model": "12.xyz", "model_rescale": 4.509807766519439, "target_rescale": 4.156650809978309},
{"mapping": [4, 7, 6, 3, 2, 10, 12, 11, 8, 1, 0, 13], "R": [[0.8231670711597545, 0.567330896551645, -0.023057033117431], [0.5605098487387183, -0.8184149671892813, -0.12659246007352346], [-0.09069003487247485, 0.09128305044461558, -0.9916868065454711]], "T": [0.056708494819077804, 0.08685714819119184, -0.0023455564152985602], "aligned_model": [[0.47599308919805294, -0.25884085092911235, -0.2405457723849792, -0.4578931366918081, -0.43959805814767494, 0.2393376109940723, 0.6018966390812551, 0.6201917176253883, -0.5635914762782744, 0.11534406706412034, 0.15193422415238675, 0.13363914560825355], [0.6725498561767669, 0.5132525109155724, 0.6136999096916648, -0.3613339883286891, -0.2608865895525968, -0.5180360216843795, -0.12395936532136209, -0.023511966545269825, 0.20881128522841763, -0.04833796542889632, 0.15255683212328836, 0.05210943334719603], [0.3132012193734297, -0.449500965982276, 0.3373733870416616, -0.33322876101766796, 0.45364559200626964, -0.32943600766417946, -0.3881709515191594, 0.3987034015047782, -0.003491278270075166, -0.7865728981815316, 0.7871758078663441, 0.0003014548424063266]], "inverted": false, "swapped": false, "error_lsq": 0.0527424554208872, "error_max": 0.36202909196536476, "target": "120.xyz", "model": "13.xyz", "model_rescale": 4.509807766519439, "target_rescale": 4.156650809978309},
{"mapping": [5, 6, 7, 2, 3, 9, 11, 12, 8, 0, 1, 13], "R": [[-0.8231670711597543, -0.5673308965516455, -0.023057033117430552], [-0.5605098487387188, 0.8184149671892811, -0.12659246007352382], [0.09069003487247473, -0.0912830504446161, -0.9916868065454713]], "T": [0.05670849481907779, 0.08685714819119184, -0.002345556415298673], "aligned_model": [[0.47599308919805244, -0.2588408509291124, -0.2405457723849796, -0.45789313669180776, -0.4395980581476749, 0.23933761099407275, 0.6018966390812555, 0.6201917176253884, -0.5635914762782747, 0.1153440670641207, 0.1519342241523864, 0.13363914560825357], [0.6725498561767672, 0.5132525109155722, 0.6136999096916648, -0.3613339883286895, -0.2608865895525969, -0.5180360216843796, -0.12395936532136198, -0.023511966545269367, 0.20881128522841735, -0.04833796542889654, 0.15255683212328863, 0.05210943334719608], [0.3132012193734299, -0.44950096598227646, 0.3373733870416615, -0.3332287610176682, 0.45364559200626975, -0.32943600766417935, -0.38817095151915937, 0.39870340150477857, -0.003491278270075368, -0.7865728981815316, 0.787175807866344, 0.00030145484240645193]], "inverted": true, "swapped": false, "error_lsq": 0.0527424554208872, "error_max": 0.36202909196536454, "target": "120.xyz", "model": "14.xyz", "model_rescale": 4.509807766519439, "target_rescale": 4.156650809978309},
{"mapping": [10, 1, 5, 8, 6, 2, 3, 9, 7, 3, 4, 11], "R": [[-0.081689564577896, 0.9683649208925096, -0.23578845396651146], [0.6067019518969605, 0.23601115204106535, 0.7590859488072925], [0.7907209094260075, -0.08104391462098232, -0.6067885358997935]], "T": [0.06216941391845744, 0.011534959672431844, 0.07450915087594957], "aligned_model": [[0.4303218276977694, 0.0007288734330971741, -0.23075450475142056, -0.28000460211190886, -0.3374594128781085, 0.3107327448003047, 0.12368560708762828, 0.6173689654104458, -0.524506550590785, 0.12368560708762828, -0.043707367038744116, 0.18777601114577358], [0.6541798630969389, 0.6716387394613745, 0.6679727762308245, -0.34885118197219, -0.39733710734439814, -0.6557144767651923, -0.05354396496192515, 0.052009351293671735, 0.20483340445886905, -0.05354396496192515, 0.06580226442755732, 0.06946822765810742], [0.08171887288675765, -0.3831811510736858, 0.355857494652955, -0.2433666207122071, 0.37197797691565027, -0.20312658868371603, -0.684482044931128, 0.5630743291341695, -0.1093774793317616, -0.684482044931128, 0.837212950900367, 0.09817430517372609]], "inverted": false, "swapped": false, "error_lsq": 0.061045494291693154, "error_max": 0.4726837854555063, "target": "120.xyz", "model": "15.xyz", "model_rescale": 4.510870436145588, "target_rescale": 4.156650809978309},
{"mapping": [9, 0, 4, 8, 7, 3, 2, 10, 6, 2, 5, 11], "R": [[0.08168956457789561, -0.9683649208925097, -0.23578845396651132], [-0.6067019518969609, -0.23601115204106488, 0.7590859488072925], [-0.7907209094260073, 0.0810439146209826, -0.6067885358997938]], "T": [0.06216941391845744, 0.011534959672431837, 0.07450915087594957], "aligned_model": [[0.4303218276977697, 0.0007288734330972851, -0.2307545047514203, -0.2800046021119091, -0.3374594128781086, 0.31073274480030444, 0.12368560708762813, 0.6173689654104461, -0.5245065505907849, 0.12368560708762813, -0.04370736703874395, 0.18777601114577358], [0.6541798630969385, 0.6716387394613745, 0.6679727762308246, -0.3488511819721899, -0.3973371073443979, -0.6557144767651927, -0.053543964961925546, 0.05200935129367156, 0.20483340445886916, -0.053543964961925546, 0.06580226442755766, 0.06946822765810745], [0.0817188728867574, -0.383181151073686, 0.3558574946529549, -0.24336662071220694, 0.3719779769156505, -0.2031265886837158, -0.6844820449311279, 0.5630743291341694, -0.10937747933176149, -0.6844820449311279, 0.837212950900367, 0.098174305173726]], "inverted": true, "swapped": false, "error_lsq": 0.06104549429169315, "error_max": 0.4726837854555064, "target": "120.xyz", "model": "16.xyz", "model_rescale": 4.510870436145588, "target_rescale": 4.156650809978309},
{"mapping": [10, 1, 5, 8, 6, 2, 3, 9, 7, 3, 4, 11], "R": [[-0.08168956457789633, 0.9683649208925094, -0.23578845396651124], [0.6067019518969605, 0.2360111520410653, 0.7590859488072923], [0.7907209094260073, -0.08104391462098193, -0.6067885358997935]], "T": [0.06216941391845743, 0.01153495967243183, 0.07450915087594961], "aligned_model": [[0.4303218276977693, 0.0007288734330972713, -0.23075450475142067, -0.2800046021119087, -0.3374594128781085, 0.3107327448003048, 0.12368560708762855, 0.6173689654104456, -0.5245065505907848, 0.12368560708762855, -0.04370736703874441, 0.18777601114577344], [0.6541798630969388, 0.6716387394613742, 0.6679727762308244, -0.3488511819721898, -0.39733710734439803, -0.6557144767651922, -0.05354396496192522, 0.05200935129367178, 0.204833404458869, -0.05354396496192522, 0.06580226442755747, 0.06946822765810763], [0.08171887288675778, -0.38318115107368567, 0.35585749465295485, -0.24336662071220727, 0.37197797691565015, -0.20312658868371586, -0.6844820449311277, 0.5630743291341698, -0.10937747933176178, -0.6844820449311277, 0.8372129509003667, 0.098174305173726]], "inverted": false, "swapped": false, "error_lsq": 0.06104549429169314, "error_max": 0.472683785455506, "target": "120.xyz", "model": "17.xyz", "model_rescale": 4.510870436145588, "target_rescale": 4.156650809978309},
{"mapping": [9, 11, 3, 2, 6, 8, 10, 7, 4, 1, 5, 12], "R": [[-0.070203534094287, 0.906458609522362, 0.4164183629758158], [-0.5927847560306788, -0.373654858719567, 0.7134341452249878], [0.8022952678523791, -0.19676085936498275, 0.5635667373112367]], "T": [-0.021497716548971514, 0.045122137642735205, -0.10317969588809854], "aligned_model": [[0.7606769273462695, -0.3203197302261888, -0.2933160772047339, -0.2086290059723855, -0.3452842281485807, 0.27798106035774056, 0.42702050398358443, 0.6116374837204256, -0.6269725005674188, -0.018326846601435763, -0.011627804785895708, 0.12502741739029952], [0.3544384010040704, 0.6231867980611109, 0.6766218920249419, -0.4370034645217286, -0.40352937934134286, -0.4851576655332349, -0.21720278095410483, 0.08648351642494029, 0.10498071006676671, 0.27134638333701394, 0.1681118026168324, 0.13463771743644676], [-0.006383687517320477, -0.25872980358623987, 0.3645490240517879, -0.420888132921491, 0.34858709113376013, -0.008606992949997325, -0.4579431733999488, 0.4429524929326309, -0.08701046183084034, -0.7473442858898671, 0.8001465770163884, 0.030671352961137335]], "inverted": true, "swapped": false, "error_lsq": 0.05432913020183433, "error_max": 0.3576342813508369, "target": "120.xyz", "model": "18.xyz", "model_rescale": 4.466005644533647, "target_rescale": 4.156650809978309},
{"mapping": [10, 0, 1, 4, 5, 7, 8, 9, 12, 2, 3, 13], "R": [[-0.5547462747452487, -0.8316409736243029, -0.02509704455689168], [0.8269887210011373, -0.5478289887099135, -0.12638454994965465], [0.09135768163199053, -0.09086633104893815, 0.9916637957939841]], "T": [0.049749634535277934, 0.050886242873483485, -0.0023658957583080095], "aligned_model": [[0.444517038548203, -0.26086472278785017, -0.28077849073226496, -0.40235183921763423, -0.42226560716204903, 0.22064032263675448, 0.6339514411471777, 0.6140376732027629, -0.5712908367825011, 0.15400450809077543, 0.11417697220194584, 0.13409074014636063], [0.5441693356106516, 0.6587409219401513, 0.5584584925189704, -0.2269571072797188, -0.3272395367008997, -0.6490089667059522, 0.04334519703443139, -0.056937232386749546, 0.16901448750109774, 0.15472520911775764, -0.04583964972460421, 0.05444277969657671], [-0.3295780651796189, -0.3328280770609313, 0.4540280271928334, -0.44928836911691605, 0.3375677351368487, 0.3128298694037818, -0.3886123769731357, 0.398243727280629, -0.0030281114704039476, -0.7866342239914607, 0.7870779845160688, 0.00022188026230420509]], "inverted": false, "swapped": false, "error_lsq": 0.052967619087630806, "error_max": 0.35906382674462617, "target": "120.xyz", "model": "19.xyz", "model_rescale": 4.509807711582247, "target_rescale": 4.156650809978309},
{"mapping": [6, 5, 4, 1, 0, 11, 9, 8, 12, 3, 2, 13], "R": [[-0.8231670877087737, -0.5673308726015394, -0.023057031600627127], [-0.5605098250338576, 0.8184149833702471, -0.12659246042159353], [0.09069003116975301, -0.09128305422286369, -0.991686806536305]], "T": [0.05670845360066294, 0.08685720812474876, -0.0023455630739807427], "aligned_model": [[0.4759930682497508, -0.25884088143900735, -0.24054580387554808, -0.4578931953176127, -0.43959811775415336, 0.23933755634704718, 0.6018966004598172, 0.6201916780232766, -0.5635913957494559, 0.11534415255239598, 0.1519343076793146, 0.13363923011585527], [0.6725499115390898, 0.5132525846397182, 0.6136999849156155, -0.361333919430336, -0.2608865191544387, -0.518035974691127, -0.12395932398737317, -0.023511923711475854, 0.20881118296524742, -0.04833809109696666, 0.15255670945482788, 0.05210930917893063], [0.3132012181390757, -0.44950098016021595, 0.3373733824419281, -0.3332287739222843, 0.45364558867985977, -0.32943601674357387, -0.38817095983304617, 0.3987034027690979, -0.0034912680459871525, -0.7865728937104287, 0.787175831493859, 0.00030146889171520997]], "inverted": false, "swapped": false, "error_lsq": 0.052742462492015536, "error_max": 0.36202912910082036, "target": "120.xyz", "model": "20.xyz", "model_rescale": 4.509807711582248, "target_rescale": 4.156650809978309},
{"mapping": [10, 11, 4, 2, 5, 7, 9, 8, 3, 0, 6, 12], "R": [[0.07020353409428695, -0.9064586095223621, 0.4164183629758157], [0.5927847560306789, 0.37365485871956683, 0.713434145224988], [-0.8022952678523793, 0.19676085936498267, 0.5635667373112369]], "T": [-0.021497716548971556, 0.04512213764273516, -0.1031796958880986], "aligned_model": [[0.7606769273462695, -0.320319730226189, -0.2933160772047342, -0.20862900597238546, -0.3452842281485806, 0.2779810603577409, 0.42702050398358476, 0.6116374837204257, -0.626972500567419, -0.01832684660143572, -0.011627804785895833, 0.12502741739029952], [0.3544384010040706, 0.6231867980611111, 0.676621892024942, -0.43700346452172883, -0.4035293793413431, -0.48515766553323497, -0.21720278095410472, 0.08648351642494036, 0.1049807100667667, 0.2713463833370142, 0.16811180261683228, 0.1346377174364468], [-0.006383687517320477, -0.25872980358624, 0.3645490240517879, -0.42088813292149113, 0.34858709113376024, -0.008606992949997172, -0.4579431733999487, 0.44295249293263106, -0.08701046183084035, -0.7473442858898675, 0.8001465770163885, 0.03067135296113739]], "inverted": false, "swapped": false, "error_lsq": 0.05432913020183434, "error_max": 0.35763428135083675, "target": "120.xyz", "model": "21.xyz", "model_rescale": 4.466005644533646, "target_rescale": 4.156650809978309},
{"mapping": [9, 3, 11, 6, 2, 8, 7, 10, 4, 5, 1, 12], "R": [[0.07020364760660741, -0.9064585981984877, -0.41641836848866365], [0.5927847123349416, 0.37365493653144494, -0.7134341407780138], [0.8022952902047402, -0.19676076376583573, 0.5635667388673476]], "T": [-0.021497710238270497, 0.04512213647755326, 0.10317969992305341], "aligned_model": [[0.7606768535047924, -0.29331596404901183, -0.32031997381949173, -0.3452841955426872, -0.20862911179010737, 0.2779811224426162, 0.6116375529065883, 0.42702042304082033, -0.6269723945129839, -0.011627765078715081, -0.01832666648400471, 0.12502731867386477], [0.35443838977603437, 0.6766218970020272, 0.6231869421480014, -0.4035293798963594, -0.437003428818444, -0.48515773086760805, 0.08648345212598835, -0.21720279321756208, 0.10498071400843084, 0.168111803097237, 0.27134631108881413, 0.13463775417515253], [0.006383616488985236, -0.36454894822205375, 0.2587297960727782, -0.3485870624172732, 0.4208881104522849, 0.008606967197189036, -0.4429525235648515, 0.45794310725102577, 0.08701054253998677, -0.8001465531793137, 0.7473443276909976, -0.030671380309755705]], "inverted": false, "swapped": false, "error_lsq": 0.054329124724388285, "error_max": 0.3576342452262761, "target": "120.xyz", "model": "22.xyz", "model_rescale": 4.46600560860683, "target_rescale": 4.156650809978309},
{"mapping": [10, 0, 1, 4, 5, 7, 8, 9, 12, 2, 3, 13], "R": [[-0.5547462147275914, -0.8316410136441291, -0.025097045052648023], [0.8269887602744971, -0.5478289286918465, -0.1263845531225786], [0.09135769056329837, -0.09086632661943125, 0.991663795377058]], "T": [0.0497496330762706, 0.050886241394420634, -0.0023658960465992125], "aligned_model": [[0.4445169806487147, -0.2608645939222694, -0.28077836242435167, -0.40235177595843347, -0.42226554446051573, 0.22064036738384996, 0.6339515328391572, 0.6140377643370749, -0.571291111521526, 0.1540044159587422, 0.11417687895457777, 0.13409064745666], [0.5441692508304985, 0.6587410101164413, 0.5584585773502542, -0.22695701569380086, -0.327239448459988, -0.6490089270411313, 0.0433452163257035, -0.05693721644048355, 0.16901434926675457, 0.15472514422200834, -0.04583972131036576, 0.05444271145582128], [-0.32957807917548493, -0.3328280642747885, 0.4540280461401446, -0.44928836051016646, 0.3375677499047667, 0.31282987680790375, -0.38861237545210187, 0.3982437349628313, -0.0030281360367064324, -0.7866342412037325, 0.7870779796261337, 0.00022186921120066457]], "inverted": false, "swapped": false, "error_lsq": 0.052967619234631065, "error_max": 0.3590638793962987, "target": "120.xyz", "model": "23.xyz", "model_rescale": 4.509807674373902, "target_rescale": 4.156650809978309},
{"mapping": [6, 5, 4, 1, 0, 11, 9, 8, 12, 3, 2, 13], "R": [[-0.8231670495105315, -0.5673309279856247, -0.023057032573523914], [-0.5605098797395156, 0.8184149454477421, -0.12659246337031166], [0.09069003977571248, -0.0912830500078735, -0.9916868061372704]], "T": [0.05670845286847333, 0.08685720991509377, -0.0023455633521637727], "aligned_model": [[0.47599309785378874, -0.25884085452018685, -0.24054577603381827, -0.45789311067814326, -0.4395980321917746, 0.23933753141428393, 0.6018966775094263, 0.620191755995795, -0.5635915984332645, 0.11534409097215603, 0.1519342479448932, 0.1336391694585246], [0.6725498558044505, 0.5132524775536305, 0.6136998809979941, -0.3613340468263567, -0.26088664338199297, -0.5180358754544794, -0.12395937890583669, -0.023511975461472892, 0.20881141665088665, -0.048337996896067326, 0.15255680999266016, 0.05210940654829643], [0.31320122577367043, -0.44950097162175273, 0.33737339715590686, -0.3332287612906128, 0.4536456074870468, -0.3294360307113559, -0.3881709580445698, 0.3987034107330898, -0.0034912929855538746, -0.786572910942949, 0.7871758266123695, 0.00030145783471029804]], "inverted": false, "swapped": false, "error_lsq": 0.05274246149020493, "error_max": 0.3620291816211087, "target": "120.xyz", "model": "24.xyz", "model_rescale": 4.509807674373903, "target_rescale": 4.156650809978309},
{"mapping": [10, 11, 4, 2, 5, 7, 9, 8, 3, 0, 6, 12], "R": [[0.07020364760660691, -0.9064585981984875, 0.4164183684886631], [0.5927847123349413, 0.3736549365314443, 0.713434140778014], [-0.80229529020474, 0.1967607637658358, 0.5635667388673473]], "T": [-0.021497710238270504, 0.04512213647755317, -0.10317969992305348], "aligned_model": [[0.7606768535047921, -0.32031997381949195, -0.29331596404901217, -0.208629111790107, -0.3452841955426867, 0.2779811224426165, 0.42702042304082055, 0.6116375529065881, -0.6269723945129837, -0.01832666648400484, -0.011627765078715116, 0.12502731867386468], [0.3544383897760347, 0.6231869421480012, 0.6766218970020269, -0.4370034288184441, -0.4035293798963594, -0.48515773086760783, -0.21720279321756178, 0.08648345212598865, 0.10498071400843051, 0.271346311088814, 0.16811180309723703, 0.1346377541751526], [-0.006383616488985583, -0.25872979607277813, 0.3645489482220535, -0.42088811045228475, 0.3485870624172732, -0.00860696719718905, -0.4579431072510257, 0.4429525235648511, -0.08701054253998662, -0.7473443276909972, 0.8001465531793135, 0.030671380309755608]], "inverted": false, "swapped": false, "error_lsq": 0.05432912472438828, "error_max": 0.3576342452262756, "target": "120.xyz", "model": "25.xyz", "model_rescale": 4.466005608606829, "target_rescale": 4.156650809978309},
{"mapping": [9, 3, 11, 6, 2, 8, 7, 10, 4, 5, 1, 12], "R": [[0.0702034808499209, -0.9064586157820151, -0.41641835832622454], [0.5927847711898298, 0.3736548219055259, -0.7134341519104417], [0.8022952613109317, -0.19676090043833133, 0.5635667322835168]], "T": [-0.021497713292124798, 0.04512217167899843, 0.10317973470478412], "aligned_model": [[0.7606768810897131, -0.2933160596310737, -0.32031974943696223, -0.34528418446056436, -0.20862899686802155, 0.27798106618580404, 0.611637471360647, 0.4270204759148703, -0.6269724648059165, -0.011627779285721535, -0.01832686907791513, 0.12502740830682135], [0.3544383828644232, 0.6766219476241364, 0.6231867319855873, -0.4035294113401853, -0.43700347795048733, -0.4851576652110591, 0.08648349732605778, -0.21720277967269372, 0.1049807850870195, 0.16811175119693164, 0.27134648412535234, 0.1346376845866296], [0.006383666269847987, -0.36454889557872017, 0.258729725184456, -0.3485871281258779, 0.4208880684111216, 0.00860696597543252, -0.4429524963058665, 0.45794312855114705, 0.08701056670257891, -0.8001465904071768, 0.7473443831932345, -0.030671393870177532]], "inverted": false, "swapped": false, "error_lsq": 0.054329132713822496, "error_max": 0.3576342680659734, "target": "120.xyz", "model": "26.xyz", "model_rescale": 4.466005838112752, "target_rescale": 4.156650809978309},
{"mapping": [10, 0, 1, 4, 5, 7, 8, 9, 12, 2, 3, 13], "R": [[-0.5547463220123376, -0.8316409420063289, -0.025097047487893685], [0.8269886900886487, -0.5478290354898423, -0.12638454945020047], [0.09135767444087463, -0.09086633839379094, 0.9916637957834602]], "T": [0.04974961456637986, 0.05088627534782361, -0.0023658920598019447], "aligned_model": [[0.4445170398581493, -0.26086482248891596, -0.2807785919576343, -0.402351882414395, -0.4222656518831134, 0.2206403933348405, 0.6339514634963739, 0.6140376940276555, -0.5712907768685923, 0.15400454753115572, 0.11417700859371899, 0.13409077806243735], [0.5441692780406844, 0.6587410035992893, 0.5584585786099283, -0.22695699813152795, -0.32723942312088894, -0.6490089875720358, 0.04334517012086567, -0.05693725486849528, 0.16901438872950353, 0.15472515006082393, -0.04583969991789795, 0.054442725071462986], [-0.32957805540414503, -0.332828054240112, 0.45402801834101364, -0.44928834133602485, 0.3375677312451008, 0.3128298533603128, -0.38861236194661947, 0.3982437106345062, -0.003028124372194506, -0.786634198008405, 0.7870779471538464, 0.00022187457272082427]], "inverted": false, "swapped": false, "error_lsq": 0.052967625691264, "error_max": 0.35906383307792916, "target": "120.xyz", "model": "27.xyz", "model_rescale": 4.509807893063789, "target_rescale": 4.156650809978309},
{"mapping": [6, 5, 4, 1, 0, 11, 9, 8, 12, 3, 2, 13], "R": [[-0.8231671219914254, -0.5673308229680509, -0.023057028922825823], [-0.5605097758712834, 0.8184150169376971, -0.12659246108513994], [0.09069002384539085, -0.09128306174347535, -0.9916868065138607]], "T": [0.05670842300851131, 0.0868571853503909, -0.002345559396648375], "aligned_model": [[0.4759931436476765, -0.25884096062397477, -0.24054588592149384, -0.4578933197252366, -0.43959824502275574, 0.23933757704755693, 0.6018966306216937, 0.6201917053241746, -0.563591302847935, 0.11534421089484402, 0.15193436029980578, 0.1336392855973249], [0.672549903040215, 0.513252500419793, 0.6136998971800384, -0.36133395637379606, -0.2608865596135507, -0.5180359225175621, -0.12395930936398315, -0.02351191260373771, 0.20881125433067318, -0.048338051385704614, 0.15255674213478618, 0.0521093453745408], [0.3132012021781416, -0.4495009525577517, 0.33737337836156, -0.3332287512530591, 0.4536455796662526, -0.3294360068366404, -0.38817094463868457, 0.3987033862806271, -0.0034912810138007615, -0.7865728676481931, 0.7871757941904296, 0.00030146327111832405]], "inverted": false, "swapped": false, "error_lsq": 0.05274247066285123, "error_max": 0.3620291331069954, "target": "120.xyz", "model": "28.xyz", "model_rescale": 4.5098078930637895, "target_rescale": 4.156650809978309},
{"mapping": [10, 11, 4, 2, 5, 7, 9, 8, 3, 0, 6, 12], "R": [[0.07020348084992048, -0.9064586157820153, 0.41641835832622454], [0.5927847711898296, 0.3736548219055257, 0.713434151910442], [-0.8022952613109321, 0.1967609004383314, 0.5635667322835165]], "T": [-0.021497713292124854, 0.045122171678998325, -0.10317973470478421], "aligned_model": [[0.7606768810897131, -0.3203197494369625, -0.29331605963107393, -0.2086289968680215, -0.34528418446056414, 0.27798106618580426, 0.4270204759148703, 0.611637471360647, -0.6269724648059167, -0.018326869077915392, -0.011627779285721396, 0.12502740830682135], [0.3544383828644233, 0.623186731985587, 0.6766219476241363, -0.43700347795048755, -0.4035294113401853, -0.48515766521105896, -0.2172027796726936, 0.0864834973260579, 0.10498078508701933, 0.2713464841253523, 0.16811175119693164, 0.13463768458662964], [-0.006383666269848445, -0.2587297251844564, 0.36454889557871983, -0.4208880684111214, 0.3485871281258784, -0.008606965975432299, -0.45794312855114705, 0.44295249630586636, -0.0870105667025788, -0.7473443831932347, 0.800146590407177, 0.030671393870177407]], "inverted": false, "swapped": false, "error_lsq": 0.05432913271382248, "error_max": 0.3576342680659733, "target": "120.xyz", "model": "29.xyz", "model_rescale": 4.466005838112752, "target_rescale": 4.156650809978309},
