[{"mapping": [9, 6, 0, 5, 8, 3, 10, 2, 4, 7, 2, 11], "R": [[0.08168959449147978, -0.9683649163046254, 0.23578846244495094], [-0.6067019792363022, -0.23601117387935094, -0.7590859201663833], [0.7907208853587793, -0.08104390584385257, -0.6067885684346744]], "T": [0.06216952800549118, 0.011534927225437135, -0.07450905094313978], "aligned_model": [[0.4303219930492238, -0.23075471949967735, 0.000728849449148819, -0.33745937709275636, -0.28000457926318045, 0.3107327622476612, 0.6173691220464869, 0.1236856332503981, -0.5245065060900195, -0.04370759050241427, 0.1236856332503981, 0.18777597844641186], [0.6541798807249711, 0.6679726813164434, 0.6716388094920759, -0.39733706413289155, -0.3488510296982331, -0.6557145514937509, 0.052009441352787726, -0.05354411212156757, 0.2048333752392918, 0.06580224194426004, -0.05354411212156757, 0.06946837011989271], [-0.0817188337751838, -0.3558574563399325, 0.3831809669893279, -0.37197795702838066, 0.24336641527184114, 0.20312671501216625, -0.5630742760948576, 0.6844821573318401, 0.10937748529129313, -0.8372128986596064, 0.6844821573318401, -0.09817447533034585]], "inverted": false, "swapped": false, "error_lsq": 0.061045507597561936, "error_max": 0.47268382377965784, "target": "121.xyz", "model": "0.xyz", "model_rescale": 4.5108708085295355, "target_rescale": 4.15665080997831},
{"mapping": [9, 6, 0, 5, 8, 3, 10, 2, 4, 7, 2, 11], "R": [[0.08168959449148, -0.9683649163046252, 0.23578846244495083], [-0.6067019792363018, -0.236011173879351, -0.7590859201663833], [0.7907208853587793, -0.08104390584385218, -0.6067885684346739]], "T": [0.06216952800549115, 0.011534927225437107, -0.07450905094313975], "aligned_model": [[0.43032199304922353, -0.2307547194996774, 0.000728849449148819, -0.3374593770927563, -0.28000457926318023, 0.3107327622476611, 0.6173691220464864, 0.12368563325039819, -0.5245065060900193, -0.04370759050241449, 0.12368563325039819, 0.18777597844641175], [0.6541798807249709, 0.6679726813164429, 0.6716388094920759, -0.3973370641328914, -0.3488510296982329, -0.6557145514937504, 0.052009441352787754, -0.053544112121567324, 0.2048333752392917, 0.0658022419442599, -0.053544112121567324, 0.06946837011989272], [-0.08171883377518421, -0.3558574563399327, 0.3831809669893274, -0.37197795702838005, 0.24336641527184139, 0.20312671501216673, -0.5630742760948574, 0.6844821573318398, 0.10937748529129307, -0.8372128986596058, 0.6844821573318398, -0.09817447533034579]], "inverted": false, "swapped": false, "error_lsq": 0.061045507597561936, "error_max": 0.4726838237796576, "target": "121.xyz", "model": "1.xyz", "model_rescale": 4.510870808529536, "target_rescale": 4.15665080997831},
{"mapping": [10, 7, 1, 4, 8, 2, 9, 3, 5, 6, 3, 11], "R": [[-0.08168959449148039, 0.9683649163046251, 0.23578846244495133], [0.6067019792363018, 0.23601117387935167, -0.7590859201663833], [-0.7907208853587793, 0.08104390584385227, -0.6067885684346742]], "T": [0.062169528005491234, 0.01153492722543703, -0.07450905094313985], "aligned_model": [[0.43032199304922325, -0.23075471949967785, 0.0007288494491485137, -0.33745937709275603, -0.28000457926318006, 0.3107327622476617, 0.6173691220464866, 0.12368563325039829, -0.5245065060900195, -0.043707590502414434, 0.12368563325039829, 0.1877759784464118], [0.6541798807249712, 0.667972681316443, 0.6716388094920759, -0.3973370641328919, -0.3488510296982331, -0.6557145514937506, 0.052009441352787955, -0.05354411212156718, 0.20483337523929146, 0.06580224194425977, -0.05354411212156718, 0.06946837011989289], [-0.081718833775184, -0.3558574563399325, 0.3831809669893276, -0.37197795702838043, 0.24336641527184133, 0.2031267150121664, -0.5630742760948576, 0.68448215733184, 0.10937748529129322, -0.8372128986596061, 0.68448215733184, -0.09817447533034578]], "inverted": true, "swapped": false, "error_lsq": 0.061045507597561936, "error_max": 0.4726838237796576, "target": "121.xyz", "model": "2.xyz", "model_rescale": 4.5108708085295355, "target_rescale": 4.15665080997831},
{"mapping": [11, 2, 3, 4, 5, 7, 9, 10, 8, 0, 1, 13], "R": [[-0.5547461950394091, -0.8316410268047705, -0.025097044136807013], [0.8269887731638954, -0.547828909173565, -0.12638455338599341], [0.09135769343724212, -0.09086632384337306, 0.9916637953666646]], "T": [0.04974955541624689, 0.05088625678264547, -0.0023658960736211007], "aligned_model": [[0.4445169072311703, -0.260864653932842, -0.2807784214049877, -0.40235185497299736, -0.42226562244514304, 0.22064027199094993, 0.633951629006511, 0.6140378615343653, -0.5712909925584718, 0.15400445908652097, 0.11417692414222952, 0.13409069161437523], [0.5441692497595305, 0.6587410237925349, 0.5584585923444201, -0.22695698512321683, -0.32723941657133165, -0.649008905259945, 0.043345339978599344, -0.05693709146951549, 0.16901449884912437, 0.15472497288861894, -0.045839890007610684, 0.05444254144050412], [-0.32957807533758965, -0.3328280575362734, 0.45402804088829946, -0.4492883522052717, 0.3375677462193012, 0.312829870714223, -0.3886123517352722, 0.3982437466893007, -0.0030281133800228585, -0.7866342498634702, 0.7870779469856752, 0.00022184856110257604]], "inverted": false, "swapped": false, "error_lsq": 0.05296763097102883, "error_max": 0.3590638973514915, "target": "121.xyz", "model": "3.xyz", "model_rescale": 4.509807743048502, "target_rescale": 4.15665080997831},
{"mapping": [6, 5, 4, 3, 2, 12, 10, 9, 8, 1, 0, 13], "R": [[-0.8231670386153948, -0.5673309437470917, -0.023057033724998257], [-0.5605098953406764, 0.8184149348239337, -0.12659246297596274], [0.09069004224469937, -0.09128304729888703, -0.9916868061608383]], "T": [0.05670837513425865, 0.08685722447974958, -0.002345563427797377], "aligned_model": [[0.47599300381443405, -0.2588409370870703, -0.24054585796563505, -0.4578931733038222, -0.4395980941823869, 0.2393374611403003, 0.6018967198717332, 0.6201917989931686, -0.5635915432264936, 0.11534419462438218, 0.1519343528672527, 0.13363927374581747], [0.6725498690943374, 0.5132524800476941, 0.6136998816495571, -0.3613340348656799, -0.2608866332638167, -0.5180358479606373, -0.12395953200023538, -0.023512130398372216, 0.20881123618578074, -0.0483378542241685, 0.1525569489795579, 0.052109547377694715], [0.3132012198863629, -0.44950096340552803, 0.33737339340843997, -0.33322875486589715, 0.45364560194807085, -0.329436026963657, -0.38817093412582326, 0.39870342268814474, -0.003491270487072284, -0.7865729195083146, 0.7871757941196219, 0.0003014373056537626]], "inverted": false, "swapped": false, "error_lsq": 0.05274247178908068, "error_max": 0.36202920406352157, "target": "121.xyz", "model": "4.xyz", "model_rescale": 4.509807743048502, "target_rescale": 4.15665080997831},
{"mapping": [12, 3, 2, 5, 4, 6, 10, 9, 8, 1, 0, 13], "R": [[0.5547461950394086, 0.8316410268047708, -0.025097044136807058], [-0.8269887731638957, 0.5478289091735644, -0.12638455338599347], [-0.09135769343724218, 0.09086632384337309, 0.9916637953666647]], "T": [0.04974955541624687, 0.050886256782645425, -0.0023658960736209307], "aligned_model": [[0.44451690723117065, -0.26086465393284153, -0.2807784214049873, -0.4023518549729975, -0.4222656224451433, 0.22064027199094943, 0.6339516290065108, 0.6140378615343651, -0.5712909925584717, 0.15400445908652097, 0.11417692414222944, 0.1340906916143752], [0.5441692497595304, 0.6587410237925351, 0.5584585923444202, -0.22695698512321655, -0.32723941657133143, -0.6490089052599451, 0.04334533997859898, -0.05693709146951588, 0.16901449884912478, 0.15472497288861886, -0.04583989000761084, 0.054442541440504054], [-0.3295780753375897, -0.3328280575362734, 0.4540280408882995, -0.44928835220527175, 0.3375677462193012, 0.31282987071422297, -0.38861235173527225, 0.3982437466893007, -0.0030281133800229747, -0.7866342498634701, 0.7870779469856756, 0.000221848561102452]], "inverted": true, "swapped": false, "error_lsq": 0.05296763097102882, "error_max": 0.3590638973514915, "target": "121.xyz", "model": "5.xyz", "model_rescale": 4.509807743048502, "target_rescale": 4.15665080997831},
{"mapping": [11, 2, 3, 4, 5, 7, 9, 10, 8, 0, 1, 13], "R": [[-0.5547462552474349, -0.8316409865528119, -0.025097047125376675], [0.8269887337593137, -0.5478289688456315, -0.12638455257150302], [0.09135768453783516, -0.09086633248347696, 0.9916637953948342]], "T": [0.04974957303222703, 0.05088626743362343, -0.002365894197036093], "aligned_model": [[0.4445169994759721, -0.26086477874335856, -0.28077854927850143, -0.40235191998975606, -0.42226569052489893, 0.22064043394318794, 0.6339513955233492, 0.6140376249882064, -0.571290728335968, 0.15400457461295888, 0.11417703354267306, 0.13409080407781598], [0.5441693656323948, 0.6587409717512133, 0.5584585374663135, -0.22695707834468618, -0.32723951262958595, -0.6490088451389273, 0.043345208889223344, -0.05693722539567639, 0.16901465143121577, 0.15472505327164235, -0.04583981529815709, 0.05444261898674264], [-0.32957807126367805, -0.33282808257557034, 0.4540280432008305, -0.4492883806752262, 0.3375677451011746, 0.31282989752483137, -0.388612386395561, 0.3982437393808398, -0.0030280891422532524, -0.7866342641615292, 0.7870779873912721, 0.00022186161487154502]], "inverted": false, "swapped": false, "error_lsq": 0.05296762364369598, "error_max": 0.3590638354252161, "target": "121.xyz", "model": "6.xyz", "model_rescale": 4.509807586411629, "target_rescale": 4.15665080997831},
{"mapping": [6, 5, 4, 3, 2, 12, 10, 9, 8, 1, 0, 13], "R": [[-0.8231670739140721, -0.5673308926741245, -0.023057030193102335], [-0.5605098447776298, 0.8184149692702473, -0.12659246415856418], [0.09069003435384634, -0.09128305588640842, -0.9916868060919924]], "T": [0.05670838736266508, 0.08685720828755429, -0.00234556157189629], "aligned_model": [[0.4759931257263637, -0.2588409675673081, -0.24054589061289489, -0.45789326548879544, -0.4395981885343822, 0.2393375093478518, 0.6018965538333865, 0.6201916307877997, -0.5635913563746877, 0.11534427243703577, 0.15193442634586224, 0.133639349391449], [0.6725497576984845, 0.5132525875254034, 0.6136999935544151, -0.361333945291147, -0.2608865392621353, -0.51803598791992, -0.12395931764263889, -0.023511911613627243, 0.2088109899379363, -0.048337971484031225, 0.15255684057399216, 0.052109434544980474], [0.3132012460570473, -0.44950099190203124, 0.33737339218741996, -0.3332287793002352, 0.453645604789216, -0.3294360226910088, -0.38817096928450534, 0.39870341480494587, -0.003491245678483127, -0.7865729337502393, 0.7871758344286637, 0.00030145033921225375]], "inverted": false, "swapped": false, "error_lsq": 0.05274246880438149, "error_max": 0.36202914097789607, "target": "121.xyz", "model": "7.xyz", "model_rescale": 4.509807586411629, "target_rescale": 4.15665080997831},
{"mapping": [11, 2, 3, 4, 5, 7, 9, 10, 8, 0, 1, 13], "R": [[-0.5547462552474349, -0.8316409865528119, -0.025097047125376675], [0.8269887337593137, -0.5478289688456315, -0.12638455257150302], [0.09135768453783516, -0.09086633248347696, 0.9916637953948342]], "T": [0.04974957303222703, 0.05088626743362344, -0.0023658941970361633], "aligned_model": [[0.4445169994759721, -0.26086477874335856, -0.28077854927850143, -0.40235191998975606, -0.42226569052489893, 0.22064043394318794, 0.6339513955233492, 0.6140376249882064, -0.571290728335968, 0.15400457461295888, 0.11417703354267306, 0.13409080407781596], [0.5441693656323948, 0.6587409717512133, 0.5584585374663135, -0.22695707834468615, -0.3272395126295859, -0.6490088451389273, 0.04334520888922335, -0.056937225395676375, 0.16901465143121575, 0.15472505327164238, -0.045839815298157074, 0.054442618986742616], [-0.32957807126367805, -0.3328280825755703, 0.45402804320083046, -0.4492883806752262, 0.33756774510117454, 0.3128298975248313, -0.388612386395561, 0.39824373938083973, -0.00302808914225303, -0.7866342641615292, 0.7870779873912721, 0.00022186161487176793]], "inverted": false, "swapped": false, "error_lsq": 0.05296762364369598, "error_max": 0.3590638354252161, "target": "121.xyz", "model": "8.xyz", "model_rescale": 4.509807586411629, "target_rescale": 4.15665080997831},
{"mapping": [9, 2, 3, 6, 7, 5, 11, 12, 8, 0, 1, 13], "R": [[0.5547461399148126, 0.831641063392142, -0.025097050217152292], [-0.8269888092205564, 0.5478288531789888, -0.12638456016681798], [-0.09135770177484265, 0.09086632657140495, 0.9916637943485875]], "T": [0.04974958565555508, 0.050886208572514496, -0.0023659014947551653], "aligned_model": [[0.4445168981416879, -0.2608646927381405, -0.28077846608833035, -0.4023517759373385, -0.42226554928752835, 0.22064035773625906, 0.6339515965463439, 0.6140378231961542, -0.5712910795346428, 0.1540044691025952, 0.11417692240221557, 0.1340906957524054], [0.5441691434822392, 0.6587409704409357, 0.5584585283073431, -0.2269569534678608, -0.3272393956014533, -0.6490089437900695, 0.04334519513146442, -0.05693724700212813, 0.16901443739308492, 0.15472517404297803, -0.04583971022420705, 0.054442731909385485], [-0.32957810486131534, -0.33282808461176017, 0.45402805463087603, -0.4492883725078907, 0.3375677667347455, 0.31282988568149117, -0.38861238908971635, 0.39824375015291985, -0.0030281264566238224, -0.7866342658002108, 0.7870780126850614, 0.00022187344242522626]], "inverted": false, "swapped": false, "error_lsq": 0.05296762834937085, "error_max": 0.35906395602734836, "target": "121.xyz", "model": "9.xyz", "model_rescale": 4.509807504472865, "target_rescale": 4.15665080997831},
{"mapping": [4, 7, 6, 3, 2, 10, 12, 11, 8, 1, 0, 13], "R": [[0.8231670031024847, 0.5673309954064392, -0.023057030476909365], [0.5605099461903842, -0.8184148986305745, -0.1265924718186645], [-0.09069005030832636, 0.09128305073038329, -0.9916868051075539]], "T": [0.05670842122676313, 0.08685725784162845, -0.0023455688010022586], "aligned_model": [[0.47599309981367677, -0.25884087358668034, -0.24054579607467103, -0.45789319083972035, -0.439598113327711, 0.2393374903156374, 0.6018967432827281, 0.6201918207947376, -0.5635916004876337, 0.11534412895509633, 0.15193428397911501, 0.13363920646710567], [0.6725498713027022, 0.5132524221409521, 0.6136998360730593, -0.3613339691570797, -0.2608865552249726, -0.5180357468701356, -0.12395938780624227, -0.023511973874135117, 0.20881132790003093, -0.04833804521959606, 0.1525567826446183, 0.05210936871251115], [0.31320123497942437, -0.4495009840070813, 0.33737341359798, -0.33322878209321105, 0.45364561551185023, -0.32943605610868876, -0.38817097102794934, 0.39870342657711194, -0.003491284026506379, -0.7865729354060376, 0.7871758598040856, 0.0003014621990241194]], "inverted": false, "swapped": false, "error_lsq": 0.05274247234520238, "error_max": 0.36202925837197864, "target": "121.xyz", "model": "10.xyz", "model_rescale": 4.509807504472865, "target_rescale": 4.15665080997831},
{"mapping": [5, 6, 7, 2, 3, 9, 11, 12, 8, 0, 1, 13], "R": [[-0.8231670031024847, -0.5673309954064394, -0.023057030476909303], [-0.5605099461903846, 0.8184148986305744, -0.1265924718186642], [0.09069005030832616, -0.09128305073038304, -0.991686805107554]], "T": [0.05670842122676313, 0.08685725784162845, -0.0023455688010023527], "aligned_model": [[0.4759930998136767, -0.25884087358668045, -0.24054579607467114, -0.45789319083972024, -0.439598113327711, 0.2393374903156375, 0.6018967432827284, 0.6201918207947376, -0.5635916004876337, 0.1153441289550964, 0.15193428397911496, 0.1336392064671057], [0.6725498713027023, 0.5132524221409522, 0.6136998360730591, -0.3613339691570799, -0.26088655522497295, -0.5180357468701356, -0.12395938780624194, -0.023511973874135034, 0.2088113279000307, -0.048338045219595754, 0.15255678264461808, 0.0521093687125112], [0.3132012349794247, -0.4495009840070812, 0.33737341359798034, -0.3332287820932113, 0.45364561551185023, -0.3294360561086891, -0.3881709710279495, 0.39870342657711205, -0.0034912840265062433, -0.7865729354060376, 0.7871758598040854, 0.00030146219902421134]], "inverted": true, "swapped": false, "error_lsq": 0.052742472345202386, "error_max": 0.36202925837197897, "target": "121.xyz", "model": "11.xyz", "model_rescale": 4.509807504472865, "target_rescale": 4.15665080997831},
{"mapping": [9, 2, 3, 6, 7, 5, 11, 12, 8, 0, 1, 13], "R": [[0.5547462493389468, 0.8316409906151049, -0.02509704311464621], [-0.8269887376292463, 0.5478289635576452, -0.12638455017027198], [-0.09135768538419123, 0.09086632718495635, 0.9916637958023676]], "T": [0.04974969510064142, 0.050886283087483525, -0.0023658891318405263], "aligned_model": [[0.44451710743780304, -0.260864641869913, -0.28077840842736457, -0.40235178388465864, -0.42226555044211017, 0.22064036169700005, 0.6339514923234574, 0.6140377257660058, -0.5712909495025271, 0.15400438195544747, 0.11417684884054441, 0.13409061539799594], [0.5441693582410679, 0.658740964435829, 0.5584585360612065, -0.22695704961606025, -0.32723947799068265, -0.6490089234265961, 0.043345220115013086, -0.05693720825960927, 0.16901442351771787, 0.15472512422256454, -0.04583973252668014, 0.0544426958479422], [-0.32957805617154246, -0.332828064165272, 0.4540280305098882, -0.4492883549259319, 0.3375677397492283, 0.31282987059621487, -0.38861236874240385, 0.39824372593275637, -0.003028121579578677, -0.7866342284096124, 0.7870779609407077, 0.00022186626554765746]], "inverted": false, "swapped": false, "error_lsq": 0.05296761265228402, "error_max": 0.3590637924314724, "target": "121.xyz", "model": "12.xyz", "model_rescale": 4.509807766519439, "target_rescale": 4.15665080997831},
{"mapping": [4, 7, 6, 3, 2, 10, 12, 11, 8, 1, 0, 13], "R": [[0.8231670711597544, 0.567330896551645, -0.02305703311743093], [0.5605098487387186, -0.8184149671892812, -0.12659246007352337], [-0.09069003487247476, 0.09128305044461556, -0.9916868065454713]], "T": [0.05670849481907781, 0.08685714819119186, -0.0023455564152983655], "aligned_model": [[0.47599308919805283, -0.25884085092911235, -0.2405457723849792, -0.457893136691808, -0.43959805814767483, 0.23933761099407236, 0.6018966390812551, 0.6201917176253883, -0.5635914762782744, 0.1153440670641204, 0.1519342241523867, 0.13363914560825355], [0.6725498561767669, 0.5132525109155724, 0.6136999096916647, -0.3613339883286891, -0.2608865895525969, -0.5180360216843795, -0.1239593653213619, -0.023511966545269686, 0.20881128522841746, -0.04833796542889621, 0.1525568321232883, 0.052109433347196074], [0.31320121937343, -0.44950096598227585, 0.33737338704166187, -0.3332287610176679, 0.4536455920062698, -0.32943600766417935, -0.3881709515191593, 0.3987034015047784, -0.003491278270074999, -0.7865728981815315, 0.7871758078663444, 0.0003014548424065239]], "inverted": false, "swapped": false, "error_lsq": 0.05274245542088718, "error_max": 0.36202909196536504, "target": "121.xyz", "model": "13.xyz", "model_rescale": 4.509807766519439, "target_rescale": 4.15665080997831},
{"mapping": [5, 6, 7, 2, 3, 9, 11, 12, 8, 0, 1, 13], "R": [[-0.8231670711597541, -0.5673308965516457, -0.023057033117430632], [-0.560509848738719, 0.8184149671892808, -0.12659246007352384], [0.09069003487247485, -0.09128305044461606, -0.9916868065454713]], "T": [0.0567084948190778, 0.08685714819119186, -0.0023455564152984835], "aligned_model": [[0.47599308919805233, -0.2588408509291126, -0.24054577238497965, -0.45789313669180765, -0.4395980581476747, 0.23933761099407286, 0.6018966390812555, 0.6201917176253884, -0.5635914762782747, 0.11534406706412065, 0.15193422415238647, 0.13363914560825357], [0.6725498561767672, 0.513252510915572, 0.6136999096916645, -0.3613339883286897, -0.260886589552597, -0.5180360216843793, -0.1239593653213617, -0.023511966545269075, 0.20881128522841713, -0.048337965428896484, 0.15255683212328874, 0.05210943334719615], [0.31320121937343, -0.4495009659822763, 0.33737338704166164, -0.3332287610176679, 0.45364559200627, -0.3294360076641792, -0.38817095151915926, 0.3987034015047787, -0.0034912782700751085, -0.7865728981815314, 0.7871758078663442, 0.0003014548424066328]], "inverted": true, "swapped": false, "error_lsq": 0.0527424554208872, "error_max": 0.36202909196536476, "target": "121.xyz", "model": "14.xyz", "model_rescale": 4.509807766519439, "target_rescale": 4.15665080997831},
{"mapping": [9, 4, 0, 7, 8, 3, 10, 2, 6, 5, 2, 11], "R": [[-0.08168956457789611, 0.9683649208925097, 0.23578845396651127], [0.6067019518969604, 0.2360111520410653, -0.7590859488072927], [-0.7907209094260076, 0.08104391462098218, -0.6067885358997935]], "T": [0.06216941391845742, 0.011534959672431885, -0.0745091508759494], "aligned_model": [[0.4303218276977695, -0.23075450475142056, 0.0007288734330972921, -0.3374594128781086, -0.2800046021119089, 0.31073274480030477, 0.6173689654104458, 0.12368560708762846, -0.5245065505907849, -0.04370736703874429, 0.12368560708762846, 0.18777601114577358], [0.6541798630969389, 0.6679727762308245, 0.6716387394613748, -0.3973371073443983, -0.3488511819721899, -0.6557144767651925, 0.052009351293671444, -0.05354396496192505, 0.2048334044588691, 0.06580226442755714, -0.05354396496192505, 0.06946822765810745], [-0.08171887288675765, -0.3558574946529551, 0.3831811510736859, -0.3719779769156501, 0.24336662071220738, 0.2031265886837162, -0.5630743291341695, 0.6844820449311281, 0.10937747933176177, -0.8372129509003671, 0.6844820449311281, -0.09817430517372595]], "inverted": false, "swapped": false, "error_lsq": 0.06104549429169313, "error_max": 0.4726837854555061, "target": "121.xyz", "model": "15.xyz", "model_rescale": 4.510870436145588, "target_rescale": 4.15665080997831},
{"mapping": [10, 5, 1, 6, 8, 2, 9, 3, 7, 4, 3, 11], "R": [[0.08168956457789572, -0.9683649208925096, 0.23578845396651138], [-0.6067019518969607, -0.23601115204106504, -0.7590859488072924], [0.7907209094260073, -0.08104391462098248, -0.6067885358997936]], "T": [0.062169413918457456, 0.011534959672431878, -0.07450915087594945], "aligned_model": [[0.4303218276977696, -0.23075450475142031, 0.000728873433097188, -0.33745941287810854, -0.28000460211190903, 0.31073274480030455, 0.617368965410446, 0.12368560708762817, -0.5245065505907849, -0.04370736703874396, 0.12368560708762817, 0.18777601114577364], [0.6541798630969388, 0.6679727762308246, 0.6716387394613746, -0.39733710734439787, -0.34885118197219, -0.6557144767651925, 0.05200935129367177, -0.053543964961925504, 0.20483340445886908, 0.06580226442755763, -0.053543964961925504, 0.06946822765810735], [-0.08171887288675739, -0.3558574946529549, 0.3831811510736861, -0.37197797691565027, 0.243366620712207, 0.20312658868371603, -0.5630743291341693, 0.6844820449311279, 0.10937747933176162, -0.8372129509003667, 0.6844820449311279, -0.098174305173726]], "inverted": true, "swapped": false, "error_lsq": 0.06104549429169314, "error_max": 0.4726837854555062, "target": "121.xyz", "model": "16.xyz", "model_rescale": 4.510870436145588, "target_rescale": 4.15665080997831},
{"mapping": [9, 4, 0, 7, 8, 3, 10, 2, 6, 5, 2, 11], "R": [[-0.08168956457789606, 0.9683649208925096, 0.23578845396651138], [0.6067019518969605, 0.23601115204106532, -0.7590859488072927], [-0.7907209094260075, 0.0810439146209822, -0.6067885358997935]], "T": [0.06216941391845742, 0.011534959672431927, -0.07450915087594938], "aligned_model": [[0.4303218276977695, -0.23075450475142056, 0.0007288734330972088, -0.3374594128781085, -0.2800046021119088, 0.31073274480030477, 0.617368965410446, 0.12368560708762835, -0.5245065505907849, -0.04370736703874415, 0.12368560708762835, 0.18777601114577366], [0.6541798630969389, 0.6679727762308245, 0.6716387394613748, -0.3973371073443983, -0.3488511819721901, -0.6557144767651926, 0.05200935129367154, -0.05354396496192507, 0.20483340445886913, 0.06580226442755718, -0.05354396496192507, 0.06946822765810728], [-0.0817188728867576, -0.35585749465295496, 0.3831811510736859, -0.37197797691565015, 0.24336662071220716, 0.20312658868371608, -0.5630743291341694, 0.6844820449311281, 0.1093774793317618, -0.8372129509003668, 0.6844820449311281, -0.09817430517372609]], "inverted": false, "swapped": false, "error_lsq": 0.06104549429169315, "error_max": 0.4726837854555062, "target": "121.xyz", "model": "17.xyz", "model_rescale": 4.510870436145588, "target_rescale": 4.15665080997831},
{"mapping": [9, 3, 11, 6, 2, 8, 7, 10, 4, 5, 1, 12], "R": [[0.07020353409428695, -0.9064586095223621, -0.4164183629758157], [0.5927847560306789, 0.37365485871956683, -0.713434145224988], [0.8022952678523793, -0.19676085936498267, 0.5635667373112369]], "T": [-0.0214977165489715, 0.0451221376427352, 0.1031796958880987], "aligned_model": [[0.7606769273462696, -0.293316077204734, -0.3203197302261888, -0.3452842281485806, -0.20862900597238546, 0.27798106035774073, 0.6116374837204256, 0.4270205039835846, -0.6269725005674189, -0.011627804785895722, -0.018326846601435763, 0.12502741739029952], [0.3544384010040707, 0.676621892024942, 0.623186798061111, -0.4035293793413431, -0.4370034645217288, -0.485157665533235, 0.08648351642494045, -0.21720278095410478, 0.10498071006676654, 0.1681118026168324, 0.27134638333701394, 0.13463771743644679], [0.0063836875173205465, -0.3645490240517878, 0.25872980358624, -0.34858709113375985, 0.4208881329214912, 0.008606992949997422, -0.44295249293263084, 0.45794317339994894, 0.08701046183084057, -0.8001465770163881, 0.7473442858898675, -0.030671352961137238]], "inverted": false, "swapped": false, "error_lsq": 0.05432913020183433, "error_max": 0.35763428135083675, "target": "121.xyz", "model": "18.xyz", "model_rescale": 4.466005644533647, "target_rescale": 4.15665080997831},
{"mapping": [10, 0, 1, 4, 5, 7, 8, 9, 12, 2, 3, 13], "R": [[-0.5547462747452492, -0.8316409736243028, -0.02509704455689186], [0.8269887210011372, -0.5478289887099137, -0.12638454994965465], [0.09135768163199037, -0.09086633104893832, 0.9916637957939842]], "T": [0.04974963453527796, 0.050886242873483506, -0.0023658957583078117], "aligned_model": [[0.444517038548203, -0.26086472278785033, -0.28077849073226524, -0.40235183921763407, -0.422265607162049, 0.22064032263675476, 0.6339514411471779, 0.6140376732027629, -0.5712908367825013, 0.1540045080907756, 0.11417697220194573, 0.13409074014636066], [0.5441693356106518, 0.6587409219401513, 0.5584584925189704, -0.22695710727971893, -0.3272395367008999, -0.6490089667059522, 0.04334519703443155, -0.05693723238674939, 0.16901448750109765, 0.1547252091177577, -0.045839649724604165, 0.054442779696576744], [-0.32957806517961863, -0.33282807706093126, 0.4540280271928336, -0.44928836911691594, 0.3375677351368489, 0.31282986940378216, -0.3886123769731354, 0.39824372728062946, -0.0030281114704038955, -0.7866342239914605, 0.7870779845160691, 0.00022188026230442193]], "inverted": false, "swapped": false, "error_lsq": 0.05296761908763079, "error_max": 0.3590638267446262, "target": "121.xyz", "model": "19.xyz", "model_rescale": 4.509807711582247, "target_rescale": 4.15665080997831},
{"mapping": [6, 5, 4, 1, 0, 11, 9, 8, 12, 3, 2, 13], "R": [[-0.823167087708774, -0.567330872601539, -0.023057031600627203], [-0.5605098250338573, 0.8184149833702474, -0.12659246042159328], [0.09069003116975287, -0.09128305422286347, -0.9916868065363053]], "T": [0.05670845360066297, 0.08685720812474876, -0.002345563073980546], "aligned_model": [[0.47599306824975113, -0.2588408814390072, -0.2405458038755478, -0.4578931953176129, -0.43959811775415353, 0.2393375563470469, 0.6018966004598172, 0.6201916780232766, -0.5635913957494558, 0.11534415255239594, 0.15193430767931465, 0.13363923011585532], [0.6725499115390895, 0.5132525846397186, 0.6136999849156156, -0.36133391943033566, -0.2608865191544386, -0.5180359746911272, -0.12395932398737333, -0.02351192371147623, 0.2088111829652477, -0.04833809109696649, 0.15255670945482763, 0.052109309178930585], [0.3132012181390761, -0.44950098016021567, 0.3373733824419285, -0.33322877392228417, 0.45364558867986, -0.3294360167435738, -0.388170959833046, 0.39870340276909816, -0.003491268045986914, -0.7865728937104287, 0.7871758314938592, 0.0003014688917153973]], "inverted": false, "swapped": false, "error_lsq": 0.05274246249201553, "error_max": 0.36202912910082075, "target": "121.xyz", "model": "20.xyz", "model_rescale": 4.509807711582248, "target_rescale": 4.15665080997831},
{"mapping": [10, 11, 4, 2, 5, 7, 9, 8, 3, 0, 6, 12], "R": [[0.0702035340942874, -0.906458609522362, 0.41641836297581586], [0.5927847560306788, 0.3736548587195673, 0.7134341452249879], [-0.8022952678523794, 0.1967608593649825, 0.5635667373112369]], "T": [-0.02149771654897152, 0.04512213764273519, -0.10317969588809843], "aligned_model": [[0.7606769273462698, -0.32031973022618865, -0.29331607720473396, -0.20862900597238554, -0.3452842281485809, 0.2779810603577406, 0.4270205039835847, 0.6116374837204256, -0.6269725005674188, -0.018326846601435437, -0.011627804785895937, 0.1250274173902996], [0.3544384010040703, 0.6231867980611112, 0.6766218920249423, -0.4370034645217288, -0.4035293793413428, -0.48515766553323514, -0.21720278095410495, 0.08648351642494016, 0.10498071006676697, 0.27134638333701416, 0.16811180261683245, 0.13463771743644676], [-0.006383687517320255, -0.2587298035862399, 0.36454902405178796, -0.4208881329214909, 0.3485870911337604, -0.008606992949996894, -0.4579431733999485, 0.44295249293263134, -0.08701046183084027, -0.7473442858898673, 0.8001465770163887, 0.030671352961137557]], "inverted": false, "swapped": false, "error_lsq": 0.05432913020183433, "error_max": 0.35763428135083714, "target": "121.xyz", "model": "21.xyz", "model_rescale": 4.466005644533646, "target_rescale": 4.15665080997831},
{"mapping": [9, 3, 11, 6, 2, 8, 7, 10, 4, 5, 1, 12], "R": [[0.07020364760660702, -0.9064585981984876, -0.41641836848866326], [0.5927847123349415, 0.37365493653144444, -0.7134341407780138], [0.80229529020474, -0.1967607637658359, 0.5635667388673475]], "T": [-0.02149771023827047, 0.04512213647755326, 0.10317969992305358], "aligned_model": [[0.7606768535047922, -0.293315964049012, -0.3203199738194919, -0.3452841955426868, -0.2086291117901071, 0.27798112244261647, 0.6116375529065883, 0.4270204230408205, -0.6269723945129838, -0.011627765078714998, -0.018326666484004862, 0.12502731867386474], [0.3544383897760346, 0.6766218970020269, 0.6231869421480011, -0.40352937989635945, -0.43700342881844395, -0.4851577308676077, 0.08648345212598862, -0.2172027932175618, 0.10498071400843056, 0.16811180309723694, 0.2713463110888141, 0.13463775417515259], [0.006383616488985597, -0.3645489482220536, 0.25872979607277813, -0.3485870624172729, 0.42088811045228497, 0.008606967197189286, -0.4429525235648511, 0.457943107251026, 0.08701054253998683, -0.8001465531793134, 0.7473443276909975, -0.030671380309755483]], "inverted": false, "swapped": false, "error_lsq": 0.05432912472438827, "error_max": 0.35763424522627574, "target": "121.xyz", "model": "22.xyz", "model_rescale": 4.46600560860683, "target_rescale": 4.15665080997831},
{"mapping": [10, 0, 1, 4, 5, 7, 8, 9, 12, 2, 3, 13], "R": [[-0.5547462147275918, -0.831641013644129, -0.025097045052647905], [0.826988760274497, -0.5478289286918469, -0.12638455312257868], [0.09135769056329845, -0.09086632661943123, 0.9916637953770581]], "T": [0.04974963307627063, 0.05088624139442065, -0.002365896046599022], "aligned_model": [[0.44451698064871453, -0.26086459392226974, -0.2807783624243519, -0.40235177595843347, -0.4222655444605156, 0.2206403673838503, 0.6339515328391573, 0.6140377643370752, -0.5712911115215259, 0.15400441595874215, 0.11417687895457791, 0.13409064745666005], [0.5441692508304987, 0.6587410101164412, 0.5584585773502541, -0.22695701569380106, -0.32723944845998815, -0.6490089270411312, 0.04334521632570377, -0.05693721644048336, 0.16901434926675438, 0.15472514422200845, -0.045839721310365775, 0.05444271145582132], [-0.3295780791754848, -0.33282806427478834, 0.45402804614014486, -0.44928836051016635, 0.3375677499047669, 0.3128298768079039, -0.3886123754521018, 0.39824373496283144, -0.0030281360367061935, -0.7866342412037324, 0.787077979626134, 0.00022186921120084975]], "inverted": false, "swapped": false, "error_lsq": 0.052967619234631065, "error_max": 0.3590638793962989, "target": "121.xyz", "model": "23.xyz", "model_rescale": 4.509807674373902, "target_rescale": 4.15665080997831},
{"mapping": [6, 5, 4, 1, 0, 11, 9, 8, 12, 3, 2, 13], "R": [[-0.8231670495105313, -0.5673309279856246, -0.023057032573524164], [-0.5605098797395155, 0.8184149454477418, -0.12659246337031158], [0.09069003977571263, -0.09128305000787328, -0.9916868061372702]], "T": [0.056708452868473334, 0.08685720991509378, -0.0023455633521635845], "aligned_model": [[0.47599309785378874, -0.2588408545201869, -0.24054577603381808, -0.45789311067814326, -0.4395980321917744, 0.2393375314142838, 0.6018966775094261, 0.6201917559957948, -0.5635915984332642, 0.11534409097215581, 0.1519342479448934, 0.1336391694585246], [0.6725498558044504, 0.5132524775536302, 0.613699880997994, -0.3613340468263566, -0.26088664338199286, -0.5180358754544792, -0.12395937890583662, -0.02351197546147292, 0.2088114166508866, -0.04833799689606723, 0.15255680999266014, 0.052109406548296454], [0.3132012257736705, -0.4495009716217523, 0.3373733971559071, -0.33322876129061235, 0.453645607487047, -0.3294360307113557, -0.3881709580445696, 0.3987034107330898, -0.003491292985553513, -0.7865729109429487, 0.7871758266123694, 0.00030145783471046284]], "inverted": false, "swapped": false, "error_lsq": 0.05274246149020492, "error_max": 0.3620291816211089, "target": "121.xyz", "model": "24.xyz", "model_rescale": 4.509807674373903, "target_rescale": 4.15665080997831},
{"mapping": [10, 4, 11, 5, 2, 7, 8, 9, 3, 6, 0, 12], "R": [[-0.07020364760660808, 0.9064585981984873, -0.4164183684886642], [-0.5927847123349411, -0.3736549365314458, -0.7134341407780137], [-0.8022952902047404, 0.19676076376583543, 0.5635667388673474]], "T": [-0.02149771023827054, 0.04512213647755325, 0.10317969992305366], "aligned_model": [[0.7606768535047927, -0.2933159640490114, -0.3203199738194912, -0.34528419554268763, -0.2086291117901078, 0.27798112244261586, 0.6116375529065883, 0.42702042304082033, -0.6269723945129838, -0.011627765078715178, -0.01832666648400435, 0.12502731867386482], [0.3544383897760337, 0.6766218970020278, 0.6231869421480017, -0.40352937989635884, -0.437003428818444, -0.4851577308676083, 0.08648345212598796, -0.21720279321756253, 0.10498071400843154, 0.16811180309723733, 0.27134631108881396, 0.1346377541751525], [0.006383616488985569, -0.3645489482220532, 0.2587297960727787, -0.3485870624172733, 0.4208881104522849, 0.008606967197188925, -0.44295252356485126, 0.45794310725102577, 0.08701054253998705, -0.8001465531793135, 0.7473443276909979, -0.03067138030975551]], "inverted": true, "swapped": false, "error_lsq": 0.05432912472438827, "error_max": 0.3576342452262768, "target": "121.xyz", "model": "25.xyz", "model_rescale": 4.466005608606829, "target_rescale": 4.15665080997831},
{"mapping": [9, 3, 11, 6, 2, 8, 7, 10, 4, 5, 1, 12], "R": [[0.07020348084992048, -0.9064586157820153, -0.41641835832622454], [0.5927847711898296, 0.3736548219055257, -0.713434151910442], [0.8022952613109321, -0.1967609004383314, 0.5635667322835165]], "T": [-0.021497713292124805, 0.04512217167899841, 0.1031797347047843], "aligned_model": [[0.7606768810897131, -0.2933160596310738, -0.32031974943696245, -0.34528418446056414, -0.2086289968680215, 0.27798106618580426, 0.6116374713606472, 0.4270204759148703, -0.6269724648059166, -0.011627779285721292, -0.018326869077915413, 0.1250274083068214], [0.3544383828644235, 0.6766219476241365, 0.623186731985587, -0.40352941134018533, -0.4370034779504876, -0.485157665211059, 0.08648349732605809, -0.2172027796726937, 0.10498078508701927, 0.16811175119693184, 0.2713464841253522, 0.1346376845866297], [0.006383666269848473, -0.3645488955787198, 0.2587297251844565, -0.34858712812587817, 0.4208880684111216, 0.008606965975432493, -0.44295249630586625, 0.45794312855114727, 0.08701056670257899, -0.800146590407177, 0.7473443831932348, -0.030671393870177296]], "inverted": false, "swapped": false, "error_lsq": 0.05432913271382248, "error_max": 0.3576342680659732, "target": "121.xyz", "model": "26.xyz", "model_rescale": 4.466005838112752, "target_rescale": 4.15665080997831},
{"mapping": [10, 0, 1, 4, 5, 7, 8, 9, 12, 2, 3, 13], "R": [[-0.5547463220123375, -0.8316409420063292, -0.025097047487893726], [0.8269886900886491, -0.5478290354898422, -0.12638454945020047], [0.09135767444087463, -0.09086633839379094, 0.9916637957834604]], "T": [0.04974961456637987, 0.05088627534782361, -0.0023658920598017517], "aligned_model": [[0.44451703985814955, -0.26086482248891585, -0.2807785919576342, -0.40235188241439523, -0.4222656518831136, 0.22064039333484042, 0.633951463496374, 0.6140376940276556, -0.5712907768685924, 0.15400454753115578, 0.114177008593719, 0.1340907780624374], [0.5441692780406844, 0.6587410035992896, 0.5584585786099285, -0.22695699813152795, -0.32723942312088883, -0.6490089875720361, 0.043345170120865445, -0.056937254868495504, 0.16901438872950375, 0.15472515006082393, -0.045839699917897964, 0.054442725071462965], [-0.3295780554041449, -0.3328280542401119, 0.45402801834101386, -0.44928834133602474, 0.33756773124510103, 0.3128298533603131, -0.38861236194661936, 0.3982437106345064, -0.0030281243721943132, -0.7866341980084048, 0.7870779471538467, 0.00022187457272101726]], "inverted": false, "swapped": false, "error_lsq": 0.052967625691264, "error_max": 0.35906383307792933, "target": "121.xyz", "model": "27.xyz", "model_rescale": 4.509807893063789, "target_rescale": 4.15665080997831},
{"mapping": [6, 5, 4, 1, 0, 11, 9, 8, 12, 3, 2, 13], "R": [[-0.823167121991425, -0.5673308229680513, -0.023057028922826073], [-0.5605097758712837, 0.8184150169376968, -0.12659246108514002], [0.09069002384539115, -0.09128306174347522, -0.9916868065138605]], "T": [0.05670842300851132, 0.08685718535039091, -0.002345559396648191], "aligned_model": [[0.4759931436476762, -0.258840960623975, -0.24054588592149395, -0.4578933197252365, -0.43959824502275546, 0.23933757704755704, 0.6018966306216937, 0.6201917053241748, -0.563591302847935, 0.11534421089484384, 0.15193436029980598, 0.1336392855973249], [0.672549903040215, 0.5132525004197928, 0.6136998971800383, -0.3613339563737963, -0.2608865596135508, -0.518035922517562, -0.12395930936398292, -0.023511912603737417, 0.20881125433067288, -0.0483380513857046, 0.1525567421347863, 0.052109345374540865], [0.3132012021781417, -0.44950095255775147, 0.3373733783615602, -0.33322875125305873, 0.45364557966625296, -0.32943600683664026, -0.38817094463868457, 0.3987033862806271, -0.0034912810138003902, -0.7865728676481929, 0.7871757941904298, 0.0003014632711184854]], "inverted": false, "swapped": false, "error_lsq": 0.05274247066285123, "error_max": 0.36202913310699564, "target": "121.xyz", "model": "28.xyz", "model_rescale": 4.5098078930637895, "target_rescale": 4.15665080997831},
{"mapping": [10, 11, 4, 2, 5, 7, 9, 8, 3, 0, 6, 12], "R": [[0.0702034808499205, -0.9064586157820154, 0.41641835832622454], [0.5927847711898295, 0.3736548219055257, 0.7134341519104421], [-0.8022952613109321, 0.19676090043833133, 0.5635667322835165]], "T": [-0.021497713292124847, 0.04512217167899833, -0.10317973470478402], "aligned_model": [[0.7606768810897131, -0.32031974943696256, -0.29331605963107393, -0.2086289968680215, -0.34528418446056414, 0.27798106618580437, 0.4270204759148703, 0.6116374713606472, -0.6269724648059166, -0.018326869077915357, -0.011627779285721444, 0.12502740830682135], [0.3544383828644234, 0.623186731985587, 0.6766219476241364, -0.43700347795048766, -0.4035294113401852, -0.48515766521105896, -0.21720277967269364, 0.08648349732605808, 0.10498078508701932, 0.2713464841253522, 0.16811175119693184, 0.13463768458662967], [-0.006383666269848223, -0.25872972518445625, 0.36454889557871994, -0.42088806841112125, 0.34858712812587844, -0.008606965975432077, -0.4579431285511468, 0.4429524963058665, -0.08701056670257863, -0.7473443831932345, 0.8001465904071771, 0.030671393870177602]], "inverted": false, "swapped": false, "error_lsq": 0.05432913271382248, "error_max": 0.3576342680659732, "target": "121.xyz", "model": "29.xyz", "model_rescale": 4.466005838112752, "target_rescale": 4.15665080997831},
