[{"mapping": [9, 6, 0, 5, 8, 3, 10, 2, 4, 7, 2, 11], "R": [[0.0816896068031665, -0.9683649112052037, 0.23578847912245937], [-0.6067019917819159, -0.23601119307273777, -0.7590859041717477], [0.790720874460894, -0.0810439108812086, -0.6067885819631731]], "T": [0.0621695299445988, 0.011534850348948779, -0.07450905203070614], "aligned_model": [[0.4303219812847274, -0.23075473133967872, 0.0007288369412671164, -0.33745936619395456, -0.28000456988969463, 0.31073277819948336, 0.617369123511985, 0.12368563597222575, -0.5245065084212122, -0.043707589112421064, 0.12368563597222575, 0.18777597916852473], [0.6541798118324514, 0.6679726032750348, 0.671638723034463, -0.3973371441593026, -0.34885111961820986, -0.6557146280845724, 0.05200938514855084, -0.0535442014006717, 0.204833282524598, 0.06580217659113416, -0.0535442014006717, 0.06946829635056256], [-0.08171882295645284, -0.35585744579943385, 0.38318097778077187, -0.37197796582309717, 0.24336640739910675, 0.2031267020657726, -0.5630742760080633, 0.684482155117383, 0.10937748722851327, -0.8372128988510443, 0.684482155117383, -0.09817447527083845]], "inverted": false, "swapped": false, "error_lsq": 0.06104551015391949, "error_max": 0.47268382406310744, "target": "122.xyz", "model": "0.xyz", "model_rescale": 4.5108708085295355, "target_rescale": 4.1566507351565285},
{"mapping": [9, 6, 0, 5, 8, 3, 10, 2, 4, 7, 2, 11], "R": [[0.08168960680316634, -0.9683649112052035, 0.23578847912245915], [-0.6067019917819159, -0.23601119307273755, -0.7590859041717473], [0.7907208744608936, -0.08104391088120855, -0.6067885819631731]], "T": [0.062169529944598775, 0.0115348503489488, -0.07450905203070615], "aligned_model": [[0.4303219812847274, -0.2307547313396784, 0.0007288369412672274, -0.3374593661939545, -0.28000456988969447, 0.31073277819948303, 0.6173691235119847, 0.12368563597222566, -0.5245065084212119, -0.04370758911242105, 0.12368563597222566, 0.18777597916852462], [0.6541798118324511, 0.6679726032750346, 0.6716387230344627, -0.39733714415930205, -0.3488511196182097, -0.6557146280845718, 0.05200938514855108, -0.0535442014006719, 0.2048332825245979, 0.06580217659113458, -0.0535442014006719, 0.06946829635056262], [-0.08171882295645275, -0.35585744579943346, 0.38318097778077187, -0.37197796582309695, 0.24336640739910656, 0.2031267020657723, -0.5630742760080629, 0.6844821551173825, 0.10937748722851326, -0.8372128988510437, 0.6844821551173825, -0.09817447527083838]], "inverted": false, "swapped": false, "error_lsq": 0.061045510153919465, "error_max": 0.4726838240631072, "target": "122.xyz", "model": "1.xyz", "model_rescale": 4.510870808529536, "target_rescale": 4.1566507351565285},
{"mapping": [9, 6, 0, 5, 8, 3, 10, 2, 4, 7, 2, 11], "R": [[0.08168960680316611, -0.9683649112052036, 0.2357884791224596], [-0.6067019917819158, -0.23601119307273777, -0.7590859041717474], [0.7907208744608938, -0.08104391088120905, -0.606788581963173]], "T": [0.06216952994459883, 0.011534850348948834, -0.0745090520307061], "aligned_model": [[0.4303219812847275, -0.23075473133967844, 0.0007288369412670054, -0.3374593661939544, -0.28000456988969463, 0.31073277819948325, 0.6173691235119853, 0.12368563597222544, -0.5245065084212123, -0.043707589112420675, 0.12368563597222544, 0.18777597916852484], [0.6541798118324513, 0.6679726032750347, 0.6716387230344628, -0.39733714415930244, -0.34885111961821, -0.6557146280845721, 0.05200938514855095, -0.05354420140067175, 0.2048332825245979, 0.06580217659113427, -0.05354420140067175, 0.0694682963505624], [-0.0817188229564525, -0.3558574457994338, 0.38318097778077187, -0.3719779658230973, 0.24336640739910634, 0.20312670206577246, -0.5630742760080628, 0.6844821551173828, 0.10937748722851307, -0.8372128988510441, 0.6844821551173828, -0.09817447527083852]], "inverted": false, "swapped": false, "error_lsq": 0.061045510153919486, "error_max": 0.47268382406310755, "target": "122.xyz", "model": "2.xyz", "model_rescale": 4.5108708085295355, "target_rescale": 4.1566507351565285},
{"mapping": [12, 3, 2, 5, 4, 6, 10, 9, 8, 1, 0, 13], "R": [[0.554746202518828, 0.8316410218110813, -0.02509704428733585], [-0.8269887658561311, 0.5478289142202445, -0.12638457932841804], [-0.09135771417178064, 0.09086633912120001, 0.9916637920565713]], "T": [0.0497495561836425, 0.05088617812920047, -0.0023658966256316677], "aligned_model": [[0.4445169040282365, -0.26086465815152, -0.2807784257431059, -0.4023518511573333, -0.4222656187489192, 0.2206402785834058, 0.6339516303378786, 0.6140378627462927, -0.571290992841809, 0.15400445993836984, 0.11417692475519794, 0.1340906923467839], [0.5441691831066442, 0.6587409509445895, 0.5584584989119227, -0.22695705621026682, -0.3272395082429337, -0.6490089905667792, 0.043345276543138515, -0.05693717548952839, 0.16901441468431488, 0.15472491550342202, -0.045839988561911744, 0.05444246347075513], [-0.3295780625883991, -0.3328280427229967, 0.4540280530751143, -0.4492883605447592, 0.3375677352533518, 0.31282985223010656, -0.3886123517313787, 0.39824374406673235, -0.0030281116672187425, -0.7866342475882949, 0.7870779440079269, 0.00022184820981594649]], "inverted": true, "swapped": false, "error_lsq": 0.052967629899128434, "error_max": 0.35906394349856613, "target": "122.xyz", "model": "3.xyz", "model_rescale": 4.509807743048502, "target_rescale": 4.1566507351565285},
{"mapping": [6, 5, 4, 3, 2, 12, 10, 9, 8, 1, 0, 13], "R": [[-0.8231670355698756, -0.5673309481683284, -0.023057033667164602], [-0.5605098973702567, 0.8184149294228737, -0.12659248890726874], [0.0906900573441627, -0.09128306824476379, -0.9916868028519561]], "T": [0.056708375626123894, 0.08685714567583439, -0.0023455638021428176], "aligned_model": [[0.47599300137934014, -0.2588409391473959, -0.24054586007184997, -0.4578931706278068, -0.4395980915522608, 0.2393374646543311, 0.6018967212476869, 0.620191800323233, -0.5635915433856944, 0.11534419534908569, 0.15193435350017762, 0.13363927442463164], [0.6725498007383803, 0.5132523879239428, 0.6136998101015357, -0.36133412502498186, -0.2608867028473889, -0.5180359343030633, -0.12395961793777405, -0.023512195760181154, 0.20881115404413142, -0.04833795312467118, 0.1525568912305147, 0.052109469052921784], [0.313201204008569, -0.44950097468027317, 0.337373379508194, -0.3332287432558977, 0.4536456109325695, -0.32943601170951736, -0.38817092935306774, 0.39870342483539944, -0.0034912736491408947, -0.7865729164007456, 0.7871757919761894, 0.0003014377877220112]], "inverted": false, "swapped": false, "error_lsq": 0.05274247005729155, "error_max": 0.3620292063047769, "target": "122.xyz", "model": "4.xyz", "model_rescale": 4.509807743048502, "target_rescale": 4.1566507351565285},
{"mapping": [12, 3, 2, 5, 4, 6, 10, 9, 8, 1, 0, 13], "R": [[0.554746202518828, 0.8316410218110813, -0.02509704428733571], [-0.8269887658561311, 0.5478289142202445, -0.12638457932841793], [-0.09135771417178061, 0.09086633912119983, 0.9916637920565713]], "T": [0.04974955618364249, 0.05088617812920046, -0.002365896625631606], "aligned_model": [[0.4445169040282364, -0.26086465815152005, -0.28077842574310585, -0.4023518511573334, -0.4222656187489192, 0.22064027858340585, 0.6339516303378786, 0.6140378627462927, -0.571290992841809, 0.15400445993836973, 0.11417692475519806, 0.1340906923467839], [0.5441691831066442, 0.6587409509445895, 0.5584584989119227, -0.22695705621026688, -0.3272395082429337, -0.6490089905667792, 0.04334527654313846, -0.05693717548952834, 0.16901441468431494, 0.1547249155034219, -0.045839988561911654, 0.05444246347075516], [-0.3295780625883991, -0.33282804272299665, 0.45402805307511435, -0.449288360544759, 0.337567735253352, 0.3128298522301067, -0.38861235173137865, 0.39824374406673235, -0.0030281116672188973, -0.7866342475882949, 0.7870779440079269, 0.00022184820981570362]], "inverted": true, "swapped": false, "error_lsq": 0.052967629899128434, "error_max": 0.35906394349856613, "target": "122.xyz", "model": "5.xyz", "model_rescale": 4.509807743048502, "target_rescale": 4.1566507351565285},
{"mapping": [11, 2, 3, 4, 5, 7, 9, 10, 8, 0, 1, 13], "R": [[-0.5547462627268355, -0.8316409815591339, -0.025097047275906947], [0.826988726451561, -0.5478289738922922, -0.1263845785139292], [0.09135770527237505, -0.09086634776130544, 0.9916637920847404]], "T": [0.049749573799622054, 0.05088618878017816, -0.002365894749046542], "aligned_model": [[0.44451699627304675, -0.26086478296202387, -0.2807785536166082, -0.40235191617409805, -0.4222656868286824, 0.22064044053562815, 0.6339513968547169, 0.6140376262001327, -0.5712907286193043, 0.15400457546480778, 0.11417703415563923, 0.1340908048102235], [0.5441692989795011, 0.6587408989032744, 0.5584584440338206, -0.22695714943172574, -0.3272396043011795, -0.6490089304457656, 0.04334514545374905, -0.05693730941570471, 0.16901456726642106, 0.15472499588644584, -0.04583991385246164, 0.0544425410169921], [-0.32957805851448374, -0.3328280677622933, 0.45402805538764524, -0.44928838901471607, 0.33756773413522245, 0.3128298790407149, -0.38861238639167184, 0.3982437367582667, -0.0030280874294439323, -0.7866342618863517, 0.7870779844135251, 0.0002218612635867855]], "inverted": false, "swapped": false, "error_lsq": 0.05296762257180259, "error_max": 0.3590638815722275, "target": "122.xyz", "model": "6.xyz", "model_rescale": 4.509807586411629, "target_rescale": 4.1566507351565285},
{"mapping": [6, 5, 4, 3, 2, 12, 10, 9, 8, 1, 0, 13], "R": [[-0.8231670708685641, -0.5673308970953457, -0.023057030135268337], [-0.5605098468071952, 0.8184149638691984, -0.12659249008986811], [0.09069004945330517, -0.09128307683228633, -0.9916868027831106]], "T": [0.05670838785453068, 0.08685712948363873, -0.002345561946241224], "aligned_model": [[0.4759931232912808, -0.25884096962762476, -0.24054589271910115, -0.45789326281278797, -0.4395981859042643, 0.23933751286187305, 0.6018965552093365, 0.6201916321178602, -0.5635913565338844, 0.1153442731617398, 0.15193442697878712, 0.13363935007026345], [0.6725496893425198, 0.5132524954016576, 0.6136999220063982, -0.3613340354504403, -0.2608866088456998, -0.5180360742623491, -0.12395940358018957, -0.023511976975449086, 0.20881090779629985, -0.04833807038453421, 0.15255678282494686, 0.05210935622020635], [0.3132012301792584, -0.4495010031767794, 0.33737337828717123, -0.33322876769024024, 0.4536456137737104, -0.3294360074368661, -0.38817096451175415, 0.39870341695219647, -0.003491248840546895, -0.7865729306426674, 0.7871758322852344, 0.0003014508212836409]], "inverted": false, "swapped": false, "error_lsq": 0.05274246707258228, "error_max": 0.3620291432191324, "target": "122.xyz", "model": "7.xyz", "model_rescale": 4.509807586411629, "target_rescale": 4.1566507351565285},
{"mapping": [11, 2, 3, 4, 5, 7, 9, 10, 8, 0, 1, 13], "R": [[-0.5547462627268355, -0.8316409815591339, -0.025097047275906968], [0.826988726451561, -0.5478289738922922, -0.1263845785139292], [0.09135770527237505, -0.09086634776130545, 0.9916637920847404]], "T": [0.049749573799622054, 0.05088618878017817, -0.0023658947490466124], "aligned_model": [[0.44451699627304675, -0.26086478296202387, -0.2807785536166082, -0.40235191617409805, -0.4222656868286824, 0.22064044053562815, 0.6339513968547169, 0.6140376262001327, -0.5712907286193043, 0.15400457546480778, 0.11417703415563922, 0.1340908048102235], [0.5441692989795011, 0.6587408989032744, 0.5584584440338206, -0.2269571494317257, -0.3272396043011795, -0.6490089304457656, 0.04334514545374905, -0.0569373094157047, 0.16901456726642106, 0.15472499588644584, -0.045839913852461625, 0.05444254101699208], [-0.3295780585144838, -0.33282806776229334, 0.4540280553876451, -0.4492883890147161, 0.33756773413522234, 0.3128298790407148, -0.3886123863916719, 0.3982437367582666, -0.0030280874294437163, -0.7866342618863517, 0.7870779844135251, 0.00022186126358700927]], "inverted": false, "swapped": false, "error_lsq": 0.05296762257180259, "error_max": 0.3590638815722276, "target": "122.xyz", "model": "8.xyz", "model_rescale": 4.509807586411629, "target_rescale": 4.1566507351565285},
{"mapping": [10, 3, 2, 7, 6, 4, 12, 11, 8, 1, 0, 13], "R": [[-0.5547461473942464, -0.8316410583984433, -0.025097050367681218], [0.8269888019127829, -0.5478288582256828, -0.12638458610924355], [0.09135772250938126, -0.09086634184923272, 0.9916637910384937]], "T": [0.04974958642295151, 0.050886129919070225, -0.0023659020467669484], "aligned_model": [[0.44451689493874735, -0.26086469695682757, -0.28077847042645765, -0.4023517721216682, -0.4222655455912983, 0.2206403643287272, 0.6339515978777142, 0.614037824408084, -0.571291079817981, 0.15400446995444272, 0.11417692301518254, 0.13409069648481262], [0.5441690768293609, 0.6587408975929859, 0.5584584348748395, -0.22695702455491684, -0.3272394872730633, -0.6490090290969001, 0.04334513169601478, -0.05693733102213168, 0.16901435322826464, 0.1547251166577841, -0.045839808778508795, 0.05444265393963765], [-0.3295780921121262, -0.33282806979848517, 0.45402806681768865, -0.4492883808473784, 0.33756775576879544, 0.3128298671973739, -0.388612389085825, 0.3982437475303488, -0.003028124743822817, -0.78663426352503, 0.7870780097073174, 0.00022187309114373756]], "inverted": true, "swapped": false, "error_lsq": 0.052967627277470064, "error_max": 0.35906400217447443, "target": "122.xyz", "model": "9.xyz", "model_rescale": 4.509807504472865, "target_rescale": 4.1566507351565285},
{"mapping": [4, 7, 6, 3, 2, 10, 12, 11, 8, 1, 0, 13], "R": [[0.8231670000569611, 0.5673309998276819, -0.02305703041907376], [0.5605099482199705, -0.8184148932295097, -0.12659249774997183], [-0.0906900654077909, 0.0912830716762606, -0.9916868017986715]], "T": [0.056708421718628096, 0.08685717903771355, -0.0023455691753485894], "aligned_model": [[0.4759930973785779, -0.25884087564700864, -0.24054579818089017, -0.4578931881637017, -0.4395981106975832, 0.2393374938296725, 0.6018967446586828, 0.6201918221248014, -0.5635916006468359, 0.11534412967980254, 0.1519342846120395, 0.13363920714592104], [0.6725498029467496, 0.5132523300171979, 0.6136997645250369, -0.3613340593163867, -0.2608866248085476, -0.518035833212561, -0.12395947374377785, -0.023512039235938795, 0.20881124575837617, -0.048338144120099805, 0.15255672489557837, 0.0521092903877393], [0.31320121910163007, -0.4495009952818259, 0.33737339969773433, -0.3332287704832134, 0.4536456244963468, -0.329436040854551, -0.388170966255197, 0.39870342872436326, -0.003491287188578066, -0.7865729322984634, 0.7871758576606576, 0.0003014626810971823]], "inverted": false, "swapped": false, "error_lsq": 0.052742470613411536, "error_max": 0.3620292606132459, "target": "122.xyz", "model": "10.xyz", "model_rescale": 4.509807504472865, "target_rescale": 4.1566507351565285},
{"mapping": [5, 6, 7, 2, 3, 9, 11, 12, 8, 0, 1, 13], "R": [[-0.8231670000569612, -0.5673309998276816, -0.02305703041907355], [-0.5605099482199702, 0.8184148932295098, -0.12659249774997153], [0.09069006540779051, -0.09128307167626047, -0.9916868017986714]], "T": [0.056708421718628096, 0.08685717903771353, -0.002345569175348677], "aligned_model": [[0.47599309737857803, -0.2588408756470085, -0.2405457981808901, -0.45789318816370184, -0.4395981106975835, 0.23933749382967245, 0.6018967446586829, 0.6201918221248013, -0.5635916006468358, 0.1153441296798027, 0.15193428461203934, 0.13363920714592104], [0.6725498029467494, 0.5132523300171982, 0.6136997645250369, -0.3613340593163864, -0.26088662480854763, -0.5180358332125609, -0.12395947374377789, -0.02351203923593906, 0.20881124575837634, -0.04833814412009954, 0.1525567248955781, 0.052109290387739295], [0.31320121910163035, -0.44950099528182585, 0.3373733996977345, -0.3332287704832137, 0.4536456244963466, -0.32943604085455114, -0.38817096625519687, 0.39870342872436343, -0.003491287188578076, -0.7865729322984633, 0.7871758576606572, 0.0003014626810972972]], "inverted": true, "swapped": false, "error_lsq": 0.052742470613411536, "error_max": 0.36202926061324603, "target": "122.xyz", "model": "11.xyz", "model_rescale": 4.509807504472865, "target_rescale": 4.1566507351565285},
{"mapping": [10, 3, 2, 7, 6, 4, 12, 11, 8, 1, 0, 13], "R": [[-0.5547462568183834, -0.8316409856214029, -0.025097043265173695], [0.82698873032147, -0.5478289686043425, -0.1263845761126951], [0.09135770611872629, -0.09086634246278465, 0.9916637924922744]], "T": [0.049749695868037264, 0.050886204434039975, -0.0023658896838501605], "aligned_model": [[0.44451710423485824, -0.2608646460886028, -0.28077841276549353, -0.40235178006898664, -0.42226554674587735, 0.2206403682894714, 0.633951493654827, 0.6140377269779362, -0.5712909497858656, 0.15400438280729425, 0.11417684945351292, 0.13409061613040357], [0.5441692915881912, 0.658740891587877, 0.5584584426287038, -0.2269571207031199, -0.327239569662293, -0.6490090087334248, 0.0433451566795636, -0.05693729227960952, 0.169014339352896, 0.15472506683736736, -0.04583983108097882, 0.05444261787819429], [-0.3295780434223491, -0.33282804935199833, 0.4540280426967002, -0.4492883632654208, 0.3375677287832777, 0.3128298521120998, -0.3886123687385126, 0.39824372331018587, -0.0030281198667774655, -0.7866342261344332, 0.7870779579629634, 0.00022186591426511275]], "inverted": true, "swapped": false, "error_lsq": 0.052967611580381456, "error_max": 0.3590638385784919, "target": "122.xyz", "model": "12.xyz", "model_rescale": 4.509807766519439, "target_rescale": 4.1566507351565285},
{"mapping": [4, 7, 6, 3, 2, 10, 12, 11, 8, 1, 0, 13], "R": [[0.8231670681142322, 0.5673309009728871, -0.02305703305959545], [0.5605098507683044, -0.818414961788218, -0.12659248600482875], [-0.09069004997193558, 0.09128307139049313, -0.9916868032365894]], "T": [0.05670849531094338, 0.08685706938727764, -0.002345556789641857], "aligned_model": [[0.47599308676295493, -0.2588408529894405, -0.2405457744911981, -0.4578931340157901, -0.4395980555175477, 0.23933761450810817, 0.6018966404572097, 0.620191718955452, -0.5635914764374763, 0.11534406778882612, 0.15193422478531093, 0.13363914628706852], [0.6725497878208128, 0.5132524187918203, 0.6136998381436416, -0.3613340784879938, -0.26088665913617237, -0.5180361080268024, -0.12395945125889768, -0.023512031907076292, 0.20881120308676465, -0.048338064329397884, 0.15255677437424495, 0.052109355022423545], [0.3132012034956373, -0.449500977257022, 0.33737337314141524, -0.3332287494076707, 0.4536456009907665, -0.3294359924100357, -0.38817094674640773, 0.3987034036520295, -0.0034912814321454563, -0.7865728950739598, 0.7871758057229152, 0.0003014553244779115]], "inverted": false, "swapped": false, "error_lsq": 0.0527424536890967, "error_max": 0.36202909420659524, "target": "122.xyz", "model": "13.xyz", "model_rescale": 4.509807766519439, "target_rescale": 4.1566507351565285},
{"mapping": [5, 6, 7, 2, 3, 9, 11, 12, 8, 0, 1, 13], "R": [[-0.8231670681142321, -0.5673309009728871, -0.023057033059595652], [-0.5605098507683044, 0.818414961788218, -0.12659248600482856], [0.09069004997193562, -0.09128307139049287, -0.9916868032365894]], "T": [0.05670849531094338, 0.08685706938727762, -0.0023455567896419763], "aligned_model": [[0.47599308676295493, -0.2588408529894406, -0.24054577449119804, -0.4578931340157901, -0.4395980555175476, 0.23933761450810812, 0.6018966404572096, 0.6201917189554521, -0.5635914764374763, 0.11534406778882597, 0.15193422478531107, 0.13363914628706852], [0.6725497878208127, 0.5132524187918203, 0.6136998381436416, -0.36133407848799376, -0.2608866591361725, -0.5180361080268023, -0.12395945125889761, -0.02351203190707636, 0.20881120308676465, -0.04833806432939773, 0.15255677437424475, 0.05210935502242355], [0.31320120349563746, -0.4495009772570219, 0.3373733731414155, -0.33322874940767083, 0.4536456009907666, -0.32943599241003596, -0.388170946746408, 0.39870340365202944, -0.003491281432145241, -0.7865728950739597, 0.787175805722915, 0.000301455324477967]], "inverted": true, "swapped": false, "error_lsq": 0.05274245368909671, "error_max": 0.36202909420659546, "target": "122.xyz", "model": "14.xyz", "model_rescale": 4.509807766519439, "target_rescale": 4.1566507351565285},
{"mapping": [9, 4, 0, 7, 8, 3, 10, 2, 6, 5, 2, 11], "R": [[-0.08168957688957479, 0.9683649157930918, 0.2357884706440091], [0.6067019644425682, 0.23601117123443963, -0.7590859328126673], [-0.7907208985281288, 0.08104391965833416, -0.6067885494282851]], "T": [0.0621694158575635, 0.011534882795941712, -0.07450915196351464], "aligned_model": [[0.43032181593328156, -0.23075451659141613, 0.0007288609252256439, -0.3374594019793128, -0.2800045927384255, 0.31073276075211564, 0.6173689668759451, 0.12368560980945212, -0.5245065529219763, -0.043707365648752564, 0.12368560980945212, 0.18777601186788914], [0.6541797942044102, 0.6679726981894212, 0.6716386530037635, -0.3973371873708086, -0.34885127189216414, -0.6557145533560137, 0.05200929508941836, -0.053544054241022, 0.20483331174418318, 0.0658021990744294, -0.053544054241022, 0.0694681538887718], [-0.08171886206803365, -0.35585748411246015, 0.3831811618651224, -0.37197798571036206, 0.24336661283947486, 0.20312657573733078, -0.5630743290473774, 0.6844820427166746, 0.10937748126898174, -0.8372129510918038, 0.6844820427166746, -0.09817430511422123]], "inverted": false, "swapped": false, "error_lsq": 0.06104549684805796, "error_max": 0.4726837857389737, "target": "122.xyz", "model": "15.xyz", "model_rescale": 4.510870436145588, "target_rescale": 4.1566507351565285},
{"mapping": [9, 0, 4, 8, 7, 3, 2, 10, 6, 2, 5, 11], "R": [[0.08168957688957401, -0.9683649157930918, -0.23578847064400887], [-0.606701964442568, -0.236011171234439, 0.7590859328126675], [-0.7907208985281291, 0.08104391965833452, -0.6067885494282849]], "T": [0.062169415857563505, 0.011534882795941635, 0.07450915196351475], "aligned_model": [[0.4303218159332819, 0.0007288609252258452, -0.23075451659141552, -0.28000459273842576, -0.33745940197931285, 0.31073276075211503, 0.12368560980945173, 0.6173689668759452, -0.5245065529219761, 0.12368560980945173, -0.043707365648752196, 0.18777601186788914], [0.6541797942044096, 0.6716386530037634, 0.667972698189421, -0.34885127189216386, -0.39733718737080825, -0.6557145533560136, -0.05354405424102197, 0.052009295089418005, 0.20483331174418345, -0.05354405424102197, 0.06580219907442933, 0.0694681538887717], [0.08171886206803376, -0.38318116186512224, 0.35585748411246065, -0.2433666128394748, 0.37197798571036217, -0.20312657573733106, -0.6844820427166746, 0.5630743290473772, -0.10937748126898138, -0.6844820427166746, 0.8372129510918042, 0.09817430511422125]], "inverted": true, "swapped": false, "error_lsq": 0.06104549684805796, "error_max": 0.47268378573897407, "target": "122.xyz", "model": "16.xyz", "model_rescale": 4.510870436145588, "target_rescale": 4.1566507351565285},
{"mapping": [9, 4, 0, 7, 8, 3, 10, 2, 6, 5, 2, 11], "R": [[-0.08168957688957479, 0.9683649157930916, 0.23578847064400932], [0.606701964442568, 0.2360111712344398, -0.7590859328126671], [-0.7907208985281287, 0.08104391965833421, -0.6067885494282849]], "T": [0.062169415857563505, 0.011534882795941774, -0.0745091519635146], "aligned_model": [[0.43032181593328134, -0.23075451659141613, 0.0007288609252254566, -0.33745940197931257, -0.28000459273842526, 0.31073276075211576, 0.617368966875945, 0.12368560980945204, -0.5245065529219762, -0.04370736564875242, 0.12368560980945204, 0.1877760118678892], [0.65417979420441, 0.6679726981894208, 0.6716386530037632, -0.3973371873708085, -0.34885127189216425, -0.6557145533560135, 0.05200929508941853, -0.053544054241021884, 0.20483331174418307, 0.06580219907442936, -0.053544054241021884, 0.06946815388877164], [-0.08171886206803358, -0.35585748411246004, 0.3831811618651223, -0.37197798571036195, 0.24336661283947464, 0.20312657573733078, -0.5630743290473772, 0.6844820427166745, 0.10937748126898167, -0.8372129510918036, 0.6844820427166745, -0.09817430511422136]], "inverted": false, "swapped": false, "error_lsq": 0.06104549684805796, "error_max": 0.4726837857389737, "target": "122.xyz", "model": "17.xyz", "model_rescale": 4.510870436145588, "target_rescale": 4.1566507351565285},
{"mapping": [9, 3, 11, 6, 2, 8, 7, 10, 4, 5, 1, 12], "R": [[0.07020349995926842, -0.9064586302597686, -0.4164183235894561], [0.5927847599748137, 0.3736548078810197, -0.7134341685740884], [0.8022952679251396, -0.1967608603736583, 0.5635667368554909]], "T": [-0.021497714528859707, 0.04512205579461628, 0.10317969582956613], "aligned_model": [[0.7606769121263863, -0.29331611008216507, -0.3203197607981717, -0.3452842004656739, -0.20862897726566518, 0.27798109222239575, 0.6116374840266454, 0.42702052032213667, -0.626972501886415, -0.011627808661424044, -0.018326857983156336, 0.12502741453858465], [0.35443836302175874, 0.6766217949284211, 0.6231866994555194, -0.4035294793522504, -0.43700355686197817, -0.48515773058652256, 0.0864834700801875, -0.2172028376449512, 0.10498059426171119, 0.1681117213144596, 0.2713463016722794, 0.13463764380473195], [0.0063836883237187725, -0.36454902441726833, 0.25872980319126737, -0.3485870915475726, 0.4208881326595466, 0.00860699322822156, -0.44295249228923905, 0.45794317384117933, 0.08701046110019225, -0.8001465770650332, 0.7473442858329018, -0.030671352857914058]], "inverted": false, "swapped": false, "error_lsq": 0.05432914200512665, "error_max": 0.35763440300433436, "target": "122.xyz", "model": "18.xyz", "model_rescale": 4.466005644533647, "target_rescale": 4.1566507351565285},
{"mapping": [11, 1, 0, 5, 4, 6, 9, 8, 12, 3, 2, 13], "R": [[0.5547462822246686, 0.8316409686306119, -0.02509704470742026], [-0.8269887136933716, 0.5478289937565936, -0.12638457589207944], [-0.09135770236652772, 0.09086634632676707, 0.9916637924838908]], "T": [0.04974963530267372, 0.050886164220039255, -0.0023658963103187955], "aligned_model": [[0.44451703534526743, -0.26086472700652835, -0.28077849507038316, -0.4023518354019684, -0.4222656034658232, 0.22064032922921228, 0.6339514424785466, 0.6140376744146918, -0.5712908370658383, 0.15400450894262196, 0.11417697281491236, 0.13409074087876716], [0.5441692689577668, 0.6587408490922053, 0.558458399086472, -0.22695717836676885, -0.3272396283725021, -0.6490090520127857, 0.04334513359897049, -0.05693731640676277, 0.16901440333628873, 0.15472515173256082, -0.04583974827890571, 0.054442701726827566], [-0.32957805243042554, -0.3328280622476569, 0.45402803937964603, -0.44928837745640626, 0.33756772417089664, 0.3128298509196641, -0.3886123769692458, 0.39824372465805713, -0.003028109757599996, -0.7866342217162792, 0.7870779815383266, 0.00022187991102365443]], "inverted": true, "swapped": false, "error_lsq": 0.05296761801573483, "error_max": 0.3590638728916558, "target": "122.xyz", "model": "19.xyz", "model_rescale": 4.509807711582247, "target_rescale": 4.1566507351565285},
{"mapping": [6, 5, 4, 1, 0, 11, 9, 8, 12, 3, 2, 13], "R": [[-0.8231670846632607, -0.5673308770227681, -0.023057031542791956], [-0.5605098270634306, 0.8184149779691933, -0.1265924863528962], [0.09069004626921046, -0.09128307516874076, -0.9916868032274236]], "T": [0.05670845409252843, 0.08685712932083375, -0.002345563448325499], "aligned_model": [[0.47599306581466166, -0.258840883499328, -0.24054580598175926, -0.45789319264160133, -0.4395981151240326, 0.23933755986107377, 0.6018966018357691, 0.6201916793533379, -0.5635913959086549, 0.11534415327710182, 0.1519343083122394, 0.1336392307946706], [0.6725498431831276, 0.5132524925159712, 0.6136999133675958, -0.3613340095896326, -0.2608865887380081, -0.5180360610335533, -0.12395940992491755, -0.023511989073292994, 0.20881110082360482, -0.04833818999746725, 0.15255665170578178, 0.05210923085415728], [0.31320120226128395, -0.4495009914349632, 0.3373733685416806, -0.3332287623122905, 0.4536455976643533, -0.32943600148943214, -0.38817095506029486, 0.3987034049163489, -0.00349127120805553, -0.7865728906028535, 0.7871758293504336, 0.00030146937379009996]], "inverted": false, "swapped": false, "error_lsq": 0.05274246076021594, "error_max": 0.3620291313420594, "target": "122.xyz", "model": "20.xyz", "model_rescale": 4.509807711582248, "target_rescale": 4.1566507351565285},
{"mapping": [10, 11, 4, 2, 5, 7, 9, 8, 3, 0, 6, 12], "R": [[0.0702034999592683, -0.9064586302597686, 0.41641832358945646], [0.5927847599748137, 0.3736548078810198, 0.7134341685740884], [-0.8022952679251396, 0.19676086037365853, 0.5635667368554909]], "T": [-0.021497714528859777, 0.045122055794616256, -0.10317969582956608], "aligned_model": [[0.7606769121263868, -0.3203197607981717, -0.29331611008216507, -0.20862897726566543, -0.3452842004656739, 0.2779810922223957, 0.42702052032213667, 0.6116374840266458, -0.626972501886415, -0.018326857983156447, -0.011627808661423863, 0.12502741453858474], [0.35443836302175863, 0.6231866994555195, 0.6766217949284212, -0.43700355686197817, -0.40352947935225025, -0.48515773058652245, -0.21720283764495119, 0.08648347008018736, 0.10498059426171141, 0.2713463016722797, 0.16811172131445956, 0.13463764380473198], [-0.006383688323718925, -0.25872980319126726, 0.36454902441726855, -0.4208881326595466, 0.34858709154757284, -0.008606993228221504, -0.45794317384117944, 0.44295249228923894, -0.08701046110019195, -0.7473442858329018, 0.8001465770650333, 0.030671352857914128]], "inverted": false, "swapped": false, "error_lsq": 0.05432914200512667, "error_max": 0.3576344030043347, "target": "122.xyz", "model": "21.xyz", "model_rescale": 4.466005644533646, "target_rescale": 4.1566507351565285},
{"mapping": [9, 3, 11, 6, 2, 8, 7, 10, 4, 5, 1, 12], "R": [[0.07020361347160341, -0.9064586189358914, -0.4164183291023176], [0.5927847162790756, 0.3736548856929174, -0.7134341641271105], [0.8022952902775047, -0.19676076477450793, 0.5635667384115968]], "T": [-0.021497708218159065, 0.045122054629434985, 0.10317969986452087], "aligned_model": [[0.7606768382849154, -0.2933159969264317, -0.32032000439147157, -0.3452841678597897, -0.20862908308339861, 0.27798115430726406, 0.6116375532128115, 0.42702043937936784, -0.6269723958319793, -0.011627768954242154, -0.018326677865716803, 0.12502731582214904], [0.3544383517937041, 0.6766217999055216, 0.6231868435424012, -0.4035294799072551, -0.4370035211586976, -0.4851577959208969, 0.08648340578123122, -0.21720284990842398, 0.10498059820339355, 0.168111721794873, 0.2713462294240852, 0.1346376805434306], [0.006383617295385072, -0.36454894858752934, 0.25872979567780946, -0.3485870628310887, 0.4208881101903368, 0.008606967475409219, -0.44295252292145953, 0.4579431076922538, 0.0870105418093395, -0.8001465532279575, 0.7473443276340336, -0.03067138020653208]], "inverted": false, "swapped": false, "error_lsq": 0.05432913652768112, "error_max": 0.3576343668798148, "target": "122.xyz", "model": "22.xyz", "model_rescale": 4.46600560860683, "target_rescale": 4.1566507351565285},
{"mapping": [10, 0, 1, 4, 5, 7, 8, 9, 12, 2, 3, 13], "R": [[-0.5547462222070322, -0.8316410086504248, -0.025097045203175593], [0.8269887529667185, -0.5478289337385481, -0.12638457906500206], [0.09135771129783385, -0.0908663418972594, 0.9916637920669648]], "T": [0.04974963384366694, 0.05088616274097682, -0.0023658965986099174], "aligned_model": [[0.44451697744576885, -0.26086459814096213, -0.2807783667624835, -0.4023517721427602, -0.4222655407642816, 0.22064037397632447, 0.6339515341705273, 0.6140377655490059, -0.5712911118048641, 0.15400441681058902, 0.11417687956754616, 0.13409064818906757], [0.5441691841776233, 0.6587409372684884, 0.5584584839177499, -0.22695708678086243, -0.32723954013160095, -0.6490090123479594, 0.04334515289025752, -0.05693730046048098, 0.16901426510192874, 0.1547250868368126, -0.0458398198646644, 0.054442633486074095], [-0.329578066426294, -0.3328280494615135, 0.4540280583269579, -0.44928836884965473, 0.3375677389388167, 0.3128298583237888, -0.3886123754482101, 0.3982437323402613, -0.0030281343239076794, -0.7866342389285527, 0.7870779766483901, 0.00022186885991871703]], "inverted": false, "swapped": false, "error_lsq": 0.05296761816272757, "error_max": 0.35906392554337263, "target": "122.xyz", "model": "23.xyz", "model_rescale": 4.509807674373902, "target_rescale": 4.1566507351565285},
{"mapping": [6, 5, 4, 1, 0, 11, 9, 8, 12, 3, 2, 13], "R": [[-0.8231670464650025, -0.5673309324068756, -0.023057032515687907], [-0.5605098817691103, 0.8184149400466718, -0.12659248930161898], [0.09069005487517581, -0.09128307095375135, -0.9916868028283881]], "T": [0.05670845336033841, 0.08685713111117943, -0.0023455637265086984], "aligned_model": [[0.4759930954186842, -0.25884085658052003, -0.24054577814004263, -0.4578931080021201, -0.4395980295616427, 0.2393375349283252, 0.6018966788853826, 0.62019175732586, -0.5635915985924683, 0.11534409169686252, 0.15193424857781737, 0.13363917013733995], [0.6725497874485019, 0.5132523854298738, 0.6136998094499687, -0.3613341369856673, -0.2608867129655724, -0.5180359617969016, -0.12395946484336645, -0.02351204082327156, 0.20881133450922584, -0.048338095796569586, 0.15255675224362014, 0.05210932822352529], [0.3132012098958764, -0.4495009828964981, 0.33737338325566046, -0.33322874968061256, 0.453645616471546, -0.32943601545721485, -0.3881709532718177, 0.39870341288034084, -0.003491296147627154, -0.7865729078353758, 0.7871758244689406, 0.00030145831678250225]], "inverted": false, "swapped": false, "error_lsq": 0.05274245975842223, "error_max": 0.36202918386235794, "target": "122.xyz", "model": "24.xyz", "model_rescale": 4.509807674373903, "target_rescale": 4.1566507351565285},
{"mapping": [10, 11, 4, 2, 5, 7, 9, 8, 3, 0, 6, 12], "R": [[0.07020361347160348, -0.9064586189358915, 0.41641832910231785], [0.5927847162790759, 0.37365488569291755, 0.7134341641271102], [-0.8022952902775047, 0.19676076477450816, 0.5635667384115971]], "T": [-0.021497708218159134, 0.045122054629435006, -0.10317969986452086], "aligned_model": [[0.7606768382849158, -0.3203200043914717, -0.29331599692643184, -0.2086290830833988, -0.34528416785979, 0.2779811543072641, 0.42702043937936807, 0.6116375532128119, -0.6269723958319795, -0.01832667786571679, -0.011627768954242196, 0.1250273158221491], [0.354438351793704, 0.6231868435424014, 0.6766217999055216, -0.4370035211586975, -0.40352947990725513, -0.485157795920897, -0.21720284990842384, 0.08648340578123084, 0.10498059820339384, 0.27134622942408565, 0.1681117217948727, 0.13463768054343056], [-0.006383617295385058, -0.2587297956778093, 0.3645489485875296, -0.42088811019033695, 0.3485870628310888, -0.008606967475409316, -0.457943107692254, 0.44295252292145965, -0.08701054180933931, -0.7473443276340337, 0.8001465532279577, 0.030671380206532206]], "inverted": false, "swapped": false, "error_lsq": 0.05432913652768112, "error_max": 0.35763436687981515, "target": "122.xyz", "model": "25.xyz", "model_rescale": 4.466005608606829, "target_rescale": 4.1566507351565285},
{"mapping": [9, 3, 11, 6, 2, 8, 7, 10, 4, 5, 1, 12], "R": [[0.07020344671490304, -0.9064586365194196, -0.4164183189398643], [0.5927847751339512, 0.37365477106698164, -0.713434175259549], [0.8022952613836998, -0.19676090144700092, 0.5635667318277623]], "T": [-0.021497711272014816, 0.04512208983087839, 0.10317973464625148], "aligned_model": [[0.7606768658698314, -0.29331609250850815, -0.3203197800089405, -0.34528415677765656, -0.20862896816130028, 0.2779810980504587, 0.6116374716668672, 0.42702049225342276, -0.6269724661249167, -0.011627783161247948, -0.018326880459640288, 0.12502740545510843], [0.35443834488210824, 0.6766218505276216, 0.6231866333799915, -0.4035295113510854, -0.43700357029074166, -0.4851577302643466, 0.08648345098130955, -0.21720283636354798, 0.10498066928196545, 0.16811166989457077, 0.27134640246060693, 0.1346376109549146], [0.0063836670762490305, -0.3645488959441923, 0.25872972478949124, -0.3485871285396961, 0.420888068149171, 0.008606966253649276, -0.44295249566247513, 0.4579431289923735, 0.08701056597193214, -0.8001465904558205, 0.7473443831362718, -0.030671393766953506]], "inverted": false, "swapped": false, "error_lsq": 0.05432914451711874, "error_max": 0.35763438971949074, "target": "122.xyz", "model": "26.xyz", "model_rescale": 4.466005838112752, "target_rescale": 4.1566507351565285},
{"mapping": [10, 0, 1, 4, 5, 7, 8, 9, 12, 2, 3, 13], "R": [[-0.554746329491747, -0.8316409370126443, -0.025097047638423277], [0.8269886827808899, -0.547829040536512, -0.12638457539262343], [0.09135769517540995, -0.09086635367161972, 0.9916637924733671]], "T": [0.049749615333775074, 0.05088619669437887, -0.0023658926118118504], "aligned_model": [[0.44451703665521985, -0.2608648267075878, -0.280778596295747, -0.4023518785987343, -0.42226564818689344, 0.22064039992728973, 0.6339514648277425, 0.6140376952395832, -0.5712907771519273, 0.15400454838300334, 0.114177009206685, 0.13409077879484416], [0.5441692113877937, 0.6587409307513451, 0.558458485177434, -0.22695706921857456, -0.32723951479248553, -0.6490090728788701, 0.0433451066853966, -0.05693733888851439, 0.1690143045647027, 0.15472509267562407, -0.04583979847219795, 0.05444264710171304], [-0.3295780426549542, -0.3328280394268365, 0.4540280305278276, -0.44928834967551173, 0.33756772027915233, 0.31282983487619553, -0.38861236194273063, 0.39824370801193343, -0.0030281226593926363, -0.786634195733225, 0.7870779441761031, 0.00022187422143911395]], "inverted": false, "swapped": false, "error_lsq": 0.05296762461935992, "error_max": 0.3590638792249923, "target": "122.xyz", "model": "27.xyz", "model_rescale": 4.509807893063789, "target_rescale": 4.1566507351565285},
{"mapping": [6, 5, 4, 1, 0, 11, 9, 8, 12, 3, 2, 13], "R": [[-0.8231671189459239, -0.5673308273892635, -0.023057028864991832], [-0.5605097779008404, 0.8184150115366544, -0.12659248701644457], [0.09069003894484735, -0.09128308268935612, -0.9916868032049789]], "T": [0.0567084235003772, 0.08685710654647533, -0.002345559770992521], "aligned_model": [[0.4759931412125986, -0.25884096268428564, -0.24054588802769433, -0.4578933170492332, -0.4395982423926419, 0.2393375805615721, 0.6018966319976421, 0.6201917066542334, -0.5635913030071318, 0.1153442116195483, 0.1519343609327309, 0.1336392862761396], [0.6725498346842447, 0.513252408296051, 0.6136998256320243, -0.361334046533084, -0.2608866291971106, -0.5180360088599929, -0.12395939530153918, -0.023511977965565783, 0.20881117218904244, -0.048338150286207776, 0.15255668438573897, 0.05210926704976561], [0.31320118630034915, -0.4495009638324982, 0.3373733644613131, -0.33322873964306393, 0.4536455886507474, -0.3294359915824984, -0.3881709398659325, 0.39870338842787884, -0.0034912841758721787, -0.7865728645406186, 0.7871757920470034, 0.00030146375319242257]], "inverted": false, "swapped": false, "error_lsq": 0.05274246893105699, "error_max": 0.3620291353482421, "target": "122.xyz", "model": "28.xyz", "model_rescale": 4.5098078930637895, "target_rescale": 4.1566507351565285},
{"mapping": [10, 11, 4, 2, 5, 7, 9, 8, 3, 0, 6, 12], "R": [[0.07020344671490311, -0.9064586365194194, 0.4164183189398645], [0.5927847751339514, 0.37365477106698164, 0.7134341752595483], [-0.8022952613836991, 0.19676090144700115, 0.5635667318277626]], "T": [-0.021497711272014858, 0.04512208983087842, -0.10317973464625142], "aligned_model": [[0.7606768658698313, -0.32031978000894035, -0.293316092508508, -0.20862896816130036, -0.34528415677765656, 0.27798109805045856, 0.42702049225342265, 0.6116374716668672, -0.6269724661249166, -0.018326880459640246, -0.011627783161247962, 0.1250274054551084], [0.35443834488210774, 0.6231866333799915, 0.6766218505276211, -0.43700357029074116, -0.4035295113510854, -0.4851577302643465, -0.21720283636354762, 0.08648345098130897, 0.10498066928196575, 0.2713464024606074, 0.16811166989457008, 0.13463761095491455], [-0.006383667076248892, -0.2587297247894907, 0.3645488959441926, -0.4208880681491711, 0.34858712853969587, -0.00860696625364954, -0.4579431289923734, 0.44295249566247497, -0.08701056597193194, -0.7473443831362712, 0.8001465904558204, 0.030671393766953617]], "inverted": false, "swapped": false, "error_lsq": 0.05432914451711875, "error_max": 0.3576343897194911, "target": "122.xyz", "model": "29.xyz", "model_rescale": 4.466005838112752, "target_rescale": 4.1566507351565285},
