[{"mapping": [10, 1, 7, 8, 4, 2, 3, 9, 5, 3, 6, 11], "R": [[0.08168960680316578, -0.9683649112052037, -0.23578847912245926], [-0.606701991781916, -0.23601119307273738, 0.7590859041717475], [-0.7907208744608936, 0.08104391088120916, -0.6067885819631732]], "T": [0.06216952994459883, 0.011534850348948716, 0.07450905203070622], "aligned_model": [[0.4303219812847277, 0.0007288369412672552, -0.23075473133967822, -0.28000456988969485, -0.3374593661939546, 0.31073277819948286, 0.1236856359722253, 0.6173691235119853, -0.5245065084212122, 0.1236856359722253, -0.04370758911242065, 0.1877759791685248], [0.6541798118324513, 0.6716387230344628, 0.667972603275035, -0.3488511196182098, -0.3973371441593022, -0.6557146280845723, -0.053544201400671815, 0.05200938514855083, 0.2048332825245982, -0.053544201400671815, 0.06580217659113449, 0.06946829635056245], [0.08171882295645234, -0.383180977780772, 0.35585744579943357, -0.2433664073991062, 0.37197796582309745, -0.2031267020657722, -0.6844821551173828, 0.5630742760080628, -0.10937748722851305, -0.6844821551173828, 0.8372128988510441, 0.09817447527083845]], "inverted": false, "swapped": false, "error_lsq": 0.061045510153919486, "error_max": 0.47268382406310777, "target": "123.xyz", "model": "0.xyz", "model_rescale": 4.5108708085295355, "target_rescale": 4.1566507351565285},
{"mapping": [9, 0, 6, 8, 5, 3, 2, 10, 4, 2, 7, 11], "R": [[-0.08168960680316706, 0.9683649112052037, -0.23578847912245984], [0.6067019917819155, 0.23601119307273855, 0.7590859041717477], [0.7907208744608942, -0.08104391088120838, -0.606788581963173]], "T": [0.062169529944598845, 0.011534850348948772, 0.07450905203070617], "aligned_model": [[0.430321981284727, 0.0007288369412667695, -0.2307547313396791, -0.2800045698896942, -0.3374593661939543, 0.31073277819948386, 0.12368563597222593, 0.6173691235119849, -0.5245065084212122, 0.12368563597222593, -0.0437075891124212, 0.1877759791685247], [0.6541798118324516, 0.6716387230344631, 0.6679726032750343, -0.3488511196182099, -0.39733714415930277, -0.6557146280845718, -0.053544201400671426, 0.052009385148551274, 0.20483328252459754, -0.053544201400671426, 0.06580217659113399, 0.0694682963505627], [0.08171882295645318, -0.38318097778077176, 0.355857445799434, -0.24336640739910692, 0.37197796582309683, -0.20312670206577266, -0.6844821551173828, 0.5630742760080633, -0.10937748722851327, -0.6844821551173828, 0.8372128988510441, 0.09817447527083845]], "inverted": true, "swapped": false, "error_lsq": 0.06104551015391948, "error_max": 0.4726838240631072, "target": "123.xyz", "model": "1.xyz", "model_rescale": 4.510870808529536, "target_rescale": 4.1566507351565285},
{"mapping": [10, 1, 7, 8, 4, 2, 3, 9, 5, 3, 6, 11], "R": [[0.08168960680316628, -0.9683649112052037, -0.2357884791224591], [-0.6067019917819163, -0.2360111930727375, 0.7590859041717473], [-0.7907208744608933, 0.08104391088120871, -0.6067885819631738]], "T": [0.06216952994459881, 0.011534850348948744, 0.07450905203070628], "aligned_model": [[0.43032198128472754, 0.0007288369412673731, -0.23075473133967847, -0.28000456988969474, -0.3374593661939547, 0.3107327781994831, 0.12368563597222568, 0.6173691235119849, -0.5245065084212122, 0.12368563597222568, -0.04370758911242104, 0.18777597916852468], [0.6541798118324513, 0.6716387230344627, 0.667972603275035, -0.3488511196182098, -0.3973371441593022, -0.6557146280845725, -0.05354420140067212, 0.05200938514855108, 0.2048332825245981, -0.05354420140067212, 0.0658021765911348, 0.06946829635056273], [0.08171882295645234, -0.3831809777807723, 0.3558574457994332, -0.24336640739910637, 0.3719779658230975, -0.20312670206577182, -0.6844821551173829, 0.5630742760080633, -0.10937748722851344, -0.6844821551173829, 0.8372128988510441, 0.09817447527083836]], "inverted": false, "swapped": false, "error_lsq": 0.061045510153919486, "error_max": 0.4726838240631075, "target": "123.xyz", "model": "2.xyz", "model_rescale": 4.5108708085295355, "target_rescale": 4.1566507351565285},
{"mapping": [11, 2, 3, 4, 5, 7, 9, 10, 8, 0, 1, 13], "R": [[-0.5547462025188288, -0.8316410218110807, -0.025097044287335765], [0.8269887658561305, -0.5478289142202453, -0.12638457932841798], [0.09135771417178054, -0.09086633912119998, 0.9916637920565712]], "T": [0.04974955618364252, 0.0508861781292005, -0.002365896625631849], "aligned_model": [[0.444516904028236, -0.26086465815152055, -0.28077842574310646, -0.4023518511573329, -0.4222656187489188, 0.22064027858340649, 0.6339516303378786, 0.6140378627462927, -0.571290992841809, 0.15400445993836978, 0.11417692475519803, 0.1340906923467839], [0.5441691831066445, 0.6587409509445891, 0.5584584989119222, -0.22695705621026724, -0.3272395082429341, -0.6490089905667789, 0.043345276543139064, -0.0569371754895278, 0.16901441468431427, 0.1547249155034221, -0.045839988561911585, 0.05444246347075525], [-0.3295780625883991, -0.33282804272299676, 0.45402805307511424, -0.4492883605447591, 0.3375677352533518, 0.31282985223010656, -0.3886123517313786, 0.39824374406673235, -0.0030281116672189515, -0.7866342475882949, 0.7870779440079266, 0.00022184820981576694]], "inverted": false, "swapped": false, "error_lsq": 0.052967629899128434, "error_max": 0.3590639434985661, "target": "123.xyz", "model": "3.xyz", "model_rescale": 4.509807743048502, "target_rescale": 4.1566507351565285},
{"mapping": [6, 5, 4, 3, 2, 12, 10, 9, 8, 1, 0, 13], "R": [[-0.823167035569876, -0.5673309481683277, -0.023057033667164526], [-0.5605098973702562, 0.8184149294228741, -0.12659248890726865], [0.09069005734416254, -0.09128306824476383, -0.9916868028519561]], "T": [0.05670837562612391, 0.08685714567583437, -0.0023455638021428866], "aligned_model": [[0.4759930013793406, -0.2588409391473955, -0.24054586007184953, -0.45789317062780716, -0.43959809155226126, 0.2393374646543307, 0.6018967212476869, 0.6201918003232327, -0.5635915433856942, 0.11534419534908573, 0.15193435350017753, 0.13363927442463164], [0.6725498007383801, 0.513252387923943, 0.6136998101015358, -0.3613341250249815, -0.2608867028473887, -0.5180359343030634, -0.12395961793777431, -0.023512195760181473, 0.2088111540441317, -0.048337953124671165, 0.15255689123051458, 0.05210946905292173], [0.313201204008569, -0.44950097468027334, 0.33737337950819385, -0.3332287432558979, 0.4536456109325693, -0.3294360117095175, -0.38817092935306774, 0.39870342483539944, -0.003491273649141061, -0.7865729164007457, 0.7871757919761893, 0.0003014377877219535]], "inverted": false, "swapped": false, "error_lsq": 0.05274247005729157, "error_max": 0.362029206304777, "target": "123.xyz", "model": "4.xyz", "model_rescale": 4.509807743048502, "target_rescale": 4.1566507351565285},
{"mapping": [11, 2, 3, 4, 5, 7, 9, 10, 8, 0, 1, 13], "R": [[-0.5547462025188282, -0.831641021811081, -0.025097044287335776], [0.8269887658561308, -0.5478289142202447, -0.12638457932841796], [0.09135771417178057, -0.09086633912119993, 0.9916637920565711]], "T": [0.049749556183642504, 0.0508861781292005, -0.0023658966256319297], "aligned_model": [[0.4445169040282363, -0.2608646581515201, -0.280778425743106, -0.40235185115733313, -0.42226561874891905, 0.220640278583406, 0.6339516303378786, 0.6140378627462927, -0.5712909928418088, 0.15400445993836975, 0.11417692475519801, 0.1340906923467839], [0.5441691831066443, 0.6587409509445893, 0.5584584989119225, -0.22695705621026696, -0.3272395082429338, -0.649008990566779, 0.04334527654313868, -0.05693717548952813, 0.16901441468431466, 0.154724915503422, -0.04583998856191161, 0.05444246347075516], [-0.32957806258839906, -0.33282804272299665, 0.4540280530751141, -0.44928836054475907, 0.3375677352533517, 0.31282985223010645, -0.3886123517313786, 0.3982437440667322, -0.003028111667218698, -0.7866342475882949, 0.7870779440079264, 0.0002218482098159751]], "inverted": false, "swapped": false, "error_lsq": 0.052967629899128434, "error_max": 0.359063943498566, "target": "123.xyz", "model": "5.xyz", "model_rescale": 4.509807743048502, "target_rescale": 4.1566507351565285},
{"mapping": [11, 2, 3, 4, 5, 7, 9, 10, 8, 0, 1, 13], "R": [[-0.5547462627268355, -0.8316409815591339, -0.025097047275906947], [0.826988726451561, -0.5478289738922922, -0.1263845785139292], [0.09135770527237505, -0.09086634776130544, 0.9916637920847404]], "T": [0.049749573799622054, 0.05088618878017816, -0.002365894749046616], "aligned_model": [[0.44451699627304675, -0.26086478296202387, -0.2807785536166082, -0.40235191617409805, -0.4222656868286824, 0.22064044053562815, 0.6339513968547169, 0.6140376262001327, -0.5712907286193043, 0.15400457546480778, 0.11417703415563923, 0.1340908048102235], [0.5441692989795011, 0.6587408989032744, 0.5584584440338206, -0.22695714943172574, -0.3272396043011795, -0.6490089304457656, 0.04334514545374905, -0.05693730941570471, 0.16901456726642106, 0.15472499588644584, -0.04583991385246164, 0.0544425410169921], [-0.32957805851448385, -0.3328280677622934, 0.4540280553876451, -0.4492883890147162, 0.33756773413522234, 0.3128298790407148, -0.38861238639167195, 0.3982437367582666, -0.003028087429444006, -0.7866342618863517, 0.7870779844135251, 0.00022186126358671177]], "inverted": false, "swapped": false, "error_lsq": 0.052967622571802576, "error_max": 0.3590638815722275, "target": "123.xyz", "model": "6.xyz", "model_rescale": 4.509807586411629, "target_rescale": 4.1566507351565285},
{"mapping": [6, 5, 4, 3, 2, 12, 10, 9, 8, 1, 0, 13], "R": [[-0.8231670708685642, -0.5673308970953457, -0.023057030135267855], [-0.5605098468071952, 0.8184149638691984, -0.12659249008986798], [0.09069004945330471, -0.0912830768322865, -0.9916868027831106]], "T": [0.05670838785453068, 0.08685712948363873, -0.002345561946241284], "aligned_model": [[0.47599312329128074, -0.2588409696276246, -0.24054589271910132, -0.45789326281278786, -0.4395981859042646, 0.23933751286187321, 0.6018965552093367, 0.62019163211786, -0.5635913565338845, 0.11534427316174019, 0.15193442697878673, 0.13363935007026345], [0.6725496893425197, 0.5132524954016577, 0.6136999220063981, -0.36133403545044024, -0.26088660884569986, -0.518036074262349, -0.12395940358018952, -0.023511976975449142, 0.20881090779629985, -0.048338070384534096, 0.15255678282494675, 0.05210935622020635], [0.3132012301792586, -0.4495010031767795, 0.3373733782871711, -0.3332287676902406, 0.45364561377371, -0.32943600743686613, -0.3881709645117539, 0.3987034169521967, -0.0034912488405472253, -0.7865729306426674, 0.7871758322852344, 0.00030145082128361315]], "inverted": false, "swapped": false, "error_lsq": 0.05274246707258229, "error_max": 0.3620291432191324, "target": "123.xyz", "model": "7.xyz", "model_rescale": 4.509807586411629, "target_rescale": 4.1566507351565285},
{"mapping": [11, 2, 3, 4, 5, 7, 9, 10, 8, 0, 1, 13], "R": [[-0.554746262726835, -0.8316409815591342, -0.025097047275907], [0.8269887264515613, -0.5478289738922918, -0.12638457851392915], [0.09135770527237502, -0.09086634776130538, 0.9916637920847405]], "T": [0.04974957379962204, 0.05088618878017816, -0.0023658947490466857], "aligned_model": [[0.4445169962730471, -0.2608647829620236, -0.2807785536166079, -0.40235191617409827, -0.4222656868286826, 0.22064044053562776, 0.6339513968547168, 0.6140376262001326, -0.5712907286193043, 0.1540045754648078, 0.11417703415563918, 0.13409080481022348], [0.5441692989795007, 0.6587408989032746, 0.5584584440338209, -0.2269571494317255, -0.3272396043011792, -0.6490089304457656, 0.04334514545374871, -0.05693730941570499, 0.1690145672664214, 0.15472499588644573, -0.045839913852461625, 0.05444254101699202], [-0.32957805851448396, -0.3328280677622935, 0.45402805538764507, -0.4492883890147162, 0.3375677341352224, 0.3128298790407148, -0.38861238639167206, 0.3982437367582665, -0.0030280874294437692, -0.7866342618863519, 0.7870779844135251, 0.0002218612635869325]], "inverted": false, "swapped": false, "error_lsq": 0.052967622571802576, "error_max": 0.3590638815722276, "target": "123.xyz", "model": "8.xyz", "model_rescale": 4.509807586411629, "target_rescale": 4.1566507351565285},
{"mapping": [10, 3, 2, 7, 6, 4, 12, 11, 8, 1, 0, 13], "R": [[-0.5547461473942464, -0.8316410583984433, -0.025097050367681218], [0.8269888019127829, -0.5478288582256828, -0.12638458610924355], [0.09135772250938126, -0.09086634184923272, 0.9916637910384937]], "T": [0.04974958642295151, 0.050886129919070225, -0.002365902046767022], "aligned_model": [[0.44451689493874735, -0.26086469695682757, -0.28077847042645765, -0.4023517721216682, -0.4222655455912983, 0.2206403643287272, 0.6339515978777142, 0.614037824408084, -0.571291079817981, 0.15400446995444272, 0.11417692301518254, 0.13409069648481262], [0.5441690768293609, 0.6587408975929859, 0.5584584348748395, -0.22695702455491684, -0.3272394872730633, -0.6490090290969001, 0.04334513169601478, -0.05693733102213168, 0.16901435322826464, 0.1547251166577841, -0.045839808778508795, 0.05444265393963765], [-0.32957809211212624, -0.3328280697984852, 0.4540280668176886, -0.44928838084737843, 0.3375677557687954, 0.3128298671973738, -0.38861238908582507, 0.39824374753034875, -0.0030281247438228905, -0.7866342635250301, 0.7870780097073173, 0.00022187309114366383]], "inverted": true, "swapped": false, "error_lsq": 0.052967627277470064, "error_max": 0.35906400217447443, "target": "123.xyz", "model": "9.xyz", "model_rescale": 4.509807504472865, "target_rescale": 4.1566507351565285},
{"mapping": [4, 7, 6, 3, 2, 10, 12, 11, 8, 1, 0, 13], "R": [[0.8231670000569608, 0.5673309998276823, -0.023057030419073615], [0.5605099482199707, -0.8184148932295093, -0.1265924977499717], [-0.09069006540779073, 0.09128307167626051, -0.9916868017986714]], "T": [0.05670842171862808, 0.08685717903771356, -0.0023455691753486584], "aligned_model": [[0.47599309737857753, -0.25884087564700886, -0.24054579818089047, -0.4578931881637014, -0.43959811069758303, 0.2393374938296728, 0.6018967446586831, 0.6201918221248015, -0.5635916006468359, 0.11534412967980266, 0.1519342846120394, 0.13363920714592104], [0.6725498029467498, 0.5132523300171978, 0.6136997645250368, -0.3613340593163868, -0.2608866248085478, -0.5180358332125607, -0.12395947374377753, -0.023512039235938587, 0.20881124575837595, -0.04833814412009965, 0.1525567248955783, 0.05210929038773934], [0.31320121910163007, -0.44950099528182585, 0.3373733996977343, -0.33322877048321353, 0.4536456244963466, -0.3294360408545511, -0.3881709662551969, 0.3987034287243632, -0.0034912871885781765, -0.7865729322984635, 0.7871758576606573, 0.0003014626810971142]], "inverted": false, "swapped": false, "error_lsq": 0.05274247061341153, "error_max": 0.36202926061324586, "target": "123.xyz", "model": "10.xyz", "model_rescale": 4.509807504472865, "target_rescale": 4.1566507351565285},
{"mapping": [5, 6, 7, 2, 3, 9, 11, 12, 8, 0, 1, 13], "R": [[-0.8231670000569612, -0.5673309998276818, -0.02305703041907354], [-0.5605099482199704, 0.8184148932295098, -0.12659249774997144], [0.09069006540779045, -0.0912830716762604, -0.9916868017986714]], "T": [0.056708421718628096, 0.08685717903771353, -0.0023455691753487494], "aligned_model": [[0.475993097378578, -0.25884087564700853, -0.24054579818089017, -0.45789318816370184, -0.4395981106975835, 0.2393374938296725, 0.601896744658683, 0.6201918221248014, -0.5635916006468359, 0.11534412967980272, 0.15193428461203934, 0.13363920714592104], [0.6725498029467495, 0.5132523300171982, 0.6136997645250369, -0.3613340593163865, -0.26088662480854774, -0.518035833212561, -0.12395947374377783, -0.02351203923593906, 0.20881124575837628, -0.048338144120099485, 0.15255672489557803, 0.052109290387739295], [0.3132012191016304, -0.44950099528182585, 0.33737339969773444, -0.3332287704832138, 0.45364562449634654, -0.32943604085455125, -0.3881709662551969, 0.3987034287243634, -0.003491287188578149, -0.7865729322984634, 0.7871758576606571, 0.0003014626810972222]], "inverted": true, "swapped": false, "error_lsq": 0.052742470613411536, "error_max": 0.36202926061324603, "target": "123.xyz", "model": "11.xyz", "model_rescale": 4.509807504472865, "target_rescale": 4.1566507351565285},
{"mapping": [9, 2, 3, 6, 7, 5, 11, 12, 8, 0, 1, 13], "R": [[0.5547462568183839, 0.8316409856214027, -0.025097043265173535], [-0.8269887303214698, 0.5478289686043429, -0.1263845761126952], [-0.09135770611872643, 0.09086634246278463, 0.9916637924922744]], "T": [0.04974969586803728, 0.05088620443403999, -0.0023658896838503487], "aligned_model": [[0.44451710423485796, -0.2608646460886031, -0.2807784127654937, -0.4023517800689866, -0.42226554674587713, 0.2206403682894718, 0.633951493654827, 0.6140377269779365, -0.5712909497858657, 0.15400438280729414, 0.11417684945351306, 0.1340906161304036], [0.5441692915881914, 0.6587408915878769, 0.5584584426287037, -0.22695712070312016, -0.3272395696622934, -0.6490090087334248, 0.04334515667956397, -0.056937292279609225, 0.16901433935289567, 0.15472506683736753, -0.04583983108097883, 0.05444261787819435], [-0.32957804342234914, -0.3328280493519983, 0.4540280426967002, -0.4492883632654209, 0.3375677287832776, 0.3128298521120996, -0.38861236873851274, 0.3982437233101858, -0.0030281198667775843, -0.7866342261344333, 0.7870779579629633, 0.0002218659142649176]], "inverted": false, "swapped": false, "error_lsq": 0.052967611580381456, "error_max": 0.35906383857849183, "target": "123.xyz", "model": "12.xyz", "model_rescale": 4.509807766519439, "target_rescale": 4.1566507351565285},
{"mapping": [4, 7, 6, 3, 2, 10, 12, 11, 8, 1, 0, 13], "R": [[0.8231670681142322, 0.5673309009728871, -0.02305703305959545], [0.5605098507683044, -0.818414961788218, -0.12659248600482875], [-0.09069004997193558, 0.09128307139049313, -0.9916868032365894]], "T": [0.05670849531094338, 0.08685706938727764, -0.0023455567896419308], "aligned_model": [[0.47599308676295493, -0.2588408529894405, -0.2405457744911981, -0.4578931340157901, -0.4395980555175477, 0.23933761450810817, 0.6018966404572097, 0.620191718955452, -0.5635914764374763, 0.11534406778882612, 0.15193422478531093, 0.13363914628706852], [0.6725497878208128, 0.5132524187918203, 0.6136998381436416, -0.3613340784879938, -0.26088665913617237, -0.5180361080268024, -0.12395945125889768, -0.023512031907076292, 0.20881120308676465, -0.048338064329397884, 0.15255677437424495, 0.052109355022423545], [0.31320120349563724, -0.44950097725702204, 0.3373733731414152, -0.3332287494076708, 0.45364560099076645, -0.32943599241003574, -0.3881709467464078, 0.39870340365202944, -0.00349128143214553, -0.7865728950739598, 0.7871758057229152, 0.0003014553244778378]], "inverted": false, "swapped": false, "error_lsq": 0.05274245368909671, "error_max": 0.3620290942065952, "target": "123.xyz", "model": "13.xyz", "model_rescale": 4.509807766519439, "target_rescale": 4.1566507351565285},
{"mapping": [5, 6, 7, 2, 3, 9, 11, 12, 8, 0, 1, 13], "R": [[-0.8231670681142321, -0.5673309009728871, -0.023057033059595652], [-0.5605098507683044, 0.818414961788218, -0.12659248600482856], [0.09069004997193562, -0.09128307139049287, -0.9916868032365894]], "T": [0.05670849531094338, 0.08685706938727762, -0.00234555678964205], "aligned_model": [[0.47599308676295493, -0.2588408529894406, -0.24054577449119804, -0.4578931340157901, -0.4395980555175476, 0.23933761450810812, 0.6018966404572096, 0.6201917189554521, -0.5635914764374763, 0.11534406778882597, 0.15193422478531107, 0.13363914628706852], [0.6725497878208127, 0.5132524187918203, 0.6136998381436416, -0.36133407848799376, -0.2608866591361725, -0.5180361080268023, -0.12395945125889761, -0.02351203190707636, 0.20881120308676465, -0.04833806432939773, 0.15255677437424475, 0.05210935502242355], [0.3132012034956374, -0.449500977257022, 0.33737337314141547, -0.3332287494076709, 0.45364560099076656, -0.329435992410036, -0.38817094674640806, 0.3987034036520294, -0.003491281432145315, -0.7865728950739598, 0.7871758057229149, 0.0003014553244778933]], "inverted": true, "swapped": false, "error_lsq": 0.05274245368909671, "error_max": 0.36202909420659546, "target": "123.xyz", "model": "14.xyz", "model_rescale": 4.509807766519439, "target_rescale": 4.1566507351565285},
{"mapping": [10, 1, 5, 8, 6, 2, 3, 9, 7, 3, 4, 11], "R": [[-0.08168957688957473, 0.9683649157930917, -0.23578847064400935], [0.6067019644425679, 0.23601117123443988, 0.7590859328126673], [0.790720898528129, -0.0810439196583343, -0.6067885494282849]], "T": [0.06216941585756354, 0.011534882795941663, 0.07450915196351468], "aligned_model": [[0.43032181593328134, 0.0007288609252254913, -0.23075451659141616, -0.2800045927384254, -0.3374594019793127, 0.3107327607521157, 0.123685609809452, 0.6173689668759451, -0.5245065529219765, 0.123685609809452, -0.04370736564875241, 0.18777601186788917], [0.6541797942044102, 0.6716386530037634, 0.667972698189421, -0.34885127189216414, -0.39733718737080864, -0.6557145533560136, -0.05354405424102172, 0.05200929508941848, 0.20483331174418312, -0.05354405424102172, 0.06580219907442919, 0.06946815388877177], [0.08171886206803364, -0.3831811618651222, 0.3558574841124602, -0.24336661283947483, 0.371977985710362, -0.20312657573733103, -0.6844820427166746, 0.5630743290473773, -0.10937748126898167, -0.6844820427166746, 0.8372129510918039, 0.09817430511422126]], "inverted": false, "swapped": false, "error_lsq": 0.06104549684805797, "error_max": 0.4726837857389739, "target": "123.xyz", "model": "15.xyz", "model_rescale": 4.510870436145588, "target_rescale": 4.1566507351565285},
{"mapping": [9, 0, 4, 8, 7, 3, 2, 10, 6, 2, 5, 11], "R": [[0.08168957688957401, -0.9683649157930918, -0.23578847064400887], [-0.606701964442568, -0.236011171234439, 0.7590859328126675], [-0.7907208985281291, 0.08104391965833452, -0.6067885494282849]], "T": [0.062169415857563505, 0.011534882795941635, 0.07450915196351468], "aligned_model": [[0.4303218159332819, 0.0007288609252258452, -0.23075451659141552, -0.28000459273842576, -0.33745940197931285, 0.31073276075211503, 0.12368560980945173, 0.6173689668759452, -0.5245065529219761, 0.12368560980945173, -0.043707365648752196, 0.18777601186788914], [0.6541797942044096, 0.6716386530037634, 0.667972698189421, -0.34885127189216386, -0.39733718737080825, -0.6557145533560136, -0.05354405424102197, 0.052009295089418005, 0.20483331174418345, -0.05354405424102197, 0.06580219907442933, 0.0694681538887717], [0.08171886206803369, -0.3831811618651223, 0.35585748411246054, -0.2433666128394749, 0.3719779857103621, -0.20312657573733114, -0.6844820427166746, 0.5630743290473772, -0.10937748126898145, -0.6844820427166746, 0.8372129510918042, 0.09817430511422118]], "inverted": true, "swapped": false, "error_lsq": 0.06104549684805796, "error_max": 0.47268378573897407, "target": "123.xyz", "model": "16.xyz", "model_rescale": 4.510870436145588, "target_rescale": 4.1566507351565285},
{"mapping": [10, 1, 5, 8, 6, 2, 3, 9, 7, 3, 4, 11], "R": [[-0.08168957688957451, 0.968364915793092, -0.23578847064400865], [0.6067019644425683, 0.23601117123443902, 0.7590859328126673], [0.7907208985281288, -0.08104391965833407, -0.6067885494282853]], "T": [0.06216941585756349, 0.011534882795941628, 0.07450915196351475], "aligned_model": [[0.43032181593328184, 0.0007288609252260811, -0.2307545165914158, -0.2800045927384257, -0.3374594019793131, 0.31073276075211526, 0.12368560980945212, 0.6173689668759451, -0.5245065529219762, 0.12368560980945212, -0.043707365648752654, 0.18777601186788914], [0.6541797942044099, 0.6716386530037632, 0.6679726981894213, -0.34885127189216386, -0.39733718737080825, -0.6557145533560138, -0.053544054241022085, 0.052009295089418164, 0.2048333117441835, -0.053544054241022085, 0.06580219907442954, 0.06946815388877185], [0.0817188620680336, -0.38318116186512247, 0.35585748411246004, -0.24336661283947492, 0.37197798571036206, -0.20312657573733067, -0.6844820427166747, 0.5630743290473775, -0.10937748126898188, -0.6844820427166747, 0.8372129510918039, 0.09817430511422118]], "inverted": false, "swapped": false, "error_lsq": 0.06104549684805797, "error_max": 0.4726837857389739, "target": "123.xyz", "model": "17.xyz", "model_rescale": 4.510870436145588, "target_rescale": 4.1566507351565285},
{"mapping": [9, 3, 11, 6, 2, 8, 7, 10, 4, 5, 1, 12], "R": [[0.07020349995926833, -0.9064586302597686, -0.4164183235894563], [0.5927847599748137, 0.3736548078810198, -0.7134341685740886], [0.8022952679251398, -0.19676086037365842, 0.5635667368554909]], "T": [-0.021497714528859735, 0.04512205579461625, 0.10317969582956607], "aligned_model": [[0.7606769121263866, -0.29331611008216496, -0.32031976079817165, -0.3452842004656738, -0.20862897726566537, 0.27798109222239564, 0.6116374840266456, 0.42702052032213655, -0.626972501886415, -0.01162780866142385, -0.01832685798315646, 0.12502741453858468], [0.3544383630217588, 0.6766217949284213, 0.6231866994555194, -0.4035294793522505, -0.4370035568619783, -0.48515773058652256, 0.08648347008018753, -0.2172028376449513, 0.10498059426171119, 0.16811172131445967, 0.27134630167227936, 0.13463764380473195], [0.006383688323718828, -0.36454902441726844, 0.25872980319126737, -0.3485870915475727, 0.4208881326595465, 0.008606993228221449, -0.44295249228923916, 0.45794317384117944, 0.08701046110019212, -0.8001465770650333, 0.7473442858329019, -0.030671352857914114]], "inverted": false, "swapped": false, "error_lsq": 0.05432914200512665, "error_max": 0.3576344030043344, "target": "123.xyz", "model": "18.xyz", "model_rescale": 4.466005644533647, "target_rescale": 4.1566507351565285},
{"mapping": [10, 0, 1, 4, 5, 7, 8, 9, 12, 2, 3, 13], "R": [[-0.5547462822246686, -0.8316409686306119, -0.02509704470742013], [0.8269887136933716, -0.5478289937565936, -0.12638457589207963], [0.09135770236652796, -0.09086634632676704, 0.9916637924838907]], "T": [0.04974963530267372, 0.05088616422003925, -0.0023658963103188376], "aligned_model": [[0.4445170353452674, -0.2608647270065284, -0.2807784950703831, -0.40235183540196845, -0.42226560346582315, 0.22064032922921234, 0.6339514424785466, 0.6140376744146919, -0.5712908370658383, 0.15400450894262185, 0.11417697281491247, 0.13409074087876716], [0.544169268957767, 0.6587408490922054, 0.558458399086472, -0.22695717836676874, -0.3272396283725022, -0.6490090520127857, 0.043345133598970575, -0.05693731640676285, 0.1690144033362887, 0.15472515173256096, -0.045839748278905884, 0.05444270172682753], [-0.32957805243042565, -0.3328280622476569, 0.4540280393796459, -0.4492883774564064, 0.3375677241708964, 0.3128298509196637, -0.388612376969246, 0.3982437246580568, -0.003028109757599725, -0.7866342217162791, 0.7870779815383265, 0.00022187991102379538]], "inverted": false, "swapped": false, "error_lsq": 0.05296761801573483, "error_max": 0.35906387289165576, "target": "123.xyz", "model": "19.xyz", "model_rescale": 4.509807711582247, "target_rescale": 4.1566507351565285},
{"mapping": [6, 5, 4, 1, 0, 11, 9, 8, 12, 3, 2, 13], "R": [[-0.8231670846632607, -0.5673308770227681, -0.023057031542791956], [-0.5605098270634306, 0.8184149779691933, -0.1265924863528962], [0.09069004626921046, -0.09128307516874076, -0.9916868032274236]], "T": [0.05670845409252843, 0.08685712932083375, -0.0023455634483255726], "aligned_model": [[0.47599306581466166, -0.258840883499328, -0.24054580598175926, -0.45789319264160133, -0.4395981151240326, 0.23933755986107377, 0.6018966018357691, 0.6201916793533379, -0.5635913959086549, 0.11534415327710182, 0.1519343083122394, 0.1336392307946706], [0.6725498431831276, 0.5132524925159712, 0.6136999133675958, -0.3613340095896326, -0.2608865887380081, -0.5180360610335533, -0.12395940992491755, -0.023511989073292994, 0.20881110082360482, -0.04833818999746725, 0.15255665170578178, 0.05210923085415728], [0.31320120226128384, -0.4495009914349633, 0.3373733685416805, -0.3332287623122906, 0.4536455976643532, -0.32943600148943225, -0.388170955060295, 0.3987034049163488, -0.0034912712080556038, -0.7865728906028536, 0.7871758293504335, 0.00030146937379002623]], "inverted": false, "swapped": false, "error_lsq": 0.052742460760215944, "error_max": 0.3620291313420594, "target": "123.xyz", "model": "20.xyz", "model_rescale": 4.509807711582248, "target_rescale": 4.1566507351565285},
{"mapping": [10, 11, 4, 2, 5, 7, 9, 8, 3, 0, 6, 12], "R": [[0.0702034999592683, -0.9064586302597686, 0.41641832358945646], [0.5927847599748137, 0.3736548078810198, 0.7134341685740884], [-0.8022952679251396, 0.19676086037365853, 0.5635667368554909]], "T": [-0.021497714528859777, 0.045122055794616256, -0.10317969582956615], "aligned_model": [[0.7606769121263868, -0.3203197607981717, -0.29331611008216507, -0.20862897726566543, -0.3452842004656739, 0.2779810922223957, 0.42702052032213667, 0.6116374840266458, -0.626972501886415, -0.018326857983156447, -0.011627808661423863, 0.12502741453858474], [0.35443836302175863, 0.6231866994555195, 0.6766217949284212, -0.43700355686197817, -0.40352947935225025, -0.48515773058652245, -0.21720283764495119, 0.08648347008018736, 0.10498059426171141, 0.2713463016722797, 0.16811172131445956, 0.13463764380473198], [-0.0063836883237189945, -0.2587298031912673, 0.3645490244172685, -0.42088813265954667, 0.3485870915475728, -0.008606993228221574, -0.4579431738411795, 0.4429524922892389, -0.08701046110019202, -0.7473442858329018, 0.8001465770650333, 0.030671352857914058]], "inverted": false, "swapped": false, "error_lsq": 0.05432914200512667, "error_max": 0.3576344030043347, "target": "123.xyz", "model": "21.xyz", "model_rescale": 4.466005644533646, "target_rescale": 4.1566507351565285},
{"mapping": [9, 3, 11, 6, 2, 8, 7, 10, 4, 5, 1, 12], "R": [[0.07020361347160362, -0.9064586189358914, -0.4164183291023179], [0.5927847162790758, 0.3736548856929176, -0.71343416412711], [0.8022952902775046, -0.19676076477450805, 0.563566738411597]], "T": [-0.021497708218159092, 0.04512205462943504, 0.1031796998645208], "aligned_model": [[0.7606768382849156, -0.29331599692643157, -0.3203200043914715, -0.34528416785979, -0.20862908308339884, 0.2779811543072639, 0.6116375532128118, 0.42702043937936784, -0.6269723958319794, -0.011627768954242154, -0.01832667786571676, 0.1250273158221491], [0.3544383517937038, 0.6766217999055215, 0.6231868435424013, -0.4035294799072551, -0.43700352115869734, -0.48515779592089686, 0.08648340578123083, -0.21720284990842392, 0.1049805982033938, 0.16811172179487266, 0.2713462294240855, 0.13463768054343053], [0.006383617295384947, -0.3645489485875295, 0.2587297956778093, -0.3485870628310886, 0.42088811019033684, 0.008606967475409302, -0.4429525229214596, 0.4579431076922539, 0.08701054180933941, -0.8001465532279576, 0.7473443276340335, -0.03067138020653218]], "inverted": false, "swapped": false, "error_lsq": 0.05432913652768112, "error_max": 0.35763436687981515, "target": "123.xyz", "model": "22.xyz", "model_rescale": 4.46600560860683, "target_rescale": 4.1566507351565285},
{"mapping": [10, 0, 1, 4, 5, 7, 8, 9, 12, 2, 3, 13], "R": [[-0.5547462222070322, -0.8316410086504248, -0.025097045203175614], [0.8269887529667185, -0.5478289337385481, -0.1263845790650021], [0.09135771129783386, -0.09086634189725944, 0.9916637920669648]], "T": [0.04974963384366694, 0.05088616274097682, -0.0023658965986099916], "aligned_model": [[0.4445169774457689, -0.2608645981409621, -0.2807783667624836, -0.40235177214276013, -0.4222655407642816, 0.22064037397632447, 0.6339515341705273, 0.6140377655490059, -0.5712911118048641, 0.15400441681058902, 0.11417687956754614, 0.13409064818906757], [0.5441691841776234, 0.6587409372684884, 0.5584584839177499, -0.22695708678086238, -0.32723954013160095, -0.6490090123479594, 0.04334515289025754, -0.05693730046048101, 0.16901426510192874, 0.15472508683681266, -0.04583981986466443, 0.054442633486074095], [-0.32957806642629406, -0.33282804946151356, 0.45402805832695786, -0.44928836884965484, 0.33756773893881664, 0.31282985832378873, -0.38861237544821015, 0.3982437323402613, -0.0030281343239077674, -0.7866342389285528, 0.78707797664839, 0.0002218688599186446]], "inverted": false, "swapped": false, "error_lsq": 0.052967618162727555, "error_max": 0.3590639255433725, "target": "123.xyz", "model": "23.xyz", "model_rescale": 4.509807674373902, "target_rescale": 4.1566507351565285},
{"mapping": [6, 5, 4, 1, 0, 11, 9, 8, 12, 3, 2, 13], "R": [[-0.8231670464650025, -0.5673309324068756, -0.023057032515687907], [-0.5605098817691103, 0.8184149400466718, -0.12659248930161898], [0.09069005487517581, -0.09128307095375135, -0.9916868028283881]], "T": [0.05670845336033841, 0.08685713111117943, -0.002345563726508772], "aligned_model": [[0.4759930954186842, -0.25884085658052003, -0.24054577814004263, -0.4578931080021201, -0.4395980295616427, 0.2393375349283252, 0.6018966788853826, 0.62019175732586, -0.5635915985924683, 0.11534409169686252, 0.15193424857781737, 0.13363917013733995], [0.6725497874485019, 0.5132523854298738, 0.6136998094499687, -0.3613341369856673, -0.2608867129655724, -0.5180359617969016, -0.12395946484336645, -0.02351204082327156, 0.20881133450922584, -0.048338095796569586, 0.15255675224362014, 0.05210932822352529], [0.3132012098958763, -0.4495009828964982, 0.33737338325566035, -0.33322874968061267, 0.4536456164715459, -0.32943601545721496, -0.38817095327181783, 0.3987034128803407, -0.003491296147627228, -0.7865729078353758, 0.7871758244689406, 0.0003014583167824285]], "inverted": false, "swapped": false, "error_lsq": 0.05274245975842223, "error_max": 0.36202918386235794, "target": "123.xyz", "model": "24.xyz", "model_rescale": 4.509807674373903, "target_rescale": 4.1566507351565285},
{"mapping": [10, 11, 4, 2, 5, 7, 9, 8, 3, 0, 6, 12], "R": [[0.07020361347160348, -0.9064586189358915, 0.41641832910231785], [0.5927847162790759, 0.37365488569291755, 0.7134341641271102], [-0.8022952902775047, 0.19676076477450816, 0.5635667384115971]], "T": [-0.021497708218159134, 0.045122054629435006, -0.10317969986452093], "aligned_model": [[0.7606768382849158, -0.3203200043914717, -0.29331599692643184, -0.2086290830833988, -0.34528416785979, 0.2779811543072641, 0.42702043937936807, 0.6116375532128119, -0.6269723958319795, -0.01832667786571679, -0.011627768954242196, 0.1250273158221491], [0.354438351793704, 0.6231868435424014, 0.6766217999055216, -0.4370035211586975, -0.40352947990725513, -0.485157795920897, -0.21720284990842384, 0.08648340578123084, 0.10498059820339384, 0.27134622942408565, 0.1681117217948727, 0.13463768054343056], [-0.006383617295385127, -0.25872979567780935, 0.36454894858752956, -0.420888110190337, 0.34858706283108876, -0.008606967475409386, -0.45794310769225405, 0.4429525229214596, -0.08701054180933938, -0.7473443276340337, 0.8001465532279577, 0.030671380206532137]], "inverted": false, "swapped": false, "error_lsq": 0.05432913652768112, "error_max": 0.35763436687981515, "target": "123.xyz", "model": "25.xyz", "model_rescale": 4.466005608606829, "target_rescale": 4.1566507351565285},
{"mapping": [9, 11, 3, 2, 6, 8, 10, 7, 4, 1, 5, 12], "R": [[-0.0702034467149032, 0.9064586365194197, 0.41641831893986425], [-0.5927847751339518, -0.37365477106698153, 0.7134341752595486], [0.8022952613836993, -0.19676090144700092, 0.5635667318277627]], "T": [-0.021497711272014802, 0.04512208983087847, -0.10317973464625149], "aligned_model": [[0.7606768658698314, -0.32031978000894046, -0.2933160925085082, -0.20862896816130025, -0.34528415677765667, 0.2779810980504587, 0.42702049225342287, 0.6116374716668672, -0.6269724661249169, -0.01832688045964015, -0.011627783161248073, 0.1250274054551084], [0.3544383448821082, 0.6231866333799917, 0.6766218505276214, -0.4370035702907413, -0.40352951135108567, -0.48515773026434666, -0.21720283636354765, 0.08648345098130918, 0.10498066928196552, 0.2713464024606075, 0.16811166989457016, 0.1346376109549146], [-0.006383667076248711, -0.25872972478949097, 0.3645488959441925, -0.42088806814917135, 0.34858712853969576, -0.00860696625364954, -0.45794312899237355, 0.4429524956624753, -0.08701056597193227, -0.7473443831362716, 0.8001465904558205, 0.030671393766953575]], "inverted": true, "swapped": false, "error_lsq": 0.05432914451711874, "error_max": 0.3576343897194908, "target": "123.xyz", "model": "26.xyz", "model_rescale": 4.466005838112752, "target_rescale": 4.1566507351565285},
{"mapping": [10, 0, 1, 4, 5, 7, 8, 9, 12, 2, 3, 13], "R": [[-0.554746329491747, -0.8316409370126443, -0.025097047638423277], [0.8269886827808899, -0.547829040536512, -0.12638457539262343], [0.09135769517540995, -0.09086635367161972, 0.9916637924733671]], "T": [0.049749615333775074, 0.05088619669437887, -0.002365892611811924], "aligned_model": [[0.44451703665521985, -0.2608648267075878, -0.280778596295747, -0.4023518785987343, -0.42226564818689344, 0.22064039992728973, 0.6339514648277425, 0.6140376952395832, -0.5712907771519273, 0.15400454838300334, 0.114177009206685, 0.13409077879484416], [0.5441692113877937, 0.6587409307513451, 0.558458485177434, -0.22695706921857456, -0.32723951479248553, -0.6490090728788701, 0.0433451066853966, -0.05693733888851439, 0.1690143045647027, 0.15472509267562407, -0.04583979847219795, 0.05444264710171304], [-0.3295780426549543, -0.33282803942683653, 0.45402803052782753, -0.4492883496755118, 0.3375677202791523, 0.3128298348761955, -0.3886123619427307, 0.3982437080119334, -0.00302812265939271, -0.7866341957332251, 0.787077944176103, 0.00022187422143904022]], "inverted": false, "swapped": false, "error_lsq": 0.052967624619359915, "error_max": 0.35906387922499217, "target": "123.xyz", "model": "27.xyz", "model_rescale": 4.509807893063789, "target_rescale": 4.1566507351565285},
{"mapping": [6, 5, 4, 1, 0, 11, 9, 8, 12, 3, 2, 13], "R": [[-0.8231671189459242, -0.5673308273892631, -0.023057028864991464], [-0.56050977790084, 0.8184150115366546, -0.1265924870164445], [0.09069003894484697, -0.09128308268935628, -0.9916868032049789]], "T": [0.056708423500377206, 0.08685710654647531, -0.002345559770992583], "aligned_model": [[0.4759931412125988, -0.2588409626842852, -0.24054588802769422, -0.4578933170492333, -0.4395982423926423, 0.2393375805615719, 0.6018966319976421, 0.6201917066542332, -0.5635913030071318, 0.11534421161954858, 0.1519343609327306, 0.13363928627613958], [0.6725498346842443, 0.513252408296051, 0.6136998256320244, -0.3613340465330837, -0.2608866291971104, -0.5180360088599929, -0.12395939530153939, -0.023511977965566047, 0.20881117218904274, -0.04833815028620776, 0.15255668438573883, 0.052109267049765554], [0.3132011863003493, -0.4495009638324984, 0.33737336446131294, -0.3332287396430642, 0.4536455886507471, -0.3294359915824984, -0.3881709398659323, 0.398703388427879, -0.0034912841758724836, -0.7865728645406187, 0.7871757920470033, 0.00030146375319239005]], "inverted": false, "swapped": false, "error_lsq": 0.052742468931056996, "error_max": 0.36202913534824205, "target": "123.xyz", "model": "28.xyz", "model_rescale": 4.5098078930637895, "target_rescale": 4.1566507351565285},
{"mapping": [10, 4, 11, 5, 2, 7, 8, 9, 3, 6, 0, 12], "R": [[-0.07020344671490342, 0.9064586365194198, -0.41641831893986425], [-0.5927847751339519, -0.37365477106698153, -0.7134341752595486], [-0.8022952613836993, 0.1967609014470008, 0.563566731827763]], "T": [-0.02149771127201483, 0.04512208983087841, 0.10317973464625149], "aligned_model": [[0.7606768658698314, -0.2933160925085083, -0.32031978000894046, -0.3452841567776568, -0.20862896816130022, 0.2779810980504588, 0.6116374716668672, 0.427020492253423, -0.6269724661249167, -0.011627783161248323, -0.01832688045963994, 0.12502740545510843], [0.354438344882108, 0.6766218505276211, 0.6231866333799918, -0.40352951135108567, -0.43700357029074127, -0.4851577302643466, 0.08648345098130895, -0.21720283636354754, 0.1049806692819656, 0.16811166989456988, 0.27134640246060765, 0.13463761095491455], [0.0063836670762485725, -0.3645488959441925, 0.25872972478949097, -0.34858712853969587, 0.42088806814917135, 0.008606966253649415, -0.4429524956624753, 0.4579431289923733, 0.08701056597193225, -0.8001465904558206, 0.7473443831362716, -0.03067139376695363]], "inverted": true, "swapped": false, "error_lsq": 0.05432914451711873, "error_max": 0.3576343897194909, "target": "123.xyz", "model": "29.xyz", "model_rescale": 4.466005838112752, "target_rescale": 4.1566507351565285},
