[{"mapping": [9, 6, 0, 5, 8, 3, 10, 2, 4, 7, 2, 11], "R": [[0.08168960680316656, -0.9683649112052035, 0.23578847912245948], [-0.6067019917819156, -0.23601119307273788, -0.7590859041717473], [0.7907208744608937, -0.0810439108812086, -0.6067885819631731]], "T": [0.06216952994459881, 0.01153485034894882, -0.07450905203070601], "aligned_model": [[0.4303219812847272, -0.23075473133967875, 0.0007288369412670123, -0.33745936619395445, -0.28000456988969447, 0.3107327781994834, 0.6173691235119849, 0.1236856359722257, -0.5245065084212122, -0.043707589112421015, 0.1236856359722257, 0.1877759791685247], [0.6541798118324514, 0.6679726032750346, 0.6716387230344628, -0.3973371441593025, -0.34885111961820986, -0.6557146280845719, 0.052009385148551045, -0.053544201400671655, 0.20483328252459784, 0.06580217659113427, -0.053544201400671655, 0.06946829635056262], [-0.08171882295645261, -0.3558574457994335, 0.383180977780772, -0.371977965823097, 0.2433664073991067, 0.2031267020657725, -0.563074276008063, 0.6844821551173829, 0.10937748722851343, -0.837212898851044, 0.6844821551173829, -0.09817447527083831]], "inverted": false, "swapped": false, "error_lsq": 0.06104551015391948, "error_max": 0.4726838240631074, "target": "124.xyz", "model": "0.xyz", "model_rescale": 4.5108708085295355, "target_rescale": 4.1566507351565285},
{"mapping": [9, 6, 0, 5, 8, 3, 10, 2, 4, 7, 2, 11], "R": [[0.08168960680316589, -0.9683649112052036, 0.23578847912245937], [-0.6067019917819158, -0.2360111930727375, -0.7590859041717475], [0.7907208744608938, -0.08104391088120905, -0.606788581963173]], "T": [0.06216952994459881, 0.011534850348948786, -0.07450905203070601], "aligned_model": [[0.43032198128472754, -0.2307547313396782, 0.0007288369412671233, -0.33745936619395445, -0.28000456988969474, 0.31073277819948286, 0.617369123511985, 0.12368563597222534, -0.524506508421212, -0.043707589112420654, 0.12368563597222534, 0.1877759791685247], [0.6541798118324511, 0.6679726032750346, 0.6716387230344628, -0.39733714415930216, -0.3488511196182096, -0.655714628084572, 0.0520093851485509, -0.053544201400671745, 0.20483328252459804, 0.0658021765911344, -0.053544201400671745, 0.06946829635056259], [-0.08171882295645252, -0.35585744579943374, 0.38318097778077204, -0.371977965823097, 0.2433664073991066, 0.2031267020657727, -0.5630742760080626, 0.6844821551173829, 0.10937748722851309, -0.8372128988510438, 0.6844821551173829, -0.09817447527083818]], "inverted": false, "swapped": false, "error_lsq": 0.061045510153919465, "error_max": 0.47268382406310766, "target": "124.xyz", "model": "1.xyz", "model_rescale": 4.510870808529536, "target_rescale": 4.1566507351565285},
{"mapping": [10, 7, 1, 4, 8, 2, 9, 3, 5, 6, 3, 11], "R": [[-0.08168960680316695, 0.9683649112052035, 0.2357884791224593], [0.6067019917819156, 0.2360111930727381, -0.7590859041717474], [-0.7907208744608937, 0.08104391088120819, -0.6067885819631731]], "T": [0.06216952994459882, 0.011534850348948696, -0.0745090520307061], "aligned_model": [[0.4303219812847272, -0.23075473133967891, 0.000728836941267158, -0.33745936619395456, -0.28000456988969435, 0.3107327781994836, 0.6173691235119847, 0.12368563597222601, -0.5245065084212122, -0.04370758911242137, 0.12368563597222601, 0.18777597916852462], [0.6541798118324516, 0.6679726032750346, 0.6716387230344627, -0.3973371441593026, -0.3488511196182098, -0.6557146280845719, 0.05200938514855114, -0.053544201400671614, 0.20483328252459776, 0.06580217659113419, -0.053544201400671614, 0.06946829635056273], [-0.0817188229564528, -0.35585744579943346, 0.38318097778077187, -0.37197796582309683, 0.24336640739910695, 0.2031267020657724, -0.5630742760080633, 0.6844821551173828, 0.10937748722851365, -0.8372128988510439, 0.6844821551173828, -0.09817447527083827]], "inverted": true, "swapped": false, "error_lsq": 0.061045510153919465, "error_max": 0.47268382406310705, "target": "124.xyz", "model": "2.xyz", "model_rescale": 4.5108708085295355, "target_rescale": 4.1566507351565285},
{"mapping": [11, 2, 3, 4, 5, 7, 9, 10, 8, 0, 1, 13], "R": [[-0.5547462025188282, -0.831641021811081, -0.02509704428733575], [0.8269887658561308, -0.5478289142202447, -0.12638457932841787], [0.09135771417178051, -0.09086633912119985, 0.9916637920565711]], "T": [0.049749556183642504, 0.05088617812920049, -0.0023658966256316556], "aligned_model": [[0.4445169040282363, -0.26086465815152016, -0.280778425743106, -0.4023518511573332, -0.42226561874891905, 0.220640278583406, 0.6339516303378786, 0.6140378627462927, -0.5712909928418088, 0.15400445993836975, 0.11417692475519803, 0.1340906923467839], [0.5441691831066442, 0.6587409509445893, 0.5584584989119225, -0.22695705621026702, -0.3272395082429338, -0.649008990566779, 0.04334527654313864, -0.05693717548952812, 0.1690144146843147, 0.15472491550342193, -0.04583998856191156, 0.05444246347075518], [-0.3295780625883989, -0.3328280427229965, 0.45402805307511435, -0.4492883605447588, 0.33756773525335204, 0.3128298522301068, -0.38861235173137837, 0.39824374406673246, -0.0030281116672187095, -0.7866342475882947, 0.7870779440079266, 0.00022184820981595256]], "inverted": false, "swapped": false, "error_lsq": 0.05296762989912845, "error_max": 0.3590639434985663, "target": "124.xyz", "model": "3.xyz", "model_rescale": 4.509807743048502, "target_rescale": 4.1566507351565285},
{"mapping": [6, 5, 4, 3, 2, 12, 10, 9, 8, 1, 0, 13], "R": [[-0.8231670355698757, -0.5673309481683282, -0.023057033667164537], [-0.5605098973702565, 0.8184149294228737, -0.12659248890726882], [0.09069005734416268, -0.09128306824476391, -0.9916868028519559]], "T": [0.056708375626123894, 0.08685714567583439, -0.002345563802142697], "aligned_model": [[0.4759930013793403, -0.25884093914739575, -0.2405458600718498, -0.45789317062780693, -0.43959809155226104, 0.23933746465433092, 0.6018967212476869, 0.6201918003232327, -0.5635915433856944, 0.11534419534908574, 0.15193435350017756, 0.13363927442463164], [0.6725498007383802, 0.5132523879239428, 0.6136998101015357, -0.36133412502498163, -0.2608867028473887, -0.5180359343030634, -0.12395961793777419, -0.023512195760181195, 0.20881115404413148, -0.04833795312467126, 0.15255689123051477, 0.05210946905292178], [0.313201204008569, -0.44950097468027306, 0.3373733795081939, -0.33322874325589746, 0.4536456109325695, -0.3294360117095171, -0.3881709293530674, 0.39870342483539956, -0.0034912736491408435, -0.7865729164007452, 0.7871757919761893, 0.0003014377877221422]], "inverted": false, "swapped": false, "error_lsq": 0.05274247005729155, "error_max": 0.362029206304777, "target": "124.xyz", "model": "4.xyz", "model_rescale": 4.509807743048502, "target_rescale": 4.1566507351565285},
{"mapping": [12, 3, 2, 5, 4, 6, 10, 9, 8, 1, 0, 13], "R": [[0.554746202518828, 0.8316410218110813, -0.025097044287335737], [-0.8269887658561311, 0.5478289142202445, -0.1263845793284179], [-0.09135771417178057, 0.09086633912119983, 0.9916637920565713]], "T": [0.04974955618364249, 0.05088617812920046, -0.002365896625631486], "aligned_model": [[0.4445169040282364, -0.26086465815152005, -0.28077842574310585, -0.4023518511573334, -0.4222656187489192, 0.22064027858340582, 0.6339516303378786, 0.6140378627462927, -0.571290992841809, 0.15400445993836975, 0.11417692475519804, 0.1340906923467839], [0.5441691831066442, 0.6587409509445895, 0.5584584989119227, -0.22695705621026688, -0.3272395082429337, -0.6490089905667792, 0.04334527654313845, -0.05693717548952833, 0.16901441468431494, 0.15472491550342188, -0.04583998856191164, 0.05444246347075516], [-0.329578062588399, -0.33282804272299654, 0.45402805307511446, -0.4492883605447589, 0.3375677352533521, 0.3128298522301068, -0.38861235173137854, 0.39824374406673246, -0.0030281116672187984, -0.7866342475882947, 0.7870779440079271, 0.0002218482098158255]], "inverted": true, "swapped": false, "error_lsq": 0.052967629899128434, "error_max": 0.35906394349856635, "target": "124.xyz", "model": "5.xyz", "model_rescale": 4.509807743048502, "target_rescale": 4.1566507351565285},
{"mapping": [11, 2, 3, 4, 5, 7, 9, 10, 8, 0, 1, 13], "R": [[-0.5547462627268348, -0.8316409815591346, -0.025097047275906937], [0.8269887264515616, -0.5478289738922916, -0.12638457851392915], [0.0913577052723751, -0.09086634776130532, 0.9916637920847406]], "T": [0.049749573799622034, 0.05088618878017814, -0.002365894749046425], "aligned_model": [[0.44451699627304725, -0.2608647829620235, -0.2807785536166077, -0.4023519161740985, -0.42226568682868276, 0.22064044053562756, 0.6339513968547169, 0.6140376262001327, -0.5712907286193044, 0.15400457546480775, 0.11417703415563923, 0.1340908048102235], [0.5441692989795006, 0.6587408989032747, 0.558458444033821, -0.2269571494317254, -0.3272396043011791, -0.6490089304457658, 0.04334514545374848, -0.056937309415705226, 0.16901456726642164, 0.1547249958864457, -0.04583991385246167, 0.05444254101699201], [-0.3295780585144838, -0.3328280677622933, 0.45402805538764546, -0.449288389014716, 0.33756773413522273, 0.31282987904071513, -0.3886123863916719, 0.39824373675826685, -0.003028087429443746, -0.7866342618863518, 0.7870779844135254, 0.00022186126358689304]], "inverted": false, "swapped": false, "error_lsq": 0.05296762257180259, "error_max": 0.3590638815722278, "target": "124.xyz", "model": "6.xyz", "model_rescale": 4.509807586411629, "target_rescale": 4.1566507351565285},
{"mapping": [6, 5, 4, 3, 2, 12, 10, 9, 8, 1, 0, 13], "R": [[-0.8231670708685642, -0.5673308970953456, -0.023057030135268296], [-0.5605098468071951, 0.8184149638691984, -0.12659249008986811], [0.09069004945330514, -0.09128307683228637, -0.9916868027831105]], "T": [0.05670838785453068, 0.08685712948363873, -0.002345561946241104], "aligned_model": [[0.4759931232912809, -0.2588409696276247, -0.2405458927191011, -0.4578932628127881, -0.4395981859042644, 0.239337512861873, 0.6018965552093365, 0.6201916321178602, -0.5635913565338844, 0.11534427316173984, 0.1519344269787871, 0.13363935007026345], [0.6725496893425197, 0.5132524954016576, 0.6136999220063982, -0.3613340354504402, -0.2608866088456997, -0.5180360742623491, -0.1239594035801896, -0.023511976975449114, 0.2088109077962999, -0.04833807038453421, 0.15255678282494683, 0.05210935622020634], [0.3132012301792585, -0.44950100317677916, 0.33737337828717134, -0.33322876769024007, 0.45364561377371043, -0.3294360074368658, -0.38817096451175387, 0.39870341695219663, -0.0034912488405467955, -0.7865729306426672, 0.7871758322852344, 0.00030145082128376537]], "inverted": false, "swapped": false, "error_lsq": 0.05274246707258229, "error_max": 0.36202914321913243, "target": "124.xyz", "model": "7.xyz", "model_rescale": 4.509807586411629, "target_rescale": 4.1566507351565285},
{"mapping": [11, 2, 3, 4, 5, 7, 9, 10, 8, 0, 1, 13], "R": [[-0.5547462627268355, -0.8316409815591339, -0.025097047275906954], [0.826988726451561, -0.5478289738922922, -0.1263845785139292], [0.09135770527237505, -0.09086634776130545, 0.9916637920847404]], "T": [0.049749573799622054, 0.05088618878017817, -0.002365894749046493], "aligned_model": [[0.44451699627304675, -0.26086478296202387, -0.2807785536166082, -0.40235191617409805, -0.4222656868286824, 0.22064044053562815, 0.6339513968547169, 0.6140376262001327, -0.5712907286193043, 0.15400457546480778, 0.11417703415563923, 0.1340908048102235], [0.5441692989795011, 0.6587408989032744, 0.5584584440338206, -0.2269571494317257, -0.3272396043011795, -0.6490089304457656, 0.04334514545374905, -0.0569373094157047, 0.16901456726642106, 0.15472499588644584, -0.045839913852461625, 0.05444254101699208], [-0.32957805851448363, -0.3328280677622932, 0.4540280553876453, -0.44928838901471596, 0.3375677341352225, 0.31282987904071496, -0.3886123863916717, 0.39824373675826674, -0.0030280874294435975, -0.7866342618863515, 0.7870779844135252, 0.00022186126358712853]], "inverted": false, "swapped": false, "error_lsq": 0.052967622571802576, "error_max": 0.3590638815722277, "target": "124.xyz", "model": "8.xyz", "model_rescale": 4.509807586411629, "target_rescale": 4.1566507351565285},
{"mapping": [9, 2, 3, 6, 7, 5, 11, 12, 8, 0, 1, 13], "R": [[0.5547461473942469, 0.831641058398443, -0.025097050367681284], [-0.8269888019127827, 0.5478288582256833, -0.12638458610924352], [-0.09135772250938114, 0.09086634184923278, 0.9916637910384938]], "T": [0.049749586422951526, 0.05088612991907024, -0.002365902046766899], "aligned_model": [[0.4445168949387472, -0.2608646969568278, -0.280778470426458, -0.40235177212166806, -0.42226554559129825, 0.2206403643287275, 0.6339515978777144, 0.6140378244080842, -0.5712910798179809, 0.15400446995444278, 0.11417692301518248, 0.13409069648481264], [0.5441690768293611, 0.6587408975929858, 0.5584584348748394, -0.2269570245549171, -0.3272394872730635, -0.6490090290969001, 0.04334513169601502, -0.056937331022131416, 0.16901435322826439, 0.15472511665778413, -0.04583980877850871, 0.054442653939637715], [-0.329578092112126, -0.33282806979848506, 0.45402806681768876, -0.4492883808473782, 0.3375677557687956, 0.31282986719737416, -0.3886123890858248, 0.398243747530349, -0.0030281247438228506, -0.78663426352503, 0.7870780097073174, 0.0002218730911437974]], "inverted": false, "swapped": false, "error_lsq": 0.05296762727747007, "error_max": 0.3590640021744746, "target": "124.xyz", "model": "9.xyz", "model_rescale": 4.509807504472865, "target_rescale": 4.1566507351565285},
{"mapping": [4, 7, 6, 3, 2, 10, 12, 11, 8, 1, 0, 13], "R": [[0.8231670000569611, 0.5673309998276819, -0.02305703041907376], [0.5605099482199702, -0.8184148932295097, -0.12659249774997167], [-0.09069006540779079, 0.09128307167626046, -0.9916868017986714]], "T": [0.056708421718628096, 0.08685717903771355, -0.002345569175348467], "aligned_model": [[0.4759930973785779, -0.25884087564700864, -0.24054579818089017, -0.4578931881637017, -0.4395981106975832, 0.2393374938296725, 0.6018967446586828, 0.6201918221248014, -0.5635916006468359, 0.11534412967980254, 0.1519342846120395, 0.13363920714592104], [0.6725498029467495, 0.513252330017198, 0.6136997645250369, -0.36133405931638646, -0.2608866248085476, -0.518035833212561, -0.12395947374377787, -0.023512039235938947, 0.20881124575837628, -0.048338144120099694, 0.1525567248955782, 0.05210929038773929], [0.31320121910163023, -0.44950099528182563, 0.3373733996977345, -0.3332287704832133, 0.4536456244963468, -0.3294360408545509, -0.38817096625519676, 0.3987034287243634, -0.00349128718857793, -0.7865729322984633, 0.7871758576606576, 0.0003014626810972985]], "inverted": false, "swapped": false, "error_lsq": 0.05274247061341152, "error_max": 0.3620292606132461, "target": "124.xyz", "model": "10.xyz", "model_rescale": 4.509807504472865, "target_rescale": 4.1566507351565285},
{"mapping": [5, 6, 7, 2, 3, 9, 11, 12, 8, 0, 1, 13], "R": [[-0.8231670000569611, -0.5673309998276818, -0.02305703041907344], [-0.5605099482199704, 0.8184148932295098, -0.12659249774997156], [0.09069006540779045, -0.09128307167626053, -0.9916868017986714]], "T": [0.05670842171862809, 0.08685717903771353, -0.002345569175348556], "aligned_model": [[0.4759930973785778, -0.2588408756470085, -0.24054579818089025, -0.4578931881637015, -0.4395981106975833, 0.23933749382967254, 0.601896744658683, 0.6201918221248012, -0.5635916006468358, 0.11534412967980279, 0.15193428461203923, 0.133639207145921], [0.6725498029467495, 0.513252330017198, 0.6136997645250369, -0.3613340593163865, -0.26088662480854763, -0.518035833212561, -0.12395947374377786, -0.023512039235939003, 0.20881124575837628, -0.048338144120099596, 0.1525567248955781, 0.052109290387739295], [0.3132012191016305, -0.44950099528182574, 0.33737339969773456, -0.3332287704832136, 0.4536456244963467, -0.329436040854551, -0.3881709662551967, 0.3987034287243636, -0.003491287188578011, -0.7865729322984631, 0.7871758576606573, 0.00030146268109742516]], "inverted": true, "swapped": false, "error_lsq": 0.05274247061341153, "error_max": 0.36202926061324614, "target": "124.xyz", "model": "11.xyz", "model_rescale": 4.509807504472865, "target_rescale": 4.1566507351565285},
{"mapping": [9, 2, 3, 6, 7, 5, 11, 12, 8, 0, 1, 13], "R": [[0.5547462568183839, 0.8316409856214027, -0.02509704326517353], [-0.8269887303214698, 0.5478289686043429, -0.12638457611269518], [-0.0913577061187264, 0.0908663424627846, 0.9916637924922744]], "T": [0.04974969586803728, 0.05088620443403999, -0.0023658896838501552], "aligned_model": [[0.44451710423485796, -0.26086464608860316, -0.2807784127654937, -0.4023517800689866, -0.4222655467458771, 0.2206403682894718, 0.633951493654827, 0.6140377269779365, -0.5712909497858657, 0.15400438280729412, 0.11417684945351307, 0.1340906161304036], [0.5441692915881914, 0.6587408915878769, 0.5584584426287037, -0.22695712070312016, -0.3272395696622933, -0.6490090087334248, 0.04334515667956396, -0.056937292279609225, 0.16901433935289567, 0.15472506683736753, -0.04583983108097882, 0.05444261787819435], [-0.3295780434223489, -0.33282804935199806, 0.45402804269670044, -0.4492883632654206, 0.3375677287832779, 0.3128298521120999, -0.3886123687385125, 0.398243723310186, -0.003028119866777384, -0.7866342261344332, 0.7870779579629634, 0.00022186591426510928]], "inverted": false, "swapped": false, "error_lsq": 0.05296761158038146, "error_max": 0.35906383857849206, "target": "124.xyz", "model": "12.xyz", "model_rescale": 4.509807766519439, "target_rescale": 4.1566507351565285},
{"mapping": [4, 7, 6, 3, 2, 10, 12, 11, 8, 1, 0, 13], "R": [[0.8231670681142321, 0.5673309009728873, -0.0230570330595957], [0.5605098507683046, -0.818414961788218, -0.1265924860048286], [-0.09069004997193572, 0.09128307139049287, -0.9916868032365894]], "T": [0.05670849531094338, 0.08685706938727764, -0.0023455567896417426], "aligned_model": [[0.47599308676295493, -0.2588408529894407, -0.2405457744911981, -0.45789313401579, -0.4395980555175474, 0.23933761450810823, 0.6018966404572096, 0.6201917189554521, -0.5635914764374764, 0.11534406778882594, 0.15193422478531116, 0.13363914628706855], [0.6725497878208128, 0.5132524187918203, 0.6136998381436416, -0.3613340784879939, -0.2608866591361726, -0.5180361080268023, -0.12395945125889754, -0.023512031907076264, 0.20881120308676454, -0.04833806432939777, 0.15255677437424484, 0.05210935502242355], [0.3132012034956374, -0.4495009772570217, 0.3373733731414155, -0.33322874940767055, 0.4536456009907667, -0.32943599241003574, -0.3881709467464078, 0.39870340365202944, -0.0034912814321451614, -0.7865728950739597, 0.7871758057229153, 0.00030145532447800084]], "inverted": false, "swapped": false, "error_lsq": 0.0527424536890967, "error_max": 0.36202909420659557, "target": "124.xyz", "model": "13.xyz", "model_rescale": 4.509807766519439, "target_rescale": 4.1566507351565285},
{"mapping": [5, 6, 7, 2, 3, 9, 11, 12, 8, 0, 1, 13], "R": [[-0.8231670681142321, -0.5673309009728873, -0.023057033059595472], [-0.5605098507683046, 0.818414961788218, -0.12659248600482872], [0.09069004997193561, -0.0912830713904931, -0.9916868032365894]], "T": [0.05670849531094338, 0.08685706938727762, -0.0023455567896418558], "aligned_model": [[0.4759930867629548, -0.2588408529894406, -0.2405457744911982, -0.4578931340157899, -0.4395980555175475, 0.2393376145081083, 0.6018966404572097, 0.6201917189554521, -0.5635914764374764, 0.11534406778882614, 0.15193422478531096, 0.13363914628706855], [0.6725497878208129, 0.5132524187918203, 0.6136998381436416, -0.361334078487994, -0.2608866591361726, -0.5180361080268024, -0.12395945125889761, -0.02351203190707621, 0.20881120308676454, -0.04833806432939784, 0.15255677437424492, 0.05210935502242356], [0.3132012034956375, -0.449500977257022, 0.33737337314141547, -0.3332287494076707, 0.45364560099076673, -0.32943599241003574, -0.3881709467464078, 0.39870340365202966, -0.0034912814321452317, -0.7865728950739596, 0.7871758057229151, 0.0003014553244781058]], "inverted": true, "swapped": false, "error_lsq": 0.05274245368909671, "error_max": 0.3620290942065955, "target": "124.xyz", "model": "14.xyz", "model_rescale": 4.509807766519439, "target_rescale": 4.1566507351565285},
{"mapping": [9, 4, 0, 7, 8, 3, 10, 2, 6, 5, 2, 11], "R": [[-0.08168957688957479, 0.9683649157930918, 0.2357884706440091], [0.6067019644425682, 0.23601117123443963, -0.7590859328126673], [-0.7907208985281288, 0.08104391965833416, -0.6067885494282851]], "T": [0.0621694158575635, 0.011534882795941712, -0.07450915196351451], "aligned_model": [[0.43032181593328156, -0.23075451659141613, 0.0007288609252256439, -0.3374594019793128, -0.2800045927384255, 0.31073276075211564, 0.6173689668759451, 0.12368560980945212, -0.5245065529219763, -0.043707365648752564, 0.12368560980945212, 0.18777601186788914], [0.6541797942044102, 0.6679726981894212, 0.6716386530037635, -0.3973371873708086, -0.34885127189216414, -0.6557145533560137, 0.05200929508941836, -0.053544054241022, 0.20483331174418318, 0.0658021990744294, -0.053544054241022, 0.0694681538887718], [-0.08171886206803353, -0.35585748411246, 0.3831811618651225, -0.3719779857103619, 0.243366612839475, 0.20312657573733092, -0.5630743290473773, 0.6844820427166747, 0.10937748126898186, -0.8372129510918037, 0.6844820427166747, -0.0981743051142211]], "inverted": false, "swapped": false, "error_lsq": 0.06104549684805796, "error_max": 0.47268378573897374, "target": "124.xyz", "model": "15.xyz", "model_rescale": 4.510870436145588, "target_rescale": 4.1566507351565285},
{"mapping": [10, 5, 1, 6, 8, 2, 9, 3, 7, 4, 3, 11], "R": [[0.08168957688957407, -0.968364915793092, 0.23578847064400899], [-0.606701964442568, -0.2360111712344391, -0.7590859328126676], [0.7907208985281291, -0.08104391965833452, -0.6067885494282849]], "T": [0.06216941585756352, 0.011534882795941642, -0.07450915196351454], "aligned_model": [[0.4303218159332819, -0.2307545165914156, 0.0007288609252258035, -0.3374594019793129, -0.2800045927384258, 0.3107327607521152, 0.6173689668759453, 0.12368560980945176, -0.5245065529219763, -0.04370736564875221, 0.12368560980945176, 0.18777601186788928], [0.6541797942044097, 0.667972698189421, 0.6716386530037636, -0.39733718737080836, -0.3488512718921639, -0.6557145533560137, 0.05200929508941801, -0.053544054241021904, 0.20483331174418343, 0.06580219907442927, -0.053544054241021904, 0.06946815388877156], [-0.08171886206803355, -0.35585748411246043, 0.3831811618651225, -0.37197798571036195, 0.24336661283947492, 0.20312657573733128, -0.563074329047377, 0.6844820427166747, 0.10937748126898159, -0.837212951091804, 0.6844820427166747, -0.09817430511422115]], "inverted": true, "swapped": false, "error_lsq": 0.061045496848057955, "error_max": 0.472683785738974, "target": "124.xyz", "model": "16.xyz", "model_rescale": 4.510870436145588, "target_rescale": 4.1566507351565285},
{"mapping": [9, 4, 0, 7, 8, 3, 10, 2, 6, 5, 2, 11], "R": [[-0.08168957688957479, 0.9683649157930916, 0.23578847064400932], [0.606701964442568, 0.2360111712344398, -0.7590859328126671], [-0.7907208985281287, 0.08104391965833421, -0.6067885494282849]], "T": [0.062169415857563505, 0.011534882795941774, -0.07450915196351447], "aligned_model": [[0.43032181593328134, -0.23075451659141613, 0.0007288609252254566, -0.33745940197931257, -0.28000459273842526, 0.31073276075211576, 0.617368966875945, 0.12368560980945204, -0.5245065529219762, -0.04370736564875242, 0.12368560980945204, 0.1877760118678892], [0.65417979420441, 0.6679726981894208, 0.6716386530037632, -0.3973371873708085, -0.34885127189216425, -0.6557145533560135, 0.05200929508941853, -0.053544054241021884, 0.20483331174418307, 0.06580219907442936, -0.053544054241021884, 0.06946815388877164], [-0.08171886206803346, -0.35585748411245993, 0.3831811618651224, -0.37197798571036184, 0.24336661283947475, 0.2031265757373309, -0.5630743290473771, 0.6844820427166746, 0.1093774812689818, -0.8372129510918035, 0.6844820427166746, -0.09817430511422123]], "inverted": false, "swapped": false, "error_lsq": 0.061045496848057955, "error_max": 0.47268378573897374, "target": "124.xyz", "model": "17.xyz", "model_rescale": 4.510870436145588, "target_rescale": 4.1566507351565285},
{"mapping": [9, 3, 11, 6, 2, 8, 7, 10, 4, 5, 1, 12], "R": [[0.07020349995926833, -0.9064586302597686, -0.4164183235894563], [0.5927847599748137, 0.3736548078810198, -0.7134341685740886], [0.8022952679251398, -0.19676086037365842, 0.5635667368554909]], "T": [-0.021497714528859735, 0.04512205579461625, 0.10317969582956626], "aligned_model": [[0.7606769121263866, -0.29331611008216496, -0.32031976079817165, -0.3452842004656738, -0.20862897726566537, 0.27798109222239564, 0.6116374840266456, 0.42702052032213655, -0.626972501886415, -0.01162780866142385, -0.01832685798315646, 0.12502741453858468], [0.3544383630217588, 0.6766217949284213, 0.6231866994555194, -0.4035294793522505, -0.4370035568619783, -0.48515773058652256, 0.08648347008018753, -0.2172028376449513, 0.10498059426171119, 0.16811172131445967, 0.27134630167227936, 0.13463764380473195], [0.006383688323719022, -0.3645490244172683, 0.25872980319126754, -0.34858709154757256, 0.4208881326595467, 0.008606993228221643, -0.442952492289239, 0.4579431738411796, 0.08701046110019231, -0.8001465770650331, 0.747344285832902, -0.03067135285791392]], "inverted": false, "swapped": false, "error_lsq": 0.05432914200512667, "error_max": 0.3576344030043344, "target": "124.xyz", "model": "18.xyz", "model_rescale": 4.466005644533647, "target_rescale": 4.1566507351565285},
{"mapping": [10, 0, 1, 4, 5, 7, 8, 9, 12, 2, 3, 13], "R": [[-0.5547462822246686, -0.8316409686306119, -0.025097044707420146], [0.8269887136933716, -0.5478289937565936, -0.12638457589207955], [0.09135770236652788, -0.09086634632676702, 0.9916637924838907]], "T": [0.04974963530267372, 0.05088616422003925, -0.002365896310318642], "aligned_model": [[0.4445170353452674, -0.2608647270065284, -0.2807784950703831, -0.40235183540196845, -0.42226560346582315, 0.22064032922921234, 0.6339514424785466, 0.6140376744146918, -0.5712908370658383, 0.15400450894262188, 0.11417697281491246, 0.13409074087876716], [0.5441692689577668, 0.6587408490922053, 0.558458399086472, -0.2269571783667688, -0.3272396283725021, -0.6490090520127857, 0.04334513359897054, -0.056937316406762806, 0.1690144033362887, 0.1547251517325609, -0.0458397482789058, 0.05444270172682753], [-0.3295780524304254, -0.33282806224765665, 0.45402803937964614, -0.44928837745640615, 0.33756772417089664, 0.312829850919664, -0.3886123769692458, 0.398243724658057, -0.003028109757599557, -0.786634221716279, 0.7870779815383266, 0.0002218799110239927]], "inverted": false, "swapped": false, "error_lsq": 0.05296761801573483, "error_max": 0.35906387289165603, "target": "124.xyz", "model": "19.xyz", "model_rescale": 4.509807711582247, "target_rescale": 4.1566507351565285},
{"mapping": [6, 5, 4, 1, 0, 11, 9, 8, 12, 3, 2, 13], "R": [[-0.8231670846632605, -0.5673308770227681, -0.02305703154279209], [-0.5605098270634308, 0.818414977969193, -0.12659248635289638], [0.09069004626921069, -0.09128307516874085, -0.9916868032274234]], "T": [0.05670845409252842, 0.08685712932083377, -0.0023455634483253865], "aligned_model": [[0.4759930658146615, -0.2588408834993281, -0.2405458059817592, -0.45789319264160133, -0.43959811512403246, 0.23933755986107375, 0.6018966018357689, 0.6201916793533379, -0.5635913959086549, 0.11534415327710171, 0.1519343083122395, 0.1336392307946706], [0.6725498431831276, 0.5132524925159709, 0.6136999133675957, -0.36133400958963274, -0.260886588738008, -0.5180360610335532, -0.12395940992491745, -0.02351198907329277, 0.20881110082360463, -0.04833818999746735, 0.15255665170578198, 0.05210923085415733], [0.31320120226128384, -0.4495009914349631, 0.3373733685416806, -0.33322876231229015, 0.45364559766435353, -0.3294360014894319, -0.38817095506029475, 0.3987034049163489, -0.0034912712080553483, -0.7865728906028533, 0.7871758293504336, 0.00030146937379020794]], "inverted": false, "swapped": false, "error_lsq": 0.05274246076021594, "error_max": 0.36202913134205955, "target": "124.xyz", "model": "20.xyz", "model_rescale": 4.509807711582248, "target_rescale": 4.1566507351565285},
{"mapping": [10, 4, 11, 5, 2, 7, 8, 9, 3, 6, 0, 12], "R": [[-0.07020349995926878, 0.9064586302597689, -0.4164183235894561], [-0.5927847599748141, -0.3736548078810198, -0.7134341685740884], [-0.8022952679251396, 0.19676086037365823, 0.5635667368554915]], "T": [-0.021497714528859735, 0.04512205579461623, 0.10317969582956638], "aligned_model": [[0.7606769121263866, -0.29331611008216535, -0.32031976079817165, -0.34528420046567415, -0.20862897726566515, 0.2779810922223958, 0.6116374840266455, 0.4270205203221369, -0.6269725018864151, -0.011627808661424432, -0.018326857983156017, 0.1250274145385847], [0.3544383630217587, 0.6766217949284212, 0.6231866994555196, -0.4035294793522505, -0.4370035568619782, -0.48515773058652256, 0.08648347008018722, -0.21720283764495116, 0.10498059426171136, 0.1681117213144593, 0.27134630167227985, 0.13463764380473192], [0.006383688323718634, -0.36454902441726844, 0.25872980319126754, -0.34858709154757234, 0.4208881326595472, 0.008606993228221782, -0.4429524922892392, 0.4579431738411796, 0.08701046110019256, -0.8001465770650333, 0.7473442858329022, -0.030671352857914003]], "inverted": true, "swapped": false, "error_lsq": 0.05432914200512667, "error_max": 0.3576344030043345, "target": "124.xyz", "model": "21.xyz", "model_rescale": 4.466005644533646, "target_rescale": 4.1566507351565285},
{"mapping": [9, 11, 3, 2, 6, 8, 10, 7, 4, 1, 5, 12], "R": [[-0.07020361347160356, 0.9064586189358914, 0.4164183291023179], [-0.5927847162790758, -0.37365488569291766, 0.7134341641271102], [0.8022952902775046, -0.19676076477450816, 0.563566738411597]], "T": [-0.021497708218159092, 0.04512205462943503, -0.10317969986452068], "aligned_model": [[0.7606768382849156, -0.3203200043914715, -0.29331599692643157, -0.20862908308339878, -0.34528416785979, 0.2779811543072639, 0.42702043937936784, 0.6116375532128118, -0.6269723958319794, -0.01832667786571679, -0.011627768954242126, 0.1250273158221491], [0.3544383517937039, 0.6231868435424013, 0.6766217999055217, -0.4370035211586975, -0.40352947990725513, -0.4851577959208971, -0.21720284990842403, 0.08648340578123093, 0.10498059820339375, 0.27134622942408543, 0.16811172179487283, 0.13463768054343056], [-0.006383617295384877, -0.2587297956778091, 0.36454894858752973, -0.42088811019033673, 0.3485870628310887, -0.008606967475409233, -0.4579431076922538, 0.4429525229214597, -0.08701054180933923, -0.7473443276340334, 0.8001465532279577, 0.030671380206532303]], "inverted": true, "swapped": false, "error_lsq": 0.05432913652768112, "error_max": 0.35763436687981504, "target": "124.xyz", "model": "22.xyz", "model_rescale": 4.46600560860683, "target_rescale": 4.1566507351565285},
{"mapping": [10, 0, 1, 4, 5, 7, 8, 9, 12, 2, 3, 13], "R": [[-0.5547462222070322, -0.8316410086504248, -0.02509704520317555], [0.8269887529667185, -0.5478289337385481, -0.12638457906500206], [0.09135771129783385, -0.09086634189725935, 0.9916637920669648]], "T": [0.04974963384366694, 0.05088616274097682, -0.002365896598609798], "aligned_model": [[0.44451697744576885, -0.26086459814096213, -0.2807783667624835, -0.4023517721427602, -0.4222655407642816, 0.22064037397632447, 0.6339515341705273, 0.6140377655490059, -0.5712911118048641, 0.15400441681058896, 0.1141768795675462, 0.13409064818906757], [0.5441691841776233, 0.6587409372684884, 0.5584584839177499, -0.22695708678086243, -0.32723954013160095, -0.6490090123479594, 0.04334515289025752, -0.05693730046048098, 0.16901426510192874, 0.1547250868368126, -0.0458398198646644, 0.054442633486074095], [-0.32957806642629395, -0.3328280494615134, 0.45402805832695803, -0.4492883688496546, 0.3375677389388168, 0.31282985832378896, -0.38861237544821003, 0.3982437323402614, -0.0030281343239075462, -0.7866342389285526, 0.7870779766483902, 0.0002218688599188337]], "inverted": false, "swapped": false, "error_lsq": 0.05296761816272757, "error_max": 0.3590639255433729, "target": "124.xyz", "model": "23.xyz", "model_rescale": 4.509807674373902, "target_rescale": 4.1566507351565285},
{"mapping": [6, 5, 4, 1, 0, 11, 9, 8, 12, 3, 2, 13], "R": [[-0.823167046465002, -0.5673309324068765, -0.02305703251568838], [-0.5605098817691112, 0.8184149400466714, -0.126592489301619], [0.09069005487517631, -0.09128307095375104, -0.9916868028283881]], "T": [0.056708453360338404, 0.08685713111117946, -0.0023455637265085943], "aligned_model": [[0.4759930954186839, -0.25884085658052075, -0.2405457781400429, -0.45789310800211996, -0.4395980295616421, 0.2393375349283256, 0.6018966788853826, 0.6201917573258604, -0.5635915985924685, 0.11534409169686219, 0.1519342485778178, 0.13363917013734], [0.6725497874485024, 0.5132523854298735, 0.6136998094499684, -0.36133413698566785, -0.26088671296557286, -0.5180359617969014, -0.12395946484336595, -0.02351204082327102, 0.2088113345092253, -0.04833809579656953, 0.15255675224362025, 0.05210932822352539], [0.31320120989587624, -0.4495009828964978, 0.33737338325566074, -0.3332287496806121, 0.45364561647154644, -0.32943601545721485, -0.38817095327181794, 0.3987034128803406, -0.003491296147626696, -0.7865729078353758, 0.7871758244689406, 0.0003014583167825621]], "inverted": false, "swapped": false, "error_lsq": 0.052742459758422254, "error_max": 0.3620291838623583, "target": "124.xyz", "model": "24.xyz", "model_rescale": 4.509807674373903, "target_rescale": 4.1566507351565285},
{"mapping": [10, 11, 4, 2, 5, 7, 9, 8, 3, 0, 6, 12], "R": [[0.07020361347160371, -0.9064586189358912, 0.41641832910231785], [0.5927847162790756, 0.3736548856929177, 0.7134341641271102], [-0.8022952902775046, 0.19676076477450793, 0.5635667384115969]], "T": [-0.021497708218159113, 0.045122054629434985, -0.10317969986452072], "aligned_model": [[0.7606768382849156, -0.32032000439147135, -0.29331599692643157, -0.20862908308339884, -0.34528416785979, 0.2779811543072639, 0.4270204393793679, 0.6116375532128117, -0.6269723958319793, -0.01832667786571663, -0.01162776895424223, 0.1250273158221491], [0.35443835179370375, 0.6231868435424014, 0.6766217999055217, -0.43700352115869756, -0.40352947990725485, -0.4851577959208969, -0.21720284990842403, 0.08648340578123088, 0.10498059820339393, 0.27134622942408543, 0.16811172179487294, 0.13463768054343056], [-0.006383617295384891, -0.2587297956778093, 0.3645489485875295, -0.4208881101903367, 0.34858706283108887, -0.008606967475409052, -0.45794310769225366, 0.4429525229214597, -0.08701054180933925, -0.7473443276340334, 0.8001465532279577, 0.030671380206532317]], "inverted": false, "swapped": false, "error_lsq": 0.05432913652768112, "error_max": 0.3576343668798152, "target": "124.xyz", "model": "25.xyz", "model_rescale": 4.466005608606829, "target_rescale": 4.1566507351565285},
{"mapping": [9, 3, 11, 6, 2, 8, 7, 10, 4, 5, 1, 12], "R": [[0.0702034467149032, -0.9064586365194196, -0.4164183189398641], [0.5927847751339512, 0.37365477106698153, -0.7134341752595488], [0.8022952613836994, -0.19676090144700076, 0.5635667318277624]], "T": [-0.02149771127201479, 0.04512208983087841, 0.1031797346462516], "aligned_model": [[0.7606768658698312, -0.2933160925085082, -0.3203197800089404, -0.3452841567776566, -0.2086289681613001, 0.27798109805045873, 0.6116374716668671, 0.4270204922534228, -0.6269724661249167, -0.011627783161248142, -0.018326880459640107, 0.12502740545510838], [0.3544383448821081, 0.6766218505276214, 0.6231866333799915, -0.4035295113510854, -0.43700357029074144, -0.4851577302643465, 0.08648345098130945, -0.21720283636354787, 0.10498066928196544, 0.16811166989457055, 0.27134640246060704, 0.1346376109549146], [0.006383667076248961, -0.36454889594419215, 0.2587297247894913, -0.34858712853969576, 0.42088806814917123, 0.008606966253649442, -0.4429524956624751, 0.45794312899237344, 0.0870105659719324, -0.8001465904558202, 0.7473443831362717, -0.03067139376695341]], "inverted": false, "swapped": false, "error_lsq": 0.05432914451711874, "error_max": 0.3576343897194907, "target": "124.xyz", "model": "26.xyz", "model_rescale": 4.466005838112752, "target_rescale": 4.1566507351565285},
{"mapping": [10, 0, 1, 4, 5, 7, 8, 9, 12, 2, 3, 13], "R": [[-0.5547463294917476, -0.8316409370126437, -0.02509704763842332], [0.8269886827808893, -0.5478290405365127, -0.1263845753926233], [0.09135769517540976, -0.09086635367161974, 0.9916637924733669]], "T": [0.04974961533377509, 0.05088619669437888, -0.0023658926118117255], "aligned_model": [[0.4445170366552194, -0.2608648267075883, -0.2807785962957475, -0.4023518785987339, -0.42226564818689305, 0.2206403999272903, 0.6339514648277425, 0.6140376952395832, -0.5712907771519273, 0.15400454838300337, 0.11417700920668498, 0.13409077879484418], [0.5441692113877941, 0.6587409307513448, 0.5584584851774339, -0.22695706921857495, -0.32723951479248586, -0.6490090728788699, 0.043345106685397095, -0.05693733888851381, 0.16901430456470218, 0.15472509267562404, -0.04583979847219777, 0.05444264710171312], [-0.32957804265495405, -0.33282803942683636, 0.4540280305278275, -0.4492883496755115, 0.33756772027915233, 0.31282983487619564, -0.3886123619427303, 0.39824370801193354, -0.0030281226593926154, -0.7866341957332247, 0.787077944176103, 0.00022187422143925013]], "inverted": false, "swapped": false, "error_lsq": 0.05296762461935992, "error_max": 0.35906387922499244, "target": "124.xyz", "model": "27.xyz", "model_rescale": 4.509807893063789, "target_rescale": 4.1566507351565285},
{"mapping": [6, 5, 4, 1, 0, 11, 9, 8, 12, 3, 2, 13], "R": [[-0.8231671189459242, -0.5673308273892632, -0.023057028864991995], [-0.5605097779008401, 0.8184150115366546, -0.12659248701644452], [0.09069003894484742, -0.091283082689356, -0.991686803204979]], "T": [0.056708423500377206, 0.08685710654647531, -0.0023455597709924037], "aligned_model": [[0.47599314121259895, -0.25884096268428547, -0.24054588802769405, -0.45789331704923353, -0.43959824239264206, 0.23933758056157173, 0.601896631997642, 0.6201917066542335, -0.5635913030071318, 0.11534421161954816, 0.15193436093273105, 0.13363928627613958], [0.6725498346842445, 0.513252408296051, 0.6136998256320244, -0.36133404653308376, -0.26088662919711036, -0.5180360088599929, -0.12395939530153939, -0.023511977965566005, 0.2088111721890427, -0.04833815028620779, 0.15255668438573888, 0.05210926704976556], [0.3132011863003494, -0.44950096383249805, 0.3373733644613134, -0.33322873964306376, 0.45364558865074767, -0.32943599158249837, -0.3881709398659325, 0.39870338842787895, -0.0034912841758719783, -0.7865728645406186, 0.7871757920470036, 0.00030146375319252926]], "inverted": false, "swapped": false, "error_lsq": 0.052742468931056996, "error_max": 0.36202913534824244, "target": "124.xyz", "model": "28.xyz", "model_rescale": 4.5098078930637895, "target_rescale": 4.1566507351565285},
{"mapping": [10, 11, 4, 2, 5, 7, 9, 8, 3, 0, 6, 12], "R": [[0.07020344671490222, -0.9064586365194198, 0.416418318939864], [0.592784775133951, 0.373654771066981, 0.7134341752595493], [-0.8022952613836998, 0.1967609014470012, 0.5635667318277617]], "T": [-0.02149771127201487, 0.045122089830878266, -0.10317973464625126], "aligned_model": [[0.760676865869831, -0.32031978000894107, -0.29331609250850854, -0.20862896816130005, -0.345284156777656, 0.2779810980504592, 0.4270204922534227, 0.6116374716668674, -0.6269724661249167, -0.018326880459640704, -0.011627783161247754, 0.12502740545510838], [0.35443834488210857, 0.6231866333799911, 0.6766218505276212, -0.4370035702907418, -0.40352951135108545, -0.4851577302643463, -0.21720283636354767, 0.08648345098130991, 0.104980669281965, 0.27134640246060676, 0.16811166989457074, 0.13463761095491467], [-0.006383667076249336, -0.25872972478949097, 0.3645488959441923, -0.4208880681491704, 0.34858712853969664, -0.008606966253648943, -0.45794312899237316, 0.4429524956624749, -0.08701056597193156, -0.7473443831362714, 0.8001465904558205, 0.030671393766953645]], "inverted": false, "swapped": false, "error_lsq": 0.05432914451711874, "error_max": 0.3576343897194902, "target": "124.xyz", "model": "29.xyz", "model_rescale": 4.466005838112752, "target_rescale": 4.1566507351565285},
