[{"mapping": [10, 1, 7, 8, 4, 2, 3, 9, 5, 3, 6, 11], "R": [[0.0816897212229184, -0.9683648659084498, -0.23578862551156182], [-0.6067019542175331, -0.2360113805032522, 0.759085875920225], [-0.7907208914624351, 0.08104390629195268, -0.6067885604210028]], "T": [0.06216956333451773, 0.011534837400925105, 0.07450905026081323], "aligned_model": [[0.43032189179550684, 0.0007287431723283777, -0.23075482291159327, -0.2800044682261864, -0.33745925401284266, 0.31073293862629014, 0.12368568027095295, 0.617369150150844, -0.5245065123681799, 0.12368568027095295, -0.04370756455625606, 0.18777600152766555], [0.6541798690865538, 0.6716387110381081, 0.6679725265032451, -0.34885118917941604, -0.3973372417836706, -0.6557145857950636, -0.05354418152263356, 0.05200946481412379, 0.20483316248875943, -0.05354418152263356, 0.06580212223081512, 0.06946830676567825], [0.08171883827497425, -0.3831809611081895, 0.35585746283884157, -0.24336641847721474, 0.371977953515783, -0.20312672285520117, -0.6844821588177604, 0.5630742742375335, -0.10937748244677623, -0.6844821588177604, 0.8372128988014008, 0.09817447485436963]], "inverted": false, "swapped": false, "error_lsq": 0.061045511296303284, "error_max": 0.4726836966859741, "target": "125.xyz", "model": "0.xyz", "model_rescale": 4.5108708085295355, "target_rescale": 4.156650547406978},
{"mapping": [9, 6, 0, 5, 8, 3, 10, 2, 4, 7, 2, 11], "R": [[0.08168972122291873, -0.9683648659084501, 0.23578862551156227], [-0.606701954217534, -0.23601138050325254, -0.7590858759202246], [0.7907208914624348, -0.0810439062919529, -0.6067885604210037]], "T": [0.062169563334517744, 0.011534837400925244, -0.07450905026081317], "aligned_model": [[0.43032189179550673, -0.2307548229115936, 0.0007287431723280308, -0.3374592540128425, -0.28000446822618624, 0.31073293862629053, 0.6173691501508441, 0.12368568027095307, -0.52450651236818, -0.043707564556256115, 0.12368568027095307, 0.18777600152766555], [0.6541798690865539, 0.6679725265032452, 0.6716387110381079, -0.39733724178367025, -0.34885118917941627, -0.6557145857950636, 0.05200946481412465, -0.05354418152263425, 0.20483316248875905, 0.06580212223081604, -0.05354418152263425, 0.06946830676567853], [-0.08171883827497381, -0.3558574628388411, 0.38318096110819033, -0.37197795351578333, 0.24336641847721469, 0.20312672285520073, -0.5630742742375334, 0.6844821588177603, 0.10937748244677636, -0.8372128988014009, 0.6844821588177603, -0.09817447485436946]], "inverted": false, "swapped": false, "error_lsq": 0.061045511296303284, "error_max": 0.4726836966859739, "target": "125.xyz", "model": "1.xyz", "model_rescale": 4.510870808529536, "target_rescale": 4.156650547406978},
{"mapping": [10, 7, 1, 4, 8, 2, 9, 3, 5, 6, 3, 11], "R": [[-0.08168972122291862, 0.9683648659084501, 0.23578862551156177], [0.606701954217534, 0.23601138050325213, -0.7590858759202246], [-0.7907208914624346, 0.08104390629195274, -0.6067885604210036]], "T": [0.06216956333451773, 0.011534837400925146, -0.07450905026081323], "aligned_model": [[0.430321891795507, -0.23075482291159344, 0.0007287431723284332, -0.3374592540128428, -0.28000446822618646, 0.31073293862629037, 0.6173691501508441, 0.12368568027095317, -0.5245065123681799, -0.04370756455625627, 0.12368568027095317, 0.1877760015276655], [0.6541798690865539, 0.6679725265032457, 0.6716387110381079, -0.39733724178367025, -0.3488511891794161, -0.6557145857950639, 0.05200946481412427, -0.05354418152263424, 0.20483316248875938, 0.06580212223081594, -0.05354418152263424, 0.06946830676567856], [-0.08171883827497375, -0.355857462838841, 0.38318096110819017, -0.37197795351578333, 0.24336641847721474, 0.20312672285520061, -0.5630742742375336, 0.6844821588177605, 0.10937748244677653, -0.8372128988014009, 0.6844821588177605, -0.09817447485436942]], "inverted": true, "swapped": false, "error_lsq": 0.06104551129630328, "error_max": 0.4726836966859739, "target": "125.xyz", "model": "2.xyz", "model_rescale": 4.5108708085295355, "target_rescale": 4.156650547406978},
{"mapping": [11, 2, 3, 4, 5, 7, 9, 10, 8, 0, 1, 13], "R": [[-0.5547463560596698, -0.8316409198262875, -0.025097029884121866], [0.8269886653604381, -0.5478290697342089, -0.12638456282122607], [0.09135769154197756, -0.09086633493565056, 0.9916637945248797]], "T": [0.04974958177320713, 0.05088616470343919, -0.002365895988007799], "aligned_model": [[0.44451684147314735, -0.2608647418349491, -0.2807784979980078, -0.4023517702320433, -0.422265526395102, 0.22064043058036614, 0.6339516608004485, 0.6140379046373898, -0.571290989060667, 0.15400447341935866, 0.11417696109324138, 0.1340907172563], [0.5441692356054175, 0.6587408731132951, 0.5584584341786003, -0.2269571626524547, -0.32723960158714954, -0.649008965714812, 0.04334536276570258, -0.056937076168992254, 0.1690142865586673, 0.15472490460989236, -0.045839973259497305, 0.05444246567519751], [-0.32957806891008995, -0.3328280578434779, 0.4540280399131634, -0.4492883580575268, 0.33756773969911447, 0.3128298693290474, -0.38861234566875547, 0.3982437520878858, -0.0030281191442126086, -0.7866342482250237, 0.7870779472882585, 0.00022184953161744634]], "inverted": false, "swapped": false, "error_lsq": 0.05296765118846359, "error_max": 0.35906397003576973, "target": "125.xyz", "model": "3.xyz", "model_rescale": 4.509807743048502, "target_rescale": 4.156650547406978},
{"mapping": [6, 5, 4, 3, 2, 12, 10, 9, 8, 1, 0, 13], "R": [[-0.823166941679625, -0.567331085011591, -0.02305701857101458], [-0.5605100364199832, 0.818414836922982, -0.12659247124848422], [0.09069005016142825, -0.091283047078305, -0.9916868054571553]], "T": [0.05670839478747806, 0.08685713317906987, -0.0023455636556044637], "aligned_model": [[0.47599292490865003, -0.2588409936934186, -0.24054592659622434, -0.45789307882535996, -0.4395980117281657, 0.23933758257553278, 0.6018967731880414, 0.6201918402852356, -0.5635915445404971, 0.11534423229136867, 0.1519343664857572, 0.13363929938856295], [0.6725498512252776, 0.5132523325718649, 0.6136997407377309, -0.3613342160462575, -0.26088680788039154, -0.5180359092953162, -0.12395953127899972, -0.02351212311313372, 0.20881103827238978, -0.04833793885563217, 0.1525568774760999, 0.05210946931023387], [0.3132012143214967, -0.4495009633854538, 0.3373733928701624, -0.33322874971958516, 0.45364560653603103, -0.3294360257785973, -0.3881709370673797, 0.3987034191882365, -0.003491267114831458, -0.7865729195389761, 0.7871757929722568, 0.00030143671664053986]], "inverted": false, "swapped": false, "error_lsq": 0.052742491433355444, "error_max": 0.3620292566684512, "target": "125.xyz", "model": "4.xyz", "model_rescale": 4.509807743048502, "target_rescale": 4.156650547406978},
{"mapping": [11, 2, 3, 4, 5, 7, 9, 10, 8, 0, 1, 13], "R": [[-0.5547463560596698, -0.8316409198262875, -0.025097029884121876], [0.8269886653604381, -0.5478290697342089, -0.126384562821226], [0.09135769154197748, -0.09086633493565052, 0.9916637945248798]], "T": [0.04974958177320714, 0.05088616470343921, -0.0023658959880078763], "aligned_model": [[0.44451684147314735, -0.2608647418349491, -0.2807784979980078, -0.4023517702320433, -0.422265526395102, 0.22064043058036614, 0.6339516608004485, 0.6140379046373898, -0.571290989060667, 0.1540044734193587, 0.11417696109324137, 0.1340907172563], [0.5441692356054175, 0.6587408731132951, 0.5584584341786003, -0.2269571626524547, -0.3272396015871495, -0.649008965714812, 0.04334536276570257, -0.056937076168992226, 0.16901428655866724, 0.1547249046098923, -0.04583997325949726, 0.05444246567519749], [-0.32957806891009, -0.332828057843478, 0.4540280399131633, -0.44928835805752687, 0.33756773969911447, 0.3128298693290475, -0.3886123456687555, 0.3982437520878858, -0.003028119144212414, -0.7866342482250238, 0.7870779472882586, 0.0002218495316176623]], "inverted": false, "swapped": false, "error_lsq": 0.0529676511884636, "error_max": 0.35906397003576973, "target": "125.xyz", "model": "5.xyz", "model_rescale": 4.509807743048502, "target_rescale": 4.156650547406978},
{"mapping": [11, 2, 3, 4, 5, 7, 9, 10, 8, 0, 1, 13], "R": [[-0.554746416267697, -0.8316408795743113, -0.0250970328726918], [0.8269886259558392, -0.5478291294062764, -0.12638456200673698], [0.09135768264256938, -0.09086634357575579, 0.9916637945530494]], "T": [0.04974959938918543, 0.05088617535442074, -0.0023658941114225447], "aligned_model": [[0.444516933717922, -0.26086486664546127, -0.2807786258715169, -0.40235183524877993, -0.4222655944748356, 0.22064059253259974, 0.6339514273173135, 0.6140376680912578, -0.571290724838194, 0.15400458894578145, 0.11417707049367015, 0.1340908297197258], [0.5441693514783043, 0.6587408210719466, 0.5584583793004656, -0.22695725587394094, -0.327239697645422, -0.6490089055937616, 0.043345231676288024, -0.05693721009519303, 0.16901443914080339, 0.15472498499293985, -0.04583989855002222, 0.054442543221458806], [-0.32957806483617613, -0.33282808288277654, 0.45402804222569276, -0.4492883865274833, 0.337567738580986, 0.3128298961396578, -0.3886123803290465, 0.3982437447794228, -0.0030280949064404104, -0.786634262523081, 0.7870779876938573, 0.00022186258538807327]], "inverted": false, "swapped": false, "error_lsq": 0.05296764386113285, "error_max": 0.3590639081094322, "target": "125.xyz", "model": "6.xyz", "model_rescale": 4.509807586411629, "target_rescale": 4.156650547406978},
{"mapping": [6, 5, 4, 3, 2, 12, 10, 9, 8, 1, 0, 13], "R": [[-0.8231669769783128, -0.5673310339386273, -0.023057015039118958], [-0.5605099858569402, 0.8184148713693061, -0.12659247243108426], [0.0906900422705749, -0.0912830556658262, -0.9916868053883097]], "T": [0.05670840701588732, 0.08685711698687662, -0.00234556179970338], "aligned_model": [[0.4759930468206006, -0.2588410241736739, -0.2405459592435018, -0.4578931710103502, -0.43959810608017813, 0.2393376307831065, 0.6018966071496569, 0.620191672079829, -0.5635913576886481, 0.11534431010404186, 0.151934439964386, 0.13363937503421391], [0.672549739829444, 0.5132524400495702, 0.6136998526425838, -0.3613341264717388, -0.2608867138787252, -0.5180360492545909, -0.12395931692143339, -0.023511904328419778, 0.20881079202457936, -0.04833805611548131, 0.15255676907054602, 0.05210935647753238], [0.31320124049218123, -0.44950099188195697, 0.33737339164914265, -0.3332287741539234, 0.45364560937717624, -0.32943602150594936, -0.38817097222606184, 0.3987034113050378, -0.003491242306242325, -0.786572933780901, 0.7871758332812988, 0.00030144975019899285]], "inverted": false, "swapped": false, "error_lsq": 0.05274248844865884, "error_max": 0.36202919358280605, "target": "125.xyz", "model": "7.xyz", "model_rescale": 4.509807586411629, "target_rescale": 4.156650547406978},
{"mapping": [11, 2, 3, 4, 5, 7, 9, 10, 8, 0, 1, 13], "R": [[-0.5547464162676963, -0.8316408795743117, -0.025097032872691896], [0.8269886259558396, -0.5478291294062756, -0.12638456200673684], [0.09135768264256929, -0.09086634357575572, 0.9916637945530493]], "T": [0.04974959938918541, 0.05088617535442074, -0.0023658941114226124], "aligned_model": [[0.44451693371792245, -0.2608648666454607, -0.2807786258715165, -0.40235183524878015, -0.4222655944748359, 0.22064059253259907, 0.6339514273173134, 0.6140376680912577, -0.5712907248381938, 0.1540045889457815, 0.11417707049367004, 0.13409082971972575], [0.5441693514783038, 0.6587408210719468, 0.5584583793004658, -0.22695725587394056, -0.3272396976454215, -0.6490089055937615, 0.04334523167628749, -0.056937210095193445, 0.16901443914080383, 0.15472498499293966, -0.04583989855002219, 0.0544425432214587], [-0.32957806483617613, -0.3328280828827766, 0.45402804222569254, -0.44928838652748326, 0.3375677385809859, 0.3128298961396577, -0.3886123803290465, 0.39824374477942265, -0.003028094906440199, -0.786634262523081, 0.7870779876938571, 0.00022186258538829792]], "inverted": false, "swapped": false, "error_lsq": 0.05296764386113284, "error_max": 0.3590639081094322, "target": "125.xyz", "model": "8.xyz", "model_rescale": 4.509807586411629, "target_rescale": 4.156650547406978},
{"mapping": [9, 2, 3, 6, 7, 5, 11, 12, 8, 0, 1, 13], "R": [[0.5547463009350946, 0.8316409564136604, -0.025097035964466538], [-0.8269887014171005, 0.5478290137396531, -0.1263845696020551], [-0.09135769987957963, 0.09086633766368651, 0.9916637935068022]], "T": [0.04974961201252509, 0.050886116493314405, -0.002365901409141787], "aligned_model": [[0.44451683238367873, -0.26086478064024615, -0.2807785426813478, -0.4023516911963842, -0.4222654532374858, 0.22064051632569395, 0.6339516283403115, 0.6140378662992099, -0.5712910760368275, 0.154004483435395, 0.11417695935319172, 0.13409072139429334], [0.5441691293281323, 0.6587408197616849, 0.5584583701415083, -0.22695713099708906, -0.32723958061726555, -0.6490090042449177, 0.04334521791857249, -0.05693723170160402, 0.16901422510260114, 0.15472510576425774, -0.04583979347609526, 0.05444265614408124], [-0.3295780984338137, -0.33282808491896443, 0.45402805365573984, -0.44928837836014707, 0.3375677602145572, 0.3128298842963148, -0.388612383023199, 0.39824375555150526, -0.003028132220816188, -0.786634264161763, 0.7870780129876453, 0.00022187441294125665]], "inverted": false, "swapped": false, "error_lsq": 0.052967648566805914, "error_max": 0.35906402871162846, "target": "125.xyz", "model": "9.xyz", "model_rescale": 4.509807504472865, "target_rescale": 4.156650547406978},
{"mapping": [4, 7, 6, 3, 2, 10, 12, 11, 8, 1, 0, 13], "R": [[0.8231669061667203, 0.5673311366709117, -0.023057015322922245], [0.5605100872696651, -0.818414800729628, -0.12659248009118057], [-0.09069005822504862, 0.09128305050980008, -0.9916868044038717]], "T": [0.05670844087997712, 0.08685716654095603, -0.0023455690288096097], "aligned_model": [[0.4759930209079053, -0.25884093019300575, -0.2405458647052408, -0.45789309636127845, -0.4395980308735135, 0.23933761175083948, 0.6018967965990083, 0.6201918620867732, -0.5635916018016494, 0.11534416662211655, 0.15193429759764648, 0.13363923210988152], [0.6725498534336465, 0.5132522746651429, 0.6136996951612489, -0.361334150337647, -0.260886729841541, -0.5180358082048132, -0.12395938708501501, -0.02351196658890896, 0.20881112998664447, -0.048338129851069736, 0.15255671114114241, 0.05210929064503636], [0.31320122941456247, -0.44950098398700683, 0.3373734130597033, -0.3332287769469037, 0.4536456200998064, -0.32943605492363137, -0.3881709739695046, 0.3987034230772055, -0.0034912806542680033, -0.7865729354366979, 0.7871758586567229, 0.000301461610012549]], "inverted": false, "swapped": false, "error_lsq": 0.05274249198945402, "error_max": 0.36202931097688323, "target": "125.xyz", "model": "10.xyz", "model_rescale": 4.509807504472865, "target_rescale": 4.156650547406978},
{"mapping": [5, 6, 7, 2, 3, 9, 11, 12, 8, 0, 1, 13], "R": [[-0.8231669061667197, -0.5673311366709124, -0.023057015322922217], [-0.5605100872696656, 0.8184148007296275, -0.1265924800911807], [0.09069005822504873, -0.09128305050980012, -0.9916868044038716]], "T": [0.0567084408799771, 0.08685716654095603, -0.0023455690288097116], "aligned_model": [[0.4759930209079048, -0.2588409301930062, -0.24054586470524128, -0.457893096361278, -0.43959803087351307, 0.23933761175083992, 0.6018967965990083, 0.6201918620867732, -0.5635916018016495, 0.11534416662211656, 0.15193429759764646, 0.13363923210988152], [0.6725498534336466, 0.5132522746651426, 0.6136996951612487, -0.3613341503376473, -0.26088672984154115, -0.518035808204813, -0.12395938708501468, -0.0235119665889085, 0.20881112998664408, -0.048338129851069764, 0.15255671114114255, 0.052109290645036443], [0.31320122941456235, -0.44950098398700694, 0.33737341305970325, -0.3332287769469037, 0.45364562009980647, -0.32943605492363137, -0.3881709739695047, 0.39870342307720547, -0.0034912806542678823, -0.7865729354366977, 0.7871758586567226, 0.0003014616100126409]], "inverted": true, "swapped": false, "error_lsq": 0.05274249198945402, "error_max": 0.3620293109768832, "target": "125.xyz", "model": "11.xyz", "model_rescale": 4.509807504472865, "target_rescale": 4.156650547406978},
{"mapping": [9, 2, 3, 6, 7, 5, 11, 12, 8, 0, 1, 13], "R": [[0.554746410359224, 0.8316408836365955, -0.025097028861960254], [-0.826988629825763, 0.5478291241183052, -0.12638455960550685], [-0.09135768348892617, 0.09086633827723642, 0.9916637949605825]], "T": [0.049749721457597124, 0.050886191008304764, -0.002365889046225664], "aligned_model": [[0.44451704167974604, -0.2608647297720246, -0.2807784850203884, -0.40235169914368263, -0.42226545439204644, 0.22064052028643952, 0.6339515241174198, 0.6140377688690559, -0.5712909460047102, 0.154004396288255, 0.1141768857915273, 0.13409064103989116], [0.5441693440870057, 0.658740813756584, 0.55845837789538, -0.2269572271452957, -0.3272396630064998, -0.6490089838814412, 0.04334524290210737, -0.05693719295909672, 0.16901421122725233, 0.15472505594382768, -0.04583981577858046, 0.054442620082623606], [-0.3295780497440385, -0.33282806447247626, 0.45402802953475224, -0.449288360778188, 0.3375677332290405, 0.3128298692110394, -0.3886123626758879, 0.39824373133134067, -0.0030281273437694407, -0.7866342267711657, 0.787077961243291, 0.00022186723606264181]], "inverted": false, "swapped": false, "error_lsq": 0.052967632869715835, "error_max": 0.35906386511562466, "target": "125.xyz", "model": "12.xyz", "model_rescale": 4.509807766519439, "target_rescale": 4.156650547406978},
{"mapping": [4, 7, 6, 3, 2, 10, 12, 11, 8, 1, 0, 13], "R": [[0.8231669742239758, 0.5673310378161748, -0.023057017963446197], [0.5605099898180558, -0.818414869288321, -0.12659246834604243], [-0.09069004278920378, 0.09128305022403022, -0.9916868058417888]], "T": [0.05670851447230996, 0.08685705689053351, -0.0023455566431059313], "aligned_model": [[0.4759930102922536, -0.2588409075354802, -0.2405458410155889, -0.4578930422133417, -0.4395979756934504, 0.23933773242935183, 0.6018966923975395, 0.6201917589174308, -0.5635914775922904, 0.11534410473112802, 0.15193423777091078, 0.1336391712510194], [0.6725498383077338, 0.5132523634397509, 0.6136997687798439, -0.36133416950927405, -0.26088676416918094, -0.518036083019025, -0.12395936460012207, -0.023511959260028956, 0.20881108731502027, -0.04833805006037685, 0.15255676061980944, 0.05210935527971633], [0.3132012138085642, -0.44950096596220046, 0.3373733865033859, -0.33322875587135675, 0.4536455965942296, -0.3294360064791223, -0.38817095446071787, 0.3987033980048685, -0.0034912748978330977, -0.7865728982121925, 0.7871758067189808, 0.0003014542533943589]], "inverted": false, "swapped": false, "error_lsq": 0.05274247506514251, "error_max": 0.3620291445702162, "target": "125.xyz", "model": "13.xyz", "model_rescale": 4.509807766519439, "target_rescale": 4.156650547406978},
{"mapping": [5, 6, 7, 2, 3, 9, 11, 12, 8, 0, 1, 13], "R": [[-0.823166974223976, -0.5673310378161743, -0.0230570179634459], [-0.5605099898180553, 0.8184148692883211, -0.1265924683460427], [0.09069004278920365, -0.09128305022403065, -0.9916868058417887]], "T": [0.05670851447230996, 0.08685705689053347, -0.0023455566431060436], "aligned_model": [[0.4759930102922537, -0.2588409075354799, -0.2405458410155888, -0.4578930422133417, -0.4395979756934506, 0.2393377324293517, 0.6018966923975396, 0.6201917589174307, -0.5635914775922902, 0.11534410473112824, 0.1519342377709105, 0.13363917125101937], [0.6725498383077338, 0.5132523634397508, 0.6136997687798441, -0.36133416950927394, -0.26088676416918055, -0.5180360830190253, -0.12395936460012241, -0.023511959260029053, 0.20881108731502052, -0.048338050060377113, 0.1525567606198096, 0.05210935527971628], [0.3132012138085643, -0.4495009659622008, 0.3373733865033858, -0.3332287558713569, 0.45364559659422965, -0.3294360064791222, -0.38817095446071775, 0.3987033980048688, -0.003491274897833271, -0.7865728982121923, 0.7871758067189806, 0.0003014542533944795]], "inverted": true, "swapped": false, "error_lsq": 0.05274247506514252, "error_max": 0.362029144570216, "target": "125.xyz", "model": "14.xyz", "model_rescale": 4.509807766519439, "target_rescale": 4.156650547406978},
{"mapping": [9, 4, 0, 7, 8, 3, 10, 2, 6, 5, 2, 11], "R": [[-0.08168969130933346, 0.9683648704963408, 0.23578861703311882], [0.6067019268781961, 0.23601135866496317, -0.7590859045611387], [-0.7907209155296637, 0.08104391506907271, -0.6067885278861223]], "T": [0.06216944924747634, 0.011534869847894397, -0.07450915019362349], "aligned_model": [[0.43032172644405864, -0.23075460816335716, 0.0007287671562976952, -0.33745928979819145, -0.2800044910748828, 0.31073292117891677, 0.6173689935148171, 0.12368565410815827, -0.5245065568689499, -0.04370734109259867, 0.12368565410815827, 0.1877760342270561], [0.654179851458484, 0.667972621417672, 0.6716386410074151, -0.3973372849951844, -0.3488513414533736, -0.655714511066511, 0.0520093747549695, -0.05354403436299657, 0.20483319170833011, 0.06580214471415749, -0.05354403436299657, 0.06946816430390071], [-0.08171887738655355, -0.3558575011518632, 0.3831811451925474, -0.37197797340304756, 0.2433666239175865, 0.20312659652674925, -0.5630743272768507, 0.6844820464170464, 0.10937747648724953, -0.8372129510421603, 0.6844820464170464, -0.0981743046977496]], "inverted": false, "swapped": false, "error_lsq": 0.06104549799044575, "error_max": 0.47268365836181014, "target": "125.xyz", "model": "15.xyz", "model_rescale": 4.510870436145588, "target_rescale": 4.156650547406978},
{"mapping": [10, 5, 1, 6, 8, 2, 9, 3, 7, 4, 3, 11], "R": [[0.0816896913093324, -0.9683648704963411, 0.23578861703311887], [-0.606701926878196, -0.2360113586649626, -0.7590859045611391], [0.7907209155296642, -0.08104391506907349, -0.6067885278861218]], "T": [0.06216944924747639, 0.011534869847894279, -0.0745091501936235], "aligned_model": [[0.4303217264440592, -0.23075460816335644, 0.000728767156297716, -0.3374592897981916, -0.28000449107488334, 0.31073292117891615, 0.6173689935148176, 0.12368565410815766, -0.5245065568689501, -0.043707341092597995, 0.12368565410815766, 0.18777603422705627], [0.6541798514584838, 0.6679726214176721, 0.6716386410074154, -0.3973372849951842, -0.3488513414533735, -0.6557145110665112, 0.052009374754968994, -0.053544034362996464, 0.20483319170833053, 0.06580214471415732, -0.053544034362996464, 0.06946816430390043], [-0.08171887738655348, -0.3558575011518639, 0.3831811451925472, -0.3719779734030477, 0.24336662391758637, 0.20312659652674983, -0.5630743272768501, 0.6844820464170465, 0.10937747648724896, -0.8372129510421604, 0.6844820464170465, -0.0981743046977496]], "inverted": true, "swapped": false, "error_lsq": 0.06104549799044575, "error_max": 0.47268365836181064, "target": "125.xyz", "model": "16.xyz", "model_rescale": 4.510870436145588, "target_rescale": 4.156650547406978},
{"mapping": [9, 4, 0, 7, 8, 3, 10, 2, 6, 5, 2, 11], "R": [[-0.08168969130933335, 0.968364870496341, 0.23578861703311874], [0.6067019268781964, 0.23601135866496306, -0.7590859045611387], [-0.790720915529664, 0.08104391506907277, -0.6067885278861223]], "T": [0.062169449247476326, 0.011534869847894424, -0.07450915019362346], "aligned_model": [[0.43032172644405875, -0.23075460816335705, 0.0007287671562977924, -0.3374592897981916, -0.2800044910748829, 0.31073292117891665, 0.6173689935148172, 0.12368565410815827, -0.52450655686895, -0.043707341092598655, 0.12368565410815827, 0.18777603422705624], [0.654179851458484, 0.6679726214176721, 0.671638641007415, -0.3973372849951843, -0.3488513414533738, -0.6557145110665111, 0.05200937475496953, -0.05354403436299665, 0.20483319170833023, 0.06580214471415763, -0.05354403436299665, 0.06946816430390051], [-0.08171887738655352, -0.35585750115186343, 0.3831811451925474, -0.37197797340304756, 0.24336662391758646, 0.20312659652674936, -0.5630743272768506, 0.6844820464170465, 0.10937747648724953, -0.8372129510421605, 0.6844820464170465, -0.09817430469774976]], "inverted": false, "swapped": false, "error_lsq": 0.061045497990445764, "error_max": 0.4726836583618102, "target": "125.xyz", "model": "17.xyz", "model_rescale": 4.510870436145588, "target_rescale": 4.156650547406978},
{"mapping": [9, 3, 11, 6, 2, 8, 7, 10, 4, 5, 1, 12], "R": [[0.07020338817559377, -0.906458705287946, -0.4164181791136982], [0.5927847851546693, 0.373654626194147, -0.7134342428092759], [0.8022952591021584, -0.19676085975471175, 0.5635667496320088]], "T": [-0.021497686870256175, 0.0451220300453496, 0.10317969656856814], "aligned_model": [[0.7606768781052683, -0.29331621010469794, -0.3203198462222717, -0.34528408719256326, -0.20862885238347828, 0.2779812239287021, 0.611637499971331, 0.4270206020626394, -0.6269724861473269, -0.011627811149934289, -0.01832687078733651, 0.12502742365915076], [0.35443849028585933, 0.6766217089281844, 0.6231866169225087, -0.4035295753842368, -0.4370036150615953, -0.48515769856178076, 0.08648356158608889, -0.21720276986201031, 0.10498044878031468, 0.16811168476363292, 0.2713462856406263, 0.13463764508627446], [0.00638367961222748, -0.364549030824247, 0.258729797714021, -0.3485870823713947, 0.42088814141980735, 0.008606999504763985, -0.44295249624991867, 0.45794317536691015, 0.08701046493043574, -0.8001465781260774, 0.7473442833583478, -0.03067135433487543]], "inverted": false, "swapped": false, "error_lsq": 0.05432913581079643, "error_max": 0.3576341206997166, "target": "125.xyz", "model": "18.xyz", "model_rescale": 4.466005644533647, "target_rescale": 4.156650547406978},
{"mapping": [10, 0, 1, 4, 5, 7, 8, 9, 12, 2, 3, 13], "R": [[-0.5547464357655348, -0.8316408666457806, -0.025097030304208134], [0.8269886131976412, -0.5478291492705817, -0.12638455938489127], [0.09135767973672373, -0.09086634214122226, 0.9916637949521988]], "T": [0.04974966089224184, 0.05088615079429332, -0.0023658956726937117], "aligned_model": [[0.44451697279014535, -0.26086481068996015, -0.28077856732528905, -0.40235175447664084, -0.42226551111196975, 0.2206404812262113, 0.6339514729411468, 0.6140377163058179, -0.5712908332846981, 0.15400452242356866, 0.11417700915291087, 0.13409076578823975], [0.5441693214565824, 0.658740771260887, 0.5584583343531229, -0.22695728480897043, -0.3272397217167346, -0.6490090271608027, 0.043345219821524776, -0.05693721708623936, 0.16901427521064555, 0.15472514083904781, -0.04583973297648046, 0.05444270393128367], [-0.32957805875211327, -0.33282807736813697, 0.45402802621769583, -0.44928837496917495, 0.33756772861665785, 0.3128298680186059, -0.38861237090661765, 0.39824373267921515, -0.003028117234595477, -0.7866342223530115, 0.7870779848186541, 0.00022188123282146192]], "inverted": false, "swapped": false, "error_lsq": 0.05296763930507731, "error_max": 0.359063899428818, "target": "125.xyz", "model": "19.xyz", "model_rescale": 4.509807711582247, "target_rescale": 4.156650547406978},
{"mapping": [6, 5, 4, 1, 0, 11, 9, 8, 12, 3, 2, 13], "R": [[-0.8231669907730229, -0.5673310138660367, -0.02305701644664147], [-0.5605099661131631, 0.8184148854693146, -0.12659246869411045], [0.09069003908647637, -0.09128305400228137, -0.9916868058326227]], "T": [0.05670847325388534, 0.08685711682408224, -0.002345563301787931], "aligned_model": [[0.47599298934396506, -0.2588409380453667, -0.24054587250615, -0.45789310083917417, -0.4395980352999575, 0.23933767778229564, 0.6018966537760884, 0.620191719315305, -0.5635913970634481, 0.11534419021942502, 0.1519343212978583, 0.13363925575864166], [0.6725498936700341, 0.5132524371639038, 0.6136998440038004, -0.36133410061091004, -0.2608866937710134, -0.5180360360257905, -0.1239593232661635, -0.023511916426266946, 0.20881098505188903, -0.048338175728435365, 0.15255663795135774, 0.05210923111146121], [0.31320121257421324, -0.44950098014014184, 0.33737338190365096, -0.33322876877597624, 0.45364559326781656, -0.32943601555851565, -0.388170962774601, 0.3987033992691918, -0.003491264673748746, -0.7865728937410889, 0.7871758303464963, 0.000301468302703836]], "inverted": false, "swapped": false, "error_lsq": 0.05274248213627301, "error_max": 0.36202918170570303, "target": "125.xyz", "model": "20.xyz", "model_rescale": 4.509807711582248, "target_rescale": 4.156650547406978},
{"mapping": [10, 11, 4, 2, 5, 7, 9, 8, 3, 0, 6, 12], "R": [[0.07020338817559346, -0.906458705287946, 0.41641817911369794], [0.5927847851546693, 0.3736546261941467, 0.7134342428092761], [-0.8022952591021585, 0.1967608597547118, 0.5635667496320087]], "T": [-0.021497686870256195, 0.04512203004534955, -0.1031796965685681], "aligned_model": [[0.7606768781052683, -0.32031984622227194, -0.29331621010469827, -0.2086288523834781, -0.34528408719256304, 0.27798122392870234, 0.4270206020626396, 0.611637499971331, -0.6269724861473269, -0.018326870787336573, -0.011627811149934338, 0.12502742365915076], [0.35443849028585955, 0.6231866169225085, 0.6766217089281842, -0.43700361506159546, -0.40352957538423684, -0.4851576985617807, -0.21720276986201015, 0.08648356158608901, 0.10498044878031453, 0.27134628564062646, 0.16811168476363286, 0.13463764508627454], [-0.006383679612227605, -0.25872979771402105, 0.36454903082424706, -0.42088814141980724, 0.3485870823713949, -0.008606999504763818, -0.4579431753669101, 0.4429524962499187, -0.08701046493043552, -0.7473442833583479, 0.8001465781260775, 0.0306713543348755]], "inverted": false, "swapped": false, "error_lsq": 0.05432913581079643, "error_max": 0.3576341206997165, "target": "125.xyz", "model": "21.xyz", "model_rescale": 4.466005644533646, "target_rescale": 4.156650547406978},
{"mapping": [9, 3, 11, 6, 2, 8, 7, 10, 4, 5, 1, 12], "R": [[0.07020350168792204, -0.9064586939640903, -0.4164181846265483], [0.5927847414589639, 0.3736547040060278, -0.7134342383623016], [0.8022952814545177, -0.19676076415557037, 0.5635667511881204]], "T": [-0.021497680559555137, 0.04512202888016964, 0.10317970060352293], "aligned_model": [[0.7606768042637934, -0.293316096948976, -0.3203200898156125, -0.34528405458666767, -0.20862895820121016, 0.2779812860135945, 0.6116375691575112, 0.4270205211198767, -0.6269723800928927, -0.011627771442750977, -0.01832669066988963, 0.12502732494270657], [0.35443847905780407, 0.6766217139052977, 0.6231867610093378, -0.40352957593924604, -0.4370035793583364, -0.48515776389613824, 0.08648349728715293, -0.2172027821254871, 0.10498045272200662, 0.16811168524404513, 0.2713462133924752, 0.13463768182495484], [0.006383608583894626, -0.3645489549945165, 0.25872979020055553, -0.3485870536549076, 0.4208881189506021, 0.008606973751959054, -0.44295252688213654, 0.4579431092179902, 0.08701054563957906, -0.8001465542890032, 0.7473443251594771, -0.03067138168349358]], "inverted": false, "swapped": false, "error_lsq": 0.0543291303333572, "error_max": 0.3576340845751985, "target": "125.xyz", "model": "22.xyz", "model_rescale": 4.46600560860683, "target_rescale": 4.156650547406978},
{"mapping": [10, 0, 1, 4, 5, 7, 8, 9, 12, 2, 3, 13], "R": [[-0.5547463757478622, -0.831640906665634, -0.025097030799962818], [0.8269886524710276, -0.5478290892525001, -0.1263845625578149], [0.09135768866803512, -0.0908663377117119, 0.9916637945352728]], "T": [0.04974965943323417, 0.05088614931522968, -0.0023658959609850253], "aligned_model": [[0.444516914890685, -0.26086468182438216, -0.2807784390173771, -0.4023516912174682, -0.42226544841046315, 0.22064052597328065, 0.6339515646331201, 0.6140378074401253, -0.5712911080236933, 0.15400443029154684, 0.11417691590555704, 0.13409067309855194], [0.544169236676407, 0.65874085943721, 0.55845841918444, -0.2269571932230286, -0.3272396334757987, -0.649008987495978, 0.043345239112798424, -0.056937201139971666, 0.1690141369762655, 0.15472507594327767, -0.0458398045622625, 0.05444263569050757], [-0.3295780727479821, -0.33282806458199105, 0.4540280451650103, -0.44928836636242253, 0.3375677433845788, 0.3128298754227274, -0.38861236938558563, 0.3982437403614157, -0.00302814180089869, -0.7866342395652852, 0.7870779799287173, 0.00022187018171618451]], "inverted": false, "swapped": false, "error_lsq": 0.052967639452066985, "error_max": 0.35906395208052866, "target": "125.xyz", "model": "23.xyz", "model_rescale": 4.509807674373902, "target_rescale": 4.156650547406978},
{"mapping": [6, 5, 4, 1, 0, 11, 9, 8, 12, 3, 2, 13], "R": [[-0.8231669525747534, -0.5673310692501414, -0.023057017419538844], [-0.5605100208188403, 0.8184148475467821, -0.12659247164282958], [0.0906900476924401, -0.09128304978728782, -0.9916868054335877]], "T": [0.056708472521694975, 0.08685711861442792, -0.002345563579971095], "aligned_model": [[0.4759930189479955, -0.25884091112654367, -0.24054584466441736, -0.4578930161996707, -0.43959794973754446, 0.23933765284953198, 0.6018967308257112, 0.6201917972878374, -0.5635915997473013, 0.11534412863916853, 0.1519342615634211, 0.13363919510129482], [0.6725498379354138, 0.5132523300778113, 0.6136997400861752, -0.3613342280069316, -0.2608868179985677, -0.5180359367891405, -0.12395937818459583, -0.023511968176231912, 0.20881121873747455, -0.04833808152754414, 0.1525567384891836, 0.052109328480819755], [0.31320122020880553, -0.4495009716016768, 0.3373733966176312, -0.33322875614430214, 0.45364561207500587, -0.3294360295262989, -0.38817096098612774, 0.39870340723318026, -0.003491289613312098, -0.7865729109736094, 0.787175825465006, 0.00030145724569838155]], "inverted": false, "swapped": false, "error_lsq": 0.05274248113445454, "error_max": 0.36202923422599786, "target": "125.xyz", "model": "24.xyz", "model_rescale": 4.509807674373903, "target_rescale": 4.156650547406978},
{"mapping": [10, 4, 11, 5, 2, 7, 8, 9, 3, 6, 0, 12], "R": [[-0.0702035016879223, 0.9064586939640903, -0.41641818462654806], [-0.5927847414589643, -0.37365470400602757, -0.7134342383623016], [-0.8022952814545175, 0.19676076415557, 0.5635667511881208]], "T": [-0.021497680559555143, 0.04512202888016964, 0.10317970060352302], "aligned_model": [[0.7606768042637934, -0.2933160969489762, -0.32032008981561244, -0.3452840545866678, -0.20862895820121005, 0.27798128601359456, 0.611637569157511, 0.42702052111987693, -0.6269723800928927, -0.011627771442751345, -0.01832669066988933, 0.12502732494270657], [0.35443847905780423, 0.6766217139052977, 0.623186761009338, -0.4035295759392462, -0.43700357935833645, -0.48515776389613824, 0.08648349728715277, -0.21720278212548677, 0.10498045272200668, 0.1681116852440448, 0.2713462133924757, 0.13463768182495486], [0.006383608583894279, -0.36454895499451645, 0.25872979020055564, -0.3485870536549075, 0.4208881189506024, 0.008606973751959068, -0.4429525268821367, 0.4579431092179901, 0.08701054563957936, -0.8001465542890033, 0.7473443251594772, -0.030671381683493648]], "inverted": true, "swapped": false, "error_lsq": 0.054329130333357185, "error_max": 0.3576340845751984, "target": "125.xyz", "model": "25.xyz", "model_rescale": 4.466005608606829, "target_rescale": 4.156650547406978},
{"mapping": [9, 3, 11, 6, 2, 8, 7, 10, 4, 5, 1, 12], "R": [[0.0702033349312065, -0.9064587115475937, -0.4164181744640997], [0.5927848003138076, 0.3736545893800897, -0.7134342494947352], [0.8022952525607118, -0.1967609008280688, 0.5635667446042846]], "T": [-0.02149768361341845, 0.04512206408161337, 0.10317973538525273], "aligned_model": [[0.7606768318487118, -0.2933161925310569, -0.32031986543304, -0.34528404350452807, -0.20862884327910744, 0.2779812297567738, 0.6116374876115613, 0.4270205739939244, -0.6269724503858443, -0.011627785649740631, -0.018326893263851445, 0.12502741457568003], [0.3544384721462114, 0.67662176452738, 0.6231865508469733, -0.4035296073830743, -0.43700362849035645, -0.4851576982396, 0.08648354248721227, -0.2172027685806008, 0.1049805238005678, 0.16811163334373794, 0.2713463864289596, 0.13463761223645593], [0.00638365836476297, -0.3645489023511831, 0.25872971931223493, -0.34858711936351616, 0.4208880769094356, 0.008606972530201568, -0.4429524996231481, 0.45794313051811253, 0.08701056980216648, -0.8001465915168657, 0.7473443806617133, -0.030671395243914087]], "inverted": false, "swapped": false, "error_lsq": 0.05432913832278307, "error_max": 0.3576341074148722, "target": "125.xyz", "model": "26.xyz", "model_rescale": 4.466005838112752, "target_rescale": 4.156650547406978},
{"mapping": [11, 1, 0, 5, 4, 6, 9, 8, 12, 3, 2, 13], "R": [[0.554746483032598, 0.8316408350278107, -0.025097033235209218], [-0.8269885822851563, 0.547829196050485, -0.12638455888543731], [-0.09135767254560963, 0.09086634948607174, 0.9916637949416749]], "T": [0.04974964092333691, 0.05088618326862914, -0.00236589197418782], "aligned_model": [[0.44451697410011237, -0.2608649103910297, -0.28077866855066186, -0.402351797673432, -0.42226555583306413, 0.2206405519242859, 0.633951495290346, 0.6140377371307137, -0.5712907733707678, 0.1540045618639589, 0.11417704554469452, 0.13409080370432672], [0.5441692638866057, 0.6587408529200126, 0.5584584204440686, -0.22695717566077794, -0.327239608136722, -0.6490090480268769, 0.04334519290794932, -0.056937239567994714, 0.169014176439077, 0.154725081782119, -0.04583978316976909, 0.054442649306174956], [-0.3295780489766411, -0.33282805454731695, 0.4540280173658768, -0.449288347188282, 0.33756772472491176, 0.31282985197513663, -0.3886123558801037, 0.39824371603309006, -0.003028130136383677, -0.786634196369956, 0.7870779474564314, 0.00022187554323757153]], "inverted": true, "swapped": false, "error_lsq": 0.05296764590870945, "error_max": 0.359063905762126, "target": "125.xyz", "model": "27.xyz", "model_rescale": 4.509807893063789, "target_rescale": 4.156650547406978},
{"mapping": [6, 5, 4, 1, 0, 11, 9, 8, 12, 3, 2, 13], "R": [[-0.823167025055682, -0.5673309642325559, -0.023057013768841242], [-0.5605099169505965, 0.818414919036772, -0.12659246935765653], [0.0906900317621155, -0.09128306152289274, -0.9916868058101782]], "T": [0.05670844266173762, 0.0868570940497192, -0.0023455596244553], "aligned_model": [[0.4759930647418914, -0.2588410172303209, -0.24054595455208133, -0.4578932252467914, -0.4395981625685518, 0.23933769848279723, 0.6018966839379624, 0.620191746616202, -0.5635913041619401, 0.11534424856186551, 0.15193437391834463, 0.13363931124010509], [0.6725498851711731, 0.5132523529439644, 0.6136997562682086, -0.3613341375543924, -0.26088673423014824, -0.5180359838522215, -0.12395930864276711, -0.02351190531852293, 0.20881105641732944, -0.048338136017163025, 0.15255667063132522, 0.05210926730708111], [0.313201196613278, -0.4495009525376763, 0.33737337782328414, -0.33322874610674935, 0.4536455842542111, -0.3294360056515829, -0.38817094758024057, 0.3987033827807199, -0.003491277641562418, -0.7865728676788539, 0.7871757930430663, 0.0003014626821062714]], "inverted": false, "swapped": false, "error_lsq": 0.0527424903071163, "error_max": 0.3620291857118636, "target": "125.xyz", "model": "28.xyz", "model_rescale": 4.5098078930637895, "target_rescale": 4.156650547406978},
{"mapping": [10, 11, 4, 2, 5, 7, 9, 8, 3, 0, 6, 12], "R": [[0.07020333493120663, -0.9064587115475935, 0.4164181744640999], [0.5927848003138076, 0.3736545893800899, 0.713434249494735], [-0.8022952525607115, 0.1967609008280689, 0.5635667446042845]], "T": [-0.0214976836134185, 0.045122064081613344, -0.10317973538525266], "aligned_model": [[0.7606768318487117, -0.3203198654330398, -0.2933161925310568, -0.20862884327910758, -0.3452840435045281, 0.27798122975677364, 0.42702057399392424, 0.6116374876115611, -0.6269724503858443, -0.018326893263851382, -0.01162778564974068, 0.12502741457568003], [0.3544384721462111, 0.6231865508469734, 0.6766217645273799, -0.43700362849035623, -0.4035296073830742, -0.4851576982396, -0.21720276858060078, 0.0864835424872119, 0.10498052380056802, 0.2713463864289597, 0.1681116333437377, 0.13463761223645587], [-0.006383658364763012, -0.2587297193122347, 0.36454890235118315, -0.4208880769094354, 0.3485871193635162, -0.00860697253020154, -0.45794313051811236, 0.4429524996231478, -0.08701056980216623, -0.747344380661713, 0.8001465915168655, 0.03067139524391413]], "inverted": false, "swapped": false, "error_lsq": 0.054329138322783056, "error_max": 0.35763410741487234, "target": "125.xyz", "model": "29.xyz", "model_rescale": 4.466005838112752, "target_rescale": 4.156650547406978},
