[{"mapping": [10, 1, 7, 8, 4, 2, 3, 9, 5, 3, 6, 11], "R": [[0.08168972122291857, -0.9683648659084501, -0.2357886255115616], [-0.6067019542175336, -0.2360113805032521, 0.7590858759202248], [-0.7907208914624348, 0.08104390629195257, -0.6067885604210033]], "T": [0.06216956333451771, 0.011534837400925146, 0.0745090502608132], "aligned_model": [[0.43032189179550706, 0.0007287431723285512, -0.23075482291159335, -0.28000446822618646, -0.3374592540128429, 0.3107329386262902, 0.12368568027095314, 0.6173691501508441, -0.5245065123681799, 0.12368568027095314, -0.04370756455625633, 0.18777600152766555], [0.6541798690865539, 0.6716387110381079, 0.6679725265032455, -0.34885118917941615, -0.3973372417836703, -0.6557145857950637, -0.05354418152263385, 0.05200946481412405, 0.2048331624887595, -0.05354418152263385, 0.06580212223081561, 0.0694683067656783], [0.08171883827497406, -0.3831809611081899, 0.35585746283884123, -0.2433664184772147, 0.3719779535157831, -0.20312672285520092, -0.6844821588177605, 0.5630742742375336, -0.1093774824467765, -0.6844821588177605, 0.8372128988014009, 0.09817447485436961]], "inverted": false, "swapped": false, "error_lsq": 0.06104551129630329, "error_max": 0.47268369668597404, "target": "126.xyz", "model": "0.xyz", "model_rescale": 4.5108708085295355, "target_rescale": 4.156650547406978},
{"mapping": [10, 1, 7, 8, 4, 2, 3, 9, 5, 3, 6, 11], "R": [[0.08168972122291895, -0.9683648659084498, -0.2357886255115622], [-0.6067019542175336, -0.23601138050325277, 0.7590858759202248], [-0.7907208914624348, 0.08104390629195252, -0.6067885604210034]], "T": [0.06216956333451773, 0.011534837400925202, 0.07450905026081317], "aligned_model": [[0.43032189179550656, 0.0007287431723279891, -0.23075482291159366, -0.28000446822618613, -0.33745925401284244, 0.3107329386262906, 0.1236856802709532, 0.6173691501508439, -0.5245065123681799, 0.1236856802709532, -0.04370756455625624, 0.18777600152766552], [0.6541798690865539, 0.6716387110381081, 0.667972526503245, -0.3488511891794163, -0.3973372417836705, -0.6557145857950635, -0.053544181522633905, 0.05200946481412444, 0.204833162488759, -0.053544181522633905, 0.06580212223081555, 0.06946830676567836], [0.08171883827497411, -0.38318096110819005, 0.35585746283884123, -0.24336641847721474, 0.37197795351578306, -0.20312672285520084, -0.6844821588177603, 0.5630742742375336, -0.10937748244677645, -0.6844821588177603, 0.8372128988014007, 0.09817447485436964]], "inverted": false, "swapped": false, "error_lsq": 0.061045511296303284, "error_max": 0.4726836966859739, "target": "126.xyz", "model": "1.xyz", "model_rescale": 4.510870808529536, "target_rescale": 4.156650547406978},
{"mapping": [10, 1, 7, 8, 4, 2, 3, 9, 5, 3, 6, 11], "R": [[0.08168972122291868, -0.9683648659084501, -0.23578862551156188], [-0.6067019542175337, -0.2360113805032522, 0.7590858759202249], [-0.790720891462435, 0.08104390629195257, -0.6067885604210035]], "T": [0.06216956333451774, 0.011534837400925119, 0.07450905026081323], "aligned_model": [[0.4303218917955069, 0.0007287431723283569, -0.23075482291159355, -0.28000446822618646, -0.33745925401284277, 0.3107329386262904, 0.12368568027095314, 0.6173691501508441, -0.52450651236818, 0.12368568027095314, -0.04370756455625625, 0.1877760015276655], [0.654179869086554, 0.671638711038108, 0.6679725265032453, -0.34885118917941604, -0.39733724178367047, -0.6557145857950638, -0.05354418152263388, 0.05200946481412408, 0.20483316248875946, -0.05354418152263388, 0.06580212223081552, 0.06946830676567851], [0.081718838274974, -0.38318096110819005, 0.35585746283884134, -0.2433664184772149, 0.3719779535157832, -0.2031267228552009, -0.6844821588177606, 0.5630742742375338, -0.10937748244677653, -0.6844821588177606, 0.8372128988014012, 0.09817447485436945]], "inverted": false, "swapped": false, "error_lsq": 0.06104551129630329, "error_max": 0.4726836966859741, "target": "126.xyz", "model": "2.xyz", "model_rescale": 4.5108708085295355, "target_rescale": 4.156650547406978},
{"mapping": [11, 2, 3, 4, 5, 7, 9, 10, 8, 0, 1, 13], "R": [[-0.5547463560596696, -0.8316409198262877, -0.025097029884121935], [0.8269886653604384, -0.5478290697342086, -0.12638456282122615], [0.09135769154197759, -0.09086633493565065, 0.9916637945248798]], "T": [0.049749581773207124, 0.05088616470343918, -0.0023658959880078637], "aligned_model": [[0.4445168414731475, -0.260864741834949, -0.2807784979980077, -0.4023517702320435, -0.4222655263951022, 0.22064043058036595, 0.6339516608004485, 0.6140379046373898, -0.571290989060667, 0.1540044734193587, 0.11417696109324131, 0.1340907172563], [0.5441692356054175, 0.6587408731132952, 0.5584584341786003, -0.22695716265245455, -0.3272396015871495, -0.6490089657148121, 0.04334536276570241, -0.056937076168992504, 0.16901428655866743, 0.15472490460989236, -0.04583997325949743, 0.05444246567519747], [-0.32957806891009, -0.332828057843478, 0.45402803991316343, -0.449288358057527, 0.3375677396991144, 0.3128298693290474, -0.3886123456687556, 0.3982437520878858, -0.003028119144212701, -0.7866342482250238, 0.7870779472882586, 0.00022184953161738605]], "inverted": false, "swapped": false, "error_lsq": 0.05296765118846358, "error_max": 0.35906397003576956, "target": "126.xyz", "model": "3.xyz", "model_rescale": 4.509807743048502, "target_rescale": 4.156650547406978},
{"mapping": [6, 5, 4, 3, 2, 12, 10, 9, 8, 1, 0, 13], "R": [[-0.823166941679625, -0.567331085011591, -0.02305701857101458], [-0.5605100364199832, 0.818414836922982, -0.12659247124848422], [0.09069005016142825, -0.091283047078305, -0.9916868054571553]], "T": [0.05670839478747806, 0.08685713317906987, -0.002345563655604528], "aligned_model": [[0.47599292490865003, -0.2588409936934186, -0.24054592659622434, -0.45789307882535996, -0.4395980117281657, 0.23933758257553278, 0.6018967731880414, 0.6201918402852356, -0.5635915445404971, 0.11534423229136867, 0.1519343664857572, 0.13363929938856295], [0.6725498512252776, 0.5132523325718649, 0.6136997407377309, -0.3613342160462575, -0.26088680788039154, -0.5180359092953162, -0.12395953127899972, -0.02351212311313372, 0.20881103827238978, -0.04833793885563217, 0.1525568774760999, 0.05210946931023387], [0.31320121432149667, -0.44950096338545387, 0.3373733928701623, -0.3332287497195852, 0.453645606536031, -0.3294360257785974, -0.38817093706737976, 0.39870341918823643, -0.003491267114831522, -0.7865729195389762, 0.7871757929722567, 0.00030143671664047567]], "inverted": false, "swapped": false, "error_lsq": 0.052742491433355444, "error_max": 0.36202925666845115, "target": "126.xyz", "model": "4.xyz", "model_rescale": 4.509807743048502, "target_rescale": 4.156650547406978},
{"mapping": [11, 2, 3, 4, 5, 7, 9, 10, 8, 0, 1, 13], "R": [[-0.5547463560596698, -0.8316409198262875, -0.025097029884121876], [0.8269886653604381, -0.5478290697342089, -0.126384562821226], [0.09135769154197748, -0.09086633493565052, 0.9916637945248798]], "T": [0.04974958177320714, 0.05088616470343921, -0.0023658959880079405], "aligned_model": [[0.44451684147314735, -0.2608647418349491, -0.2807784979980078, -0.4023517702320433, -0.422265526395102, 0.22064043058036614, 0.6339516608004485, 0.6140379046373898, -0.571290989060667, 0.1540044734193587, 0.11417696109324137, 0.1340907172563], [0.5441692356054175, 0.6587408731132951, 0.5584584341786003, -0.2269571626524547, -0.3272396015871495, -0.649008965714812, 0.04334536276570257, -0.056937076168992226, 0.16901428655866724, 0.1547249046098923, -0.04583997325949726, 0.05444246567519749], [-0.3295780689100901, -0.33282805784347813, 0.4540280399131632, -0.449288358057527, 0.33756773969911436, 0.3128298693290474, -0.38861234566875563, 0.3982437520878857, -0.003028119144212478, -0.7866342482250239, 0.7870779472882585, 0.00022184953161759812]], "inverted": false, "swapped": false, "error_lsq": 0.05296765118846359, "error_max": 0.35906397003576973, "target": "126.xyz", "model": "5.xyz", "model_rescale": 4.509807743048502, "target_rescale": 4.156650547406978},
{"mapping": [11, 2, 3, 4, 5, 7, 9, 10, 8, 0, 1, 13], "R": [[-0.5547464162676967, -0.8316408795743114, -0.025097032872691827], [0.8269886259558393, -0.547829129406276, -0.12638456200673703], [0.09135768264256944, -0.0908663435757558, 0.9916637945530493]], "T": [0.049749599389185425, 0.050886175354420735, -0.0023658941114226106], "aligned_model": [[0.4445169337179221, -0.2608648666454611, -0.28077862587151675, -0.40235183524878, -0.42226559447483564, 0.2206405925325995, 0.6339514273173135, 0.6140376680912578, -0.5712907248381939, 0.15400458894578145, 0.11417707049367011, 0.1340908297197258], [0.5441693514783041, 0.6587408210719468, 0.5584583793004656, -0.22695725587394078, -0.3272396976454219, -0.6490089055937616, 0.043345231676287815, -0.05693721009519327, 0.16901443914080355, 0.15472498499293985, -0.04583989855002231, 0.05444254322145877], [-0.32957806483617613, -0.33282808288277654, 0.45402804222569265, -0.4492883865274834, 0.3375677385809858, 0.31282989613965756, -0.3886123803290466, 0.3982437447794226, -0.0030280949064404555, -0.786634262523081, 0.7870779876938571, 0.00022186258538800562]], "inverted": false, "swapped": false, "error_lsq": 0.05296764386113284, "error_max": 0.35906390810943206, "target": "126.xyz", "model": "6.xyz", "model_rescale": 4.509807586411629, "target_rescale": 4.156650547406978},
{"mapping": [6, 5, 4, 3, 2, 12, 10, 9, 8, 1, 0, 13], "R": [[-0.8231669769783128, -0.5673310339386273, -0.023057015039118958], [-0.5605099858569402, 0.8184148713693061, -0.12659247243108426], [0.0906900422705749, -0.0912830556658262, -0.9916868053883097]], "T": [0.05670840701588732, 0.08685711698687662, -0.002345561799703444], "aligned_model": [[0.4759930468206006, -0.2588410241736739, -0.2405459592435018, -0.4578931710103502, -0.43959810608017813, 0.2393376307831065, 0.6018966071496569, 0.620191672079829, -0.5635913576886481, 0.11534431010404186, 0.151934439964386, 0.13363937503421391], [0.672549739829444, 0.5132524400495702, 0.6136998526425838, -0.3613341264717388, -0.2608867138787252, -0.5180360492545909, -0.12395931692143339, -0.023511904328419778, 0.20881079202457936, -0.04833805611548131, 0.15255676907054602, 0.05210935647753238], [0.3132012404921811, -0.4495009918819571, 0.33737339164914254, -0.3332287741539235, 0.45364560937717613, -0.3294360215059495, -0.38817097222606195, 0.39870341130503767, -0.0034912423062423894, -0.7865729337809011, 0.7871758332812987, 0.00030144975019892866]], "inverted": false, "swapped": false, "error_lsq": 0.05274248844865884, "error_max": 0.36202919358280605, "target": "126.xyz", "model": "7.xyz", "model_rescale": 4.509807586411629, "target_rescale": 4.156650547406978},
{"mapping": [12, 3, 2, 5, 4, 6, 10, 9, 8, 1, 0, 13], "R": [[0.5547464162676963, 0.8316408795743117, -0.025097032872692118], [-0.8269886259558396, 0.5478291294062756, -0.12638456200673684], [-0.09135768264256916, 0.09086634357575589, 0.9916637945530493]], "T": [0.04974959938918541, 0.05088617535442071, -0.0023658941114224215], "aligned_model": [[0.44451693371792245, -0.2608648666454607, -0.2807786258715166, -0.40235183524878004, -0.4222655944748359, 0.22064059253259902, 0.6339514273173135, 0.6140376680912576, -0.5712907248381938, 0.15400458894578167, 0.11417707049366987, 0.1340908297197258], [0.5441693514783038, 0.6587408210719468, 0.5584583793004658, -0.2269572558739406, -0.32723969764542155, -0.6490089055937615, 0.04334523167628748, -0.05693721009519345, 0.16901443914080388, 0.15472498499293963, -0.045839898550022226, 0.054442543221458736], [-0.3295780648361761, -0.33282808288277665, 0.4540280422256925, -0.4492883865274834, 0.33756773858098577, 0.3128298961396577, -0.3886123803290464, 0.39824374477942276, -0.0030280949064407257, -0.7866342625230808, 0.7870779876938573, 0.00022186258538791975]], "inverted": true, "swapped": false, "error_lsq": 0.05296764386113284, "error_max": 0.35906390810943206, "target": "126.xyz", "model": "8.xyz", "model_rescale": 4.509807586411629, "target_rescale": 4.156650547406978},
{"mapping": [9, 2, 3, 6, 7, 5, 11, 12, 8, 0, 1, 13], "R": [[0.5547463009350946, 0.8316409564136604, -0.025097035964466538], [-0.8269887014171005, 0.5478290137396531, -0.1263845696020551], [-0.09135769987957963, 0.09086633766368651, 0.9916637935068022]], "T": [0.04974961201252509, 0.050886116493314405, -0.002365901409141851], "aligned_model": [[0.44451683238367873, -0.26086478064024615, -0.2807785426813478, -0.4023516911963842, -0.4222654532374858, 0.22064051632569395, 0.6339516283403115, 0.6140378662992099, -0.5712910760368275, 0.154004483435395, 0.11417695935319172, 0.13409072139429334], [0.5441691293281323, 0.6587408197616849, 0.5584583701415083, -0.22695713099708906, -0.32723958061726555, -0.6490090042449177, 0.04334521791857249, -0.05693723170160402, 0.16901422510260114, 0.15472510576425774, -0.04583979347609526, 0.05444265614408124], [-0.32957809843381375, -0.3328280849189645, 0.4540280536557398, -0.4492883783601471, 0.33756776021455714, 0.31282988429631475, -0.38861238302319906, 0.3982437555515052, -0.0030281322208162522, -0.786634264161763, 0.7870780129876453, 0.00022187441294119247]], "inverted": false, "swapped": false, "error_lsq": 0.052967648566805914, "error_max": 0.35906402871162835, "target": "126.xyz", "model": "9.xyz", "model_rescale": 4.509807504472865, "target_rescale": 4.156650547406978},
{"mapping": [4, 7, 6, 3, 2, 10, 12, 11, 8, 1, 0, 13], "R": [[0.8231669061667198, 0.5673311366709124, -0.02305701532292216], [0.5605100872696656, -0.8184148007296276, -0.12659248009118076], [-0.09069005822504873, 0.09128305050980022, -0.9916868044038717]], "T": [0.056708440879977104, 0.08685716654095604, -0.0023455690288096765], "aligned_model": [[0.4759930209079049, -0.2588409301930062, -0.24054586470524125, -0.4578930963612781, -0.4395980308735132, 0.23933761175083995, 0.6018967965990083, 0.6201918620867732, -0.5635916018016496, 0.11534416662211662, 0.15193429759764643, 0.13363923210988154], [0.6725498534336467, 0.5132522746651426, 0.6136996951612488, -0.3613341503376474, -0.26088672984154115, -0.5180358082048129, -0.12395938708501475, -0.023511966588908542, 0.20881112998664414, -0.04833812985106983, 0.15255671114114264, 0.05210929064503642], [0.3132012294145623, -0.449500983987007, 0.33737341305970314, -0.3332287769469037, 0.4536456200998064, -0.3294360549236313, -0.3881709739695047, 0.39870342307720547, -0.003491280654268084, -0.786572935436698, 0.7871758586567228, 0.0003014616100124874]], "inverted": false, "swapped": false, "error_lsq": 0.05274249198945402, "error_max": 0.36202931097688307, "target": "126.xyz", "model": "10.xyz", "model_rescale": 4.509807504472865, "target_rescale": 4.156650547406978},
{"mapping": [5, 6, 7, 2, 3, 9, 11, 12, 8, 0, 1, 13], "R": [[-0.8231669061667197, -0.5673311366709124, -0.023057015322921887], [-0.5605100872696656, 0.8184148007296275, -0.12659248009118065], [0.09069005822504844, -0.09128305050980026, -0.9916868044038716]], "T": [0.0567084408799771, 0.08685716654095603, -0.002345569028809767], "aligned_model": [[0.4759930209079047, -0.2588409301930061, -0.2405458647052414, -0.4578930963612779, -0.4395980308735132, 0.23933761175084006, 0.6018967965990084, 0.6201918620867731, -0.5635916018016495, 0.11534416662211683, 0.15193429759764618, 0.13363923210988152], [0.6725498534336466, 0.5132522746651426, 0.6136996951612487, -0.3613341503376473, -0.2608867298415412, -0.518035808204813, -0.12395938708501465, -0.023511966588908514, 0.20881112998664408, -0.04833812985106971, 0.15255671114114255, 0.052109290645036443], [0.31320122941456247, -0.44950098398700705, 0.33737341305970314, -0.333228776946904, 0.45364562009980625, -0.32943605492363137, -0.38817097396950456, 0.39870342307720563, -0.003491280654268132, -0.7865729354366978, 0.7871758586567225, 0.00030146161001260796]], "inverted": true, "swapped": false, "error_lsq": 0.052742491989454014, "error_max": 0.36202931097688307, "target": "126.xyz", "model": "11.xyz", "model_rescale": 4.509807504472865, "target_rescale": 4.156650547406978},
{"mapping": [9, 2, 3, 6, 7, 5, 11, 12, 8, 0, 1, 13], "R": [[0.554746410359224, 0.8316408836365955, -0.02509702886196022], [-0.826988629825763, 0.5478291241183052, -0.12638455960550685], [-0.09135768348892621, 0.09086633827723642, 0.9916637949605825]], "T": [0.049749721457597124, 0.050886191008304764, -0.002365889046225729], "aligned_model": [[0.44451704167974604, -0.2608647297720246, -0.2807784850203884, -0.40235169914368263, -0.42226545439204644, 0.22064052028643952, 0.6339515241174198, 0.6140377688690559, -0.5712909460047102, 0.15400439628825496, 0.11417688579152732, 0.13409064103989116], [0.5441693440870057, 0.658740813756584, 0.55845837789538, -0.2269572271452957, -0.3272396630064998, -0.6490089838814412, 0.04334524290210737, -0.05693719295909672, 0.16901421122725233, 0.15472505594382768, -0.04583981577858046, 0.054442620082623606], [-0.32957804974403854, -0.3328280644724763, 0.4540280295347522, -0.4492883607781881, 0.3375677332290404, 0.3128298692110392, -0.388612362675888, 0.3982437313313405, -0.003028127343769485, -0.7866342267711657, 0.787077961243291, 0.00022186723606257503]], "inverted": false, "swapped": false, "error_lsq": 0.052967632869715835, "error_max": 0.3590638651156246, "target": "126.xyz", "model": "12.xyz", "model_rescale": 4.509807766519439, "target_rescale": 4.156650547406978},
{"mapping": [4, 7, 6, 3, 2, 10, 12, 11, 8, 1, 0, 13], "R": [[0.8231669742239758, 0.5673310378161748, -0.023057017963446197], [0.5605099898180558, -0.818414869288321, -0.12659246834604243], [-0.09069004278920378, 0.09128305022403022, -0.9916868058417888]], "T": [0.05670851447230996, 0.08685705689053351, -0.0023455566431059955], "aligned_model": [[0.4759930102922536, -0.2588409075354802, -0.2405458410155889, -0.4578930422133417, -0.4395979756934504, 0.23933773242935183, 0.6018966923975395, 0.6201917589174308, -0.5635914775922904, 0.11534410473112802, 0.15193423777091078, 0.1336391712510194], [0.6725498383077338, 0.5132523634397509, 0.6136997687798439, -0.36133416950927405, -0.26088676416918094, -0.518036083019025, -0.12395936460012207, -0.023511959260028956, 0.20881108731502027, -0.04833805006037685, 0.15255676061980944, 0.05210935527971633], [0.31320121380856414, -0.4495009659622005, 0.33737338650338583, -0.3332287558713568, 0.45364559659422954, -0.32943600647912236, -0.3881709544607179, 0.3987033980048684, -0.003491274897833162, -0.7865728982121925, 0.7871758067189808, 0.00030145425339429474]], "inverted": false, "swapped": false, "error_lsq": 0.05274247506514251, "error_max": 0.3620291445702161, "target": "126.xyz", "model": "13.xyz", "model_rescale": 4.509807766519439, "target_rescale": 4.156650547406978},
{"mapping": [5, 6, 7, 2, 3, 9, 11, 12, 8, 0, 1, 13], "R": [[-0.823166974223976, -0.5673310378161743, -0.0230570179634459], [-0.5605099898180553, 0.8184148692883211, -0.1265924683460427], [0.09069004278920365, -0.09128305022403065, -0.9916868058417887]], "T": [0.05670851447230996, 0.08685705689053347, -0.002345556643106108], "aligned_model": [[0.4759930102922537, -0.2588409075354799, -0.2405458410155888, -0.4578930422133417, -0.4395979756934506, 0.2393377324293517, 0.6018966923975396, 0.6201917589174307, -0.5635914775922902, 0.11534410473112824, 0.1519342377709105, 0.13363917125101937], [0.6725498383077338, 0.5132523634397508, 0.6136997687798441, -0.36133416950927394, -0.26088676416918055, -0.5180360830190253, -0.12395936460012241, -0.023511959260029053, 0.20881108731502052, -0.048338050060377113, 0.1525567606198096, 0.05210935527971628], [0.31320121380856425, -0.44950096596220085, 0.3373733865033857, -0.333228755871357, 0.4536455965942296, -0.32943600647912225, -0.3881709544607178, 0.39870339800486876, -0.0034912748978333354, -0.7865728982121923, 0.7871758067189806, 0.0003014542533944153]], "inverted": true, "swapped": false, "error_lsq": 0.05274247506514252, "error_max": 0.36202914457021595, "target": "126.xyz", "model": "14.xyz", "model_rescale": 4.509807766519439, "target_rescale": 4.156650547406978},
{"mapping": [10, 1, 5, 8, 6, 2, 3, 9, 7, 3, 4, 11], "R": [[-0.08168969130933296, 0.9683648704963411, -0.23578861703311857], [0.6067019268781965, 0.23601135866496264, 0.7590859045611388], [0.7907209155296638, -0.08104391506907296, -0.6067885278861224]], "T": [0.06216944924747635, 0.01153486984789432, 0.07450915019362356], "aligned_model": [[0.43032172644405897, 0.000728767156297952, -0.2307546081633568, -0.2800044910748831, -0.33745928979819173, 0.3107329211789163, 0.12368565410815806, 0.6173689935148172, -0.52450655686895, 0.12368565410815806, -0.04370734109259852, 0.1877760342270562], [0.6541798514584839, 0.671638641007415, 0.6679726214176722, -0.3488513414533736, -0.39733728499518406, -0.6557145110665112, -0.053544034362996755, 0.05200937475496937, 0.20483319170833048, -0.053544034362996755, 0.06580214471415774, 0.06946816430390058], [0.0817188773865534, -0.3831811451925474, 0.3558575011518633, -0.24336662391758637, 0.3719779734030477, -0.20312659652674933, -0.6844820464170465, 0.5630743272768506, -0.10937747648724949, -0.6844820464170465, 0.8372129510421605, 0.09817430469774965]], "inverted": false, "swapped": false, "error_lsq": 0.06104549799044576, "error_max": 0.4726836583618104, "target": "126.xyz", "model": "15.xyz", "model_rescale": 4.510870436145588, "target_rescale": 4.156650547406978},
{"mapping": [9, 0, 4, 8, 7, 3, 2, 10, 6, 2, 5, 11], "R": [[0.08168969130933262, -0.968364870496341, -0.23578861703311893], [-0.6067019268781964, -0.2360113586649628, 0.7590859045611388], [-0.790720915529664, 0.08104391506907338, -0.606788527886122]], "T": [0.06216944924747638, 0.011534869847894307, 0.07450915019362352], "aligned_model": [[0.430321726444059, 0.0007287671562977091, -0.2307546081633566, -0.28000449107488323, -0.33745928979819156, 0.31073292117891627, 0.12368565410815777, 0.6173689935148176, -0.5245065568689501, 0.12368565410815777, -0.0437073410925981, 0.18777603422705622], [0.6541798514584838, 0.6716386410074151, 0.6679726214176721, -0.34885134145337354, -0.3973372849951841, -0.6557145110665112, -0.05354403436299677, 0.05200937475496941, 0.2048331917083303, -0.05354403436299677, 0.06580214471415768, 0.06946816430390067], [0.08171887738655338, -0.3831811451925473, 0.3558575011518637, -0.24336662391758634, 0.3719779734030477, -0.20312659652674953, -0.6844820464170464, 0.5630743272768501, -0.10937747648724909, -0.6844820464170464, 0.8372129510421604, 0.09817430469774949]], "inverted": true, "swapped": false, "error_lsq": 0.06104549799044575, "error_max": 0.4726836583618106, "target": "126.xyz", "model": "16.xyz", "model_rescale": 4.510870436145588, "target_rescale": 4.156650547406978},
{"mapping": [10, 1, 5, 8, 6, 2, 3, 9, 7, 3, 4, 11], "R": [[-0.0816896913093334, 0.968364870496341, -0.23578861703311862], [0.6067019268781964, 0.23601135866496298, 0.7590859045611387], [0.7907209155296638, -0.08104391506907266, -0.6067885278861223]], "T": [0.062169449247476354, 0.011534869847894279, 0.07450915019362357], "aligned_model": [[0.43032172644405875, 0.0007287671562979034, -0.23075460816335702, -0.28000449107488296, -0.3374592897981917, 0.31073292117891665, 0.12368565410815832, 0.6173689935148171, -0.52450655686895, 0.12368565410815832, -0.04370734109259874, 0.1877760342270561], [0.654179851458484, 0.6716386410074149, 0.6679726214176722, -0.3488513414533735, -0.3973372849951842, -0.6557145110665111, -0.053544034362996686, 0.05200937475496955, 0.20483319170833028, -0.053544034362996686, 0.06580214471415766, 0.06946816430390082], [0.08171887738655358, -0.38318114519254726, 0.3558575011518633, -0.24336662391758662, 0.3719779734030475, -0.20312659652674936, -0.6844820464170465, 0.5630743272768507, -0.10937747648724959, -0.6844820464170465, 0.8372129510421604, 0.09817430469774951]], "inverted": false, "swapped": false, "error_lsq": 0.06104549799044576, "error_max": 0.4726836583618102, "target": "126.xyz", "model": "17.xyz", "model_rescale": 4.510870436145588, "target_rescale": 4.156650547406978},
{"mapping": [9, 11, 3, 2, 6, 8, 10, 7, 4, 1, 5, 12], "R": [[-0.07020338817559346, 0.9064587052879461, 0.4164181791136977], [-0.5927847851546694, -0.37365462619414647, 0.7134342428092761], [0.8022952591021585, -0.1967608597547117, 0.5635667496320088]], "T": [-0.021497686870256147, 0.045122030045349606, -0.10317969656856814], "aligned_model": [[0.7606768781052682, -0.320319846222272, -0.2933162101046983, -0.20862885238347795, -0.345284087192563, 0.27798122392870234, 0.4270206020626396, 0.611637499971331, -0.6269724861473268, -0.01832687078733658, -0.011627811149934372, 0.1250274236591507], [0.3544384902858598, 0.6231866169225084, 0.6766217089281842, -0.4370036150615954, -0.403529575384237, -0.48515769856178065, -0.21720276986201004, 0.08648356158608918, 0.1049804487803143, 0.27134628564062635, 0.16811168476363286, 0.13463764508627457], [-0.00638367961222748, -0.25872979771402105, 0.36454903082424694, -0.42088814141980735, 0.3485870823713948, -0.008606999504763985, -0.45794317536691015, 0.44295249624991867, -0.08701046493043577, -0.7473442833583479, 0.8001465781260774, 0.03067135433487546]], "inverted": true, "swapped": false, "error_lsq": 0.05432913581079643, "error_max": 0.3576341206997162, "target": "126.xyz", "model": "18.xyz", "model_rescale": 4.466005644533647, "target_rescale": 4.156650547406978},
{"mapping": [10, 0, 1, 4, 5, 7, 8, 9, 12, 2, 3, 13], "R": [[-0.5547464357655347, -0.8316408666457809, -0.025097030304208005], [0.8269886131976414, -0.5478291492705816, -0.12638455938489118], [0.09135767973672379, -0.09086634214122209, 0.9916637949521989]], "T": [0.04974966089224183, 0.05088615079429331, -0.002365895672693778], "aligned_model": [[0.44451697279014546, -0.2608648106899602, -0.280778567325289, -0.4023517544766411, -0.4222655111119699, 0.22064048122621124, 0.6339514729411468, 0.6140377163058182, -0.5712908332846981, 0.15400452242356855, 0.11417700915291096, 0.13409076578823975], [0.5441693214565823, 0.6587407712608871, 0.558458334353123, -0.22695728480897048, -0.32723972171673454, -0.6490090271608028, 0.043345219821524575, -0.05693721708623951, 0.1690142752106457, 0.15472514083904776, -0.045839732976480425, 0.05444270393128364], [-0.3295780587521135, -0.3328280773681371, 0.45402802621769583, -0.449288374969175, 0.3375677286166579, 0.31282986801860585, -0.38861237090661793, 0.398243732679215, -0.0030281172345954462, -0.7866342223530116, 0.7870779848186542, 0.0002218812328213817]], "inverted": false, "swapped": false, "error_lsq": 0.05296763930507731, "error_max": 0.3590638994288181, "target": "126.xyz", "model": "19.xyz", "model_rescale": 4.509807711582247, "target_rescale": 4.156650547406978},
{"mapping": [6, 5, 4, 1, 0, 11, 9, 8, 12, 3, 2, 13], "R": [[-0.8231669907730231, -0.5673310138660369, -0.02305701644664177], [-0.5605099661131633, 0.8184148854693148, -0.1265924686941104], [0.0906900390864766, -0.09128305400228115, -0.991686805832623]], "T": [0.056708473253885346, 0.08685711682408226, -0.002345563301788003], "aligned_model": [[0.47599298934396533, -0.2588409380453669, -0.24054587250615, -0.4578931008391744, -0.4395980352999575, 0.23933767778229562, 0.6018966537760885, 0.6201917193153054, -0.5635913970634483, 0.11534419021942482, 0.15193432129785858, 0.1336392557586417], [0.6725498936700344, 0.513252437163904, 0.6136998440038005, -0.36133410061091015, -0.26088669377101364, -0.5180360360257906, -0.12395932326616343, -0.02351191642626692, 0.20881098505188905, -0.048338175728435295, 0.1525566379513577, 0.05210923111146121], [0.3132012125742132, -0.44950098014014184, 0.3373733819036512, -0.33322876877597624, 0.4536455932678168, -0.32943601555851587, -0.38817096277460134, 0.3987033992691917, -0.003491264673748617, -0.7865728937410892, 0.7871758303464964, 0.0003014683027037371]], "inverted": false, "swapped": false, "error_lsq": 0.052742482136273, "error_max": 0.36202918170570314, "target": "126.xyz", "model": "20.xyz", "model_rescale": 4.509807711582248, "target_rescale": 4.156650547406978},
{"mapping": [10, 11, 4, 2, 5, 7, 9, 8, 3, 0, 6, 12], "R": [[0.07020338817559373, -0.906458705287946, 0.41641817911369816], [0.5927847851546693, 0.3736546261941471, 0.7134342428092763], [-0.8022952591021587, 0.1967608597547117, 0.5635667496320087]], "T": [-0.021497686870256195, 0.045122030045349544, -0.10317969656856818], "aligned_model": [[0.7606768781052684, -0.32031984622227183, -0.2933162101046981, -0.20862885238347825, -0.34528408719256326, 0.27798122392870217, 0.42702060206263953, 0.6116374999713311, -0.626972486147327, -0.018326870787336462, -0.011627811149934338, 0.1250274236591508], [0.35443849028585944, 0.6231866169225088, 0.6766217089281846, -0.43700361506159563, -0.4035295753842367, -0.4851576985617809, -0.21720276986201037, 0.08648356158608889, 0.10498044878031473, 0.27134628564062646, 0.16811168476363308, 0.13463764508627454], [-0.006383679612227633, -0.25872979771402127, 0.36454903082424683, -0.42088814141980735, 0.3485870823713951, -0.008606999504763735, -0.45794317536691015, 0.44295249624991884, -0.08701046493043565, -0.747344283358348, 0.8001465781260776, 0.030671354334875445]], "inverted": false, "swapped": false, "error_lsq": 0.05432913581079644, "error_max": 0.3576341206997166, "target": "126.xyz", "model": "21.xyz", "model_rescale": 4.466005644533646, "target_rescale": 4.156650547406978},
{"mapping": [9, 3, 11, 6, 2, 8, 7, 10, 4, 5, 1, 12], "R": [[0.07020350168792229, -0.9064586939640902, -0.4164181846265483], [0.5927847414589642, 0.37365470400602774, -0.7134342383623015], [0.8022952814545175, -0.1967607641555701, 0.5635667511881206]], "T": [-0.021497680559555116, 0.04512202888016967, 0.10317970060352288], "aligned_model": [[0.7606768042637932, -0.29331609694897587, -0.32032008981561233, -0.3452840545866678, -0.20862895820121016, 0.2779812860135944, 0.611637569157511, 0.42702052111987665, -0.6269723800928926, -0.011627771442751095, -0.018326690669889442, 0.12502732494270655], [0.3544384790578041, 0.6766217139052977, 0.623186761009338, -0.4035295759392462, -0.43700357935833634, -0.4851577638961382, 0.0864834972871528, -0.21720278212548697, 0.10498045272200665, 0.16811168524404488, 0.27134621339247555, 0.13463768182495484], [0.006383608583894279, -0.36454895499451645, 0.2587297902005555, -0.3485870536549075, 0.42088811895060213, 0.008606973751959068, -0.4429525268821366, 0.45794310921799, 0.08701054563957925, -0.8001465542890032, 0.7473443251594771, -0.030671381683493676]], "inverted": false, "swapped": false, "error_lsq": 0.054329130333357185, "error_max": 0.3576340845751984, "target": "126.xyz", "model": "22.xyz", "model_rescale": 4.46600560860683, "target_rescale": 4.156650547406978},
{"mapping": [10, 0, 1, 4, 5, 7, 8, 9, 12, 2, 3, 13], "R": [[-0.5547463757478622, -0.831640906665634, -0.025097030799962734], [0.8269886524710276, -0.5478290892525001, -0.12638456255781488], [0.09135768866803515, -0.09086633771171182, 0.9916637945352728]], "T": [0.04974965943323417, 0.05088614931522968, -0.0023658959609850904], "aligned_model": [[0.44451691489068496, -0.2608646818243822, -0.28077843901737704, -0.4023516912174683, -0.4222654484104631, 0.2206405259732807, 0.6339515646331201, 0.6140378074401253, -0.5712911080236933, 0.15400443029154678, 0.11417691590555709, 0.13409067309855194], [0.544169236676407, 0.65874085943721, 0.55845841918444, -0.2269571932230286, -0.3272396334757987, -0.649008987495978, 0.04334523911279841, -0.05693720113997165, 0.1690141369762655, 0.15472507594327764, -0.04583980456226247, 0.05444263569050757], [-0.32957807274798223, -0.33282806458199105, 0.4540280451650102, -0.44928836636242253, 0.3375677433845788, 0.31282987542272733, -0.38861236938558574, 0.3982437403614156, -0.0030281418008987065, -0.7866342395652853, 0.7870779799287172, 0.00022187018171611252]], "inverted": false, "swapped": false, "error_lsq": 0.052967639452066985, "error_max": 0.35906395208052866, "target": "126.xyz", "model": "23.xyz", "model_rescale": 4.509807674373902, "target_rescale": 4.156650547406978},
{"mapping": [6, 5, 4, 1, 0, 11, 9, 8, 12, 3, 2, 13], "R": [[-0.8231669525747533, -0.5673310692501417, -0.02305701741953831], [-0.5605100208188405, 0.8184148475467821, -0.1265924716428295], [0.09069004769243966, -0.09128304978728805, -0.9916868054335878]], "T": [0.05670847252169497, 0.08685711861442792, -0.0023455635799711455], "aligned_model": [[0.47599301894799523, -0.25884091112654356, -0.2405458446644177, -0.4578930161996706, -0.4395979497375447, 0.23933765284953235, 0.6018967308257113, 0.6201917972878372, -0.5635915997473014, 0.11534412863916896, 0.1519342615634207, 0.13363919510129482], [0.6725498379354139, 0.5132523300778113, 0.6136997400861752, -0.3613342280069317, -0.26088681799856783, -0.5180359367891405, -0.1239593781845957, -0.02351196817623187, 0.20881121873747444, -0.048338081527544055, 0.15255673848918355, 0.05210932848081976], [0.3132012202088058, -0.4495009716016769, 0.3373733966176311, -0.3332287561443024, 0.4536456120750056, -0.32943602952629886, -0.38817096098612747, 0.39870340723318054, -0.0034912896133124467, -0.7865729109736096, 0.787175825465006, 0.0003014572456983668]], "inverted": false, "swapped": false, "error_lsq": 0.05274248113445453, "error_max": 0.36202923422599764, "target": "126.xyz", "model": "24.xyz", "model_rescale": 4.509807674373903, "target_rescale": 4.156650547406978},
{"mapping": [10, 11, 4, 2, 5, 7, 9, 8, 3, 0, 6, 12], "R": [[0.07020350168792255, -0.9064586939640901, 0.4164181846265486], [0.5927847414589641, 0.3736547040060282, 0.7134342383623014], [-0.8022952814545176, 0.19676076415557026, 0.5635667511881207]], "T": [-0.02149768055955517, 0.04512202888016965, -0.10317970060352301], "aligned_model": [[0.7606768042637936, -0.3203200898156121, -0.29331609694897565, -0.20862895820121044, -0.345284054586668, 0.2779812860135943, 0.42702052111987665, 0.6116375691575112, -0.6269723800928926, -0.01832669066988933, -0.01162777144275115, 0.1250273249427066], [0.35443847905780373, 0.6231867610093382, 0.676621713905298, -0.43700357935833634, -0.40352957593924593, -0.48515776389613835, -0.21720278212548716, 0.08648349728715249, 0.10498045272200707, 0.27134621339247555, 0.16811168524404496, 0.1346376818249548], [-0.006383608583894487, -0.2587297902005556, 0.36454895499451656, -0.4208881189506023, 0.3485870536549076, -0.008606973751959082, -0.4579431092179902, 0.4429525268821366, -0.08701054563957915, -0.7473443251594772, 0.8001465542890033, 0.030671381683493634]], "inverted": false, "swapped": false, "error_lsq": 0.054329130333357185, "error_max": 0.35763408457519896, "target": "126.xyz", "model": "25.xyz", "model_rescale": 4.466005608606829, "target_rescale": 4.156650547406978},
{"mapping": [9, 11, 3, 2, 6, 8, 10, 7, 4, 1, 5, 12], "R": [[-0.07020333493120592, 0.9064587115475936, 0.4164181744641], [-0.5927848003138073, -0.3736545893800896, 0.7134342494947353], [0.8022952525607119, -0.19676090082806932, 0.563566744604284]], "T": [-0.021497683613418514, 0.04512206408161335, -0.10317973538525266], "aligned_model": [[0.7606768318487118, -0.3203198654330402, -0.2933161925310568, -0.2086288432791077, -0.3452840435045278, 0.2779812297567739, 0.4270205739939242, 0.6116374876115616, -0.6269724503858445, -0.01832689326385195, -0.011627785649740138, 0.12502741457568], [0.35443847214621144, 0.623186550846973, 0.67662176452738, -0.43700362849035645, -0.40352960738307414, -0.48515769823959987, -0.2172027685806009, 0.0864835424872124, 0.10498052380056769, 0.2713463864289593, 0.1681116333437382, 0.13463761223645596], [-0.006383658364763539, -0.2587297193122348, 0.36454890235118315, -0.42088807690943525, 0.34858711936351655, -0.008606972530201637, -0.4579431305181127, 0.4429524996231475, -0.087010569802166, -0.7473443806617133, 0.8001465915168657, 0.03067139524391399]], "inverted": true, "swapped": false, "error_lsq": 0.05432913832278307, "error_max": 0.3576341074148722, "target": "126.xyz", "model": "26.xyz", "model_rescale": 4.466005838112752, "target_rescale": 4.156650547406978},
{"mapping": [10, 0, 1, 4, 5, 7, 8, 9, 12, 2, 3, 13], "R": [[-0.5547464830325982, -0.8316408350278107, -0.025097033235209502], [0.8269885822851563, -0.5478291960504852, -0.12638455888543731], [0.09135767254560948, -0.090866349486072, 0.991663794941675]], "T": [0.04974964092333692, 0.050886183268629134, -0.0023658919741878404], "aligned_model": [[0.4445169741001125, -0.26086491039102977, -0.28077866855066214, -0.4023517976734319, -0.42226555583306424, 0.22064055192428594, 0.6339514952903461, 0.6140377371307136, -0.571290773370768, 0.1540045618639591, 0.11417704554469431, 0.13409080370432672], [0.5441692638866058, 0.6587408529200127, 0.5584584204440687, -0.22695717566077805, -0.3272396081367221, -0.6490090480268768, 0.043345192907949436, -0.05693723956799461, 0.16901417643907687, 0.154725081782119, -0.04583978316976908, 0.05444264930617494], [-0.3295780489766412, -0.3328280545473173, 0.45402801736587656, -0.44928834718828237, 0.3375677247249115, 0.3128298519751366, -0.38861235588010373, 0.3982437160330901, -0.0030281301363836825, -0.7866341963699561, 0.7870779474564316, 0.00022187554323777232]], "inverted": false, "swapped": false, "error_lsq": 0.05296764590870945, "error_max": 0.35906390576212593, "target": "126.xyz", "model": "27.xyz", "model_rescale": 4.509807893063789, "target_rescale": 4.156650547406978},
{"mapping": [6, 5, 4, 1, 0, 11, 9, 8, 12, 3, 2, 13], "R": [[-0.823167025055682, -0.5673309642325559, -0.023057013768841242], [-0.5605099169505965, 0.818414919036772, -0.12659246935765653], [0.0906900317621155, -0.09128306152289274, -0.9916868058101782]], "T": [0.05670844266173762, 0.0868570940497192, -0.0023455596244553643], "aligned_model": [[0.4759930647418914, -0.2588410172303209, -0.24054595455208133, -0.4578932252467914, -0.4395981625685518, 0.23933769848279723, 0.6018966839379624, 0.620191746616202, -0.5635913041619401, 0.11534424856186551, 0.15193437391834463, 0.13363931124010509], [0.6725498851711731, 0.5132523529439644, 0.6136997562682086, -0.3613341375543924, -0.26088673423014824, -0.5180359838522215, -0.12395930864276711, -0.02351190531852293, 0.20881105641732944, -0.048338136017163025, 0.15255667063132522, 0.05210926730708111], [0.31320119661327794, -0.44950095253767636, 0.3373733778232841, -0.3332287461067494, 0.45364558425421103, -0.32943600565158293, -0.3881709475802406, 0.3987033827807198, -0.003491277641562482, -0.786572867678854, 0.7871757930430662, 0.0003014626821062072]], "inverted": false, "swapped": false, "error_lsq": 0.0527424903071163, "error_max": 0.36202918571186354, "target": "126.xyz", "model": "28.xyz", "model_rescale": 4.5098078930637895, "target_rescale": 4.156650547406978},
{"mapping": [10, 11, 4, 2, 5, 7, 9, 8, 3, 0, 6, 12], "R": [[0.07020333493120649, -0.9064587115475935, 0.41641817446410023], [0.5927848003138076, 0.37365458938009005, 0.7134342494947351], [-0.8022952525607119, 0.19676090082806907, 0.5635667446042842]], "T": [-0.02149768361341854, 0.04512206408161334, -0.10317973538525273], "aligned_model": [[0.7606768318487119, -0.3203198654330398, -0.29331619253105656, -0.20862884327910786, -0.3452840435045281, 0.27798122975677364, 0.4270205739939242, 0.6116374876115614, -0.6269724503858443, -0.01832689326385159, -0.011627785649740388, 0.12502741457568006], [0.35443847214621105, 0.6231865508469735, 0.6766217645273801, -0.43700362849035634, -0.40352960738307414, -0.4851576982396001, -0.2172027685806009, 0.0864835424872119, 0.1049805238005681, 0.2713463864289597, 0.1681116333437378, 0.1346376122364559], [-0.006383658364763414, -0.25872971931223493, 0.364548902351183, -0.4208880769094353, 0.34858711936351644, -0.00860697253020154, -0.45794313051811253, 0.44295249962314764, -0.08701056980216615, -0.7473443806617133, 0.8001465915168656, 0.030671395243914032]], "inverted": false, "swapped": false, "error_lsq": 0.054329138322783056, "error_max": 0.3576341074148726, "target": "126.xyz", "model": "29.xyz", "model_rescale": 4.466005838112752, "target_rescale": 4.156650547406978},
