[{"mapping": [9, 6, 0, 5, 8, 3, 10, 2, 4, 7, 2, 11], "R": [[0.08168972122291895, -0.96836486590845, 0.23578862551156243], [-0.6067019542175341, -0.23601138050325288, -0.7590858759202244], [0.7907208914624346, -0.0810439062919528, -0.6067885604210039]], "T": [0.06216956333451776, 0.011534837400925278, -0.07450905026081305], "aligned_model": [[0.4303218917955066, -0.23075482291159385, 0.0007287431723279059, -0.3374592540128424, -0.2800044682261862, 0.31073293862629087, 0.6173691501508444, 0.12368568027095315, -0.5245065123681801, -0.04370756455625613, 0.12368568027095315, 0.18777600152766558], [0.6541798690865542, 0.6679725265032455, 0.6716387110381079, -0.3973372417836706, -0.34885118917941654, -0.6557145857950638, 0.052009464814124794, -0.05354418152263433, 0.2048331624887589, 0.06580212223081597, -0.05354418152263433, 0.06946830676567856], [-0.08171883827497352, -0.35585746283884084, 0.3831809611081906, -0.37197795351578344, 0.24336641847721469, 0.20312672285520056, -0.5630742742375336, 0.6844821588177608, 0.10937748244677671, -0.8372128988014009, 0.6844821588177608, -0.09817447485436942]], "inverted": false, "swapped": false, "error_lsq": 0.06104551129630329, "error_max": 0.47268369668597404, "target": "127.xyz", "model": "0.xyz", "model_rescale": 4.5108708085295355, "target_rescale": 4.156650547406978},
{"mapping": [9, 6, 0, 5, 8, 3, 10, 2, 4, 7, 2, 11], "R": [[0.0816897212229189, -0.9683648659084498, 0.23578862551156193], [-0.6067019542175334, -0.23601138050325243, -0.7590858759202248], [0.7907208914624348, -0.0810439062919524, -0.6067885604210033]], "T": [0.0621695633345177, 0.011534837400925202, -0.07450905026081302], "aligned_model": [[0.4303218917955066, -0.23075482291159358, 0.0007287431723282389, -0.3374592540128426, -0.2800044682261862, 0.3107329386262905, 0.6173691501508439, 0.12368568027095324, -0.5245065123681798, -0.04370756455625634, 0.12368568027095324, 0.18777600152766546], [0.6541798690865537, 0.667972526503245, 0.671638711038108, -0.39733724178367036, -0.348851189179416, -0.6557145857950633, 0.05200946481412416, -0.053544181522633794, 0.20483316248875916, 0.06580212223081544, -0.053544181522633794, 0.06946830676567844], [-0.08171883827497407, -0.3558574628388411, 0.38318096110819005, -0.3719779535157828, 0.24336641847721502, 0.20312672285520095, -0.5630742742375334, 0.6844821588177603, 0.1093774824467766, -0.8372128988014005, 0.6844821588177603, -0.09817447485436938]], "inverted": false, "swapped": false, "error_lsq": 0.06104551129630326, "error_max": 0.4726836966859737, "target": "127.xyz", "model": "1.xyz", "model_rescale": 4.510870808529536, "target_rescale": 4.156650547406978},
{"mapping": [10, 7, 1, 4, 8, 2, 9, 3, 5, 6, 3, 11], "R": [[-0.0816897212229184, 0.9683648659084501, 0.23578862551156174], [0.6067019542175338, 0.23601138050325207, -0.7590858759202247], [-0.7907208914624346, 0.08104390629195277, -0.6067885604210036]], "T": [0.06216956333451773, 0.011534837400925133, -0.0745090502608131], "aligned_model": [[0.43032189179550706, -0.23075482291159333, 0.000728743172328461, -0.3374592540128428, -0.2800044682261866, 0.31073293862629014, 0.6173691501508443, 0.123685680270953, -0.5245065123681799, -0.04370756455625614, 0.123685680270953, 0.1877760015276655], [0.6541798690865538, 0.6679725265032453, 0.6716387110381079, -0.3973372417836703, -0.348851189179416, -0.6557145857950638, 0.05200946481412409, -0.05354418152263403, 0.20483316248875943, 0.0658021222308157, -0.05354418152263403, 0.06946830676567851], [-0.0817188382749736, -0.3558574628388409, 0.3831809611081903, -0.3719779535157832, 0.24336641847721485, 0.20312672285520073, -0.5630742742375334, 0.6844821588177606, 0.10937748244677663, -0.8372128988014008, 0.6844821588177606, -0.09817447485436928]], "inverted": true, "swapped": false, "error_lsq": 0.06104551129630328, "error_max": 0.4726836966859741, "target": "127.xyz", "model": "2.xyz", "model_rescale": 4.5108708085295355, "target_rescale": 4.156650547406978},
{"mapping": [11, 2, 3, 4, 5, 7, 9, 10, 8, 0, 1, 13], "R": [[-0.5547463560596696, -0.8316409198262877, -0.025097029884121956], [0.8269886653604384, -0.5478290697342086, -0.12638456282122587], [0.09135769154197734, -0.0908663349356505, 0.9916637945248798]], "T": [0.049749581773207124, 0.05088616470343918, -0.002365895988007664], "aligned_model": [[0.4445168414731475, -0.260864741834949, -0.2807784979980077, -0.4023517702320435, -0.4222655263951022, 0.22064043058036592, 0.6339516608004485, 0.6140379046373898, -0.571290989060667, 0.15400447341935872, 0.1141769610932413, 0.1340907172563], [0.5441692356054174, 0.6587408731132951, 0.5584584341786004, -0.22695716265245466, -0.3272396015871494, -0.649008965714812, 0.0433453627657023, -0.05693707616899239, 0.16901428655866743, 0.15472490460989213, -0.04583997325949721, 0.05444246567519747], [-0.32957806891008995, -0.33282805784347796, 0.4540280399131634, -0.44928835805752676, 0.33756773969911463, 0.3128298693290477, -0.3886123456687554, 0.39824375208788604, -0.003028119144212543, -0.7866342482250236, 0.7870779472882589, 0.00022184953161758555]], "inverted": false, "swapped": false, "error_lsq": 0.05296765118846359, "error_max": 0.35906397003576995, "target": "127.xyz", "model": "3.xyz", "model_rescale": 4.509807743048502, "target_rescale": 4.156650547406978},
{"mapping": [6, 5, 4, 3, 2, 12, 10, 9, 8, 1, 0, 13], "R": [[-0.8231669416796248, -0.5673310850115909, -0.023057018571014904], [-0.5605100364199831, 0.8184148369229818, -0.1265924712484842], [0.09069005016142852, -0.09128304707830477, -0.991686805457155]], "T": [0.05670839478747805, 0.08685713317906987, -0.0023455636556043435], "aligned_model": [[0.47599292490864986, -0.25884099369341873, -0.24054592659622417, -0.4578930788253599, -0.43959801172816537, 0.23933758257553261, 0.601896773188041, 0.6201918402852354, -0.5635915445404969, 0.11534423229136839, 0.15193436648575745, 0.13363929938856292], [0.6725498512252774, 0.5132523325718649, 0.6136997407377308, -0.3613342160462574, -0.2608868078803914, -0.5180359092953161, -0.12395953127899964, -0.02351212311313368, 0.20881103827238967, -0.048337938855632145, 0.15255687747609986, 0.052109469310233886], [0.31320121432149667, -0.44950096338545353, 0.33737339287016255, -0.3332287497195848, 0.45364560653603125, -0.32943602577859726, -0.3881709370673797, 0.3987034191882364, -0.0034912671148311226, -0.7865729195389758, 0.7871757929722568, 0.0003014367166406331]], "inverted": false, "swapped": false, "error_lsq": 0.052742491433355444, "error_max": 0.36202925666845154, "target": "127.xyz", "model": "4.xyz", "model_rescale": 4.509807743048502, "target_rescale": 4.156650547406978},
{"mapping": [11, 2, 3, 4, 5, 7, 9, 10, 8, 0, 1, 13], "R": [[-0.5547463560596696, -0.8316409198262877, -0.025097029884121897], [0.8269886653604384, -0.5478290697342086, -0.126384562821226], [0.09135769154197748, -0.09086633493565052, 0.9916637945248798]], "T": [0.04974958177320713, 0.05088616470343919, -0.0023658959880077475], "aligned_model": [[0.4445168414731476, -0.260864741834949, -0.2807784979980077, -0.4023517702320435, -0.4222655263951022, 0.22064043058036595, 0.6339516608004485, 0.6140379046373898, -0.571290989060667, 0.15400447341935866, 0.11417696109324135, 0.1340907172563], [0.5441692356054174, 0.6587408731132952, 0.5584584341786004, -0.22695716265245458, -0.3272396015871494, -0.649008965714812, 0.04334536276570236, -0.056937076168992434, 0.1690142865586674, 0.15472490460989224, -0.045839973259497305, 0.05444246567519745], [-0.3295780689100899, -0.3328280578434779, 0.45402803991316343, -0.44928835805752676, 0.3375677396991146, 0.3128298693290476, -0.3886123456687554, 0.3982437520878859, -0.0030281191442122846, -0.7866342482250237, 0.7870779472882588, 0.0002218495316177911]], "inverted": false, "swapped": false, "error_lsq": 0.05296765118846359, "error_max": 0.3590639700357699, "target": "127.xyz", "model": "5.xyz", "model_rescale": 4.509807743048502, "target_rescale": 4.156650547406978},
{"mapping": [12, 3, 2, 5, 4, 6, 10, 9, 8, 1, 0, 13], "R": [[0.5547464162676963, 0.8316408795743117, -0.025097032872692174], [-0.8269886259558396, 0.5478291294062756, -0.1263845620067368], [-0.0913576826425691, 0.09086634357575593, 0.9916637945530493]], "T": [0.04974959938918541, 0.05088617535442072, -0.002365894111422297], "aligned_model": [[0.44451693371792256, -0.2608648666454606, -0.2807786258715166, -0.40235183524878004, -0.422265594474836, 0.220640592532599, 0.6339514273173135, 0.6140376680912576, -0.5712907248381938, 0.15400458894578173, 0.11417707049366983, 0.13409082971972577], [0.5441693514783038, 0.6587408210719468, 0.5584583793004658, -0.22695725587394058, -0.3272396976454215, -0.6490089055937615, 0.04334523167628748, -0.056937210095193425, 0.16901443914080386, 0.1547249849929396, -0.045839898550022184, 0.054442543221458715], [-0.32957806483617597, -0.3328280828827766, 0.4540280422256926, -0.44928838652748326, 0.33756773858098593, 0.31282989613965795, -0.3886123803290462, 0.398243744779423, -0.003028094906440343, -0.7866342625230807, 0.7870779876938574, 0.0002218625853883426]], "inverted": true, "swapped": false, "error_lsq": 0.05296764386113284, "error_max": 0.3590639081094323, "target": "127.xyz", "model": "6.xyz", "model_rescale": 4.509807586411629, "target_rescale": 4.156650547406978},
{"mapping": [6, 5, 4, 3, 2, 12, 10, 9, 8, 1, 0, 13], "R": [[-0.8231669769783125, -0.5673310339386273, -0.023057015039118983], [-0.5605099858569402, 0.8184148713693059, -0.12659247243108412], [0.09069004227057487, -0.09128305566582608, -0.9916868053883094]], "T": [0.056708407015887315, 0.08685711698687662, -0.0023455617997032506], "aligned_model": [[0.4759930468206005, -0.2588410241736739, -0.2405459592435018, -0.4578931710103501, -0.439598106080178, 0.23933763078310652, 0.6018966071496568, 0.6201916720798288, -0.5635913576886481, 0.11534431010404184, 0.151934439964386, 0.13363937503421391], [0.6725497398294438, 0.5132524400495702, 0.6136998526425836, -0.3613341264717387, -0.2608867138787252, -0.5180360492545907, -0.12395931692143322, -0.023511904328419722, 0.20881079202457925, -0.04833805611548117, 0.15255676907054594, 0.0521093564775324], [0.3132012404921813, -0.4495009918819567, 0.3373733916491427, -0.33322877415392316, 0.45364560937717624, -0.32943602150594925, -0.3881709722260617, 0.3987034113050377, -0.0034912423062421543, -0.7865729337809008, 0.7871758332812986, 0.0003014497501991134]], "inverted": false, "swapped": false, "error_lsq": 0.052742488448658836, "error_max": 0.36202919358280633, "target": "127.xyz", "model": "7.xyz", "model_rescale": 4.509807586411629, "target_rescale": 4.156650547406978},
{"mapping": [11, 2, 3, 4, 5, 7, 9, 10, 8, 0, 1, 13], "R": [[-0.5547464162676964, -0.8316408795743117, -0.025097032872691927], [0.8269886259558396, -0.5478291294062757, -0.1263845620067369], [0.0913576826425693, -0.09086634357575576, 0.9916637945530492]], "T": [0.04974959938918542, 0.05088617535442074, -0.0023658941114224835], "aligned_model": [[0.4445169337179224, -0.2608648666454608, -0.2807786258715166, -0.4023518352487801, -0.42226559447483586, 0.22064059253259913, 0.6339514273173135, 0.6140376680912578, -0.5712907248381939, 0.15400458894578153, 0.11417707049367004, 0.13409082971972577], [0.5441693514783039, 0.6587408210719468, 0.5584583793004658, -0.2269572558739406, -0.3272396976454216, -0.6490089055937616, 0.043345231676287566, -0.056937210095193404, 0.16901443914080377, 0.1547249849929397, -0.04583989855002222, 0.05444254322145871], [-0.3295780648361759, -0.3328280828827764, 0.45402804222569265, -0.44928838652748304, 0.337567738580986, 0.3128298961396578, -0.38861238032904627, 0.39824374477942276, -0.003028094906440077, -0.7866342625230808, 0.7870779876938571, 0.00022186258538842846]], "inverted": false, "swapped": false, "error_lsq": 0.05296764386113284, "error_max": 0.3590639081094323, "target": "127.xyz", "model": "8.xyz", "model_rescale": 4.509807586411629, "target_rescale": 4.156650547406978},
{"mapping": [10, 3, 2, 7, 6, 4, 12, 11, 8, 1, 0, 13], "R": [[-0.5547463009350955, -0.8316409564136602, -0.02509703596446649], [0.8269887014171002, -0.547829013739654, -0.12638456960205524], [0.0913576998795797, -0.09086633766368662, 0.9916637935068024]], "T": [0.04974961201252512, 0.05088611649331441, -0.0023659014091415866], "aligned_model": [[0.44451683238367856, -0.26086478064024676, -0.2807785426813484, -0.40235169119638403, -0.42226545323748566, 0.2206405163256946, 0.6339516283403118, 0.6140378662992102, -0.5712910760368277, 0.154004483435395, 0.1141769593531918, 0.1340907213942934], [0.5441691293281329, 0.6587408197616847, 0.5584583701415081, -0.22695713099708947, -0.3272395806172661, -0.6490090042449177, 0.04334521791857309, -0.056937231701603544, 0.1690142251026006, 0.1547251057642579, -0.045839793476095306, 0.054442656144081315], [-0.3295780984338136, -0.33282808491896443, 0.45402805365573995, -0.4492883783601471, 0.33756776021455726, 0.31282988429631486, -0.388612383023199, 0.3982437555515054, -0.0030281322208160085, -0.7866342641617629, 0.7870780129876457, 0.00022187441294146135]], "inverted": true, "swapped": false, "error_lsq": 0.052967648566805914, "error_max": 0.3590640287116285, "target": "127.xyz", "model": "9.xyz", "model_rescale": 4.509807504472865, "target_rescale": 4.156650547406978},
{"mapping": [4, 7, 6, 3, 2, 10, 12, 11, 8, 1, 0, 13], "R": [[0.82316690616672, 0.5673311366709122, -0.023057015322922224], [0.5605100872696656, -0.8184148007296277, -0.12659248009118088], [-0.09069005822504883, 0.09128305050980029, -0.9916868044038716]], "T": [0.056708440879977104, 0.08685716654095604, -0.0023455690288094865], "aligned_model": [[0.47599302090790496, -0.2588409301930061, -0.24054586470524114, -0.45789309636127823, -0.4395980308735133, 0.23933761175083978, 0.6018967965990083, 0.6201918620867732, -0.5635916018016495, 0.11534416662211656, 0.15193429759764648, 0.13363923210988152], [0.6725498534336469, 0.5132522746651426, 0.6136996951612488, -0.36133415033764743, -0.2608867298415411, -0.5180358082048131, -0.12395938708501478, -0.0235119665889085, 0.20881112998664414, -0.048338129851069944, 0.15255671114114272, 0.052109290645036416], [0.31320122941456235, -0.44950098398700683, 0.3373734130597032, -0.33322877694690345, 0.4536456200998066, -0.32943605492363104, -0.38817097396950445, 0.3987034230772056, -0.00349128065426788, -0.7865729354366977, 0.7871758586567229, 0.0003014616100126782]], "inverted": false, "swapped": false, "error_lsq": 0.05274249198945402, "error_max": 0.3620293109768832, "target": "127.xyz", "model": "10.xyz", "model_rescale": 4.509807504472865, "target_rescale": 4.156650547406978},
{"mapping": [5, 6, 7, 2, 3, 9, 11, 12, 8, 0, 1, 13], "R": [[-0.8231669061667203, -0.567331136670912, -0.023057015322922068], [-0.5605100872696651, 0.818414800729628, -0.1265924800911807], [0.09069005822504857, -0.09128305050980029, -0.9916868044038717]], "T": [0.05670844087997711, 0.08685716654095602, -0.0023455690288095776], "aligned_model": [[0.4759930209079052, -0.2588409301930059, -0.24054586470524109, -0.45789309636127834, -0.43959803087351357, 0.2393376117508397, 0.6018967965990084, 0.6201918620867732, -0.5635916018016497, 0.11534416662211669, 0.15193429759764635, 0.13363923210988152], [0.6725498534336465, 0.5132522746651429, 0.613699695161249, -0.36133415033764704, -0.26088672984154093, -0.5180358082048132, -0.12395938708501508, -0.023511966588908903, 0.20881112998664447, -0.04833812985106983, 0.1525567111411425, 0.05210929064503637], [0.31320122941456263, -0.44950098398700694, 0.33737341305970336, -0.3332287769469037, 0.4536456200998066, -0.3294360549236312, -0.38817097396950445, 0.39870342307720585, -0.0034912806542678936, -0.7865729354366977, 0.7871758586567228, 0.0003014616100127949]], "inverted": true, "swapped": false, "error_lsq": 0.05274249198945403, "error_max": 0.3620293109768833, "target": "127.xyz", "model": "11.xyz", "model_rescale": 4.509807504472865, "target_rescale": 4.156650547406978},
{"mapping": [9, 2, 3, 6, 7, 5, 11, 12, 8, 0, 1, 13], "R": [[0.554746410359224, 0.8316408836365955, -0.025097028861960226], [-0.826988629825763, 0.5478291241183052, -0.12638455960550682], [-0.09135768348892617, 0.09086633827723639, 0.9916637949605825]], "T": [0.049749721457597124, 0.050886191008304764, -0.002365889046225535], "aligned_model": [[0.44451704167974604, -0.2608647297720246, -0.2807784850203884, -0.40235169914368263, -0.42226545439204644, 0.22064052028643952, 0.6339515241174198, 0.6140377688690559, -0.5712909460047102, 0.15400439628825496, 0.11417688579152731, 0.13409064103989116], [0.5441693440870057, 0.658740813756584, 0.55845837789538, -0.22695722714529576, -0.3272396630064998, -0.6490089838814411, 0.04334524290210735, -0.05693719295909672, 0.16901421122725233, 0.15472505594382766, -0.045839815778580435, 0.054442620082623606], [-0.32957804974403837, -0.33282806447247615, 0.45402802953475235, -0.4492883607781879, 0.3375677332290406, 0.3128298692110395, -0.3886123626758878, 0.3982437313313407, -0.003028127343769305, -0.7866342267711656, 0.7870779612432911, 0.00022186723606276802]], "inverted": false, "swapped": false, "error_lsq": 0.052967632869715835, "error_max": 0.3590638651156249, "target": "127.xyz", "model": "12.xyz", "model_rescale": 4.509807766519439, "target_rescale": 4.156650547406978},
{"mapping": [4, 7, 6, 3, 2, 10, 12, 11, 8, 1, 0, 13], "R": [[0.8231669742239759, 0.5673310378161746, -0.023057017963446107], [0.5605099898180556, -0.818414869288321, -0.1265924683460425], [-0.09069004278920373, 0.09128305022403035, -0.9916868058417888]], "T": [0.05670851447230996, 0.0868570568905335, -0.0023455566431058008], "aligned_model": [[0.47599301029225366, -0.2588409075354801, -0.2405458410155888, -0.4578930422133417, -0.4395979756934504, 0.23933773242935175, 0.6018966923975395, 0.6201917589174308, -0.5635914775922904, 0.1153441047311281, 0.1519342377709107, 0.1336391712510194], [0.6725498383077338, 0.5132523634397508, 0.6136997687798439, -0.361334169509274, -0.2608867641691808, -0.5180360830190252, -0.12395936460012219, -0.023511959260029025, 0.20881108731502035, -0.04833805006037692, 0.1525567606198095, 0.0521093552797163], [0.3132012138085643, -0.4495009659622004, 0.33737338650338594, -0.33322875587135664, 0.4536455965942297, -0.32943600647912213, -0.3881709544607177, 0.39870339800486865, -0.0034912748978330505, -0.7865728982121922, 0.787175806718981, 0.0003014542533945016]], "inverted": false, "swapped": false, "error_lsq": 0.05274247506514251, "error_max": 0.3620291445702163, "target": "127.xyz", "model": "13.xyz", "model_rescale": 4.509807766519439, "target_rescale": 4.156650547406978},
{"mapping": [5, 6, 7, 2, 3, 9, 11, 12, 8, 0, 1, 13], "R": [[-0.823166974223976, -0.5673310378161741, -0.023057017963446034], [-0.5605099898180551, 0.8184148692883212, -0.12659246834604262], [0.0906900427892037, -0.09128305022403052, -0.9916868058417886]], "T": [0.05670851447230996, 0.08685705689053347, -0.0023455566431059166], "aligned_model": [[0.4759930102922538, -0.2588409075354798, -0.24054584101558857, -0.4578930422133418, -0.43959797569345055, 0.2393377324293515, 0.6018966923975393, 0.6201917589174306, -0.5635914775922902, 0.11534410473112813, 0.1519342377709106, 0.13363917125101937], [0.6725498383077336, 0.5132523634397508, 0.6136997687798441, -0.3613341695092738, -0.2608867641691805, -0.5180360830190252, -0.12395936460012252, -0.02351195926002922, 0.20881108731502068, -0.04833805006037706, 0.1525567606198095, 0.05210935527971627], [0.31320121380856436, -0.44950096596220057, 0.3373733865033859, -0.33322875587135675, 0.4536455965942297, -0.32943600647912213, -0.38817095446071764, 0.3987033980048688, -0.0034912748978330613, -0.786572898212192, 0.7871758067189807, 0.0003014542533945953]], "inverted": true, "swapped": false, "error_lsq": 0.05274247506514252, "error_max": 0.36202914457021634, "target": "127.xyz", "model": "14.xyz", "model_rescale": 4.509807766519439, "target_rescale": 4.156650547406978},
{"mapping": [9, 4, 0, 7, 8, 3, 10, 2, 6, 5, 2, 11], "R": [[-0.08168969130933323, 0.968364870496341, 0.2357886170331186], [0.6067019268781961, 0.23601135866496284, -0.7590859045611387], [-0.7907209155296638, 0.08104391506907269, -0.606788527886122]], "T": [0.06216944924747632, 0.01153486984789439, -0.07450915019362335], "aligned_model": [[0.43032172644405886, -0.23075460816335697, 0.0007287671562978965, -0.3374592897981917, -0.280004491074883, 0.3107329211789165, 0.6173689935148172, 0.12368565410815822, -0.5245065568689499, -0.043707341092598634, 0.12368565410815822, 0.18777603422705613], [0.6541798514584839, 0.6679726214176721, 0.671638641007415, -0.3973372849951842, -0.3488513414533735, -0.6557145110665111, 0.05200937475496933, -0.05354403436299663, 0.2048331917083303, 0.06580214471415755, -0.05354403436299663, 0.06946816430390067], [-0.08171887738655355, -0.3558575011518633, 0.3831811451925473, -0.37197797340304734, 0.24336662391758668, 0.20312659652674958, -0.5630743272768505, 0.6844820464170465, 0.10937747648724962, -0.8372129510421602, 0.6844820464170465, -0.09817430469774949]], "inverted": false, "swapped": false, "error_lsq": 0.06104549799044575, "error_max": 0.4726836583618102, "target": "127.xyz", "model": "15.xyz", "model_rescale": 4.510870436145588, "target_rescale": 4.156650547406978},
{"mapping": [10, 5, 1, 6, 8, 2, 9, 3, 7, 4, 3, 11], "R": [[0.08168969130933262, -0.968364870496341, 0.23578861703311865], [-0.6067019268781959, -0.2360113586649626, -0.7590859045611389], [0.790720915529664, -0.0810439150690731, -0.6067885278861218]], "T": [0.06216944924747636, 0.011534869847894293, -0.07450915019362336], "aligned_model": [[0.43032172644405914, -0.23075460816335652, 0.0007287671562978826, -0.3374592897981917, -0.28000449107488323, 0.31073292117891615, 0.6173689935148174, 0.12368565410815786, -0.52450655686895, -0.04370734109259823, 0.12368565410815786, 0.18777603422705624], [0.6541798514584836, 0.6679726214176719, 0.6716386410074152, -0.39733728499518406, -0.3488513414533734, -0.655714511066511, 0.052009374754969064, -0.05354403436299645, 0.20483319170833042, 0.06580214471415732, -0.05354403436299645, 0.06946816430390045], [-0.08171887738655342, -0.3558575011518635, 0.3831811451925473, -0.37197797340304734, 0.2433666239175865, 0.20312659652674975, -0.5630743272768501, 0.6844820464170464, 0.1093774764872493, -0.8372129510421601, 0.6844820464170464, -0.0981743046977495]], "inverted": true, "swapped": false, "error_lsq": 0.06104549799044575, "error_max": 0.4726836583618104, "target": "127.xyz", "model": "16.xyz", "model_rescale": 4.510870436145588, "target_rescale": 4.156650547406978},
{"mapping": [9, 4, 0, 7, 8, 3, 10, 2, 6, 5, 2, 11], "R": [[-0.08168969130933335, 0.968364870496341, 0.23578861703311874], [0.6067019268781964, 0.23601135866496306, -0.7590859045611387], [-0.790720915529664, 0.08104391506907277, -0.6067885278861223]], "T": [0.062169449247476326, 0.011534869847894424, -0.07450915019362334], "aligned_model": [[0.43032172644405875, -0.23075460816335705, 0.0007287671562977924, -0.3374592897981916, -0.2800044910748829, 0.31073292117891665, 0.6173689935148172, 0.12368565410815827, -0.52450655686895, -0.043707341092598655, 0.12368565410815827, 0.18777603422705624], [0.654179851458484, 0.6679726214176721, 0.671638641007415, -0.3973372849951843, -0.3488513414533738, -0.6557145110665111, 0.05200937475496953, -0.05354403436299665, 0.20483319170833023, 0.06580214471415763, -0.05354403436299665, 0.06946816430390051], [-0.0817188773865534, -0.3558575011518633, 0.38318114519254753, -0.3719779734030474, 0.2433666239175866, 0.2031265965267495, -0.5630743272768505, 0.6844820464170466, 0.10937747648724966, -0.8372129510421604, 0.6844820464170466, -0.09817430469774963]], "inverted": false, "swapped": false, "error_lsq": 0.06104549799044576, "error_max": 0.47268365836181025, "target": "127.xyz", "model": "17.xyz", "model_rescale": 4.510870436145588, "target_rescale": 4.156650547406978},
{"mapping": [9, 3, 11, 6, 2, 8, 7, 10, 4, 5, 1, 12], "R": [[0.07020338817559343, -0.906458705287946, -0.41641817911369794], [0.5927847851546693, 0.3736546261941467, -0.713434242809276], [0.8022952591021585, -0.19676085975471191, 0.5635667496320087]], "T": [-0.021497686870256168, 0.04512203004534959, 0.10317969656856825], "aligned_model": [[0.7606768781052681, -0.2933162101046981, -0.32031984622227194, -0.3452840871925629, -0.2086288523834781, 0.2779812239287022, 0.6116374999713309, 0.4270206020626394, -0.6269724861473269, -0.011627811149934227, -0.01832687078733667, 0.1250274236591507], [0.35443849028585955, 0.6766217089281843, 0.6231866169225084, -0.40352957538423684, -0.43700361506159535, -0.48515769856178065, 0.08648356158608911, -0.2172027698620102, 0.10498044878031446, 0.16811168476363292, 0.27134628564062624, 0.13463764508627452], [0.006383679612227758, -0.3645490308242469, 0.2587297977140211, -0.3485870823713947, 0.4208881414198074, 0.008606999504764151, -0.44295249624991845, 0.45794317536691037, 0.08701046493043574, -0.8001465781260773, 0.747344283358348, -0.030671354334875292]], "inverted": false, "swapped": false, "error_lsq": 0.054329135810796424, "error_max": 0.3576341206997163, "target": "127.xyz", "model": "18.xyz", "model_rescale": 4.466005644533647, "target_rescale": 4.156650547406978},
{"mapping": [10, 0, 1, 4, 5, 7, 8, 9, 12, 2, 3, 13], "R": [[-0.5547464357655348, -0.8316408666457806, -0.025097030304208116], [0.8269886131976412, -0.5478291492705817, -0.12638455938489127], [0.09135767973672376, -0.09086634214122224, 0.9916637949521988]], "T": [0.04974966089224184, 0.05088615079429332, -0.002365895672693584], "aligned_model": [[0.44451697279014535, -0.26086481068996015, -0.28077856732528905, -0.40235175447664084, -0.42226551111196975, 0.2206404812262113, 0.6339514729411468, 0.6140377163058179, -0.5712908332846981, 0.15400452242356866, 0.11417700915291089, 0.13409076578823975], [0.5441693214565824, 0.658740771260887, 0.5584583343531229, -0.22695728480897043, -0.3272397217167346, -0.6490090271608027, 0.043345219821524776, -0.05693721708623936, 0.16901427521064555, 0.15472514083904781, -0.04583973297648046, 0.05444270393128367], [-0.32957805875211316, -0.33282807736813685, 0.45402802621769595, -0.4492883749691748, 0.337567728616658, 0.312829868018606, -0.38861237090661754, 0.39824373267921526, -0.0030281172345953352, -0.7866342223530114, 0.7870779848186542, 0.00022188123282158813]], "inverted": false, "swapped": false, "error_lsq": 0.05296763930507731, "error_max": 0.3590638994288182, "target": "127.xyz", "model": "19.xyz", "model_rescale": 4.509807711582247, "target_rescale": 4.156650547406978},
{"mapping": [6, 5, 4, 1, 0, 11, 9, 8, 12, 3, 2, 13], "R": [[-0.8231669907730229, -0.5673310138660368, -0.023057016446641515], [-0.5605099661131632, 0.8184148854693146, -0.12659246869411034], [0.09069003908647635, -0.09128305400228123, -0.9916868058326227]], "T": [0.05670847325388534, 0.08685711682408224, -0.0023455633017878024], "aligned_model": [[0.475992989343965, -0.25884093804536673, -0.24054587250615006, -0.45789310083917417, -0.4395980352999575, 0.2393376777822957, 0.6018966537760884, 0.620191719315305, -0.5635913970634483, 0.11534419021942499, 0.15193432129785833, 0.13363925575864166], [0.6725498936700341, 0.5132524371639038, 0.6136998440038003, -0.3613341006109101, -0.2608866937710136, -0.5180360360257904, -0.1239593232661634, -0.023511916426266932, 0.20881098505188897, -0.048338175728435254, 0.15255663795135765, 0.05210923111146121], [0.3132012125742134, -0.4495009801401416, 0.3373733819036512, -0.3332287687759761, 0.45364559326781667, -0.3294360155585156, -0.38817096277460095, 0.39870339926919185, -0.0034912646737485617, -0.7865728937410887, 0.7871758303464964, 0.0003014683027039544]], "inverted": false, "swapped": false, "error_lsq": 0.052742482136273, "error_max": 0.3620291817057033, "target": "127.xyz", "model": "20.xyz", "model_rescale": 4.509807711582248, "target_rescale": 4.156650547406978},
{"mapping": [10, 11, 4, 2, 5, 7, 9, 8, 3, 0, 6, 12], "R": [[0.07020338817559373, -0.906458705287946, 0.41641817911369816], [0.5927847851546693, 0.3736546261941471, 0.7134342428092763], [-0.8022952591021587, 0.1967608597547117, 0.5635667496320087]], "T": [-0.021497686870256195, 0.045122030045349544, -0.10317969656856799], "aligned_model": [[0.7606768781052684, -0.32031984622227183, -0.2933162101046981, -0.20862885238347825, -0.34528408719256326, 0.27798122392870217, 0.42702060206263953, 0.6116374999713311, -0.626972486147327, -0.018326870787336462, -0.011627811149934338, 0.1250274236591508], [0.35443849028585944, 0.6231866169225088, 0.6766217089281846, -0.43700361506159563, -0.4035295753842367, -0.4851576985617809, -0.21720276986201037, 0.08648356158608889, 0.10498044878031473, 0.27134628564062646, 0.16811168476363308, 0.13463764508627454], [-0.006383679612227439, -0.25872979771402105, 0.36454903082424706, -0.4208881414198071, 0.34858708237139524, -0.00860699950476354, -0.45794317536691, 0.44295249624991906, -0.08701046493043546, -0.7473442833583478, 0.8001465781260778, 0.03067135433487564]], "inverted": false, "swapped": false, "error_lsq": 0.05432913581079644, "error_max": 0.3576341206997167, "target": "127.xyz", "model": "21.xyz", "model_rescale": 4.466005644533646, "target_rescale": 4.156650547406978},
{"mapping": [9, 3, 11, 6, 2, 8, 7, 10, 4, 5, 1, 12], "R": [[0.07020350168792237, -0.9064586939640901, -0.41641818462654856], [0.5927847414589636, 0.3736547040060281, -0.7134342383623015], [0.8022952814545176, -0.1967607641555701, 0.5635667511881202]], "T": [-0.021497680559555143, 0.04512202888016964, 0.10317970060352304], "aligned_model": [[0.7606768042637934, -0.2933160969489757, -0.32032008981561216, -0.3452840545866679, -0.20862895820121036, 0.27798128601359423, 0.6116375691575111, 0.42702052111987654, -0.6269723800928926, -0.011627771442751011, -0.018326690669889484, 0.12502732494270657], [0.35443847905780373, 0.6766217139052979, 0.6231867610093378, -0.40352957593924577, -0.4370035793583364, -0.48515776389613824, 0.08648349728715277, -0.21720278212548733, 0.10498045272200685, 0.1681116852440453, 0.27134621339247506, 0.1346376818249548], [0.006383608583894709, -0.36454895499451606, 0.25872979020055575, -0.34858705365490744, 0.420888118950602, 0.008606973751959068, -0.4429525268821362, 0.4579431092179901, 0.0870105456395793, -0.8001465542890028, 0.7473443251594771, -0.03067138168349344]], "inverted": false, "swapped": false, "error_lsq": 0.0543291303333572, "error_max": 0.3576340845751988, "target": "127.xyz", "model": "22.xyz", "model_rescale": 4.46600560860683, "target_rescale": 4.156650547406978},
{"mapping": [10, 0, 1, 4, 5, 7, 8, 9, 12, 2, 3, 13], "R": [[-0.5547463757478622, -0.831640906665634, -0.025097030799962842], [0.8269886524710276, -0.5478290892525001, -0.12638456255781483], [0.09135768866803505, -0.09086633771171188, 0.9916637945352728]], "T": [0.04974965943323417, 0.05088614931522968, -0.0023658959609848948], "aligned_model": [[0.444516914890685, -0.26086468182438216, -0.2807784390173771, -0.4023516912174682, -0.42226544841046315, 0.22064052597328065, 0.6339515646331202, 0.6140378074401253, -0.5712911080236933, 0.15400443029154687, 0.11417691590555701, 0.13409067309855194], [0.544169236676407, 0.65874085943721, 0.55845841918444, -0.22695719322302865, -0.32723963347579865, -0.649008987495978, 0.04334523911279839, -0.056937201139971624, 0.1690141369762655, 0.1547250759432776, -0.04583980456226243, 0.05444263569050757], [-0.329578072747982, -0.332828064581991, 0.4540280451650104, -0.4492883663624224, 0.33756774338457896, 0.31282987542272755, -0.38861236938558547, 0.39824374036141585, -0.0030281418008985803, -0.7866342395652851, 0.7870779799287174, 0.00022187018171631592]], "inverted": false, "swapped": false, "error_lsq": 0.052967639452066985, "error_max": 0.3590639520805289, "target": "127.xyz", "model": "23.xyz", "model_rescale": 4.509807674373902, "target_rescale": 4.156650547406978},
{"mapping": [6, 5, 4, 1, 0, 11, 9, 8, 12, 3, 2, 13], "R": [[-0.8231669525747534, -0.5673310692501413, -0.02305701741953833], [-0.5605100208188402, 0.8184148475467822, -0.1265924716428294], [0.09069004769243957, -0.09128304978728799, -0.9916868054335877]], "T": [0.056708472521694975, 0.08685711861442792, -0.0023455635799709508], "aligned_model": [[0.4759930189479953, -0.2588409111265434, -0.24054584466441753, -0.4578930161996706, -0.4395979497375447, 0.23933765284953212, 0.6018967308257112, 0.6201917972878371, -0.5635915997473012, 0.11534412863916893, 0.1519342615634207, 0.13363919510129482], [0.6725498379354137, 0.5132523300778115, 0.6136997400861752, -0.36133422800693143, -0.26088681799856767, -0.5180359367891404, -0.12395937818459586, -0.023511968176232093, 0.20881121873747463, -0.048338081527544, 0.15255673848918344, 0.05210932848081974], [0.31320122020880603, -0.4495009716016767, 0.3373733966176313, -0.3332287561443023, 0.4536456120750057, -0.32943602952629875, -0.3881709609861273, 0.3987034072331807, -0.003491289613312266, -0.7865729109736093, 0.7871758254650061, 0.0003014572456985615]], "inverted": false, "swapped": false, "error_lsq": 0.05274248113445454, "error_max": 0.36202923422599803, "target": "127.xyz", "model": "24.xyz", "model_rescale": 4.509807674373903, "target_rescale": 4.156650547406978},
{"mapping": [10, 11, 4, 2, 5, 7, 9, 8, 3, 0, 6, 12], "R": [[0.07020350168792186, -0.9064586939640901, 0.4164181846265481], [0.5927847414589636, 0.3736547040060275, 0.7134342383623018], [-0.8022952814545176, 0.1967607641555702, 0.5635667511881202]], "T": [-0.021497680559555164, 0.04512202888016957, -0.10317970060352276], "aligned_model": [[0.7606768042637931, -0.32032008981561255, -0.2933160969489759, -0.20862895820121016, -0.34528405458666744, 0.2779812860135946, 0.42702052111987665, 0.6116375691575112, -0.6269723800928925, -0.01832669066988967, -0.011627771442750977, 0.12502732494270652], [0.35443847905780423, 0.6231867610093377, 0.6766217139052978, -0.4370035793583366, -0.40352957593924593, -0.4851577638961381, -0.217202782125487, 0.08648349728715314, 0.10498045272200653, 0.27134621339247517, 0.1681116852440453, 0.1346376818249549], [-0.006383608583894543, -0.2587297902005554, 0.3645489549945164, -0.42088811895060174, 0.34858705365490794, -0.008606973751958694, -0.4579431092179898, 0.4429525268821365, -0.08701054563957884, -0.7473443251594769, 0.8001465542890032, 0.030671381683493773]], "inverted": false, "swapped": false, "error_lsq": 0.054329130333357185, "error_max": 0.35763408457519824, "target": "127.xyz", "model": "25.xyz", "model_rescale": 4.466005608606829, "target_rescale": 4.156650547406978},
{"mapping": [9, 3, 11, 6, 2, 8, 7, 10, 4, 5, 1, 12], "R": [[0.07020333493120617, -0.9064587115475936, -0.41641817446409973], [0.5927848003138078, 0.3736545893800894, -0.713434249494735], [0.8022952525607114, -0.19676090082806913, 0.5635667446042846]], "T": [-0.021497683613418472, 0.0451220640816134, 0.10317973538525282], "aligned_model": [[0.7606768318487118, -0.2933161925310569, -0.3203198654330401, -0.34528404350452785, -0.20862884327910747, 0.2779812297567739, 0.6116374876115613, 0.4270205739939244, -0.6269724503858443, -0.01162778564974043, -0.018326893263851687, 0.12502741457568], [0.35443847214621155, 0.6766217645273798, 0.6231865508469732, -0.4035296073830745, -0.4370036284903563, -0.4851576982395998, 0.0864835424872123, -0.21720276858060056, 0.10498052380056766, 0.16811163334373763, 0.27134638642895975, 0.13463761223645593], [0.006383658364763206, -0.3645489023511832, 0.2587297193122347, -0.34858711936351594, 0.42088807690943575, 0.008606972530201998, -0.44295249962314753, 0.4579431305181128, 0.08701056980216638, -0.8001465915168655, 0.7473443806617132, -0.030671395243913935]], "inverted": false, "swapped": false, "error_lsq": 0.05432913832278307, "error_max": 0.3576341074148721, "target": "127.xyz", "model": "26.xyz", "model_rescale": 4.466005838112752, "target_rescale": 4.156650547406978},
{"mapping": [11, 1, 0, 5, 4, 6, 9, 8, 12, 3, 2, 13], "R": [[0.554746483032598, 0.8316408350278107, -0.025097033235209232], [-0.8269885822851563, 0.547829196050485, -0.1263845588854373], [-0.09135767254560961, 0.09086634948607175, 0.9916637949416749]], "T": [0.04974964092333691, 0.05088618326862914, -0.002365891974187691], "aligned_model": [[0.44451697410011237, -0.2608649103910297, -0.2807786685506619, -0.402351797673432, -0.42226555583306413, 0.2206405519242859, 0.633951495290346, 0.6140377371307137, -0.5712907733707678, 0.15400456186395892, 0.11417704554469452, 0.13409080370432672], [0.5441692638866057, 0.6587408529200126, 0.5584584204440686, -0.22695717566077794, -0.327239608136722, -0.6490090480268769, 0.04334519290794931, -0.056937239567994714, 0.169014176439077, 0.15472508178211897, -0.04583978316976909, 0.054442649306174956], [-0.329578048976641, -0.33282805454731684, 0.4540280173658769, -0.44928834718828187, 0.33756772472491187, 0.31282985197513674, -0.38861235588010357, 0.39824371603309017, -0.003028130136383562, -0.7866341963699559, 0.7870779474564316, 0.00022187554323770207]], "inverted": true, "swapped": false, "error_lsq": 0.05296764590870945, "error_max": 0.3590639057621262, "target": "127.xyz", "model": "27.xyz", "model_rescale": 4.509807893063789, "target_rescale": 4.156650547406978},
{"mapping": [6, 5, 4, 1, 0, 11, 9, 8, 12, 3, 2, 13], "R": [[-0.8231670250556822, -0.5673309642325559, -0.02305701376884115], [-0.5605099169505967, 0.8184149190367722, -0.12659246935765653], [0.09069003176211543, -0.09128306152289281, -0.9916868058101784]], "T": [0.05670844266173762, 0.0868570940497192, -0.0023455596244551687], "aligned_model": [[0.47599306474189146, -0.2588410172303208, -0.2405459545520814, -0.4578932252467914, -0.43959816256855194, 0.23933769848279723, 0.6018966839379625, 0.6201917466162019, -0.5635913041619401, 0.11534424856186559, 0.15193437391834455, 0.13363931124010509], [0.6725498851711732, 0.5132523529439645, 0.6136997562682087, -0.3613341375543926, -0.2608867342301484, -0.5180359838522216, -0.12395930864276708, -0.023511905318522902, 0.2088110564173295, -0.04833813601716305, 0.15255667063132522, 0.0521092673070811], [0.3132011966132783, -0.44950095253767625, 0.3373733778232843, -0.3332287461067493, 0.45364558425421125, -0.3294360056515827, -0.3881709475802404, 0.39870338278072015, -0.003491277641562349, -0.7865728676788539, 0.7871757930430665, 0.00030146268210641146]], "inverted": false, "swapped": false, "error_lsq": 0.05274249030711629, "error_max": 0.3620291857118637, "target": "127.xyz", "model": "28.xyz", "model_rescale": 4.5098078930637895, "target_rescale": 4.156650547406978},
{"mapping": [10, 11, 4, 2, 5, 7, 9, 8, 3, 0, 6, 12], "R": [[0.07020333493120663, -0.9064587115475935, 0.4164181744640999], [0.5927848003138076, 0.3736545893800899, 0.713434249494735], [-0.8022952525607115, 0.1967609008280689, 0.5635667446042845]], "T": [-0.0214976836134185, 0.045122064081613344, -0.10317973538525253], "aligned_model": [[0.7606768318487117, -0.3203198654330398, -0.2933161925310568, -0.20862884327910758, -0.3452840435045281, 0.27798122975677364, 0.42702057399392424, 0.6116374876115611, -0.6269724503858443, -0.018326893263851382, -0.01162778564974068, 0.12502741457568003], [0.3544384721462111, 0.6231865508469734, 0.6766217645273799, -0.43700362849035623, -0.4035296073830742, -0.4851576982396, -0.21720276858060078, 0.0864835424872119, 0.10498052380056802, 0.2713463864289597, 0.1681116333437377, 0.13463761223645587], [-0.006383658364762887, -0.2587297193122346, 0.36454890235118326, -0.4208880769094353, 0.34858711936351633, -0.008606972530201415, -0.45794313051811225, 0.4429524996231479, -0.08701056980216611, -0.7473443806617128, 0.8001465915168657, 0.030671395243914254]], "inverted": false, "swapped": false, "error_lsq": 0.05432913832278307, "error_max": 0.3576341074148724, "target": "127.xyz", "model": "29.xyz", "model_rescale": 4.466005838112752, "target_rescale": 4.156650547406978},
