[{"mapping": [10, 1, 7, 8, 4, 2, 3, 9, 5, 3, 6, 11], "R": [[0.08168962729112533, -0.9683649022825522, -0.23578850866897677], [-0.6067019750793274, -0.2360112302700657, 0.7590859059561395], [-0.7907208851597889, 0.0810439091709741, -0.6067885682496059]], "T": [0.06216935352300468, 0.011534933994378202, 0.0745090508905599], "aligned_model": [[0.43032178112590097, 0.000728634997448685, -0.23075493133633285, -0.28000473376910895, -0.3374595267726879, 0.31073262576169786, 0.12368546009567145, 0.6173689467919273, -0.5245066924387144, 0.12368546009567145, -0.04370776567030642, 0.18777580066347507], [0.6541799089616078, 0.6716388123288556, 0.6679726712241508, -0.34885104312033766, -0.39733708043340155, -0.6557145304468471, -0.0535441023474177, 0.05200948086217842, 0.2048333476660279, -0.0535441023474177, 0.06580224312472137, 0.06946838422942622], [0.08171883203445099, -0.3831809673475697, 0.3558574567366446, -0.24336641393674266, 0.371977958587279, -0.2031267153616221, -0.684482157534484, 0.5630742742073129, -0.10937748358558297, -0.684482157534484, 0.8372128989095066, 0.09817447482529221]], "inverted": false, "swapped": false, "error_lsq": 0.06104550382933375, "error_max": 0.4726835782409184, "target": "128.xyz", "model": "0.xyz", "model_rescale": 4.5108708085295355, "target_rescale": 4.156650529934608},
{"mapping": [9, 6, 0, 5, 8, 3, 10, 2, 4, 7, 2, 11], "R": [[0.08168962729112478, -0.9683649022825522, 0.23578850866897677], [-0.6067019750793277, -0.23601123027006543, -0.7590859059561393], [0.7907208851597887, -0.08104390917097459, -0.6067885682496061]], "T": [0.06216935352300466, 0.011534933994378264, -0.07450905089055977], "aligned_model": [[0.43032178112590114, -0.23075493133633243, 0.0007286349974486642, -0.33745952677268787, -0.28000473376910906, 0.31073262576169747, 0.6173689467919274, 0.12368546009567111, -0.5245066924387142, -0.04370776567030608, 0.12368546009567111, 0.18777580066347502], [0.6541799089616075, 0.6679726712241507, 0.6716388123288555, -0.39733708043340116, -0.34885104312033743, -0.6557145304468471, 0.05200948086217854, -0.053544102347418084, 0.20483334766602784, 0.06580224312472177, -0.053544102347418084, 0.06946838422942632], [-0.08171883203445061, -0.3558574567366443, 0.38318096734757007, -0.37197795858727917, 0.24336641393674258, 0.20312671536162213, -0.5630742742073126, 0.6844821575344839, 0.10937748358558276, -0.8372128989095062, 0.6844821575344839, -0.09817447482529194]], "inverted": false, "swapped": false, "error_lsq": 0.06104550382933374, "error_max": 0.4726835782409185, "target": "128.xyz", "model": "1.xyz", "model_rescale": 4.510870808529536, "target_rescale": 4.156650529934608},
{"mapping": [10, 7, 1, 4, 8, 2, 9, 3, 5, 6, 3, 11], "R": [[-0.08168962729112539, 0.9683649022825521, 0.23578850866897763], [0.6067019750793271, 0.23601123027006643, -0.7590859059561398], [-0.7907208851597893, 0.0810439091709744, -0.6067885682496057]], "T": [0.06216935352300477, 0.01153493399437814, -0.0745090508905598], "aligned_model": [[0.4303217811259007, -0.2307549313363331, 0.0007286349974480813, -0.3374595267726874, -0.2800047337691088, 0.31073262576169836, 0.6173689467919278, 0.12368546009567122, -0.5245066924387145, -0.043707765670305994, 0.12368546009567122, 0.18777580066347505], [0.6541799089616082, 0.6679726712241506, 0.6716388123288558, -0.3973370804334021, -0.3488510431203376, -0.6557145304468471, 0.05200948086217853, -0.05354410234741743, 0.20483334766602754, 0.06580224312472091, -0.05354410234741743, 0.06946838422942647], [-0.081718832034451, -0.35585745673664493, 0.38318096734756957, -0.371977958587279, 0.24336641393674302, 0.20312671536162263, -0.5630742742073128, 0.6844821575344844, 0.10937748358558282, -0.8372128989095067, 0.6844821575344844, -0.09817447482529192]], "inverted": true, "swapped": false, "error_lsq": 0.06104550382933375, "error_max": 0.4726835782409187, "target": "128.xyz", "model": "2.xyz", "model_rescale": 4.5108708085295355, "target_rescale": 4.156650529934608},
{"mapping": [11, 2, 3, 4, 5, 7, 9, 10, 8, 0, 1, 13], "R": [[-0.5547462386034747, -0.8316409975737803, -0.025097049822321856], [0.826988744736101, -0.547828951897724, -0.12638455420837427], [0.09135768623988234, -0.09086633379381392, 0.9916637951179657]], "T": [0.04974937827186357, 0.050886262642025934, -0.002365895839068117], "aligned_model": [[0.44451670878675964, -0.260864858217415, -0.2807786302008498, -0.40235201237231466, -0.42226578435574946, 0.22064012689783682, 0.6339514569899867, 0.6140376850065519, -0.5712911757573053, 0.15400428623914852, 0.11417674227227896, 0.13409051425571375], [0.5441692757255188, 0.6587410135553946, 0.5584585814547447, -0.22695700267644953, -0.32723943477709944, -0.6490088904821034, 0.043345375639039084, -0.056937056461610805, 0.16901447283514232, 0.15472498373030652, -0.04583988047099323, 0.05444255162965663], [-0.32957807048923354, -0.33282806139967136, 0.4540280368275662, -0.44928835738941125, 0.33756774083782626, 0.3128298733749595, -0.38861234432659764, 0.3982437539006399, -0.003028120823680123, -0.7866342483980364, 0.7870779480564383, 0.00022184982920093934]], "inverted": false, "swapped": false, "error_lsq": 0.05296765188889684, "error_max": 0.3590639655326937, "target": "128.xyz", "model": "3.xyz", "model_rescale": 4.509807743048502, "target_rescale": 4.156650529934608},
{"mapping": [6, 5, 4, 3, 2, 12, 10, 9, 8, 1, 0, 13], "R": [[-0.8231670242274634, -0.5673309644595206, -0.02305703775278661], [-0.560509915538022, 0.8184149209458262, -0.12659246327011994], [0.09069004801003533, -0.09128304299631768, -0.9916868060296408]], "T": [0.05670819646742177, 0.0868572300217387, -0.00234556360535696], "aligned_model": [[0.4759928130633141, -0.25884112941814696, -0.24054604710077998, -0.4578933433662582, -0.43959826104889116, 0.2393372949452759, 0.6018965435971597, 0.6201916259145268, -0.5635917248901792, 0.11534401363217338, 0.15193417826690747, 0.13363909594954043], [0.6725498848251455, 0.513252477978956, 0.6136998798142244, -0.36133404184416174, -0.2608866400088935, -0.5180358378537855, -0.12395951299244426, -0.023512111157176024, 0.20881122652698114, -0.04833784703103494, 0.15255695663950164, 0.05210955480423336], [0.3132012168541961, -0.44950096119786837, 0.33737339551199824, -0.33322875146597747, 0.45364560524388914, -0.32943602861951743, -0.3881709382807847, 0.3987034184290819, -0.0034912661714627106, -0.7865729201443851, 0.7871757932753487, 0.000301436565481959]], "inverted": false, "swapped": false, "error_lsq": 0.052742492435778075, "error_max": 0.3620292678246289, "target": "128.xyz", "model": "4.xyz", "model_rescale": 4.509807743048502, "target_rescale": 4.156650529934608},
{"mapping": [11, 2, 3, 4, 5, 7, 9, 10, 8, 0, 1, 13], "R": [[-0.5547462386034747, -0.8316409975737803, -0.02509704982232183], [0.826988744736101, -0.547828951897724, -0.1263845542083742], [0.0913576862398823, -0.09086633379381386, 0.9916637951179657]], "T": [0.04974937827186357, 0.05088626264202595, -0.0023658958390681954], "aligned_model": [[0.44451670878675964, -0.260864858217415, -0.2807786302008498, -0.40235201237231466, -0.42226578435574946, 0.22064012689783685, 0.6339514569899867, 0.6140376850065519, -0.5712911757573053, 0.15400428623914852, 0.11417674227227899, 0.13409051425571372], [0.5441692757255188, 0.6587410135553946, 0.5584585814547447, -0.22695700267644958, -0.3272394347770994, -0.6490088904821034, 0.043345375639039056, -0.05693705646161076, 0.16901447283514226, 0.15472498373030644, -0.04583988047099316, 0.05444255162965661], [-0.3295780704892336, -0.3328280613996714, 0.45402803682756604, -0.4492883573894113, 0.33756774083782615, 0.31282987337495943, -0.3886123443265977, 0.39824375390063976, -0.0030281208236798947, -0.7866342483980365, 0.7870779480564382, 0.00022184982920115054]], "inverted": false, "swapped": false, "error_lsq": 0.05296765188889684, "error_max": 0.3590639655326937, "target": "128.xyz", "model": "5.xyz", "model_rescale": 4.509807743048502, "target_rescale": 4.156650529934608},
{"mapping": [11, 2, 3, 4, 5, 7, 9, 10, 8, 0, 1, 13], "R": [[-0.5547462988114751, -0.8316409573218344, -0.025097052810889236], [0.8269887053315315, -0.547829011569765, -0.12638455339388363], [0.09135767734047823, -0.09086634243391256, 0.9916637951461352]], "T": [0.04974939588784252, 0.0508862732930043, -0.002365893962483014], "aligned_model": [[0.44451680103156654, -0.26086498302791444, -0.28077875807434477, -0.4023520773890793, -0.4222658524355096, 0.2206402888500534, 0.6339512235068291, 0.6140374484603988, -0.571290911534807, 0.15400440176558017, 0.11417685167271954, 0.13409062671914984], [0.5441693915983762, 0.6587409615140748, 0.5584585265766401, -0.22695709589790988, -0.3272395308353445, -0.6490088303610827, 0.04334524454963437, -0.05693719038780026, 0.16901462541726406, 0.15472506411333267, -0.04583980576153654, 0.05444262917589807], [-0.32957806641532317, -0.33282808643896783, 0.45402803914009765, -0.4492883858593641, 0.3375677397197014, 0.31282990018556844, -0.3886123789868928, 0.39824374659217265, -0.003028096585903746, -0.7866342626960947, 0.787077988462036, 0.0002218628829706395]], "inverted": false, "swapped": false, "error_lsq": 0.05296764456153999, "error_max": 0.35906390360636553, "target": "128.xyz", "model": "6.xyz", "model_rescale": 4.509807586411629, "target_rescale": 4.156650529934608},
{"mapping": [6, 5, 4, 3, 2, 12, 10, 9, 8, 1, 0, 13], "R": [[-0.8231670595261105, -0.5673309133865998, -0.023057034220891504], [-0.5605098649750215, 0.8184149553921101, -0.12659246445272146], [0.09069004011918841, -0.09128305158383404, -0.9916868059607946]], "T": [0.056708208695827836, 0.08685721382954509, -0.002345561749456148], "aligned_model": [[0.4759929349752161, -0.2588411598984154, -0.24054607974806963, -0.45789343555121265, -0.43959835540086684, 0.23933734315286065, 0.6018963775588152, 0.6201914577091611, -0.5635915380383744, 0.11534409144483024, 0.15193425174552178, 0.13363917159517602], [0.6725497734293193, 0.5132525854566492, 0.613699991719066, -0.36133395226965753, -0.26088654600724076, -0.5180359778130552, -0.12395929863482014, -0.02351189237240331, 0.2088109802791086, -0.04833796429089032, 0.15255684823394342, 0.05210944197152657], [0.3132012430248767, -0.44950098969436847, 0.3373733942909811, -0.3332287759003114, 0.4536456080850382, -0.3294360243468718, -0.3881709734394701, 0.3987034105458795, -0.0034912413628701514, -0.7865729343863109, 0.7871758335843888, 0.0003014495990390489]], "inverted": false, "swapped": false, "error_lsq": 0.05274248945106443, "error_max": 0.3620292047389678, "target": "128.xyz", "model": "7.xyz", "model_rescale": 4.509807586411629, "target_rescale": 4.156650529934608},
{"mapping": [11, 2, 3, 4, 5, 7, 9, 10, 8, 0, 1, 13], "R": [[-0.554746298811475, -0.8316409573218346, -0.025097052810889517], [0.8269887053315317, -0.5478290115697649, -0.12638455339388355], [0.091357677340478, -0.09086634243391273, 0.9916637951461353]], "T": [0.04974939588784252, 0.050886273293004304, -0.002365893962483077], "aligned_model": [[0.4445168010315668, -0.2608649830279142, -0.28077875807434477, -0.40235207738907935, -0.4222658524355099, 0.2206402888500532, 0.6339512235068292, 0.6140374484603988, -0.571290911534807, 0.15400440176558042, 0.11417685167271932, 0.13409062671914984], [0.5441693915983762, 0.6587409615140748, 0.5584585265766403, -0.22695709589790988, -0.3272395308353444, -0.6490088303610827, 0.04334524454963425, -0.0569371903878003, 0.1690146254172642, 0.1547250641133326, -0.04583980576153648, 0.054442629175898025], [-0.32957806641532317, -0.332828086438968, 0.4540280391400975, -0.44928838585936426, 0.3375677397197012, 0.31282990018556844, -0.3886123789868927, 0.39824374659217276, -0.0030280965859036902, -0.7866342626960948, 0.7870779884620359, 0.00022186288297089104]], "inverted": false, "swapped": false, "error_lsq": 0.05296764456153998, "error_max": 0.3590639036063654, "target": "128.xyz", "model": "8.xyz", "model_rescale": 4.509807586411629, "target_rescale": 4.156650529934608},
{"mapping": [9, 2, 3, 6, 7, 5, 11, 12, 8, 0, 1, 13], "R": [[0.5547461834788734, 0.8316410341611595, -0.02509705590266692], [-0.8269887807927696, 0.5478288959031425, -0.12638456098919937], [-0.09135769457748441, 0.09086633652184575, 0.9916637940998885]], "T": [0.049749408511174126, 0.050886214431896365, -0.0023659012602018146], "aligned_model": [[0.4445166996972867, -0.2608648970227061, -0.28077867488418506, -0.4023519333366602, -0.42226571119813916, 0.22064021264314218, 0.633951424529827, 0.6140376466683481, -0.5712912627334723, 0.15400429625521264, 0.11417674053225477, 0.1340905183937337], [0.5441691694482236, 0.6587409602037961, 0.558458517417668, -0.22695697102108556, -0.32723941380721366, -0.6490089290122251, 0.043345230791897435, -0.05693721199423063, 0.16901441137910359, 0.1547251848846654, -0.04583970068759069, 0.054442742098537354], [-0.32957810001295945, -0.332828088475158, 0.45402805057014284, -0.4492883776920291, 0.3375677613532717, 0.3128298883422283, -0.3886123816810427, 0.39824375736425816, -0.003028133900281525, -0.7866342643347773, 0.7870780137558241, 0.00022187471052344645]], "inverted": false, "swapped": false, "error_lsq": 0.05296764926723288, "error_max": 0.35906402420854855, "target": "128.xyz", "model": "9.xyz", "model_rescale": 4.509807504472865, "target_rescale": 4.156650529934608},
{"mapping": [4, 7, 6, 3, 2, 10, 12, 11, 8, 1, 0, 13], "R": [[0.8231669887145536, 0.5673310161188645, -0.023057034504696122], [0.5605099663877264, -0.8184148847524673, -0.1265924721128214], [-0.09069005607366051, 0.09128304642781442, -0.9916868049763563]], "T": [0.05670824255992543, 0.08685726338361861, -0.0023455689785621173], "aligned_model": [[0.475992909062558, -0.2588410659177537, -0.24054598520981366, -0.4578933609021587, -0.43959828019421865, 0.2393373241206091, 0.6018965670081509, 0.6201916477160909, -0.5635917821513209, 0.1153439479628931, 0.15193410937877314, 0.1336390286708331], [0.6725498870335109, 0.5132524200722165, 0.6136998342377286, -0.3613339761355605, -0.26088656197004845, -0.5180357367632835, -0.1239593687984522, -0.023511954632940188, 0.20881131824123153, -0.04833803802646423, 0.15255679030455987, 0.05210937613904784], [0.31320123194725774, -0.4495009817994225, 0.3373734157015374, -0.33322877869329215, 0.45364561880766774, -0.3294360577645491, -0.38817097518290994, 0.39870342231804995, -0.003491279710897387, -0.7865729360421073, 0.787175858959813, 0.00030146145885292554]], "inverted": false, "swapped": false, "error_lsq": 0.05274249299189989, "error_max": 0.36202932213307726, "target": "128.xyz", "model": "10.xyz", "model_rescale": 4.509807504472865, "target_rescale": 4.156650529934608},
{"mapping": [5, 6, 7, 2, 3, 9, 11, 12, 8, 0, 1, 13], "R": [[-0.8231669887145534, -0.5673310161188652, -0.023057034504696036], [-0.5605099663877273, 0.818414884752467, -0.12659247211282118], [0.09069005607366037, -0.09128304642781422, -0.9916868049763565]], "T": [0.05670824255992543, 0.08685726338361863, -0.0023455689785622127], "aligned_model": [[0.47599290906255765, -0.258841065917754, -0.2405459852098141, -0.4578933609021585, -0.43959828019421865, 0.23933732412060954, 0.6018965670081512, 0.6201916477160911, -0.5635917821513211, 0.11534394796289321, 0.1519341093787731, 0.13363902867083316], [0.6725498870335113, 0.5132524200722166, 0.6136998342377284, -0.36133397613556095, -0.2608865619700491, -0.5180357367632834, -0.12395936879845165, -0.023511954632939785, 0.20881131824123111, -0.04833803802646397, 0.15255679030455974, 0.052109376139047925], [0.313201231947258, -0.4495009817994225, 0.33737341570153767, -0.33322877869329237, 0.4536456188076678, -0.3294360577645493, -0.3881709751829101, 0.3987034223180501, -0.0034912797108972663, -0.7865729360421073, 0.7871758589598129, 0.00030146145885301704]], "inverted": true, "swapped": false, "error_lsq": 0.0527424929918999, "error_max": 0.36202932213307737, "target": "128.xyz", "model": "11.xyz", "model_rescale": 4.509807504472865, "target_rescale": 4.156650529934608},
{"mapping": [9, 2, 3, 6, 7, 5, 11, 12, 8, 0, 1, 13], "R": [[0.5547462929030025, 0.8316409613841172, -0.02509704880015956], [-0.8269887092014544, 0.5478290062817943, -0.12638455099265242], [-0.09135767818683233, 0.09086633713539424, 0.9916637955536686]], "T": [0.049749517956256456, 0.050886288946870986, -0.002365888897285891], "aligned_model": [[0.44451690899339, -0.26086484615447847, -0.28077861722321784, -0.40235194128397667, -0.42226571235271604, 0.22064021660388208, 0.6339513203069379, 0.6140375492381985, -0.5712911327013558, 0.15400420910806553, 0.11417666697058676, 0.13409043803932613], [0.5441693842070624, 0.6587409541986922, 0.558458525171535, -0.2269570671692852, -0.3272394961964423, -0.6490089086487517, 0.04334525577543992, -0.05693717325171717, 0.1690143975037438, 0.1547251350642469, -0.045839722990067236, 0.054442706037089825], [-0.32957805132318513, -0.3328280680286689, 0.4540280264491559, -0.44928836011006923, 0.3375677343677556, 0.31282987325695194, -0.3886123613337326, 0.3982437331440922, -0.003028129023233624, -0.78663422694418, 0.7870779620114694, 0.0002218675336447145]], "inverted": false, "swapped": false, "error_lsq": 0.05296763357013576, "error_max": 0.35906386061255613, "target": "128.xyz", "model": "12.xyz", "model_rescale": 4.509807766519439, "target_rescale": 4.156650529934608},
{"mapping": [4, 7, 6, 3, 2, 10, 12, 11, 8, 1, 0, 13], "R": [[0.8231670567718088, 0.567330917264097, -0.023057037145219103], [0.5605098689360872, -0.8184149533111598, -0.12659246036768046], [-0.09069004063781318, 0.09128304614204412, -0.9916868064142739]], "T": [0.05670831615224246, 0.08685715373318459, -0.0023455565928589], "aligned_model": [[0.47599289844691794, -0.25884104326020313, -0.24054596152013835, -0.45789330675423445, -0.43959822501416973, 0.23933744479906716, 0.6018964628066815, 0.6201915445467462, -0.5635916579419648, 0.11534388607191524, 0.15193404955204476, 0.13363896781198], [0.6725498719075886, 0.5132525088468292, 0.6136999078563263, -0.36133399530718313, -0.26088659629768585, -0.518036011577518, -0.12395934631355715, -0.02351194730405992, 0.2088112755696035, -0.04833795823576298, 0.15255683978323156, 0.05210944077373432], [0.3132012163412617, -0.4495009637746156, 0.3373733891452208, -0.3332287576177473, 0.45364559530208914, -0.3294360093200421, -0.38817095567412213, 0.3987033972457143, -0.0034912739544639, -0.7865728988176016, 0.7871758070220718, 0.0003014541022352685]], "inverted": false, "swapped": false, "error_lsq": 0.052742476067574214, "error_max": 0.36202915572638944, "target": "128.xyz", "model": "13.xyz", "model_rescale": 4.509807766519439, "target_rescale": 4.156650529934608},
{"mapping": [5, 6, 7, 2, 3, 9, 11, 12, 8, 0, 1, 13], "R": [[-0.8231670567718088, -0.5673309172640975, -0.023057037145218673], [-0.5605098689360875, 0.8184149533111595, -0.1265924603676811], [0.09069004063781322, -0.09128304614204487, -0.9916868064142739]], "T": [0.05670831615224246, 0.08685715373318457, -0.0023455565928590157], "aligned_model": [[0.47599289844691767, -0.25884104326020324, -0.2405459615201388, -0.45789330675423434, -0.4395982250141699, 0.23933744479906766, 0.6018964628066819, 0.6201915445467463, -0.563591657941965, 0.11534388607191562, 0.15193404955204445, 0.13363896781198004], [0.6725498719075891, 0.5132525088468287, 0.6136999078563264, -0.3613339953071835, -0.26088659629768574, -0.5180360115775182, -0.12395934631355728, -0.02351194730405952, 0.20881127556960333, -0.04833795823576344, 0.1525568397832321, 0.052109440773734354], [0.3132012163412616, -0.4495009637746162, 0.33737338914522047, -0.33322875761774734, 0.4536455953020893, -0.32943600932004174, -0.3881709556741219, 0.39870339724571474, -0.003491273954464146, -0.7865728988176015, 0.7871758070220716, 0.0003014541022354003]], "inverted": true, "swapped": false, "error_lsq": 0.05274247606757423, "error_max": 0.36202915572638894, "target": "128.xyz", "model": "14.xyz", "model_rescale": 4.509807766519439, "target_rescale": 4.156650529934608},
{"mapping": [10, 1, 5, 8, 6, 2, 3, 9, 7, 3, 4, 11], "R": [[-0.08168959737755815, 0.9683649068704354, -0.23578850019054287], [0.6067019477399842, 0.236011208431795, 0.7590859345970478], [0.790720909227018, -0.08104391794809176, -0.6067885357147258]], "T": [0.062169239435969394, 0.011534966441366624, 0.07450915082337001], "aligned_model": [[0.4303216157744384, 0.0007286589813962699, -0.2307547165880944, -0.2800047566178201, -0.337459562558035, 0.3107326083143507, 0.12368543393290346, 0.6173687901558856, -0.5245067369394822, 0.12368543393290346, -0.04370754220664718, 0.18777583336284345], [0.6541798913335719, 0.6716387422981563, 0.6679727661385398, -0.3488511953943, -0.39733712364491697, -0.655714455718285, -0.05354395518777346, 0.05200939080306031, 0.20483337688559464, -0.05354395518777346, 0.06580226560802818, 0.06946824176764482], [0.08171887114603166, -0.3831811514319265, 0.35585749504966485, -0.24336661937711362, 0.371977978474543, -0.20312658903317077, -0.6844820451337714, 0.5630743272466323, -0.1093774776260577, -0.6844820451337714, 0.8372129511502655, 0.0981743046686741]], "inverted": false, "swapped": false, "error_lsq": 0.06104549052346733, "error_max": 0.47268353991674095, "target": "128.xyz", "model": "15.xyz", "model_rescale": 4.510870436145588, "target_rescale": 4.156650529934608},
{"mapping": [9, 0, 4, 8, 7, 3, 2, 10, 6, 2, 5, 11], "R": [[0.08168959737755854, -0.9683649068704355, -0.23578850019054254], [-0.6067019477399843, -0.23601120843179496, 0.7590859345970479], [-0.7907209092270181, 0.08104391794809118, -0.606788535714726]], "T": [0.06216923943596935, 0.01153496644136661, 0.07450915082337004], "aligned_model": [[0.43032161577443845, 0.0007286589813964225, -0.23075471658809454, -0.28000475661782004, -0.3374595625580353, 0.3107326083143508, 0.12368543393290382, 0.6173687901558853, -0.5245067369394822, 0.12368543393290382, -0.043707542206647625, 0.18777583336284337], [0.6541798913335719, 0.6716387422981566, 0.6679727661385397, -0.34885119539430004, -0.3973371236449171, -0.6557144557182852, -0.0535439551877737, 0.052009390803060294, 0.20483337688559453, -0.0535439551877737, 0.06580226560802813, 0.06946824176764488], [0.08171887114603199, -0.38318115143192666, 0.3558574950496649, -0.24336661937711393, 0.37197797847454284, -0.20312658903317063, -0.6844820451337714, 0.5630743272466328, -0.10937747762605793, -0.6844820451337714, 0.8372129511502657, 0.09817430466867416]], "inverted": true, "swapped": false, "error_lsq": 0.061045490523467326, "error_max": 0.4726835399167406, "target": "128.xyz", "model": "16.xyz", "model_rescale": 4.510870436145588, "target_rescale": 4.156650529934608},
{"mapping": [9, 4, 0, 7, 8, 3, 10, 2, 6, 5, 2, 11], "R": [[-0.08168959737755888, 0.9683649068704352, 0.23578850019054276], [0.6067019477399842, 0.23601120843179535, -0.7590859345970475], [-0.7907209092270178, 0.08104391794809113, -0.6067885357147259]], "T": [0.06216923943596934, 0.011534966441366729, -0.07450915082336988], "aligned_model": [[0.43032161577443806, -0.23075471658809485, 0.0007286589813962144, -0.33745956255803494, -0.28000475661781965, 0.31073260831435107, 0.6173687901558852, 0.1236854339329039, -0.5245067369394821, -0.04370754220664768, 0.1236854339329039, 0.1877758333628434], [0.654179891333572, 0.6679727661385396, 0.6716387422981563, -0.39733712364491713, -0.3488511953943002, -0.655714455718285, 0.05200939080306052, -0.05354395518777358, 0.20483337688559436, 0.06580226560802813, -0.05354395518777358, 0.06946824176764475], [-0.08171887114603178, -0.3558574950496646, 0.38318115143192666, -0.3719779784745427, 0.24336661937711368, 0.20312658903317055, -0.5630743272466325, 0.6844820451337713, 0.10937747762605808, -0.8372129511502653, 0.6844820451337713, -0.09817430466867423]], "inverted": false, "swapped": false, "error_lsq": 0.06104549052346733, "error_max": 0.47268353991674045, "target": "128.xyz", "model": "17.xyz", "model_rescale": 4.510870436145588, "target_rescale": 4.156650529934608},
{"mapping": [9, 3, 11, 6, 2, 8, 7, 10, 4, 5, 1, 12], "R": [[0.07020349963262143, -0.9064586370153229, -0.41641830893904724], [0.592784761573832, 0.373654795777574, -0.7134341735845535], [0.8022952667722699, -0.19676085223626866, 0.563566741337767]], "T": [-0.02149789207776462, 0.04512213898420159, 0.10317969634709402], "aligned_model": [[0.7606767296013006, -0.2933163003088445, -0.3203199445098819, -0.3452843763179604, -0.20862914550278544, 0.2779809207755022, 0.6116373008410693, 0.42702034953573353, -0.6269726803744117, -0.011627996252393219, -0.018327032505468188, 0.12502723456278178], [0.3544384564311971, 0.6766218741449734, 0.6231867788403859, -0.40352940080669847, -0.4370034758698299, -0.48515764353230895, 0.08648356114905076, -0.21720274825016261, 0.10498066946361378, 0.16811180387466124, 0.27134638544513384, 0.1346377288115299], [0.006383681288505624, -0.36454902189626487, 0.25872980600896284, -0.34858708763402124, 0.42088813532711283, 0.008606991399288708, -0.44295249770960854, 0.4579431703974029, 0.08701046721263243, -0.8001465767429184, 0.747344286130693, -0.030671353781784552]], "inverted": false, "swapped": false, "error_lsq": 0.05432912672613935, "error_max": 0.3576341319823507, "target": "128.xyz", "model": "18.xyz", "model_rescale": 4.466005644533647, "target_rescale": 4.156650529934608},
{"mapping": [10, 0, 1, 4, 5, 7, 8, 9, 12, 2, 3, 13], "R": [[-0.5547463183093095, -0.8316409443933102, -0.025097050242405987], [0.8269886925733403, -0.5478290314340675, -0.12638455077203506], [0.09135767443463008, -0.0908663409993772, 0.9916637955452853]], "T": [0.049749457390895285, 0.050886248732867984, -0.0023658955237538665], "aligned_model": [[0.44451684010378867, -0.2608649270724167, -0.2807786995281202, -0.4023519966169463, -0.4222657690726498, 0.22064017754364323, 0.6339512691306607, 0.6140374966749572, -0.5712910199813339, 0.15400433524338997, 0.11417679033198307, 0.13409056278768652], [0.5441693615766453, 0.6587409117030082, 0.5584584816292925, -0.22695712483294964, -0.32723955490666523, -0.6490089519281085, 0.043345232694859674, -0.05693719737885597, 0.16901446148712534, 0.1547252199594471, -0.04583964018798416, 0.054442789885731466], [-0.3295780603312617, -0.3328280809243298, 0.45402802313209967, -0.4492883743010546, 0.33756772975537486, 0.3128298720645193, -0.3886123695644639, 0.3982437344919656, -0.0030281189140584706, -0.7866342225260264, 0.7870779855868325, 0.00022188153040313954]], "inverted": false, "swapped": false, "error_lsq": 0.05296764000548037, "error_max": 0.3590638949257506, "target": "128.xyz", "model": "19.xyz", "model_rescale": 4.509807711582247, "target_rescale": 4.156650529934608},
{"mapping": [6, 5, 4, 1, 0, 11, 9, 8, 12, 3, 2, 13], "R": [[-0.8231670733208308, -0.5673308933139886, -0.02305703562841479], [-0.5605098452312235, 0.8184149694921283, -0.12659246071575042], [0.0906900369350907, -0.09128304992029293, -0.9916868064051078]], "T": [0.05670827493382615, 0.08685721366674039, -0.0023455632515407454], "aligned_model": [[0.47599287749861646, -0.258841073770098, -0.24054599301070742, -0.4578933653800422, -0.4395982846206517, 0.23933739015203892, 0.6018964241852421, 0.6201915049446326, -0.5635915774131431, 0.11534397156019427, 0.15193413307897535, 0.1336390523195848], [0.6725499272699093, 0.5132525825709753, 0.6136999830802774, -0.3613339264088294, -0.26088652589952727, -0.5180359645842677, -0.12395930497957151, -0.02351190447026935, 0.20881117330643764, -0.04833808390383158, 0.15255671711477267, 0.052109316605470565], [0.3132012151069082, -0.44950097795255556, 0.3373733845454873, -0.33322877052236355, 0.45364559197567933, -0.32943601839943576, -0.38817096398800793, 0.39870339851003495, -0.0034912637303770484, -0.7865728943464991, 0.7871758306495862, 0.0003014681515436067]], "inverted": false, "swapped": false, "error_lsq": 0.052742483138701175, "error_max": 0.3620291928618732, "target": "128.xyz", "model": "20.xyz", "model_rescale": 4.509807711582248, "target_rescale": 4.156650529934608},
{"mapping": [10, 11, 4, 2, 5, 7, 9, 8, 3, 0, 6, 12], "R": [[0.07020349963262112, -0.9064586370153229, 0.4164183089390471], [0.5927847615738318, 0.3736547957775738, 0.7134341735845537], [-0.8022952667722701, 0.1967608522362687, 0.5635667413377666]], "T": [-0.021497892077764653, 0.04512213898420152, -0.10317969634709397], "aligned_model": [[0.7606767296013006, -0.3203199445098821, -0.29331630030884476, -0.20862914550278533, -0.3452843763179601, 0.27798092077550246, 0.42702034953573365, 0.6116373008410694, -0.6269726803744117, -0.018327032505468292, -0.011627996252393198, 0.1250272345627818], [0.35443845643119726, 0.6231867788403859, 0.6766218741449735, -0.4370034758698301, -0.40352940080669836, -0.4851576435323089, -0.21720274825016256, 0.08648356114905091, 0.10498066946361374, 0.27134638544513384, 0.1681118038746614, 0.13463772881152997], [-0.006383681288505846, -0.2587298060089629, 0.3645490218962648, -0.4208881353271126, 0.34858708763402163, -0.008606991399288444, -0.4579431703974028, 0.4429524977096086, -0.08701046721263217, -0.7473442861306933, 0.8001465767429186, 0.030671353781784608]], "inverted": false, "swapped": false, "error_lsq": 0.05432912672613935, "error_max": 0.3576341319823506, "target": "128.xyz", "model": "21.xyz", "model_rescale": 4.466005644533646, "target_rescale": 4.156650529934608},
{"mapping": [9, 3, 11, 6, 2, 8, 7, 10, 4, 5, 1, 12], "R": [[0.07020361314495256, -0.9064586256914524, -0.41641831445189476], [0.592784717878104, 0.3736548735894562, -0.7134341691375764], [0.802295289124628, -0.196760756637117, 0.563566742893882]], "T": [-0.02149788576706293, 0.04512213781902059, 0.10317970038204924], "aligned_model": [[0.760676655759825, -0.29331618715312163, -0.32032018810319063, -0.3452843437120706, -0.20862925132050944, 0.27798098286037964, 0.6116373700272333, 0.4270202685929713, -0.6269725743199753, -0.01162795654521697, -0.018326852388026234, 0.12502713584634428], [0.35443844520315243, 0.6766218791220671, 0.6231869229272615, -0.4035294013617117, -0.4370034401665503, -0.4851577088666786, 0.08648349685009987, -0.21720276051362603, 0.1049806734052885, 0.16811180435506679, 0.2713463131969486, 0.13463776555022833], [0.006383610260165901, -0.3645489460665309, 0.2587297984955038, -0.34858705891753106, 0.42088811285791006, 0.00860696564647985, -0.44295252834183296, 0.4579431042484787, 0.08701054792178199, -0.8001465529058439, 0.7473443279318217, -0.030671381130402797]], "inverted": false, "swapped": false, "error_lsq": 0.05432912124869171, "error_max": 0.35763409585783185, "target": "128.xyz", "model": "22.xyz", "model_rescale": 4.46600560860683, "target_rescale": 4.156650529934608},
{"mapping": [10, 0, 1, 4, 5, 7, 8, 9, 12, 2, 3, 13], "R": [[-0.5547462582916575, -0.8316409844131374, -0.025097050738162378], [0.8269887318467011, -0.547828971416006, -0.12638455394495937], [0.09135768336593846, -0.09086633656987154, 0.9916637951283591]], "T": [0.04974945593188812, 0.050886247253805125, -0.0023658958120450794], "aligned_model": [[0.4445167822043033, -0.26086479820684266, -0.2807785712202136, -0.402351933357749, -0.42226570637111993, 0.220640222290739, 0.6339513608226395, 0.6140375878092685, -0.5712912947203517, 0.15400424311136054, 0.11417669708461864, 0.13409047009798958], [0.5441692767964909, 0.6587409998793037, 0.5584585664605817, -0.22695703324703015, -0.3272394666657522, -0.6490089122632845, 0.04334525198613896, -0.0569371814325831, 0.16901432325276566, 0.15472515506369372, -0.04583971177375036, 0.05444272164497168], [-0.3295780743271281, -0.3328280681381856, 0.4540280420794124, -0.4492883656943048, 0.3375677445232932, 0.31282987946864166, -0.38861236804342864, 0.39824374217416936, -0.003028143480364671, -0.7866342397382995, 0.7870779806968964, 0.00022187047929856122]], "inverted": false, "swapped": false, "error_lsq": 0.05296764015249081, "error_max": 0.35906394757745475, "target": "128.xyz", "model": "23.xyz", "model_rescale": 4.509807674373902, "target_rescale": 4.156650529934608},
{"mapping": [6, 5, 4, 1, 0, 11, 9, 8, 12, 3, 2, 13], "R": [[-0.823167035122593, -0.5673309486980642, -0.023057036601311507], [-0.5605098999368718, 0.8184149315696274, -0.12659246366446872], [0.090690045541049, -0.0912830457053034, -0.9916868060060726]], "T": [0.05670827420163663, 0.08685721545708512, -0.0023455635297237416], "aligned_model": [[0.4759929071026615, -0.2588410468512695, -0.24054596516896973, -0.45789328074057356, -0.4395981990582738, 0.23933736521926735, 0.6018965012348508, 0.6201915829171506, -0.5635917800969561, 0.11534390997995163, 0.15193407334455122, 0.13363899166225143], [0.672549871535266, 0.5132524754848907, 0.6136998791626594, -0.36133405380484296, -0.26088665012707424, -0.5180358653476227, -0.12395935989803909, -0.023511956220270316, 0.20881140699207798, -0.048337989702934916, 0.15255681765260257, 0.052109413974833846], [0.31320122274150286, -0.44950096941409295, 0.337373399259465, -0.333228757890693, 0.45364561078286497, -0.32943603236721697, -0.3881709621995311, 0.39870340647402686, -0.0034912886699430914, -0.7865729115790184, 0.7871758257680969, 0.0003014570945393002]], "inverted": false, "swapped": false, "error_lsq": 0.05274248213689605, "error_max": 0.3620292453821802, "target": "128.xyz", "model": "24.xyz", "model_rescale": 4.509807674373903, "target_rescale": 4.156650529934608},
{"mapping": [10, 11, 4, 2, 5, 7, 9, 8, 3, 0, 6, 12], "R": [[0.07020361314495274, -0.9064586256914524, 0.4164183144518948], [0.5927847178781043, 0.37365487358945626, 0.7134341691375762], [-0.8022952891246277, 0.196760756637117, 0.5635667428938822]], "T": [-0.021497885767062956, 0.045122137819020594, -0.10317970038204924], "aligned_model": [[0.760676655759825, -0.32032018810319063, -0.2933161871531217, -0.20862925132050947, -0.3452843437120708, 0.2779809828603797, 0.4270202685929713, 0.6116373700272333, -0.6269725743199752, -0.01832685238802608, -0.011627956545217193, 0.1250271358463443], [0.3544384452031523, 0.6231869229272617, 0.676621879122067, -0.4370034401665502, -0.4035294013617118, -0.4851577088666787, -0.21720276051362591, 0.08648349685009961, 0.10498067340528873, 0.2713463131969489, 0.16811180435506645, 0.13463776555022833], [-0.006383610260165734, -0.2587297984955036, 0.364548946066531, -0.4208881128579103, 0.34858705891753083, -0.00860696564647985, -0.4579431042484787, 0.4429525283418331, -0.08701054792178194, -0.7473443279318215, 0.8001465529058438, 0.03067138113040288]], "inverted": false, "swapped": false, "error_lsq": 0.054329121248691714, "error_max": 0.35763409585783196, "target": "128.xyz", "model": "25.xyz", "model_rescale": 4.466005608606829, "target_rescale": 4.156650529934608},
{"mapping": [9, 3, 11, 6, 2, 8, 7, 10, 4, 5, 1, 12], "R": [[0.07020344638825657, -0.906458643274974, -0.41641830428945464], [0.5927847767329798, 0.37365475896353295, -0.7134341802700064], [0.8022952602308224, -0.19676089330961527, 0.5635667363100485]], "T": [-0.021497888820919693, 0.04512217302046519, 0.10317973516377975], "aligned_model": [[0.7606766833447457, -0.2933162827351876, -0.32031996372065036, -0.34528433262994335, -0.20862913639842035, 0.277980926603565, 0.6116372884812907, 0.42702032146701985, -0.6269726446129135, -0.011627970752217505, -0.018327054981951772, 0.12502722547930553], [0.3544384382915461, 0.6766219297441692, 0.6231867127648612, -0.4035294328055379, -0.4370034892985876, -0.4851576432101329, 0.08648354205016663, -0.2172027469687534, 0.1049807444838697, 0.16811175245476168, 0.27134648623347146, 0.13463769596171202], [0.00638366004103165, -0.36454889342319685, 0.2587297276071799, -0.3485871246261383, 0.4208880708167444, 0.008606964424723737, -0.44295250108284545, 0.45794312554860084, 0.08701057208437225, -0.8001465901337075, 0.7473443834340606, -0.03067139469082482]], "inverted": false, "swapped": false, "error_lsq": 0.054329129238125724, "error_max": 0.35763411869751566, "target": "128.xyz", "model": "26.xyz", "model_rescale": 4.466005838112752, "target_rescale": 4.156650529934608},
{"mapping": [10, 0, 1, 4, 5, 7, 8, 9, 12, 2, 3, 13], "R": [[-0.5547463655763895, -0.8316409127753387, -0.025097053173407508], [0.8269886616608538, -0.5478290782139875, -0.12638455027258144], [0.09135766724351502, -0.09086634834422859, 0.9916637955347612]], "T": [0.04974943742199531, 0.05088628120720694, -0.0023658918252481053], "aligned_model": [[0.44451684141374137, -0.26086502677348244, -0.28077880075348893, -0.4023520398137165, -0.42226581379372297, 0.22064024824172476, 0.6339512914798572, 0.6140375174998508, -0.5712909600674191, 0.15400437468377245, 0.11417682672375953, 0.134090600703766], [0.5441693040066746, 0.6587409933621439, 0.5584585677202477, -0.22695701568475707, -0.3272394413266531, -0.6490089727941901, 0.04334520578129023, -0.056937219860605834, 0.16901436271553932, 0.15472516090251492, -0.045839690381277234, 0.054442735260618824], [-0.3295780505557881, -0.3328280581035109, 0.4540280142802794, -0.44928834652016353, 0.33756772586362677, 0.31282985602105035, -0.38861235453794835, 0.39824371784584195, -0.0030281318158472304, -0.7866341965429704, 0.7870779482246102, 0.0002218758408200753]], "inverted": false, "swapped": false, "error_lsq": 0.052967646609111234, "error_max": 0.3590639012590537, "target": "128.xyz", "model": "27.xyz", "model_rescale": 4.509807893063789, "target_rescale": 4.156650529934608},
{"mapping": [6, 5, 4, 1, 0, 11, 9, 8, 12, 3, 2, 13], "R": [[-0.8231671076034841, -0.5673308436805007, -0.02305703295061333], [-0.56050979606865, 0.8184150030595798, -0.12659246137929708], [0.09069002961072885, -0.09128305744090533, -0.9916868063826634]], "T": [0.05670824434167511, 0.08685719089238178, -0.0023455595742081646], "aligned_model": [[0.47599295289654237, -0.2588411529550628, -0.24054607505665093, -0.4578934897876653, -0.4395984118892534, 0.23933741085254728, 0.6018964543471184, 0.6201915322455303, -0.5635914845116241, 0.11534402990264163, 0.15193418569946537, 0.13363910780105348], [0.6725499187710364, 0.513252498351048, 0.6136998953446985, -0.3613339633522926, -0.26088656635864216, -0.5180359124107026, -0.123959290356181, -0.02351189336253054, 0.20881124467186585, -0.04833804419256835, 0.1525567497947325, 0.05210935280108209], [0.3132011991459735, -0.449500950350091, 0.3373733804651195, -0.3332287478531375, 0.453645582962073, -0.32943600849250226, -0.38817094879364644, 0.3987033820215641, -0.0034912766981914714, -0.7865728682842639, 0.7871757933461565, 0.00030146253094635693]], "inverted": false, "swapped": false, "error_lsq": 0.0527424913095379, "error_max": 0.3620291968680448, "target": "128.xyz", "model": "28.xyz", "model_rescale": 4.5098078930637895, "target_rescale": 4.156650529934608},
{"mapping": [10, 11, 4, 2, 5, 7, 9, 8, 3, 0, 6, 12], "R": [[0.07020344638825646, -0.9064586432749739, 0.41641830428945426], [0.5927847767329797, 0.3736547589635326, 0.7134341802700064], [-0.8022952602308222, 0.19676089330961505, 0.5635667363100483]], "T": [-0.021497888820919693, 0.04512217302046512, -0.10317973516377967], "aligned_model": [[0.7606766833447453, -0.32031996372065036, -0.2933162827351878, -0.2086291363984201, -0.34528433262994307, 0.27798092660356516, 0.4270203214670199, 0.6116372884812905, -0.6269726446129132, -0.018327054981951703, -0.011627970752217671, 0.12502722547930545], [0.35443843829154614, 0.6231867127648609, 0.6766219297441689, -0.43700348929858757, -0.40352943280553777, -0.4851576432101326, -0.21720274696875314, 0.08648354205016667, 0.10498074448386957, 0.27134648623347146, 0.1681117524547615, 0.134637695961712], [-0.00638366004103165, -0.25872972760717977, 0.36454889342319663, -0.42088807081674406, 0.34858712462613833, -0.008606964424723446, -0.4579431255486004, 0.44295250108284534, -0.08701057208437213, -0.7473443834340603, 0.8001465901337071, 0.030671394690824902]], "inverted": false, "swapped": false, "error_lsq": 0.05432912923812571, "error_max": 0.35763411869751544, "target": "128.xyz", "model": "29.xyz", "model_rescale": 4.466005838112752, "target_rescale": 4.156650529934608},
