[{"mapping": [10, 1, 7, 8, 4, 2, 3, 9, 5, 3, 6, 11], "R": [[0.08168962729112522, -0.9683649022825522, -0.23578850866897666], [-0.6067019750793275, -0.2360112302700656, 0.7590859059561397], [-0.7907208851597891, 0.08104390917097415, -0.606788568249606]], "T": [0.062169353523004664, 0.011534933994378174, 0.07450905089055983], "aligned_model": [[0.430321781125901, 0.0007286349974487821, -0.23075493133633274, -0.280004733769109, -0.337459526772688, 0.31073262576169774, 0.1236854600956714, 0.6173689467919273, -0.5245066924387143, 0.1236854600956714, -0.0437077656703064, 0.18777580066347505], [0.6541799089616079, 0.6716388123288557, 0.6679726712241509, -0.3488510431203377, -0.3973370804334016, -0.6557145304468474, -0.05354410234741784, 0.05200948086217834, 0.20483334766602795, -0.05354410234741784, 0.0658022431247214, 0.0694683842294262], [0.08171883203445089, -0.38318096734756985, 0.35585745673664465, -0.24336641393674285, 0.371977958587279, -0.20312671536162236, -0.6844821575344845, 0.5630742742073129, -0.10937748358558307, -0.6844821575344845, 0.8372128989095068, 0.09817447482529215]], "inverted": false, "swapped": false, "error_lsq": 0.06104550382933376, "error_max": 0.4726835782409187, "target": "129.xyz", "model": "0.xyz", "model_rescale": 4.5108708085295355, "target_rescale": 4.156650529934608},
{"mapping": [10, 1, 7, 8, 4, 2, 3, 9, 5, 3, 6, 11], "R": [[0.08168962729112517, -0.9683649022825522, -0.23578850866897672], [-0.6067019750793277, -0.2360112302700656, 0.7590859059561395], [-0.7907208851597888, 0.08104390917097426, -0.6067885682496061]], "T": [0.06216935352300465, 0.011534933994378258, 0.07450905089055979], "aligned_model": [[0.4303217811259009, 0.0007286349974486572, -0.23075493133633265, -0.28000473376910895, -0.33745952677268787, 0.3107326257616977, 0.12368546009567137, 0.6173689467919272, -0.5245066924387142, 0.12368546009567137, -0.04370776567030636, 0.18777580066347505], [0.6541799089616076, 0.6716388123288556, 0.6679726712241507, -0.3488510431203376, -0.3973370804334013, -0.6557145304468472, -0.053544102347418035, 0.05200948086217859, 0.2048333476660278, -0.053544102347418035, 0.06580224312472165, 0.0694683842294262], [0.0817188320344508, -0.38318096734757, 0.3558574567366445, -0.2433664139367426, 0.371977958587279, -0.2031267153616221, -0.6844821575344839, 0.5630742742073127, -0.10937748358558291, -0.6844821575344839, 0.8372128989095063, 0.09817447482529212]], "inverted": false, "swapped": false, "error_lsq": 0.06104550382933374, "error_max": 0.4726835782409184, "target": "129.xyz", "model": "1.xyz", "model_rescale": 4.510870808529536, "target_rescale": 4.156650529934608},
{"mapping": [10, 1, 7, 8, 4, 2, 3, 9, 5, 3, 6, 11], "R": [[0.08168962729112522, -0.9683649022825522, -0.23578850866897666], [-0.6067019750793275, -0.2360112302700656, 0.7590859059561397], [-0.7907208851597891, 0.08104390917097415, -0.606788568249606]], "T": [0.06216935352300467, 0.01153493399437816, 0.07450905089055984], "aligned_model": [[0.430321781125901, 0.0007286349974487891, -0.23075493133633274, -0.28000473376910906, -0.337459526772688, 0.31073262576169774, 0.12368546009567141, 0.6173689467919273, -0.5245066924387143, 0.12368546009567141, -0.043707765670306396, 0.187775800663475], [0.6541799089616078, 0.6716388123288557, 0.6679726712241509, -0.3488510431203375, -0.3973370804334016, -0.6557145304468475, -0.053544102347417855, 0.052009480862178326, 0.20483334766602795, -0.053544102347417855, 0.06580224312472138, 0.06946838422942639], [0.0817188320344509, -0.3831809673475698, 0.3558574567366447, -0.243366413936743, 0.371977958587279, -0.20312671536162233, -0.6844821575344845, 0.5630742742073129, -0.10937748358558305, -0.6844821575344845, 0.8372128989095068, 0.09817447482529199]], "inverted": false, "swapped": false, "error_lsq": 0.06104550382933375, "error_max": 0.4726835782409187, "target": "129.xyz", "model": "2.xyz", "model_rescale": 4.5108708085295355, "target_rescale": 4.156650529934608},
{"mapping": [11, 2, 3, 4, 5, 7, 9, 10, 8, 0, 1, 13], "R": [[-0.5547462386034747, -0.8316409975737803, -0.02509704982232197], [0.826988744736101, -0.547828951897724, -0.12638455420837413], [0.09135768623988216, -0.09086633379381394, 0.9916637951179657]], "T": [0.04974937827186357, 0.050886262642025934, -0.002365895839068176], "aligned_model": [[0.44451670878675975, -0.2608648582174149, -0.2807786302008498, -0.40235201237231455, -0.42226578435574946, 0.2206401268978368, 0.6339514569899867, 0.6140376850065519, -0.5712911757573053, 0.15400428623914864, 0.11417674227227888, 0.13409051425571375], [0.5441692757255188, 0.6587410135553945, 0.5584585814547447, -0.22695700267644958, -0.3272394347770994, -0.6490088904821034, 0.04334537563903903, -0.05693705646161075, 0.16901447283514232, 0.1547249837303064, -0.04583988047099312, 0.05444255162965663], [-0.3295780704892336, -0.3328280613996715, 0.454028036827566, -0.44928835738941136, 0.3375677408378262, 0.31282987337495954, -0.38861234432659764, 0.3982437539006399, -0.003028120823680272, -0.7866342483980365, 0.7870779480564382, 0.00022184982920088903]], "inverted": false, "swapped": false, "error_lsq": 0.05296765188889684, "error_max": 0.3590639655326936, "target": "129.xyz", "model": "3.xyz", "model_rescale": 4.509807743048502, "target_rescale": 4.156650529934608},
{"mapping": [6, 5, 4, 3, 2, 12, 10, 9, 8, 1, 0, 13], "R": [[-0.8231670242274634, -0.5673309644595206, -0.02305703775278661], [-0.560509915538022, 0.8184149209458262, -0.12659246327011994], [0.09069004801003533, -0.09128304299631768, -0.9916868060296408]], "T": [0.05670819646742177, 0.0868572300217387, -0.0023455636053570242], "aligned_model": [[0.4759928130633141, -0.25884112941814696, -0.24054604710077998, -0.4578933433662582, -0.43959826104889116, 0.2393372949452759, 0.6018965435971597, 0.6201916259145268, -0.5635917248901792, 0.11534401363217338, 0.15193417826690747, 0.13363909594954043], [0.6725498848251455, 0.513252477978956, 0.6136998798142244, -0.36133404184416174, -0.2608866400088935, -0.5180358378537855, -0.12395951299244426, -0.023512111157176024, 0.20881122652698114, -0.04833784703103494, 0.15255695663950164, 0.05210955480423336], [0.31320121685419605, -0.4495009611978684, 0.3373733955119982, -0.3332287514659775, 0.4536456052438891, -0.3294360286195175, -0.38817093828078475, 0.39870341842908186, -0.0034912661714627748, -0.7865729201443851, 0.7871757932753487, 0.0003014365654818948]], "inverted": false, "swapped": false, "error_lsq": 0.052742492435778075, "error_max": 0.36202926782462885, "target": "129.xyz", "model": "4.xyz", "model_rescale": 4.509807743048502, "target_rescale": 4.156650529934608},
{"mapping": [11, 2, 3, 4, 5, 7, 9, 10, 8, 0, 1, 13], "R": [[-0.5547462386034747, -0.8316409975737803, -0.02509704982232197], [0.826988744736101, -0.547828951897724, -0.12638455420837413], [0.09135768623988216, -0.09086633379381394, 0.9916637951179657]], "T": [0.04974937827186357, 0.05088626264202595, -0.0023658958390682552], "aligned_model": [[0.44451670878675975, -0.2608648582174149, -0.2807786302008498, -0.40235201237231455, -0.42226578435574946, 0.2206401268978368, 0.6339514569899867, 0.6140376850065519, -0.5712911757573053, 0.15400428623914864, 0.11417674227227888, 0.13409051425571372], [0.5441692757255188, 0.6587410135553946, 0.5584585814547447, -0.22695700267644964, -0.3272394347770994, -0.6490088904821034, 0.043345375639039035, -0.056937056461610736, 0.16901447283514226, 0.1547249837303064, -0.045839880470993105, 0.05444255162965661], [-0.32957807048923365, -0.3328280613996716, 0.4540280368275659, -0.44928835738941136, 0.3375677408378261, 0.31282987337495943, -0.3886123443265977, 0.39824375390063976, -0.0030281208236800587, -0.7866342483980365, 0.7870779480564382, 0.00022184982920110284]], "inverted": false, "swapped": false, "error_lsq": 0.05296765188889684, "error_max": 0.35906396553269365, "target": "129.xyz", "model": "5.xyz", "model_rescale": 4.509807743048502, "target_rescale": 4.156650529934608},
{"mapping": [11, 2, 3, 4, 5, 7, 9, 10, 8, 0, 1, 13], "R": [[-0.5547462988114753, -0.8316409573218345, -0.025097052810889177], [0.8269887053315316, -0.5478290115697653, -0.12638455339388374], [0.09135767734047834, -0.09086634243391256, 0.9916637951461353]], "T": [0.049749395887842524, 0.0508862732930043, -0.0023658939624830806], "aligned_model": [[0.44451680103156666, -0.2608649830279145, -0.2807787580743448, -0.4023520773890794, -0.42226585243550974, 0.22064028885005352, 0.6339512235068292, 0.614037448460399, -0.5712909115348072, 0.15400440176558014, 0.1141768516727196, 0.13409062671914987], [0.5441693915983764, 0.6587409615140748, 0.5584585265766401, -0.22695709589791, -0.32723953083534474, -0.6490088303610828, 0.04334524454963452, -0.05693719038780018, 0.16901462541726403, 0.15472506411333276, -0.04583980576153661, 0.05444262917589808], [-0.3295780664153233, -0.33282808643896783, 0.4540280391400977, -0.4492883858593642, 0.33756773971970133, 0.31282990018556833, -0.388612378986893, 0.39824374659217254, -0.0030280965859037644, -0.7866342626960948, 0.7870779884620359, 0.0002218628829705675]], "inverted": false, "swapped": false, "error_lsq": 0.05296764456153999, "error_max": 0.3590639036063654, "target": "129.xyz", "model": "6.xyz", "model_rescale": 4.509807586411629, "target_rescale": 4.156650529934608},
{"mapping": [6, 5, 4, 3, 2, 12, 10, 9, 8, 1, 0, 13], "R": [[-0.8231670595261106, -0.5673309133866, -0.02305703422089155], [-0.5605098649750218, 0.8184149553921102, -0.12659246445272146], [0.09069004011918844, -0.091283051583834, -0.9916868059607951]], "T": [0.056708208695827836, 0.0868572138295451, -0.002345561749456213], "aligned_model": [[0.47599293497521616, -0.2588411598984155, -0.24054607974806974, -0.45789343555121276, -0.43959835540086695, 0.2393373431528607, 0.6018963775588153, 0.6201914577091612, -0.5635915380383746, 0.11534409144483022, 0.15193425174552183, 0.13363917159517602], [0.6725497734293195, 0.5132525854566494, 0.6136999917190662, -0.36133395226965775, -0.26088654600724087, -0.5180359778130552, -0.1239592986348201, -0.023511892372403267, 0.20881098027910855, -0.04833796429089031, 0.15255684823394344, 0.05210944197152659], [0.31320124302487673, -0.44950098969436864, 0.3373733942909813, -0.3332287759003116, 0.45364560808503834, -0.329436024346872, -0.3881709734394704, 0.39870341054587954, -0.0034912413628701818, -0.7865729343863114, 0.787175833584389, 0.00030144959903897865]], "inverted": false, "swapped": false, "error_lsq": 0.05274248945106443, "error_max": 0.36202920473896794, "target": "129.xyz", "model": "7.xyz", "model_rescale": 4.509807586411629, "target_rescale": 4.156650529934608},
{"mapping": [12, 3, 2, 5, 4, 6, 10, 9, 8, 1, 0, 13], "R": [[0.5547462988114751, 0.8316409573218346, -0.02509705281088937], [-0.8269887053315317, 0.5478290115697653, -0.1263845533938835], [-0.09135767734047803, 0.09086634243391258, 0.9916637951461355]], "T": [0.04974939588784251, 0.05088627329300427, -0.0023658939624828916], "aligned_model": [[0.44451680103156677, -0.2608649830279144, -0.2807787580743448, -0.4023520773890794, -0.42226585243550985, 0.22064028885005332, 0.6339512235068292, 0.6140374484603988, -0.5712909115348072, 0.15400440176558028, 0.11417685167271943, 0.13409062671914987], [0.5441693915983763, 0.6587409615140747, 0.5584585265766402, -0.22695709589791013, -0.3272395308353446, -0.6490088303610828, 0.043345244549634364, -0.05693719038780015, 0.16901462541726409, 0.15472506411333253, -0.04583980576153644, 0.05444262917589809], [-0.3295780664153233, -0.33282808643896805, 0.45402803914009754, -0.4492883858593642, 0.3375677397197014, 0.31282990018556855, -0.3886123789868929, 0.3982437465921727, -0.003028096585904007, -0.7866342626960947, 0.7870779884620362, 0.0002218628829704773]], "inverted": true, "swapped": false, "error_lsq": 0.05296764456153998, "error_max": 0.3590639036063654, "target": "129.xyz", "model": "8.xyz", "model_rescale": 4.509807586411629, "target_rescale": 4.156650529934608},
{"mapping": [9, 2, 3, 6, 7, 5, 11, 12, 8, 0, 1, 13], "R": [[0.5547461834788734, 0.8316410341611595, -0.02509705590266692], [-0.8269887807927696, 0.5478288959031425, -0.12638456098919937], [-0.09135769457748441, 0.09086633652184575, 0.9916637940998885]], "T": [0.049749408511174126, 0.050886214431896365, -0.002365901260201879], "aligned_model": [[0.4445166996972867, -0.2608648970227061, -0.28077867488418506, -0.4023519333366602, -0.42226571119813916, 0.22064021264314218, 0.633951424529827, 0.6140376466683481, -0.5712912627334723, 0.15400429625521264, 0.11417674053225477, 0.1340905183937337], [0.5441691694482236, 0.6587409602037961, 0.558458517417668, -0.22695697102108556, -0.32723941380721366, -0.6490089290122251, 0.043345230791897435, -0.05693721199423063, 0.16901441137910359, 0.1547251848846654, -0.04583970068759069, 0.054442742098537354], [-0.3295781000129595, -0.33282808847515805, 0.4540280505701428, -0.4492883776920292, 0.33756776135327166, 0.31282988834222825, -0.38861238168104273, 0.3982437573642581, -0.003028133900281589, -0.7866342643347773, 0.7870780137558241, 0.00022187471052338226]], "inverted": false, "swapped": false, "error_lsq": 0.05296764926723288, "error_max": 0.3590640242085485, "target": "129.xyz", "model": "9.xyz", "model_rescale": 4.509807504472865, "target_rescale": 4.156650529934608},
{"mapping": [4, 7, 6, 3, 2, 10, 12, 11, 8, 1, 0, 13], "R": [[0.8231669887145536, 0.5673310161188643, -0.02305703450469611], [0.5605099663877264, -0.8184148847524673, -0.12659247211282135], [-0.09069005607366046, 0.09128304642781439, -0.9916868049763563]], "T": [0.05670824255992543, 0.08685726338361861, -0.00234556897856218], "aligned_model": [[0.47599290906255787, -0.2588410659177536, -0.2405459852098136, -0.4578933609021587, -0.43959828019421876, 0.23933732412060899, 0.6018965670081508, 0.6201916477160908, -0.5635917821513208, 0.1153439479628931, 0.1519341093787731, 0.1336390286708331], [0.6725498870335109, 0.5132524200722166, 0.6136998342377286, -0.36133397613556045, -0.2608865619700485, -0.5180357367632835, -0.1239593687984522, -0.023511954632940202, 0.20881131824123153, -0.04833803802646418, 0.15255679030455982, 0.05210937613904784], [0.3132012319472577, -0.4495009817994225, 0.3373734157015374, -0.33322877869329226, 0.4536456188076676, -0.3294360577645492, -0.38817097518291, 0.3987034223180499, -0.0034912797108974636, -0.7865729360421074, 0.7871758589598129, 0.00030146145885286265]], "inverted": false, "swapped": false, "error_lsq": 0.05274249299189989, "error_max": 0.3620293221330773, "target": "129.xyz", "model": "10.xyz", "model_rescale": 4.509807504472865, "target_rescale": 4.156650529934608},
{"mapping": [5, 6, 7, 2, 3, 9, 11, 12, 8, 0, 1, 13], "R": [[-0.8231669887145536, -0.5673310161188645, -0.023057034504695765], [-0.5605099663877267, 0.8184148847524673, -0.12659247211282104], [0.09069005607366004, -0.09128304642781432, -0.9916868049763563]], "T": [0.05670824255992543, 0.08685726338361861, -0.0023455689785622674], "aligned_model": [[0.47599290906255776, -0.2588410659177536, -0.24054598520981382, -0.4578933609021585, -0.43959828019421887, 0.23933732412060924, 0.6018965670081511, 0.6201916477160908, -0.5635917821513209, 0.11534394796289339, 0.15193410937877283, 0.1336390286708331], [0.672549887033511, 0.5132524200722167, 0.6136998342377286, -0.3613339761355605, -0.2608865619700488, -0.5180357367632833, -0.12395936879845197, -0.023511954632940216, 0.20881131824123145, -0.0483380380264639, 0.15255679030455957, 0.05210937613904786], [0.3132012319472581, -0.4495009817994225, 0.3373734157015375, -0.33322877869329254, 0.45364561880766746, -0.3294360577645493, -0.38817097518290994, 0.3987034223180501, -0.0034912797108975083, -0.7865729360421073, 0.7871758589598127, 0.0003014614588529841]], "inverted": true, "swapped": false, "error_lsq": 0.0527424929918999, "error_max": 0.36202932213307737, "target": "129.xyz", "model": "11.xyz", "model_rescale": 4.509807504472865, "target_rescale": 4.156650529934608},
{"mapping": [9, 2, 3, 6, 7, 5, 11, 12, 8, 0, 1, 13], "R": [[0.5547462929030025, 0.8316409613841171, -0.025097048800159567], [-0.8269887092014543, 0.5478290062817943, -0.12638455099265242], [-0.09135767818683233, 0.09086633713539427, 0.9916637955536686]], "T": [0.049749517956256456, 0.05088628894687099, -0.002365888897285955], "aligned_model": [[0.4445169089933899, -0.26086484615447847, -0.28077861722321784, -0.40235194128397667, -0.42226571235271604, 0.2206402166038821, 0.6339513203069379, 0.6140375492381985, -0.5712911327013557, 0.15400420910806553, 0.11417666697058676, 0.13409043803932613], [0.5441693842070624, 0.658740954198692, 0.5584585251715349, -0.22695706716928518, -0.3272394961964423, -0.6490089086487516, 0.04334525577543998, -0.056937173251717106, 0.16901439750374375, 0.1547251350642469, -0.04583972299006723, 0.05444270603708983], [-0.3295780513231852, -0.33282806802866893, 0.45402802644915585, -0.4492883601100693, 0.33756773436775556, 0.3128298732569519, -0.38861236133373267, 0.39824373314409217, -0.003028129023233695, -0.7866342269441801, 0.7870779620114693, 0.00022186753364465293]], "inverted": false, "swapped": false, "error_lsq": 0.052967633570135765, "error_max": 0.35906386061255613, "target": "129.xyz", "model": "12.xyz", "model_rescale": 4.509807766519439, "target_rescale": 4.156650529934608},
{"mapping": [4, 7, 6, 3, 2, 10, 12, 11, 8, 1, 0, 13], "R": [[0.8231670567718089, 0.567330917264097, -0.023057037145218874], [0.560509868936087, -0.8184149533111597, -0.12659246036768118], [-0.09069004063781338, 0.09128304614204484, -0.9916868064142738]], "T": [0.05670831615224247, 0.08685715373318457, -0.0023455565928589676], "aligned_model": [[0.47599289844691794, -0.258841043260203, -0.24054596152013846, -0.45789330675423456, -0.43959822501416995, 0.23933744479906727, 0.6018964628066815, 0.6201915445467462, -0.5635916579419649, 0.11534388607191545, 0.15193404955204462, 0.13363896781198004], [0.6725498719075889, 0.5132525088468287, 0.6136999078563266, -0.3613339953071833, -0.26088659629768546, -0.5180360115775182, -0.12395934631355747, -0.023511947304059685, 0.20881127556960355, -0.04833795823576355, 0.15255683978323212, 0.052109440773734306], [0.3132012163412613, -0.44950096377461607, 0.33737338914522036, -0.3332287576177472, 0.45364559530208926, -0.3294360093200417, -0.38817095567412196, 0.39870339724571446, -0.0034912739544642035, -0.7865728988176016, 0.7871758070220718, 0.0003014541022352442]], "inverted": false, "swapped": false, "error_lsq": 0.052742476067574214, "error_max": 0.3620291557263889, "target": "129.xyz", "model": "13.xyz", "model_rescale": 4.509807766519439, "target_rescale": 4.156650529934608},
{"mapping": [5, 6, 7, 2, 3, 9, 11, 12, 8, 0, 1, 13], "R": [[-0.8231670567718088, -0.5673309172640972, -0.02305703714521982], [-0.560509868936087, 0.8184149533111598, -0.12659246036768135], [0.09069004063781426, -0.09128304614204444, -0.9916868064142738]], "T": [0.05670831615224246, 0.08685715373318456, -0.002345556592859111], "aligned_model": [[0.47599289844691817, -0.2588410432602036, -0.24054596152013824, -0.4578933067542348, -0.43959822501416945, 0.23933744479906705, 0.6018964628066812, 0.6201915445467465, -0.563591657941965, 0.11534388607191469, 0.15193404955204537, 0.13363896781198004], [0.672549871907589, 0.5132525088468287, 0.6136999078563268, -0.36133399530718335, -0.2608865962976854, -0.5180360115775183, -0.12395934631355762, -0.023511947304059644, 0.2088112755696036, -0.04833795823576367, 0.15255683978323223, 0.052109440773734306], [0.3132012163412609, -0.44950096377461607, 0.3373733891452206, -0.3332287576177468, 0.45364559530208987, -0.3294360093200419, -0.38817095567412263, 0.398703397245714, -0.0034912739544635894, -0.7865728988176015, 0.7871758070220716, 0.00030145410223522944]], "inverted": true, "swapped": false, "error_lsq": 0.05274247606757423, "error_max": 0.3620291557263891, "target": "129.xyz", "model": "14.xyz", "model_rescale": 4.509807766519439, "target_rescale": 4.156650529934608},
{"mapping": [10, 1, 5, 8, 6, 2, 3, 9, 7, 3, 4, 11], "R": [[-0.08168959737755849, 0.9683649068704353, -0.23578850019054287], [0.6067019477399841, 0.23601120843179516, 0.7590859345970478], [0.790720909227018, -0.08104391794809146, -0.6067885357147257]], "T": [0.06216923943596939, 0.011534966441366631, 0.07450915082336994], "aligned_model": [[0.43032161577443817, 0.0007286589813962074, -0.23075471658809463, -0.28000475661781987, -0.337459562558035, 0.3107326083143509, 0.12368543393290364, 0.6173687901558854, -0.5245067369394822, 0.12368543393290364, -0.04370754220664741, 0.1877758333628434], [0.654179891333572, 0.6716387422981563, 0.6679727661385397, -0.3488511953943, -0.397337123644917, -0.655714455718285, -0.0535439551877734, 0.05200939080306037, 0.20483337688559455, -0.0535439551877734, 0.06580226560802803, 0.06946824176764485], [0.08171887114603178, -0.3831811514319264, 0.35585749504966474, -0.2433666193771138, 0.3719779784745427, -0.20312658903317088, -0.6844820451337714, 0.5630743272466324, -0.10937747762605786, -0.6844820451337714, 0.8372129511502653, 0.09817430466867408]], "inverted": false, "swapped": false, "error_lsq": 0.06104549052346733, "error_max": 0.4726835399167408, "target": "129.xyz", "model": "15.xyz", "model_rescale": 4.510870436145588, "target_rescale": 4.156650529934608},
{"mapping": [9, 0, 4, 8, 7, 3, 2, 10, 6, 2, 5, 11], "R": [[0.0816895973775586, -0.9683649068704356, -0.23578850019054287], [-0.6067019477399845, -0.23601120843179518, 0.7590859345970477], [-0.790720909227018, 0.08104391794809146, -0.6067885357147262]], "T": [0.06216923943596939, 0.011534966441366645, 0.07450915082337], "aligned_model": [[0.4303216157744384, 0.0007286589813962352, -0.23075471658809468, -0.28000475661782, -0.3374595625580351, 0.31073260831435096, 0.12368543393290377, 0.6173687901558856, -0.5245067369394824, 0.12368543393290377, -0.04370754220664752, 0.18777583336284343], [0.654179891333572, 0.6716387422981563, 0.6679727661385397, -0.3488511953943001, -0.397337123644917, -0.6557144557182852, -0.05354395518777383, 0.05200939080306055, 0.20483337688559441, -0.05354395518777383, 0.06580226560802832, 0.06946824176764496], [0.08171887114603173, -0.3831811514319269, 0.3558574950496647, -0.2433666193771138, 0.371977978474543, -0.2031265890331706, -0.6844820451337716, 0.5630743272466326, -0.10937747762605791, -0.6844820451337716, 0.8372129511502655, 0.09817430466867406]], "inverted": true, "swapped": false, "error_lsq": 0.06104549052346733, "error_max": 0.47268353991674084, "target": "129.xyz", "model": "16.xyz", "model_rescale": 4.510870436145588, "target_rescale": 4.156650529934608},
{"mapping": [10, 1, 5, 8, 6, 2, 3, 9, 7, 3, 4, 11], "R": [[-0.08168959737755849, 0.9683649068704353, -0.23578850019054287], [0.6067019477399841, 0.23601120843179516, 0.7590859345970478], [0.790720909227018, -0.08104391794809146, -0.6067885357147257]], "T": [0.0621692394359694, 0.01153496644136659, 0.07450915082336997], "aligned_model": [[0.4303216157744382, 0.0007286589813962213, -0.2307547165880946, -0.2800047566178199, -0.337459562558035, 0.3107326083143509, 0.12368543393290365, 0.6173687901558854, -0.5245067369394822, 0.12368543393290365, -0.043707542206647396, 0.18777583336284331], [0.6541798913335719, 0.6716387422981562, 0.6679727661385397, -0.3488511953942998, -0.3973371236449171, -0.655714455718285, -0.05354395518777344, 0.05200939080306033, 0.20483337688559453, -0.05354395518777344, 0.06580226560802799, 0.06946824176764502], [0.08171887114603181, -0.3831811514319264, 0.35585749504966474, -0.24336661937711396, 0.3719779784745427, -0.20312658903317088, -0.6844820451337714, 0.5630743272466324, -0.10937747762605783, -0.6844820451337714, 0.8372129511502653, 0.09817430466867391]], "inverted": false, "swapped": false, "error_lsq": 0.061045490523467326, "error_max": 0.4726835399167408, "target": "129.xyz", "model": "17.xyz", "model_rescale": 4.510870436145588, "target_rescale": 4.156650529934608},
{"mapping": [9, 11, 3, 2, 6, 8, 10, 7, 4, 1, 5, 12], "R": [[-0.07020349963262176, 0.9064586370153229, 0.4164183089390472], [-0.5927847615738315, -0.3736547957775743, 0.713434173584554], [0.8022952667722705, -0.19676085223626805, 0.5635667413377666]], "T": [-0.021497892077764584, 0.04512213898420153, -0.10317969634709402], "aligned_model": [[0.7606767296013007, -0.32031994450988166, -0.29331630030884454, -0.20862914550278538, -0.34528437631796055, 0.27798092077550207, 0.4270203495357336, 0.6116373008410693, -0.6269726803744116, -0.01832703250546793, -0.011627996252393462, 0.12502723456278178], [0.35443845643119704, 0.623186778840386, 0.6766218741449739, -0.43700347586983024, -0.40352940080669825, -0.4851576435323091, -0.217202748250163, 0.08648356114905098, 0.10498066946361387, 0.27134638544513345, 0.16811180387466185, 0.1346377288115299], [-0.006383681288505541, -0.2587298060089634, 0.36454902189626437, -0.42088813532711256, 0.34858708763402146, -0.008606991399288152, -0.4579431703974026, 0.442952497709609, -0.08701046721263271, -0.7473442861306935, 0.8001465767429186, 0.030671353781784552]], "inverted": true, "swapped": false, "error_lsq": 0.05432912672613935, "error_max": 0.35763413198235083, "target": "129.xyz", "model": "18.xyz", "model_rescale": 4.466005644533647, "target_rescale": 4.156650529934608},
{"mapping": [11, 1, 0, 5, 4, 6, 9, 8, 12, 3, 2, 13], "R": [[0.5547463183093094, 0.8316409443933102, -0.02509705024240555], [-0.8269886925733403, 0.5478290314340676, -0.12638455077203523], [-0.09135767443463044, 0.09086634099937692, 0.9916637955452853]], "T": [0.049749457390895285, 0.05088624873286799, -0.002365895523753981], "aligned_model": [[0.44451684010378856, -0.26086492707241693, -0.28077869952812007, -0.40235199661694654, -0.4222657690726497, 0.22064017754364337, 0.6339512691306605, 0.6140374966749574, -0.5712910199813339, 0.15400433524338963, 0.11417679033198341, 0.13409056278768652], [0.5441693615766453, 0.6587409117030082, 0.5584584816292925, -0.22695712483294964, -0.3272395549066654, -0.6490089519281085, 0.043345232694859785, -0.05693719737885599, 0.16901446148712534, 0.15472521995944727, -0.045839640187984275, 0.05444278988573151], [-0.32957806033126175, -0.3328280809243296, 0.4540280231320999, -0.44928837430105445, 0.337567729755375, 0.31282987206451907, -0.3886123695644641, 0.3982437344919654, -0.0030281189140584958, -0.7866342225260265, 0.7870779855868324, 0.00022188153040279433]], "inverted": true, "swapped": false, "error_lsq": 0.052967640005480356, "error_max": 0.3590638949257505, "target": "129.xyz", "model": "19.xyz", "model_rescale": 4.509807711582247, "target_rescale": 4.156650529934608},
{"mapping": [6, 5, 4, 1, 0, 11, 9, 8, 12, 3, 2, 13], "R": [[-0.8231670733208307, -0.5673308933139887, -0.0230570356284151], [-0.5605098452312236, 0.8184149694921283, -0.12659246071575056], [0.09069003693509103, -0.09128304992029285, -0.9916868064051079]], "T": [0.056708274933826144, 0.0868572136667404, -0.0023455632515408196], "aligned_model": [[0.4759928774986165, -0.2588410737700982, -0.2405459930107074, -0.45789336538004244, -0.4395982846206516, 0.23933739015203886, 0.6018964241852419, 0.6201915049446328, -0.5635915774131431, 0.11534397156019403, 0.15193413307897563, 0.13363905231958484], [0.6725499272699095, 0.5132525825709752, 0.6136999830802774, -0.36133392640882955, -0.2608865258995273, -0.5180359645842679, -0.1239593049795715, -0.023511904470269226, 0.20881117330643761, -0.04833808390383165, 0.1525567171147728, 0.052109316605470586], [0.3132012151069079, -0.4495009779525556, 0.33737338454548726, -0.33322877052236344, 0.45364559197567944, -0.32943601839943587, -0.3881709639880082, 0.39870339851003467, -0.0034912637303769352, -0.7865728943464992, 0.7871758306495861, 0.00030146815154351173]], "inverted": false, "swapped": false, "error_lsq": 0.052742483138701175, "error_max": 0.36202919286187313, "target": "129.xyz", "model": "20.xyz", "model_rescale": 4.509807711582248, "target_rescale": 4.156650529934608},
{"mapping": [10, 11, 4, 2, 5, 7, 9, 8, 3, 0, 6, 12], "R": [[0.07020349963262165, -0.9064586370153229, 0.4164183089390474], [0.592784761573832, 0.3736547957775742, 0.7134341735845535], [-0.80229526677227, 0.1967608522362685, 0.563566741337767]], "T": [-0.021497892077764653, 0.04512213898420157, -0.10317969634709406], "aligned_model": [[0.7606767296013008, -0.32031994450988177, -0.29331630030884454, -0.20862914550278555, -0.34528437631796055, 0.2779809207755022, 0.42702034953573365, 0.6116373008410694, -0.6269726803744118, -0.01832703250546803, -0.011627996252393337, 0.1250272345627818], [0.3544384564311969, 0.6231867788403862, 0.6766218741449737, -0.43700347586982996, -0.4035294008066983, -0.48515764353230906, -0.2172027482501627, 0.08648356114905051, 0.10498066946361403, 0.27134638544513406, 0.16811180387466126, 0.1346377288115299], [-0.006383681288505638, -0.258729806008963, 0.36454902189626476, -0.42088813532711283, 0.34858708763402146, -0.008606991399288555, -0.45794317039740284, 0.4429524977096087, -0.08701046721263245, -0.7473442861306934, 0.8001465767429186, 0.030671353781784594]], "inverted": false, "swapped": false, "error_lsq": 0.05432912672613935, "error_max": 0.357634131982351, "target": "129.xyz", "model": "21.xyz", "model_rescale": 4.466005644533646, "target_rescale": 4.156650529934608},
{"mapping": [9, 3, 11, 6, 2, 8, 7, 10, 4, 5, 1, 12], "R": [[0.07020361314495319, -0.9064586256914522, -0.4164183144518949], [0.592784717878104, 0.3736548735894567, -0.7134341691375761], [0.8022952891246278, -0.19676075663711673, 0.5635667428938822]], "T": [-0.0214978857670629, 0.04512213781902062, 0.10317970038204918], "aligned_model": [[0.7606766557598249, -0.29331618715312135, -0.32032018810319024, -0.345284343712071, -0.20862925132050952, 0.27798098286037926, 0.6116373700272331, 0.42702026859297115, -0.6269725743199751, -0.011627956545217248, -0.01832685238802586, 0.12502713584634428], [0.35443844520315204, 0.6766218791220672, 0.6231869229272617, -0.40352940136171145, -0.43700344016655013, -0.48515770886667875, 0.08648349685009953, -0.2172027605136262, 0.10498067340528887, 0.16811180435506679, 0.2713463131969486, 0.13463776555022827], [0.0063836102601654565, -0.3645489460665309, 0.2587297984955038, -0.34858705891753083, 0.42088811285791017, 0.008606965646479753, -0.4429525283418333, 0.4579431042484785, 0.08701054792178214, -0.8001465529058439, 0.7473443279318215, -0.030671381130402936]], "inverted": false, "swapped": false, "error_lsq": 0.05432912124869171, "error_max": 0.3576340958578321, "target": "129.xyz", "model": "22.xyz", "model_rescale": 4.46600560860683, "target_rescale": 4.156650529934608},
{"mapping": [10, 0, 1, 4, 5, 7, 8, 9, 12, 2, 3, 13], "R": [[-0.554746258291657, -0.8316409844131374, -0.025097050738162437], [0.8269887318467011, -0.5478289714160055, -0.12638455394495926], [0.09135768336593836, -0.0908663365698715, 0.9916637951283589]], "T": [0.049749455931888106, 0.050886247253805125, -0.002365895812045141], "aligned_model": [[0.44451678220430346, -0.2608647982068423, -0.2807785712202133, -0.402351933357749, -0.42226570637112004, 0.2206402222907387, 0.6339513608226393, 0.6140375878092683, -0.5712912947203516, 0.15400424311136057, 0.11417669708461857, 0.13409047009798958], [0.5441692767964906, 0.6587409998793037, 0.5584585664605817, -0.22695703324702998, -0.327239466665752, -0.6490089122632845, 0.04334525198613873, -0.056937181432583236, 0.16901432325276586, 0.1547251550636936, -0.045839711773750305, 0.05444272164497165], [-0.3295780743271281, -0.3328280681381856, 0.45402804207941216, -0.44928836569430475, 0.3375677445232931, 0.3128298794686416, -0.3886123680434285, 0.39824374217416925, -0.00302814348036476, -0.7866342397382994, 0.787077980696896, 0.00022187047929850138]], "inverted": false, "swapped": false, "error_lsq": 0.05296764015249081, "error_max": 0.3590639475774547, "target": "129.xyz", "model": "23.xyz", "model_rescale": 4.509807674373902, "target_rescale": 4.156650529934608},
{"mapping": [6, 5, 4, 1, 0, 11, 9, 8, 12, 3, 2, 13], "R": [[-0.8231670351225929, -0.5673309486980647, -0.02305703660131167], [-0.5605098999368723, 0.8184149315696273, -0.12659246366446883], [0.09069004554104923, -0.09128304570530335, -0.9916868060060727]], "T": [0.05670827420163663, 0.08685721545708514, -0.0023455635297238123], "aligned_model": [[0.4759929071026614, -0.25884104685126985, -0.2405459651689699, -0.45789328074057356, -0.4395981990582736, 0.2393373652192676, 0.601896501234851, 0.6201915829171509, -0.5635917800969562, 0.11534390997995152, 0.1519340733445514, 0.13363899166225146], [0.6725498715352664, 0.5132524754848906, 0.6136998791626594, -0.3613340538048433, -0.26088665012707446, -0.5180358653476228, -0.12395935989803891, -0.02351195622027004, 0.20881140699207773, -0.04833798970293496, 0.1525568176526027, 0.05210941397483389], [0.31320122274150275, -0.449500969414093, 0.3373733992594651, -0.33322875789069295, 0.45364561078286514, -0.3294360323672171, -0.38817096219953134, 0.39870340647402674, -0.0034912886699430302, -0.7865729115790187, 0.7871758257680969, 0.00030145709453921476]], "inverted": false, "swapped": false, "error_lsq": 0.05274248213689606, "error_max": 0.36202924538218006, "target": "129.xyz", "model": "24.xyz", "model_rescale": 4.509807674373903, "target_rescale": 4.156650529934608},
{"mapping": [10, 11, 4, 2, 5, 7, 9, 8, 3, 0, 6, 12], "R": [[0.07020361314495313, -0.9064586256914522, 0.41641831445189503], [0.592784717878104, 0.3736548735894567, 0.7134341691375761], [-0.8022952891246279, 0.19676075663711678, 0.5635667428938822]], "T": [-0.021497885767062956, 0.04512213781902059, -0.10317970038204931], "aligned_model": [[0.7606766557598251, -0.3203201881031903, -0.2933161871531214, -0.20862925132050963, -0.345284343712071, 0.2779809828603794, 0.42702026859297126, 0.6116373700272333, -0.6269725743199752, -0.018326852388025873, -0.01162795654521722, 0.12502713584634434], [0.354438445203152, 0.6231869229272619, 0.6766218791220672, -0.4370034401665502, -0.4035294013617115, -0.4851577088666787, -0.2172027605136262, 0.08648349685009943, 0.104980673405289, 0.27134631319694874, 0.16811180435506667, 0.13463776555022827], [-0.0063836102601656924, -0.25872979849550387, 0.3645489460665308, -0.42088811285791033, 0.348587058917531, -0.008606965646479753, -0.45794310424847867, 0.44295252834183324, -0.08701054792178212, -0.7473443279318217, 0.800146552905844, 0.030671381130402867]], "inverted": false, "swapped": false, "error_lsq": 0.05432912124869171, "error_max": 0.3576340958578323, "target": "129.xyz", "model": "25.xyz", "model_rescale": 4.466005608606829, "target_rescale": 4.156650529934608},
{"mapping": [9, 3, 11, 6, 2, 8, 7, 10, 4, 5, 1, 12], "R": [[0.07020344638825687, -0.9064586432749737, -0.4164183042894546], [0.5927847767329795, 0.3736547589635331, -0.7134341802700059], [0.8022952602308221, -0.19676089330961494, 0.5635667363100483]], "T": [-0.021497888820919665, 0.04512217302046522, 0.10317973516377962], "aligned_model": [[0.7606766833447455, -0.29331628273518745, -0.32031996372065, -0.34528433262994346, -0.20862913639842032, 0.2779809266035647, 0.6116372884812906, 0.4270203214670197, -0.6269726446129131, -0.011627970752217644, -0.018327054981951536, 0.1250272254793055], [0.3544384382915457, 0.6766219297441691, 0.623186712764861, -0.40352943280553744, -0.4370034892985873, -0.4851576432101327, 0.08648354205016645, -0.21720274696875347, 0.10498074448386996, 0.16811175245476173, 0.27134648623347135, 0.13463769596171196], [0.0063836600410314415, -0.36454889342319663, 0.25872972760717977, -0.34858712462613817, 0.42088807081674406, 0.008606964424723501, -0.44295250108284534, 0.4579431255486004, 0.08701057208437227, -0.800146590133707, 0.7473443834340602, -0.030671394690824916]], "inverted": false, "swapped": false, "error_lsq": 0.054329129238125724, "error_max": 0.3576341186975159, "target": "129.xyz", "model": "26.xyz", "model_rescale": 4.466005838112752, "target_rescale": 4.156650529934608},
{"mapping": [11, 1, 0, 5, 4, 6, 9, 8, 12, 3, 2, 13], "R": [[0.5547463655763899, 0.8316409127753384, -0.02509705317340736], [-0.8269886616608535, 0.547829078213988, -0.12638455027258155], [-0.09135766724351513, 0.09086634834422858, 0.9916637955347612]], "T": [0.04974943742199532, 0.05088628120720695, -0.0023658918252482115], "aligned_model": [[0.44451684141374115, -0.2608650267734828, -0.28077880075348916, -0.40235203981371637, -0.42226581379372274, 0.22064024824172518, 0.6339512914798572, 0.6140375174998508, -0.5712909600674191, 0.15400437468377232, 0.11417682672375966, 0.134090600703766], [0.544169304006675, 0.6587409933621436, 0.5584585677202475, -0.22695701568475724, -0.3272394413266534, -0.64900897279419, 0.043345205781290586, -0.056937219860605584, 0.169014362715539, 0.15472516090251506, -0.045839690381277276, 0.05444273526061891], [-0.3295780505557881, -0.33282805810351085, 0.45402801428027945, -0.44928834652016353, 0.33756772586362677, 0.3128298560210503, -0.38861235453794835, 0.39824371784584195, -0.0030281318158474763, -0.7866341965429704, 0.7870779482246102, 0.00022187584081976783]], "inverted": true, "swapped": false, "error_lsq": 0.052967646609111234, "error_max": 0.3590639012590536, "target": "129.xyz", "model": "27.xyz", "model_rescale": 4.509807893063789, "target_rescale": 4.156650529934608},
{"mapping": [6, 5, 4, 1, 0, 11, 9, 8, 12, 3, 2, 13], "R": [[-0.8231671076034839, -0.5673308436805009, -0.023057032950613447], [-0.56050979606865, 0.8184150030595796, -0.12659246137929708], [0.09069002961072897, -0.09128305744090523, -0.9916868063826632]], "T": [0.0567082443416751, 0.08685719089238178, -0.0023455595742082323], "aligned_model": [[0.47599295289654225, -0.258841152955063, -0.240546075056651, -0.4578934897876652, -0.43959841188925325, 0.2393374108525474, 0.6018964543471184, 0.6201915322455303, -0.5635914845116241, 0.11534402990264153, 0.15193418569946546, 0.13363910780105348], [0.6725499187710364, 0.5132524983510479, 0.6136998953446984, -0.3613339633522926, -0.26088656635864216, -0.5180359124107025, -0.12395929035618089, -0.02351189336253043, 0.20881124467186574, -0.04833804419256835, 0.15255674979473252, 0.0521093528010821], [0.31320119914597333, -0.44950095035009097, 0.33737338046511944, -0.3332287478531374, 0.453645582962073, -0.3294360084925023, -0.38817094879364655, 0.39870338202156386, -0.003491276698191435, -0.7865728682842639, 0.7871757933461563, 0.00030146253094627627]], "inverted": false, "swapped": false, "error_lsq": 0.0527424913095379, "error_max": 0.36202919686804474, "target": "129.xyz", "model": "28.xyz", "model_rescale": 4.5098078930637895, "target_rescale": 4.156650529934608},
{"mapping": [10, 11, 4, 2, 5, 7, 9, 8, 3, 0, 6, 12], "R": [[0.07020344638825646, -0.9064586432749739, 0.41641830428945426], [0.5927847767329797, 0.3736547589635326, 0.7134341802700064], [-0.8022952602308222, 0.19676089330961505, 0.5635667363100483]], "T": [-0.021497888820919693, 0.04512217302046512, -0.10317973516377973], "aligned_model": [[0.7606766833447453, -0.32031996372065036, -0.2933162827351878, -0.2086291363984201, -0.34528433262994307, 0.27798092660356516, 0.4270203214670199, 0.6116372884812905, -0.6269726446129132, -0.018327054981951703, -0.011627970752217671, 0.12502722547930545], [0.35443843829154614, 0.6231867127648609, 0.6766219297441689, -0.43700348929858757, -0.40352943280553777, -0.4851576432101326, -0.21720274696875314, 0.08648354205016667, 0.10498074448386957, 0.27134648623347146, 0.1681117524547615, 0.134637695961712], [-0.006383660041031719, -0.2587297276071798, 0.3645488934231965, -0.4208880708167442, 0.3485871246261383, -0.008606964424723515, -0.4579431255486005, 0.44295250108284523, -0.0870105720843722, -0.7473443834340604, 0.800146590133707, 0.030671394690824832]], "inverted": false, "swapped": false, "error_lsq": 0.05432912923812571, "error_max": 0.35763411869751544, "target": "129.xyz", "model": "29.xyz", "model_rescale": 4.466005838112752, "target_rescale": 4.156650529934608},
