[{"mapping": [9, 6, 0, 5, 8, 3, 10, 2, 4, 7, 2, 11], "R": [[0.08168962729112544, -0.9683649022825525, 0.23578850866897633], [-0.6067019750793272, -0.2360112302700656, -0.7590859059561399], [0.7907208851597891, -0.08104390917097365, -0.6067885682496059]], "T": [0.06216935352300461, 0.01153493399437823, -0.0745090508905596], "aligned_model": [[0.4303217811259012, -0.2307549313363328, 0.0007286349974490042, -0.33745952677268826, -0.280004733769109, 0.31073262576169774, 0.6173689467919272, 0.12368546009567168, -0.5245066924387144, -0.04370776567030671, 0.12368546009567168, 0.18777580066347505], [0.6541799089616078, 0.6679726712241507, 0.6716388123288559, -0.39733708043340177, -0.3488510431203375, -0.6557145304468474, 0.05200948086217806, -0.05354410234741756, 0.204833347666028, 0.06580224312472101, -0.05354410234741756, 0.06946838422942622], [-0.08171883203445109, -0.3558574567366445, 0.3831809673475699, -0.3719779585872786, 0.24336641393674324, 0.20312671536162252, -0.563074274207313, 0.6844821575344845, 0.10937748358558337, -0.8372128989095065, 0.6844821575344845, -0.098174474825292]], "inverted": false, "swapped": false, "error_lsq": 0.06104550382933374, "error_max": 0.47268357824091833, "target": "130.xyz", "model": "0.xyz", "model_rescale": 4.5108708085295355, "target_rescale": 4.156650529934608},
{"mapping": [10, 7, 1, 4, 8, 2, 9, 3, 5, 6, 3, 11], "R": [[-0.08168962729112522, 0.968364902282552, 0.23578850866897716], [0.6067019750793272, 0.23601123027006604, -0.7590859059561395], [-0.790720885159789, 0.08104390917097434, -0.6067885682496057]], "T": [0.06216935352300469, 0.01153493399437823, -0.07450905089055963], "aligned_model": [[0.4303217811259007, -0.2307549313363328, 0.0007286349974483103, -0.3374595267726876, -0.2800047337691088, 0.31073262576169786, 0.6173689467919273, 0.12368546009567123, -0.5245066924387142, -0.04370776567030614, 0.12368546009567123, 0.18777580066347505], [0.6541799089616077, 0.6679726712241504, 0.6716388123288556, -0.3973370804334016, -0.34885104312033766, -0.6557145304468468, 0.05200948086217862, -0.05354410234741773, 0.2048333476660275, 0.06580224312472129, -0.05354410234741773, 0.0694683842294262], [-0.08171883203445086, -0.35585745673664454, 0.38318096734756985, -0.3719779585872787, 0.24336641393674274, 0.20312671536162247, -0.5630742742073124, 0.6844821575344842, 0.10937748358558287, -0.8372128989095061, 0.6844821575344842, -0.09817447482529197]], "inverted": true, "swapped": false, "error_lsq": 0.06104550382933374, "error_max": 0.4726835782409186, "target": "130.xyz", "model": "1.xyz", "model_rescale": 4.510870808529536, "target_rescale": 4.156650529934608},
{"mapping": [9, 6, 0, 5, 8, 3, 10, 2, 4, 7, 2, 11], "R": [[0.08168962729112544, -0.9683649022825525, 0.23578850866897633], [-0.6067019750793272, -0.2360112302700656, -0.7590859059561399], [0.7907208851597891, -0.08104390917097365, -0.6067885682496059]], "T": [0.0621693535230046, 0.011534933994378244, -0.07450905089055959], "aligned_model": [[0.4303217811259012, -0.23075493133633282, 0.0007286349974489972, -0.33745952677268826, -0.28000473376910895, 0.31073262576169774, 0.6173689467919272, 0.12368546009567166, -0.5245066924387144, -0.043707765670306715, 0.12368546009567166, 0.1877758006634751], [0.6541799089616078, 0.6679726712241507, 0.6716388123288559, -0.39733708043340177, -0.34885104312033766, -0.6557145304468474, 0.052009480862178076, -0.05354410234741755, 0.204833347666028, 0.06580224312472102, -0.05354410234741755, 0.06946838422942603], [-0.08171883203445107, -0.3558574567366445, 0.3831809673475699, -0.3719779585872786, 0.24336641393674308, 0.20312671536162252, -0.563074274207313, 0.6844821575344845, 0.10937748358558338, -0.8372128989095065, 0.6844821575344845, -0.09817447482529217]], "inverted": false, "swapped": false, "error_lsq": 0.06104550382933375, "error_max": 0.47268357824091833, "target": "130.xyz", "model": "2.xyz", "model_rescale": 4.5108708085295355, "target_rescale": 4.156650529934608},
{"mapping": [11, 2, 3, 4, 5, 7, 9, 10, 8, 0, 1, 13], "R": [[-0.5547462386034747, -0.8316409975737803, -0.025097049822321957], [0.826988744736101, -0.547828951897724, -0.12638455420837408], [0.09135768623988215, -0.09086633379381391, 0.9916637951179657]], "T": [0.04974937827186357, 0.050886262642025934, -0.0023658958390679824], "aligned_model": [[0.44451670878675975, -0.2608648582174149, -0.2807786302008498, -0.40235201237231455, -0.42226578435574946, 0.2206401268978368, 0.6339514569899867, 0.6140376850065519, -0.5712911757573053, 0.1540042862391486, 0.11417674227227889, 0.13409051425571375], [0.5441692757255187, 0.6587410135553945, 0.5584585814547448, -0.22695700267644964, -0.3272394347770994, -0.6490088904821033, 0.04334537563903901, -0.05693705646161072, 0.16901447283514232, 0.15472498373030635, -0.04583988047099309, 0.05444255162965663], [-0.3295780704892335, -0.33282806139967136, 0.45402803682756615, -0.44928835738941114, 0.33756774083782637, 0.31282987337495977, -0.38861234432659747, 0.39824375390064004, -0.0030281208236800717, -0.7866342483980363, 0.7870779480564384, 0.00022184982920108072]], "inverted": false, "swapped": false, "error_lsq": 0.05296765188889684, "error_max": 0.35906396553269393, "target": "130.xyz", "model": "3.xyz", "model_rescale": 4.509807743048502, "target_rescale": 4.156650529934608},
{"mapping": [6, 5, 4, 3, 2, 12, 10, 9, 8, 1, 0, 13], "R": [[-0.8231670242274634, -0.5673309644595201, -0.023057037752786412], [-0.5605099155380218, 0.8184149209458262, -0.12659246327012008], [0.09069004801003522, -0.09128304299631791, -0.9916868060296407]], "T": [0.05670819646742177, 0.08685723002173869, -0.0023455636053568273], "aligned_model": [[0.4759928130633141, -0.2588411294181467, -0.24054604710077981, -0.4578933433662581, -0.4395982610488912, 0.23933729494527572, 0.6018965435971596, 0.6201916259145265, -0.563591724890179, 0.1153440136321735, 0.15193417826690728, 0.13363909594954038], [0.6725498848251453, 0.513252477978956, 0.6136998798142244, -0.3613340418441617, -0.26088664000889333, -0.5180358378537855, -0.12395951299244441, -0.023512111157176066, 0.20881122652698123, -0.048337847031035094, 0.1525569566395017, 0.052109554804233335], [0.3132012168541963, -0.4495009611978683, 0.3373733955119982, -0.3332287514659773, 0.4536456052438892, -0.3294360286195171, -0.38817093828078436, 0.39870341842908213, -0.0034912661714627375, -0.7865729201443848, 0.7871757932753487, 0.0003014365654821125]], "inverted": false, "swapped": false, "error_lsq": 0.052742492435778075, "error_max": 0.36202926782462896, "target": "130.xyz", "model": "4.xyz", "model_rescale": 4.509807743048502, "target_rescale": 4.156650529934608},
{"mapping": [11, 2, 3, 4, 5, 7, 9, 10, 8, 0, 1, 13], "R": [[-0.5547462386034747, -0.8316409975737803, -0.025097049822321957], [0.826988744736101, -0.547828951897724, -0.12638455420837408], [0.09135768623988215, -0.09086633379381391, 0.9916637951179657]], "T": [0.04974937827186357, 0.05088626264202595, -0.002365895839068062], "aligned_model": [[0.44451670878675975, -0.2608648582174149, -0.2807786302008498, -0.40235201237231455, -0.42226578435574946, 0.2206401268978368, 0.6339514569899867, 0.6140376850065519, -0.5712911757573053, 0.1540042862391486, 0.11417674227227889, 0.13409051425571372], [0.5441692757255188, 0.6587410135553946, 0.5584585814547449, -0.22695700267644964, -0.3272394347770994, -0.6490088904821032, 0.043345375639039015, -0.05693705646161071, 0.16901447283514226, 0.15472498373030635, -0.04583988047099308, 0.05444255162965661], [-0.32957807048923343, -0.33282806139967136, 0.4540280368275661, -0.44928835738941114, 0.3375677408378263, 0.3128298733749597, -0.38861234432659747, 0.39824375390064, -0.0030281208236798583, -0.7866342483980364, 0.7870779480564383, 0.00022184982920129452]], "inverted": false, "swapped": false, "error_lsq": 0.05296765188889683, "error_max": 0.3590639655326938, "target": "130.xyz", "model": "5.xyz", "model_rescale": 4.509807743048502, "target_rescale": 4.156650529934608},
{"mapping": [12, 3, 2, 5, 4, 6, 10, 9, 8, 1, 0, 13], "R": [[0.5547462988114751, 0.8316409573218346, -0.025097052810889413], [-0.8269887053315317, 0.5478290115697653, -0.12638455339388346], [-0.091357677340478, 0.09086634243391262, 0.9916637951461355]], "T": [0.04974939588784252, 0.05088627329300428, -0.002365893962482768], "aligned_model": [[0.44451680103156677, -0.2608649830279144, -0.2807787580743448, -0.4023520773890794, -0.42226585243550985, 0.22064028885005332, 0.6339512235068292, 0.6140374484603988, -0.5712909115348072, 0.15400440176558033, 0.1141768516727194, 0.13409062671914987], [0.5441693915983764, 0.6587409615140748, 0.5584585265766403, -0.22695709589791013, -0.3272395308353446, -0.6490088303610827, 0.043345244549634364, -0.056937190387800124, 0.16901462541726409, 0.15472506411333253, -0.0458398057615364, 0.054442629175898066], [-0.32957806641532317, -0.33282808643896794, 0.4540280391400977, -0.4492883858593641, 0.33756773971970155, 0.3128299001855687, -0.3886123789868927, 0.39824374659217293, -0.0030280965859036182, -0.7866342626960946, 0.7870779884620364, 0.0002218628829708984]], "inverted": true, "swapped": false, "error_lsq": 0.05296764456153998, "error_max": 0.3590639036063657, "target": "130.xyz", "model": "6.xyz", "model_rescale": 4.509807586411629, "target_rescale": 4.156650529934608},
{"mapping": [6, 5, 4, 3, 2, 12, 10, 9, 8, 1, 0, 13], "R": [[-0.8231670595261105, -0.5673309133865998, -0.023057034220891604], [-0.5605098649750215, 0.8184149553921101, -0.12659246445272157], [0.09069004011918856, -0.09128305158383407, -0.9916868059607946]], "T": [0.056708208695827836, 0.08685721382954509, -0.0023455617494560236], "aligned_model": [[0.47599293497521616, -0.25884115989841544, -0.24054607974806957, -0.45789343555121265, -0.4395983554008668, 0.2393373431528606, 0.6018963775588152, 0.6201914577091611, -0.5635915380383744, 0.11534409144483015, 0.15193425174552186, 0.13363917159517602], [0.6725497734293195, 0.5132525854566492, 0.6136999917190662, -0.3613339522696576, -0.2608865460072407, -0.5180359778130552, -0.12395929863482019, -0.023511892372403254, 0.2088109802791086, -0.048337964290890406, 0.1525568482339435, 0.05210944197152657], [0.3132012430248767, -0.44950098969436836, 0.33737339429098123, -0.3332287759003112, 0.4536456080850384, -0.32943602434687164, -0.38817097343947005, 0.39870341054587954, -0.0034912413628699645, -0.7865729343863108, 0.7871758335843889, 0.00030144959903916817]], "inverted": false, "swapped": false, "error_lsq": 0.05274248945106442, "error_max": 0.36202920473896794, "target": "130.xyz", "model": "7.xyz", "model_rescale": 4.509807586411629, "target_rescale": 4.156650529934608},
{"mapping": [11, 2, 3, 4, 5, 7, 9, 10, 8, 0, 1, 13], "R": [[-0.5547462988114749, -0.8316409573218347, -0.025097052810889517], [0.8269887053315318, -0.5478290115697648, -0.12638455339388355], [0.091357677340478, -0.0908663424339127, 0.9916637951461353]], "T": [0.04974939588784251, 0.0508862732930043, -0.0023658939624829484], "aligned_model": [[0.4445168010315669, -0.26086498302791417, -0.2807787580743447, -0.4023520773890794, -0.42226585243550996, 0.22064028885005305, 0.6339512235068292, 0.6140374484603988, -0.571290911534807, 0.1540044017655804, 0.1141768516727193, 0.13409062671914984], [0.5441693915983761, 0.6587409615140749, 0.5584585265766404, -0.22695709589790983, -0.3272395308353444, -0.6490088303610827, 0.043345244549634135, -0.056937190387800415, 0.1690146254172643, 0.1547250641133326, -0.0458398057615365, 0.054442629175898004], [-0.329578066415323, -0.33282808643896783, 0.45402803914009765, -0.44928838585936404, 0.33756773971970144, 0.31282990018556867, -0.38861237898689255, 0.39824374659217293, -0.003028096585903547, -0.7866342626960947, 0.787077988462036, 0.00022186288297101724]], "inverted": false, "swapped": false, "error_lsq": 0.052967644561539996, "error_max": 0.35906390360636564, "target": "130.xyz", "model": "8.xyz", "model_rescale": 4.509807586411629, "target_rescale": 4.156650529934608},
{"mapping": [9, 2, 3, 6, 7, 5, 11, 12, 8, 0, 1, 13], "R": [[0.5547461834788734, 0.8316410341611595, -0.02509705590266692], [-0.8269887807927696, 0.5478288959031425, -0.12638456098919937], [-0.09135769457748441, 0.09086633652184575, 0.9916637940998885]], "T": [0.049749408511174126, 0.050886214431896365, -0.002365901260201686], "aligned_model": [[0.4445166996972867, -0.2608648970227061, -0.28077867488418506, -0.4023519333366602, -0.42226571119813916, 0.22064021264314218, 0.633951424529827, 0.6140376466683481, -0.5712912627334723, 0.15400429625521264, 0.11417674053225477, 0.1340905183937337], [0.5441691694482236, 0.6587409602037961, 0.558458517417668, -0.22695697102108556, -0.32723941380721366, -0.6490089290122251, 0.043345230791897435, -0.05693721199423063, 0.16901441137910359, 0.1547251848846654, -0.04583970068759069, 0.054442742098537354], [-0.32957810001295934, -0.3328280884751579, 0.45402805057014295, -0.449288377692029, 0.3375677613532718, 0.3128298883422284, -0.38861238168104256, 0.39824375736425827, -0.003028133900281396, -0.7866342643347771, 0.7870780137558243, 0.00022187471052357525]], "inverted": false, "swapped": false, "error_lsq": 0.05296764926723288, "error_max": 0.35906402420854877, "target": "130.xyz", "model": "9.xyz", "model_rescale": 4.509807504472865, "target_rescale": 4.156650529934608},
{"mapping": [4, 7, 6, 3, 2, 10, 12, 11, 8, 1, 0, 13], "R": [[0.8231669887145536, 0.5673310161188643, -0.023057034504696178], [0.5605099663877264, -0.8184148847524673, -0.12659247211282118], [-0.09069005607366043, 0.09128304642781424, -0.9916868049763563]], "T": [0.05670824255992543, 0.08685726338361861, -0.0023455689785619868], "aligned_model": [[0.475992909062558, -0.2588410659177536, -0.24054598520981355, -0.4578933609021587, -0.43959828019421865, 0.23933732412060896, 0.6018965670081508, 0.6201916477160908, -0.5635917821513208, 0.11534394796289305, 0.15193410937877316, 0.1336390286708331], [0.6725498870335108, 0.5132524200722166, 0.6136998342377284, -0.3613339761355604, -0.26088656197004856, -0.5180357367632834, -0.12395936879845211, -0.02351195463294027, 0.20881131824123153, -0.04833803802646407, 0.1525567903045597, 0.05210937613904784], [0.31320123194725796, -0.4495009817994222, 0.33737341570153767, -0.33322877869329204, 0.45364561880766785, -0.32943605776454904, -0.3881709751829098, 0.39870342231805006, -0.0034912797108972147, -0.7865729360421072, 0.7871758589598131, 0.00030146145885304653]], "inverted": false, "swapped": false, "error_lsq": 0.05274249299189989, "error_max": 0.3620293221330776, "target": "130.xyz", "model": "10.xyz", "model_rescale": 4.509807504472865, "target_rescale": 4.156650529934608},
{"mapping": [5, 6, 7, 2, 3, 9, 11, 12, 8, 0, 1, 13], "R": [[-0.8231669887145536, -0.5673310161188644, -0.023057034504695522], [-0.5605099663877265, 0.8184148847524673, -0.12659247211282093], [0.09069005607365976, -0.09128304642781437, -0.9916868049763563]], "T": [0.05670824255992543, 0.08685726338361861, -0.0023455689785620666], "aligned_model": [[0.47599290906255765, -0.25884106591775335, -0.24054598520981388, -0.4578933609021585, -0.439598280194219, 0.23933732412060926, 0.6018965670081511, 0.6201916477160907, -0.5635917821513209, 0.11534394796289357, 0.15193410937877264, 0.1336390286708331], [0.6725498870335107, 0.5132524200722167, 0.6136998342377284, -0.36133397613556034, -0.26088656197004867, -0.5180357367632833, -0.12395936879845197, -0.0235119546329403, 0.2088113182412315, -0.048338038026463845, 0.1525567903045595, 0.05210937613904786], [0.3132012319472584, -0.4495009817994224, 0.33737341570153767, -0.3332287786932926, 0.45364561880766746, -0.3294360577645492, -0.3881709751829096, 0.39870342231805045, -0.0034912797108974597, -0.7865729360421071, 0.7871758589598129, 0.00030146145885320136]], "inverted": true, "swapped": false, "error_lsq": 0.0527424929918999, "error_max": 0.3620293221330777, "target": "130.xyz", "model": "11.xyz", "model_rescale": 4.509807504472865, "target_rescale": 4.156650529934608},
{"mapping": [9, 2, 3, 6, 7, 5, 11, 12, 8, 0, 1, 13], "R": [[0.5547462929030025, 0.8316409613841172, -0.02509704880015958], [-0.8269887092014544, 0.5478290062817943, -0.12638455099265244], [-0.09135767818683233, 0.09086633713539427, 0.9916637955536686]], "T": [0.049749517956256456, 0.050886288946870986, -0.002365888897285762], "aligned_model": [[0.44451690899339, -0.26086484615447847, -0.28077861722321784, -0.40235194128397667, -0.42226571235271604, 0.22064021660388206, 0.6339513203069379, 0.6140375492381985, -0.5712911327013558, 0.15400420910806553, 0.11417666697058676, 0.13409043803932613], [0.5441693842070624, 0.6587409541986922, 0.558458525171535, -0.2269570671692852, -0.3272394961964423, -0.6490089086487517, 0.04334525577543993, -0.05693717325171717, 0.1690143975037438, 0.1547251350642469, -0.04583972299006725, 0.054442706037089825], [-0.329578051323185, -0.33282806802866877, 0.454028026449156, -0.4492883601100691, 0.3375677343677557, 0.31282987325695205, -0.3886123613337325, 0.39824373314409234, -0.003028129023233502, -0.7866342269441798, 0.7870779620114695, 0.00022186753364484592]], "inverted": false, "swapped": false, "error_lsq": 0.052967633570135765, "error_max": 0.35906386061255635, "target": "130.xyz", "model": "12.xyz", "model_rescale": 4.509807766519439, "target_rescale": 4.156650529934608},
{"mapping": [4, 7, 6, 3, 2, 10, 12, 11, 8, 1, 0, 13], "R": [[0.823167056771809, 0.567330917264097, -0.023057037145219138], [0.5605098689360872, -0.81841495331116, -0.12659246036768043], [-0.09069004063781316, 0.09128304614204409, -0.9916868064142741]], "T": [0.05670831615224248, 0.08685715373318459, -0.0023455565928587707], "aligned_model": [[0.47599289844691817, -0.25884104326020313, -0.24054596152013835, -0.4578933067542348, -0.43959822501416995, 0.23933744479906713, 0.6018964628066814, 0.6201915445467463, -0.563591657941965, 0.11534388607191524, 0.15193404955204481, 0.13363896781198004], [0.6725498719075887, 0.5132525088468293, 0.6136999078563264, -0.36133399530718313, -0.26088659629768596, -0.5180360115775181, -0.12395934631355726, -0.023511947304060032, 0.2088112755696036, -0.04833795823576298, 0.15255683978323153, 0.052109440773734306], [0.3132012163412619, -0.4495009637746156, 0.337373389145221, -0.3332287576177473, 0.45364559530208937, -0.3294360093200421, -0.38817095567412213, 0.3987033972457145, -0.0034912739544637637, -0.7865728988176016, 0.7871758070220722, 0.00030145410223539684]], "inverted": false, "swapped": false, "error_lsq": 0.052742476067574214, "error_max": 0.3620291557263897, "target": "130.xyz", "model": "13.xyz", "model_rescale": 4.509807766519439, "target_rescale": 4.156650529934608},
{"mapping": [5, 6, 7, 2, 3, 9, 11, 12, 8, 0, 1, 13], "R": [[-0.8231670567718087, -0.5673309172640975, -0.02305703714521959], [-0.5605098689360872, 0.8184149533111597, -0.12659246036768126], [0.09069004063781405, -0.0912830461420445, -0.9916868064142739]], "T": [0.05670831615224246, 0.08685715373318456, -0.002345556592858912], "aligned_model": [[0.475992898446918, -0.2588410432602036, -0.24054596152013846, -0.4578933067542347, -0.43959822501416956, 0.23933744479906727, 0.6018964628066815, 0.6201915445467466, -0.563591657941965, 0.11534388607191487, 0.15193404955204515, 0.13363896781198004], [0.672549871907589, 0.5132525088468287, 0.6136999078563267, -0.36133399530718346, -0.2608865962976855, -0.5180360115775183, -0.12395934631355746, -0.023511947304059547, 0.20881127556960344, -0.04833795823576359, 0.15255683978323217, 0.05210944077373432], [0.31320121634126125, -0.44950096377461585, 0.3373733891452208, -0.33322875761774673, 0.4536455953020899, -0.3294360093200417, -0.3881709556741223, 0.39870339724571435, -0.0034912739544635087, -0.7865728988176014, 0.7871758070220717, 0.00030145410223544064]], "inverted": true, "swapped": false, "error_lsq": 0.05274247606757423, "error_max": 0.3620291557263893, "target": "130.xyz", "model": "14.xyz", "model_rescale": 4.509807766519439, "target_rescale": 4.156650529934608},
{"mapping": [9, 4, 0, 7, 8, 3, 10, 2, 6, 5, 2, 11], "R": [[-0.08168959737755871, 0.9683649068704354, 0.23578850019054284], [0.6067019477399844, 0.23601120843179527, -0.7590859345970475], [-0.7907209092270178, 0.08104391794809135, -0.6067885357147261]], "T": [0.062169239435969366, 0.011534966441366715, -0.0745091508233698], "aligned_model": [[0.4303216157744382, -0.23075471658809477, 0.0007286589813962421, -0.33745956255803505, -0.2800047566178199, 0.310732608314351, 0.6173687901558855, 0.12368543393290382, -0.5245067369394822, -0.04370754220664754, 0.12368543393290382, 0.1877758333628434], [0.654179891333572, 0.6679727661385398, 0.6716387422981563, -0.3973371236449171, -0.34885119539430015, -0.6557144557182851, 0.052009390803060565, -0.053543955187773704, 0.2048333768855944, 0.06580226560802828, -0.053543955187773704, 0.06946824176764496], [-0.0817188711460315, -0.3558574950496644, 0.38318115143192694, -0.3719779784745428, 0.24336661937711385, 0.20312658903317066, -0.5630743272466325, 0.6844820451337715, 0.10937747762605814, -0.8372129511502654, 0.6844820451337715, -0.09817430466867394]], "inverted": false, "swapped": false, "error_lsq": 0.06104549052346731, "error_max": 0.47268353991674056, "target": "130.xyz", "model": "15.xyz", "model_rescale": 4.510870436145588, "target_rescale": 4.156650529934608},
{"mapping": [10, 5, 1, 6, 8, 2, 9, 3, 7, 4, 3, 11], "R": [[0.0816895973775586, -0.9683649068704356, 0.23578850019054287], [-0.6067019477399845, -0.23601120843179518, -0.7590859345970477], [0.790720909227018, -0.08104391794809146, -0.6067885357147262]], "T": [0.06216923943596939, 0.01153496644136666, -0.07450915082336985], "aligned_model": [[0.4303216157744384, -0.23075471658809468, 0.0007286589813962074, -0.3374595625580351, -0.28000475661782, 0.31073260831435096, 0.6173687901558856, 0.12368543393290377, -0.5245067369394824, -0.04370754220664752, 0.12368543393290377, 0.18777583336284348], [0.654179891333572, 0.6679727661385397, 0.6716387422981565, -0.397337123644917, -0.3488511953943002, -0.6557144557182852, 0.052009390803060565, -0.053543955187773815, 0.20483337688559444, 0.06580226560802833, -0.053543955187773815, 0.06946824176764482], [-0.08171887114603159, -0.3558574950496645, 0.3831811514319271, -0.37197797847454284, 0.24336661937711385, 0.20312658903317077, -0.5630743272466325, 0.6844820451337718, 0.10937747762605805, -0.8372129511502654, 0.6844820451337718, -0.09817430466867405]], "inverted": true, "swapped": false, "error_lsq": 0.061045490523467326, "error_max": 0.4726835399167407, "target": "130.xyz", "model": "16.xyz", "model_rescale": 4.510870436145588, "target_rescale": 4.156650529934608},
{"mapping": [9, 4, 0, 7, 8, 3, 10, 2, 6, 5, 2, 11], "R": [[-0.08168959737755849, 0.9683649068704353, 0.23578850019054287], [0.6067019477399841, 0.23601120843179516, -0.7590859345970478], [-0.790720909227018, 0.08104391794809146, -0.6067885357147257]], "T": [0.06216923943596936, 0.011534966441366715, -0.07450915082336974], "aligned_model": [[0.4303216157744382, -0.2307547165880946, 0.0007286589813961797, -0.337459562558035, -0.28000475661781987, 0.3107326083143509, 0.6173687901558855, 0.12368543393290365, -0.5245067369394822, -0.043707542206647396, 0.12368543393290365, 0.18777583336284345], [0.654179891333572, 0.6679727661385396, 0.6716387422981565, -0.3973371236449172, -0.34885119539430015, -0.6557144557182851, 0.05200939080306029, -0.05354395518777348, 0.2048333768855945, 0.06580226560802795, -0.05354395518777348, 0.06946824176764471], [-0.0817188711460317, -0.35585749504966463, 0.3831811514319266, -0.3719779784745426, 0.24336661937711385, 0.203126589033171, -0.5630743272466323, 0.6844820451337716, 0.10937747762605794, -0.8372129511502653, 0.6844820451337716, -0.09817430466867405]], "inverted": false, "swapped": false, "error_lsq": 0.061045490523467326, "error_max": 0.4726835399167408, "target": "130.xyz", "model": "17.xyz", "model_rescale": 4.510870436145588, "target_rescale": 4.156650529934608},
{"mapping": [9, 3, 11, 6, 2, 8, 7, 10, 4, 5, 1, 12], "R": [[0.07020349963262099, -0.9064586370153229, -0.41641830893904724], [0.592784761573832, 0.37365479577757366, -0.7134341735845536], [0.80229526677227, -0.19676085223626882, 0.5635667413377669]], "T": [-0.021497892077764647, 0.04512213898420157, 0.10317969634709413], "aligned_model": [[0.7606767296013006, -0.29331630030884454, -0.32031994450988205, -0.3452843763179601, -0.20862914550278544, 0.2779809207755023, 0.6116373008410694, 0.4270203495357334, -0.6269726803744117, -0.01162799625239297, -0.018327032505468507, 0.12502723456278175], [0.3544384564311973, 0.6766218741449733, 0.6231867788403858, -0.4035294008066985, -0.43700347586982996, -0.48515764353230884, 0.0864835611490509, -0.21720274825016248, 0.10498066946361354, 0.1681118038746612, 0.27134638544513384, 0.13463772881152994], [0.00638368128850593, -0.3645490218962648, 0.2587298060089629, -0.34858708763402124, 0.4208881353271129, 0.008606991399288805, -0.44295249770960843, 0.4579431703974031, 0.08701046721263242, -0.8001465767429184, 0.7473442861306933, -0.030671353781784413]], "inverted": false, "swapped": false, "error_lsq": 0.05432912672613935, "error_max": 0.35763413198235056, "target": "130.xyz", "model": "18.xyz", "model_rescale": 4.466005644533647, "target_rescale": 4.156650529934608},
{"mapping": [11, 1, 0, 5, 4, 6, 9, 8, 12, 3, 2, 13], "R": [[0.5547463183093094, 0.83164094439331, -0.025097050242405564], [-0.8269886925733402, 0.5478290314340676, -0.12638455077203525], [-0.09135767443463046, 0.09086634099937696, 0.9916637955452853]], "T": [0.049749457390895285, 0.050886248732868, -0.0023658955237537884], "aligned_model": [[0.44451684010378845, -0.26086492707241693, -0.28077869952812007, -0.40235199661694643, -0.42226576907264957, 0.22064017754364337, 0.6339512691306604, 0.6140374966749573, -0.5712910199813338, 0.15400433524338963, 0.11417679033198339, 0.1340905627876865], [0.5441693615766453, 0.6587409117030082, 0.5584584816292925, -0.22695712483294955, -0.3272395549066654, -0.6490089519281085, 0.04334523269485986, -0.05693719737885594, 0.16901446148712534, 0.15472521995944732, -0.045839640187984296, 0.05444278988573152], [-0.3295780603312615, -0.3328280809243293, 0.45402802313210017, -0.4492883743010542, 0.33756772975537525, 0.3128298720645193, -0.3886123695644639, 0.3982437344919656, -0.003028118914058317, -0.7866342225260263, 0.7870779855868326, 0.00022188153040298862]], "inverted": true, "swapped": false, "error_lsq": 0.052967640005480356, "error_max": 0.35906389492575075, "target": "130.xyz", "model": "19.xyz", "model_rescale": 4.509807711582247, "target_rescale": 4.156650529934608},
{"mapping": [6, 5, 4, 1, 0, 11, 9, 8, 12, 3, 2, 13], "R": [[-0.8231670733208307, -0.5673308933139887, -0.02305703562841503], [-0.5605098452312236, 0.8184149694921283, -0.12659246071575048], [0.09069003693509091, -0.09128304992029282, -0.9916868064051079]], "T": [0.056708274933826144, 0.0868572136667404, -0.002345563251540623], "aligned_model": [[0.4759928774986165, -0.2588410737700982, -0.2405459930107074, -0.4578933653800423, -0.4395982846206516, 0.23933739015203892, 0.601896424185242, 0.6201915049446327, -0.5635915774131431, 0.11534397156019409, 0.15193413307897558, 0.13363905231958484], [0.6725499272699094, 0.5132525825709752, 0.6136999830802774, -0.36133392640882955, -0.2608865258995273, -0.5180359645842678, -0.12395930497957144, -0.023511904470269268, 0.20881117330643761, -0.0483380839038316, 0.15255671711477273, 0.052109316605470586], [0.3132012151069082, -0.4495009779525554, 0.3373733845454875, -0.33322877052236327, 0.4536455919756796, -0.3294360183994357, -0.38817096398800793, 0.39870339851003495, -0.0034912637303767874, -0.7865728943464991, 0.7871758306495862, 0.0003014681515437125]], "inverted": false, "swapped": false, "error_lsq": 0.052742483138701175, "error_max": 0.36202919286187346, "target": "130.xyz", "model": "20.xyz", "model_rescale": 4.509807711582248, "target_rescale": 4.156650529934608},
{"mapping": [10, 11, 4, 2, 5, 7, 9, 8, 3, 0, 6, 12], "R": [[0.07020349963262165, -0.9064586370153229, 0.4164183089390474], [0.592784761573832, 0.3736547957775742, 0.7134341735845535], [-0.80229526677227, 0.1967608522362685, 0.563566741337767]], "T": [-0.021497892077764653, 0.04512213898420157, -0.10317969634709387], "aligned_model": [[0.7606767296013008, -0.32031994450988177, -0.29331630030884454, -0.20862914550278555, -0.34528437631796055, 0.2779809207755022, 0.42702034953573365, 0.6116373008410694, -0.6269726803744118, -0.01832703250546803, -0.011627996252393337, 0.1250272345627818], [0.3544384564311969, 0.6231867788403862, 0.6766218741449737, -0.43700347586982996, -0.4035294008066983, -0.48515764353230906, -0.2172027482501627, 0.08648356114905051, 0.10498066946361403, 0.27134638544513406, 0.16811180387466126, 0.1346377288115299], [-0.006383681288505444, -0.2587298060089628, 0.3645490218962649, -0.42088813532711267, 0.3485870876340217, -0.00860699139928836, -0.4579431703974026, 0.4429524977096089, -0.08701046721263225, -0.7473442861306931, 0.8001465767429188, 0.030671353781784788]], "inverted": false, "swapped": false, "error_lsq": 0.05432912672613935, "error_max": 0.357634131982351, "target": "130.xyz", "model": "21.xyz", "model_rescale": 4.466005644533646, "target_rescale": 4.156650529934608},
{"mapping": [9, 3, 11, 6, 2, 8, 7, 10, 4, 5, 1, 12], "R": [[0.07020361314495246, -0.9064586256914526, -0.41641831445189464], [0.592784717878104, 0.37365487358945604, -0.7134341691375767], [0.802295289124628, -0.196760756637117, 0.563566742893882]], "T": [-0.02149788576706293, 0.04512213781902054, 0.10317970038204936], "aligned_model": [[0.760676655759825, -0.29331618715312185, -0.32032018810319085, -0.34528434371207056, -0.2086292513205093, 0.2779809828603798, 0.6116373700272333, 0.42702026859297143, -0.6269725743199754, -0.011627956545217054, -0.018326852388026275, 0.12502713584634428], [0.3544384452031527, 0.6766218791220671, 0.6231869229272614, -0.4035294013617119, -0.43700344016655057, -0.48515770886667875, 0.08648349685010011, -0.21720276051362608, 0.10498067340528826, 0.1681118043550669, 0.2713463131969484, 0.13463776555022833], [0.0063836102601660255, -0.3645489460665307, 0.2587297984955039, -0.3485870589175309, 0.4208881128579102, 0.008606965646479975, -0.44295252834183285, 0.4579431042484789, 0.08701054792178212, -0.8001465529058438, 0.7473443279318218, -0.030671381130402672]], "inverted": false, "swapped": false, "error_lsq": 0.05432912124869171, "error_max": 0.3576340958578317, "target": "130.xyz", "model": "22.xyz", "model_rescale": 4.46600560860683, "target_rescale": 4.156650529934608},
{"mapping": [10, 0, 1, 4, 5, 7, 8, 9, 12, 2, 3, 13], "R": [[-0.5547462582916575, -0.8316409844131374, -0.025097050738162426], [0.8269887318467011, -0.547828971416006, -0.1263845539449593], [0.09135768336593836, -0.09086633656987154, 0.9916637951283591]], "T": [0.04974945593188812, 0.050886247253805125, -0.002365895812044948], "aligned_model": [[0.44451678220430335, -0.2608647982068426, -0.2807785712202136, -0.40235193335774894, -0.42226570637112, 0.22064022229073899, 0.6339513608226395, 0.6140375878092685, -0.5712912947203517, 0.15400424311136057, 0.1141766970846186, 0.13409047009798958], [0.5441692767964909, 0.6587409998793037, 0.5584585664605817, -0.2269570332470302, -0.3272394666657522, -0.6490089122632845, 0.043345251986138936, -0.056937181432583056, 0.16901432325276566, 0.15472515506369366, -0.04583971177375028, 0.05444272164497168], [-0.32957807432712793, -0.3328280681381855, 0.4540280420794125, -0.44928836569430464, 0.33756774452329336, 0.31282987946864194, -0.3886123680434284, 0.3982437421741696, -0.003028143480364581, -0.7866342397382994, 0.7870779806968965, 0.00022187047929869697]], "inverted": false, "swapped": false, "error_lsq": 0.05296764015249081, "error_max": 0.3590639475774549, "target": "130.xyz", "model": "23.xyz", "model_rescale": 4.509807674373902, "target_rescale": 4.156650529934608},
{"mapping": [6, 5, 4, 1, 0, 11, 9, 8, 12, 3, 2, 13], "R": [[-0.823167035122593, -0.5673309486980642, -0.023057036601311507], [-0.5605098999368718, 0.8184149315696274, -0.12659246366446872], [0.090690045541049, -0.0912830457053034, -0.9916868060060726]], "T": [0.05670827420163663, 0.08685721545708512, -0.002345563529723613], "aligned_model": [[0.4759929071026615, -0.2588410468512695, -0.24054596516896973, -0.45789328074057356, -0.4395981990582738, 0.23933736521926735, 0.6018965012348508, 0.6201915829171506, -0.5635917800969561, 0.11534390997995163, 0.15193407334455122, 0.13363899166225143], [0.672549871535266, 0.5132524754848907, 0.6136998791626594, -0.36133405380484296, -0.26088665012707424, -0.5180358653476227, -0.12395935989803909, -0.023511956220270316, 0.20881140699207798, -0.048337989702934916, 0.15255681765260257, 0.052109413974833846], [0.313201222741503, -0.4495009694140928, 0.3373733992594652, -0.33322875789069284, 0.45364561078286514, -0.3294360323672168, -0.38817096219953096, 0.398703406474027, -0.0034912886699429626, -0.7865729115790183, 0.787175825768097, 0.000301457094539429]], "inverted": false, "swapped": false, "error_lsq": 0.05274248213689606, "error_max": 0.36202924538218034, "target": "130.xyz", "model": "24.xyz", "model_rescale": 4.509807674373903, "target_rescale": 4.156650529934608},
{"mapping": [10, 11, 4, 2, 5, 7, 9, 8, 3, 0, 6, 12], "R": [[0.07020361314495266, -0.9064586256914524, 0.416418314451895], [0.5927847178781043, 0.3736548735894563, 0.7134341691375764], [-0.802295289124628, 0.196760756637117, 0.563566742893882]], "T": [-0.021497885767062984, 0.045122137819020566, -0.1031797003820491], "aligned_model": [[0.7606766557598249, -0.32032018810319063, -0.2933161871531216, -0.2086292513205096, -0.3452843437120708, 0.2779809828603797, 0.42702026859297126, 0.6116373700272334, -0.6269725743199753, -0.018326852388026206, -0.011627956545217054, 0.1250271358463443], [0.3544384452031524, 0.6231869229272617, 0.6766218791220671, -0.4370034401665503, -0.40352940136171184, -0.4851577088666787, -0.21720276051362597, 0.08648349685009964, 0.10498067340528867, 0.27134631319694885, 0.16811180435506656, 0.13463776555022833], [-0.006383610260165817, -0.25872979849550365, 0.364548946066531, -0.42088811285790995, 0.3485870589175313, -0.008606965646479559, -0.45794310424847856, 0.44295252834183324, -0.08701054792178176, -0.7473443279318215, 0.800146552905844, 0.03067138113040302]], "inverted": false, "swapped": false, "error_lsq": 0.05432912124869171, "error_max": 0.35763409585783185, "target": "130.xyz", "model": "25.xyz", "model_rescale": 4.466005608606829, "target_rescale": 4.156650529934608},
{"mapping": [9, 3, 11, 6, 2, 8, 7, 10, 4, 5, 1, 12], "R": [[0.07020344638825689, -0.9064586432749737, -0.4164183042894546], [0.5927847767329795, 0.37365475896353306, -0.713434180270006], [0.8022952602308221, -0.19676089330961488, 0.5635667363100483]], "T": [-0.021497888820919665, 0.04512217302046521, 0.10317973516377982], "aligned_model": [[0.7606766833447455, -0.29331628273518745, -0.32031996372065, -0.34528433262994346, -0.20862913639842032, 0.2779809266035647, 0.6116372884812906, 0.4270203214670197, -0.6269726446129131, -0.011627970752217644, -0.018327054981951536, 0.1250272254793055], [0.3544384382915458, 0.6766219297441691, 0.6231867127648609, -0.4035294328055375, -0.43700348929858734, -0.4851576432101327, 0.08648354205016653, -0.2172027469687535, 0.10498074448386988, 0.16811175245476176, 0.2713464862334713, 0.13463769596171196], [0.006383660041031608, -0.36454889342319646, 0.25872972760717994, -0.34858712462613795, 0.4208880708167443, 0.008606964424723695, -0.4429525010828452, 0.45794312554860056, 0.08701057208437249, -0.8001465901337068, 0.7473443834340603, -0.03067139469082475]], "inverted": false, "swapped": false, "error_lsq": 0.054329129238125724, "error_max": 0.3576341186975158, "target": "130.xyz", "model": "26.xyz", "model_rescale": 4.466005838112752, "target_rescale": 4.156650529934608},
{"mapping": [10, 0, 1, 4, 5, 7, 8, 9, 12, 2, 3, 13], "R": [[-0.5547463655763895, -0.8316409127753385, -0.02509705317340767], [0.826988661660854, -0.5478290782139875, -0.12638455027258144], [0.09135766724351492, -0.09086634834422871, 0.9916637955347612]], "T": [0.04974943742199531, 0.050886281207206924, -0.002365891825247973], "aligned_model": [[0.44451684141374137, -0.26086502677348244, -0.28077880075348904, -0.40235203981371637, -0.42226581379372297, 0.22064024824172473, 0.6339512914798573, 0.6140375174998507, -0.571290960067419, 0.15400437468377254, 0.11417682672375938, 0.13409060070376597], [0.5441693040066747, 0.658740993362144, 0.5584585677202478, -0.2269570156847571, -0.32723944132665317, -0.6490089727941903, 0.04334520578129011, -0.05693721986060596, 0.16901436271553938, 0.1547251609025149, -0.04583969038127725, 0.0544427352606188], [-0.3295780505557879, -0.33282805810351085, 0.45402801428027945, -0.4492883465201635, 0.3375677258636268, 0.3128298560210505, -0.3886123545379481, 0.39824371784584217, -0.003028131815847202, -0.7866341965429702, 0.7870779482246104, 0.00022187584082022146]], "inverted": false, "swapped": false, "error_lsq": 0.052967646609111234, "error_max": 0.3590639012590538, "target": "130.xyz", "model": "27.xyz", "model_rescale": 4.509807893063789, "target_rescale": 4.156650529934608},
{"mapping": [6, 5, 4, 1, 0, 11, 9, 8, 12, 3, 2, 13], "R": [[-0.8231671076034839, -0.5673308436805007, -0.023057032950612833], [-0.5605097960686498, 0.8184150030595796, -0.126592461379297], [0.09069002961072839, -0.09128305744090552, -0.9916868063826632]], "T": [0.0567082443416751, 0.08685719089238177, -0.002345559574208022], "aligned_model": [[0.47599295289654203, -0.2588411529550626, -0.24054607505665115, -0.457893489787665, -0.4395984118892535, 0.2393374108525475, 0.6018964543471186, 0.62019153224553, -0.563591484511624, 0.115344029902642, 0.15193418569946496, 0.13363910780105348], [0.6725499187710361, 0.5132524983510479, 0.6136998953446984, -0.3613339633522925, -0.26088656635864205, -0.5180359124107023, -0.12395929035618096, -0.023511893362530553, 0.20881124467186582, -0.048338044192568305, 0.15255674979473244, 0.05210935280108209], [0.3132011991459739, -0.44950095035009086, 0.33737338046511955, -0.33322874785313755, 0.45364558296207286, -0.32943600849250204, -0.388170948793646, 0.3987033820215644, -0.0034912766981916132, -0.7865728682842636, 0.7871757933461565, 0.00030146253094653344]], "inverted": false, "swapped": false, "error_lsq": 0.052742491309537905, "error_max": 0.3620291968680449, "target": "130.xyz", "model": "28.xyz", "model_rescale": 4.5098078930637895, "target_rescale": 4.156650529934608},
{"mapping": [10, 4, 11, 5, 2, 7, 8, 9, 3, 6, 0, 12], "R": [[-0.07020344638825701, 0.9064586432749739, -0.41641830428945453], [-0.5927847767329797, -0.37365475896353295, -0.7134341802700062], [-0.8022952602308222, 0.1967608933096148, 0.5635667363100486]], "T": [-0.021497888820919693, 0.045122173020465145, 0.10317973516377993], "aligned_model": [[0.7606766833447455, -0.2933162827351876, -0.3203199637206501, -0.3452843326299435, -0.2086291363984203, 0.2779809266035649, 0.6116372884812905, 0.42702032146701985, -0.6269726446129132, -0.011627970752217894, -0.018327054981951398, 0.1250272254793055], [0.35443843829154587, 0.676621929744169, 0.6231867127648612, -0.40352943280553766, -0.43700348929858746, -0.48515764321013266, 0.08648354205016642, -0.21720274696875333, 0.10498074448386982, 0.16811175245476148, 0.2713464862334715, 0.134637695961712], [0.006383660041031525, -0.36454889342319646, 0.2587297276071801, -0.348587124626138, 0.42088807081674456, 0.008606964424723654, -0.4429525010828454, 0.45794312554860056, 0.08701057208437261, -0.800146590133707, 0.7473443834340605, -0.03067139469082475]], "inverted": true, "swapped": false, "error_lsq": 0.05432912923812571, "error_max": 0.35763411869751577, "target": "130.xyz", "model": "29.xyz", "model_rescale": 4.466005838112752, "target_rescale": 4.156650529934608},
