[{"mapping": [10, 1, 7, 8, 4, 2, 3, 9, 5, 3, 6, 11], "R": [[0.08168969738156429, -0.968364869215978, -0.23578862018772306], [-0.6067019795413257, -0.2360113593928705, 0.7590858622436372], [-0.7907208744951313, 0.08104392824790285, -0.606788579599026]], "T": [0.0621694217230928, 0.011534856238113095, 0.0745090516380747], "aligned_model": [[0.43032176268912486, 0.000728607264892954, -0.2307549475430154, -0.2800046216686381, -0.3374593989428166, 0.31073277988334386, 0.1236855257513208, 0.6173690168211479, -0.5245066530748397, 0.1236855257513208, -0.04370769341099238, 0.18777586139691596], [0.6541798810399223, 0.6716387173141396, 0.6679725594398461, -0.34885117328988324, -0.3973372063049597, -0.6557145800902172, -0.053544186667200594, 0.052009487616905686, 0.2048331871180569, -0.053544186667200594, 0.0658021660168295, 0.06946832389112312], [0.08171881469884273, -0.3831809786129779, 0.35585744899821176, -0.24336640102270118, 0.3719779733086364, -0.20312670525424142, -0.6844821564304127, 0.5630742658750139, -0.10937747786753477, -0.6844821564304127, 0.8372129001743829, 0.09817447256319321]], "inverted": false, "swapped": false, "error_lsq": 0.06104551125671004, "error_max": 0.47268371610999366, "target": "131.xyz", "model": "0.xyz", "model_rescale": 4.5108708085295355, "target_rescale": 4.156650709920286},
{"mapping": [9, 6, 0, 5, 8, 3, 10, 2, 4, 7, 2, 11], "R": [[0.08168969738156373, -0.9683648692159781, 0.23578862018772312], [-0.6067019795413253, -0.23601135939287016, -0.7590858622436376], [0.7907208744951317, -0.08104392824790324, -0.6067885795990255]], "T": [0.06216942172309279, 0.011534856238113088, -0.07450905163807452], "aligned_model": [[0.43032176268912503, -0.23075494754301498, 0.0007286072648929123, -0.3374593989428166, -0.28000462166863826, 0.31073277988334347, 0.6173690168211481, 0.12368552575132044, -0.5245066530748396, -0.043707693410992, 0.12368552575132044, 0.18777586139691593], [0.654179881039922, 0.6679725594398459, 0.6716387173141399, -0.3973372063049596, -0.34885117328988285, -0.655714580090217, 0.052009487616905235, -0.05354418666720038, 0.20483318711805712, 0.06580216601682917, -0.05354418666720038, 0.0694683238911231], [-0.0817188146988428, -0.35585744899821226, 0.38318097861297773, -0.37197797330863624, 0.24336640102270146, 0.20312670525424203, -0.5630742658750134, 0.6844821564304127, 0.10937747786753442, -0.8372129001743829, 0.6844821564304127, -0.09817447256319294]], "inverted": false, "swapped": false, "error_lsq": 0.06104551125671001, "error_max": 0.4726837161099939, "target": "131.xyz", "model": "1.xyz", "model_rescale": 4.510870808529536, "target_rescale": 4.156650709920286},
{"mapping": [10, 7, 1, 4, 8, 2, 9, 3, 5, 6, 3, 11], "R": [[-0.08168969738156379, 0.9683648692159779, 0.23578862018772354], [0.6067019795413251, 0.2360113593928706, -0.7590858622436376], [-0.790720874495132, 0.08104392824790332, -0.6067885795990252]], "T": [0.062169421723092866, 0.011534856238112998, -0.07450905163807454], "aligned_model": [[0.43032176268912486, -0.23075494754301518, 0.0007286072648926278, -0.33745939894281635, -0.28000462166863826, 0.3107327798833438, 0.6173690168211483, 0.12368552575132036, -0.5245066530748397, -0.04370769341099176, 0.12368552575132036, 0.18777586139691593], [0.6541798810399223, 0.6679725594398459, 0.6716387173141398, -0.39733720630496, -0.3488511732898829, -0.6557145800902171, 0.05200948761690531, -0.053544186667200136, 0.20483318711805698, 0.06580216601682891, -0.053544186667200136, 0.06946832389112323], [-0.08171881469884286, -0.3558574489982125, 0.3831809786129775, -0.37197797330863624, 0.24336640102270168, 0.2031267052542423, -0.5630742658750134, 0.6844821564304129, 0.10937747786753436, -0.837212900174383, 0.6844821564304129, -0.09817447256319284]], "inverted": true, "swapped": false, "error_lsq": 0.06104551125671002, "error_max": 0.47268371610999405, "target": "131.xyz", "model": "2.xyz", "model_rescale": 4.5108708085295355, "target_rescale": 4.156650709920286},
{"mapping": [11, 2, 3, 4, 5, 7, 9, 10, 8, 0, 1, 13], "R": [[-0.5547463251591359, -0.8316409397822593, -0.02509705162992442], [0.8269886853190171, -0.5478290353073428, -0.12638458145102235], [0.09135769850843564, -0.09086635984954483, 0.9916637916002252]], "T": [0.0497494393741561, 0.05088618122490065, -0.002365896117790541], "aligned_model": [[0.4445167239672616, -0.2608648547905783, -0.2807786282082927, -0.40235191596673703, -0.4222656893844514, 0.22064025538510282, 0.6339515246439885, 0.6140377512262741, -0.5712911268137283, 0.1540043483706895, 0.11417680153526083, 0.13409057495297516], [0.5441692431101613, 0.6587409083581, 0.5584584546412088, -0.22695711955286815, -0.3272395732697593, -0.6490089621326576, 0.043345364005596854, -0.05693708971129422, 0.16901432745986988, 0.15472493255322584, -0.04583997488055628, 0.054442478836334775], [-0.32957805260034706, -0.3328280512084187, 0.45402804422759513, -0.44928837133613575, 0.33756772409987806, 0.3128298582486548, -0.38861233605820267, 0.39824375937781115, -0.003028127450592722, -0.7866342445360942, 0.7870779463359331, 0.0002218508999194354]], "inverted": false, "swapped": false, "error_lsq": 0.052967627399792126, "error_max": 0.35906397196625855, "target": "131.xyz", "model": "3.xyz", "model_rescale": 4.509807743048502, "target_rescale": 4.156650709920286},
{"mapping": [6, 5, 4, 3, 2, 12, 10, 9, 8, 1, 0, 13], "R": [[-0.8231669650314911, -0.567331050264849, -0.023057039840957597], [-0.5605099981890982, 0.8184148601663027, -0.1265924902552623], [0.09069007448944683, -0.09128305463970178, -0.9916868025363371]], "T": [0.05670825379131585, 0.08685714920765382, -0.0023455643324589506], "aligned_model": [[0.47599281479788735, -0.2588411229015316, -0.2405460389272622, -0.4578932448691433, -0.43959816089487386, 0.23933740966252334, 0.6018966167724032, 0.6201917007466727, -0.563591680162107, 0.1153440729234626, 0.15193424087200139, 0.13363915689773198], [0.6725498550858121, 0.5132523535237193, 0.6136997767709056, -0.3613341839445282, -0.26088676069734196, -0.5180359079477121, -0.1239595471494409, -0.023512123902254656, 0.20881108170676796, -0.04833794125670811, 0.1525569052376644, 0.05210948199047817], [0.31320119519085526, -0.4495009676862223, 0.33737338625181046, -0.3332287332130383, 0.4536456207249944, -0.3294360171263033, -0.3881709421028699, 0.39870341183516284, -0.003491260451507438, -0.7865729184123268, 0.7871757894637392, 0.00030143552570628456]], "inverted": false, "swapped": false, "error_lsq": 0.05274246940251152, "error_max": 0.362029234916601, "target": "131.xyz", "model": "4.xyz", "model_rescale": 4.509807743048502, "target_rescale": 4.156650709920286},
{"mapping": [11, 2, 3, 4, 5, 7, 9, 10, 8, 0, 1, 13], "R": [[-0.5547463251591358, -0.8316409397822592, -0.02509705162992445], [0.826988685319017, -0.5478290353073427, -0.12638458145102235], [0.09135769850843564, -0.09086635984954484, 0.9916637916002251]], "T": [0.0497494393741561, 0.05088618122490066, -0.0023658961177906203], "aligned_model": [[0.44451672396726155, -0.26086485479057825, -0.28077862820829264, -0.402351915966737, -0.42226568938445136, 0.22064025538510276, 0.6339515246439884, 0.614037751226274, -0.5712911268137283, 0.15400434837068952, 0.1141768015352608, 0.13409057495297516], [0.5441692431101613, 0.6587409083580997, 0.5584584546412087, -0.2269571195528681, -0.3272395732697591, -0.6490089621326574, 0.04334536400559686, -0.05693708971129421, 0.16901432745986986, 0.15472493255322584, -0.045839974880556265, 0.054442478836334754], [-0.32957805260034706, -0.3328280512084187, 0.45402804422759496, -0.44928837133613575, 0.3375677240998779, 0.31282985824865467, -0.38861233605820267, 0.398243759377811, -0.003028127450592515, -0.7866342445360941, 0.787077946335933, 0.00022185089991965008]], "inverted": false, "swapped": false, "error_lsq": 0.052967627399792126, "error_max": 0.3590639719662586, "target": "131.xyz", "model": "5.xyz", "model_rescale": 4.509807743048502, "target_rescale": 4.156650709920286},
{"mapping": [12, 3, 2, 5, 4, 6, 10, 9, 8, 1, 0, 13], "R": [[0.5547463853671106, 0.831640899530321, -0.025097054618493306], [-0.8269886459144558, 0.5478290949793583, -0.12638458063653338], [-0.0913576896090323, 0.09086636848964394, 0.9916637916283946]], "T": [0.049749456990133334, 0.0508861918758803, -0.0023658942412048767], "aligned_model": [[0.44451681621206784, -0.2608649796010576, -0.2807787560817687, -0.40235198098350006, -0.4222657574642112, 0.22064041733729484, 0.6339512911608434, 0.6140375146801322, -0.5712908625912436, 0.15400446389711367, 0.11417691093569146, 0.13409068741640257], [0.5441693589830185, 0.6587408563167759, 0.558458399763098, -0.2269572127743226, -0.3272396693280005, -0.6490089020116263, 0.04334523291615444, -0.05693722363752345, 0.16901448004203362, 0.15472501293626273, -0.045839900171093025, 0.05444255638258484], [-0.32957804852643224, -0.33282807624771665, 0.45402804654012485, -0.4492883998060917, 0.3375677229817498, 0.31282988505926584, -0.3886123707185058, 0.3982437520693357, -0.0030281032128072075, -0.7866342588341487, 0.787077986741534, 0.00022186395369263277]], "inverted": true, "swapped": false, "error_lsq": 0.05296762007243517, "error_max": 0.3590639100398975, "target": "131.xyz", "model": "6.xyz", "model_rescale": 4.509807586411629, "target_rescale": 4.156650709920286},
{"mapping": [6, 5, 4, 3, 2, 12, 10, 9, 8, 1, 0, 13], "R": [[-0.8231670003301459, -0.5673309991919288, -0.02305703630906384], [-0.5605099476260983, 0.8184148946125942, -0.1265924914378614], [0.09069006659859882, -0.09128306322721762, -0.9916868024674915]], "T": [0.05670826601972367, 0.08685713301546141, -0.0023455624765579184], "aligned_model": [[0.47599293670980414, -0.25884115338181013, -0.24054607157456087, -0.4578933370541094, -0.4395982552468602, 0.2393374578701199, 0.6018964507340352, 0.6201915325412843, -0.563591493310276, 0.11534415073613008, 0.1519343143506286, 0.13363923254337934], [0.6725497436899966, 0.513252461001411, 0.6136998886757445, -0.3613340943700314, -0.2608866666956978, -0.5180360479069772, -0.12395933279183638, -0.023511905117502757, 0.20881083545891788, -0.048338058516554594, 0.1525567968321127, 0.05210936915777907], [0.3132012213615376, -0.44950099618272354, 0.3373733850307925, -0.3332287576473736, 0.45364562356614246, -0.3294360128536564, -0.38817097726155914, 0.3987034039519569, -0.0034912356429108006, -0.7865729326542517, 0.787175829772781, 0.0003014485592648837]], "inverted": false, "swapped": false, "error_lsq": 0.05274246641778766, "error_max": 0.3620291718309405, "target": "131.xyz", "model": "7.xyz", "model_rescale": 4.509807586411629, "target_rescale": 4.156650709920286},
{"mapping": [12, 3, 2, 5, 4, 6, 10, 9, 8, 1, 0, 13], "R": [[0.5547463853671106, 0.831640899530321, -0.025097054618493278], [-0.8269886459144558, 0.5478290949793583, -0.1263845806365334], [-0.09135768960903233, 0.09086636848964391, 0.9916637916283946]], "T": [0.049749456990133334, 0.05088619187588029, -0.0023658942412048073], "aligned_model": [[0.44451681621206784, -0.2608649796010576, -0.2807787560817687, -0.40235198098350006, -0.4222657574642112, 0.22064041733729486, 0.6339512911608434, 0.6140375146801322, -0.5712908625912436, 0.15400446389711364, 0.11417691093569148, 0.13409068741640257], [0.5441693589830185, 0.6587408563167759, 0.558458399763098, -0.22695721277432263, -0.3272396693280005, -0.6490089020116263, 0.043345232916154434, -0.05693722363752347, 0.16901448004203365, 0.1547250129362627, -0.045839900171093066, 0.05444255638258486], [-0.32957804852643224, -0.3328280762477166, 0.45402804654012485, -0.44928839980609164, 0.3375677229817498, 0.3128298850592658, -0.38861237071850574, 0.3982437520693357, -0.0030281032128074035, -0.7866342588341486, 0.7870779867415341, 0.00022186395369240552]], "inverted": true, "swapped": false, "error_lsq": 0.05296762007243516, "error_max": 0.3590639100398975, "target": "131.xyz", "model": "8.xyz", "model_rescale": 4.509807586411629, "target_rescale": 4.156650709920286},
{"mapping": [10, 3, 2, 7, 6, 4, 12, 11, 8, 1, 0, 13], "R": [[-0.5547462700345308, -0.8316409763696491, -0.02509705771026755], [0.8269887213756959, -0.5478289793127576, -0.12638458823184873], [0.09135770684604148, -0.09086636257757434, 0.9916637905821477]], "T": [0.049749469613471486, 0.050886133014774154, -0.0023659015389249746], "aligned_model": [[0.44451671487780325, -0.2608648935958591, -0.2807786728916161, -0.4023518369310892, -0.4222656162268462, 0.22064034113040623, 0.6339514921838431, 0.614037712888086, -0.5712912137898879, 0.15400435838673196, 0.11417679979521791, 0.13409057909097494], [0.5441691368328626, 0.6587408550065009, 0.5584583906041295, -0.22695708789749133, -0.3272395522998628, -0.6490090006627726, 0.04334521915844794, -0.056937245243923476, 0.16901426600382774, 0.15472513370758578, -0.04583979509715702, 0.05444266930521438], [-0.3295780821240763, -0.33282807828390604, 0.45402805797017065, -0.4492883916387509, 0.3375677446153258, 0.31282987321592276, -0.38861237341265326, 0.39824376284142343, -0.0030281405271953663, -0.78663426047283, 0.7870780120353231, 0.00022187578124655645]], "inverted": true, "swapped": false, "error_lsq": 0.0529676247781261, "error_max": 0.35906403064214676, "target": "131.xyz", "model": "9.xyz", "model_rescale": 4.509807504472865, "target_rescale": 4.156650709920286},
{"mapping": [4, 7, 6, 3, 2, 10, 12, 11, 8, 1, 0, 13], "R": [[0.8231669295185633, 0.5673311019242081, -0.023057036592867258], [0.5605100490388172, -0.8184148239729256, -0.12659249909796466], [-0.09069008255307637, 0.09128305807119522, -0.9916868014830525]], "T": [0.05670829988381568, 0.08685718256953892, -0.002345569705665748], "aligned_model": [[0.47599291079711914, -0.2588410594011443, -0.2405459770363018, -0.4578932624050428, -0.4395981800402001, 0.2393374388378577, 0.601896640183382, 0.6201917225482246, -0.5635917374232616, 0.1153440072542014, 0.15193417198388653, 0.13363908961904397], [0.672549857294198, 0.5132522956169792, 0.613699731194411, -0.36133411823594064, -0.2608866826585088, -0.5180358068572037, -0.12395940295543481, -0.023511967378003, 0.20881117342099886, -0.048338132252143284, 0.15255673890272045, 0.052109303325288604], [0.3132012102839133, -0.4495009882877752, 0.3373734064413506, -0.33322876044035216, 0.45364563428877364, -0.32943604627133843, -0.3881709790050012, 0.3987034157241246, -0.0034912739909412913, -0.7865729343100439, 0.7871758551482082, 0.0003014604190823278]], "inverted": false, "swapped": false, "error_lsq": 0.052742469958640875, "error_max": 0.3620292892250751, "target": "131.xyz", "model": "10.xyz", "model_rescale": 4.509807504472865, "target_rescale": 4.156650709920286},
{"mapping": [5, 6, 7, 2, 3, 9, 11, 12, 8, 0, 1, 13], "R": [[-0.8231669295185627, -0.5673311019242089, -0.023057036592866956], [-0.560510049038818, 0.8184148239729252, -0.12659249909796463], [0.09069008255307619, -0.09128305807119529, -0.9916868014830527]], "T": [0.05670829988381566, 0.08685718256953893, -0.0023455697056658418], "aligned_model": [[0.4759929107971184, -0.2588410594011447, -0.24054597703630237, -0.45789326240504213, -0.43959818004019985, 0.23933743883785835, 0.6018966401833824, 0.6201917225482246, -0.5635917374232619, 0.11534400725420167, 0.1519341719838863, 0.133639089619044], [0.6725498572941985, 0.5132522956169789, 0.6136997311944107, -0.361334118235941, -0.26088668265850923, -0.5180358068572035, -0.12395940295543435, -0.023511967378002527, 0.20881117342099834, -0.04833813225214313, 0.15255673890272048, 0.05210930332528871], [0.31320121028391346, -0.4495009882877754, 0.33737340644135067, -0.3332287604403525, 0.45364563428877364, -0.32943604627133855, -0.38817097900500125, 0.39870341572412477, -0.003491273990941294, -0.7865729343100438, 0.7871758551482082, 0.0003014604190824427]], "inverted": true, "swapped": false, "error_lsq": 0.052742469958640875, "error_max": 0.3620292892250751, "target": "131.xyz", "model": "11.xyz", "model_rescale": 4.509807504472865, "target_rescale": 4.156650709920286},
{"mapping": [9, 2, 3, 6, 7, 5, 11, 12, 8, 0, 1, 13], "R": [[0.5547463794586562, 0.8316409035925929, -0.025097050607760622], [-0.8269886497843673, 0.5478290896914062, -0.12638457823529867], [-0.09135769045538386, 0.09086636319112311, 0.9916637920359285]], "T": [0.04974957905854606, 0.05088620752975985, -0.0023658891760055785], "aligned_model": [[0.4445169241738815, -0.26086484272763394, -0.2807786152306517, -0.40235184487839465, -0.4222656173814124, 0.22064034509114766, 0.6339513879609512, 0.6140376154579335, -0.5712910837577705, 0.15400427123958904, 0.11417672623355356, 0.1340904987365713], [0.544169351591723, 0.6587408490013992, 0.5584583983580025, -0.22695718404569543, -0.3272396346890921, -0.6490089802992967, 0.043345244141981105, -0.056937206501415594, 0.16901425212847832, 0.15472508388715595, -0.0458398173996374, 0.05444263324375928], [-0.3295780334342946, -0.33282805783741776, 0.45402803384918367, -0.4492883740567926, 0.33756771762980875, 0.3128298581306489, -0.3886123530653439, 0.39824373862125745, -0.0030281356501461994, -0.7866342230822355, 0.7870779602909669, 0.00022186860436570251]], "inverted": false, "swapped": false, "error_lsq": 0.05296760908103728, "error_max": 0.35906386704610216, "target": "131.xyz", "model": "12.xyz", "model_rescale": 4.509807766519439, "target_rescale": 4.156650709920286},
{"mapping": [4, 7, 6, 3, 2, 10, 12, 11, 8, 1, 0, 13], "R": [[0.8231669975758339, 0.5673310030694402, -0.023057039233391058], [0.5605099515871778, -0.8184148925316336, -0.1265924873528223], [-0.09069006711722548, 0.09128305778542777, -0.9916868029209703]], "T": [0.05670837347614434, 0.08685707291911256, -0.0023455573199608728], "aligned_model": [[0.47599290018148527, -0.258841036743598, -0.24054595334663015, -0.45789320825711965, -0.43959812486015176, 0.23933755951634006, 0.6018965359819094, 0.6201916193788773, -0.5635916132138997, 0.11534394536321602, 0.15193411215715177, 0.1336390287601839], [0.6725498421682697, 0.5132523843915978, 0.6136998048130126, -0.36133413740755205, -0.2608867169861374, -0.5180360816714259, -0.12395938047055476, -0.023511960049140065, 0.20881113074938928, -0.048338052461447054, 0.15255678838138237, 0.05210936795996769], [0.31320119467791924, -0.4495009702629706, 0.3373733798850321, -0.33322873936480907, 0.4536456107831936, -0.3294359978268269, -0.3881709594962117, 0.39870339065179095, -0.00349126823450938, -0.786572897085539, 0.7871758032104669, 0.00030145306246412646]], "inverted": false, "swapped": false, "error_lsq": 0.05274245303432223, "error_max": 0.36202912281839406, "target": "131.xyz", "model": "13.xyz", "model_rescale": 4.509807766519439, "target_rescale": 4.156650709920286},
{"mapping": [5, 6, 7, 2, 3, 9, 11, 12, 8, 0, 1, 13], "R": [[-0.8231669975758334, -0.5673310030694406, -0.02305703923339113], [-0.5605099515871782, 0.8184148925316331, -0.12659248735282266], [0.0906900671172258, -0.09128305778542797, -0.9916868029209703]], "T": [0.056708373476144325, 0.08685707291911254, -0.002345557319960998], "aligned_model": [[0.47599290018148493, -0.2588410367435983, -0.24054595334663037, -0.4578932082571193, -0.4395981248601514, 0.23933755951634036, 0.6018965359819095, 0.6201916193788775, -0.5635916132138998, 0.11534394536321597, 0.15193411215715186, 0.1336390287601839], [0.6725498421682701, 0.5132523843915974, 0.6136998048130125, -0.3613341374075525, -0.2608867169861375, -0.5180360816714258, -0.12395938047055452, -0.023511960049139524, 0.2088111307493889, -0.04833805246144726, 0.15255678838138267, 0.05210936795996774], [0.31320119467791907, -0.4495009702629708, 0.3373733798850321, -0.33322873936480896, 0.45364561078319393, -0.32943599782682687, -0.38817095949621183, 0.39870339065179106, -0.0034912682345092615, -0.7865728970855389, 0.7871758032104667, 0.0003014530624641976]], "inverted": true, "swapped": false, "error_lsq": 0.05274245303432223, "error_max": 0.36202912281839394, "target": "131.xyz", "model": "14.xyz", "model_rescale": 4.509807766519439, "target_rescale": 4.156650709920286},
{"mapping": [9, 4, 0, 7, 8, 3, 10, 2, 6, 5, 2, 11], "R": [[-0.08168966746797257, 0.9683648738038655, 0.23578861170929236], [0.6067019522019748, 0.2360113375545889, -0.7590858908845602], [-0.7907208985623718, 0.08104393702503165, -0.60678854706413]], "T": [0.062169307636055, 0.011534888685086508, -0.07450915157088424], "aligned_model": [[0.430321597337674, -0.23075473279477576, 0.0007286312488488447, -0.3374594347281577, -0.2800046445173411, 0.31073276243597575, 0.6173688601851277, 0.12368549958852204, -0.5245066975756114, -0.04370746994732209, 0.12368549958852204, 0.1877758940963025], [0.6541798634118581, 0.6679726543542621, 0.6716386472834468, -0.3973372495164809, -0.34885132556384446, -0.6557145053616553, 0.05200939755775036, -0.05354403950754755, 0.2048332163376268, 0.0658021885001544, -0.05354403950754755, 0.06946818142933918], [-0.08171885381042947, -0.3558574873112411, 0.3831811626973233, -0.37197799319589975, 0.243366606463071, 0.20312657892580782, -0.5630743189143276, 0.6844820440297059, 0.10937747190799833, -0.8372129524151393, 0.6844820440297059, -0.09817430240657472]], "inverted": false, "swapped": false, "error_lsq": 0.06104549795085684, "error_max": 0.4726836777858711, "target": "131.xyz", "model": "15.xyz", "model_rescale": 4.510870436145588, "target_rescale": 4.156650709920286},
{"mapping": [10, 5, 1, 6, 8, 2, 9, 3, 7, 4, 3, 11], "R": [[0.08168966746797163, -0.9683648738038657, 0.235788611709292], [-0.6067019522019741, -0.23601133755458809, -0.759085890884561], [0.7907208985623724, -0.08104393702503199, -0.6067885470641292]], "T": [0.06216930763605501, 0.011534888685086363, -0.0745091515708842], "aligned_model": [[0.4303215973376746, -0.2307547327947751, 0.0007286312488491292, -0.337459434728158, -0.2800046445173416, 0.310732762435975, 0.6173688601851279, 0.12368549958852161, -0.5245066975756113, -0.043707469947321706, 0.12368549958852161, 0.18777589409630258], [0.6541798634118576, 0.6679726543542619, 0.6716386472834472, -0.39733724951648086, -0.348851325563844, -0.6557145053616553, 0.052009397557749436, -0.05354403950754714, 0.20483321633762733, 0.06580218850015382, -0.05354403950754714, 0.06946818142933883], [-0.08171885381042979, -0.3558574873112418, 0.38318116269732283, -0.3719779931958995, 0.24336660646307104, 0.20312657892580868, -0.5630743189143271, 0.684482044029706, 0.10937747190799788, -0.8372129524151392, 0.684482044029706, -0.09817430240657472]], "inverted": true, "swapped": false, "error_lsq": 0.061045497950856835, "error_max": 0.4726836777858715, "target": "131.xyz", "model": "16.xyz", "model_rescale": 4.510870436145588, "target_rescale": 4.156650709920286},
{"mapping": [9, 4, 0, 7, 8, 3, 10, 2, 6, 5, 2, 11], "R": [[-0.08168966746797279, 0.9683648738038657, 0.23578861170929244], [0.6067019522019748, 0.23601133755458906, -0.7590858908845606], [-0.7907208985623722, 0.08104393702503149, -0.6067885470641301]], "T": [0.062169307636055, 0.011534888685086508, -0.07450915157088424], "aligned_model": [[0.43032159733767406, -0.23075473279477599, 0.000728631248848817, -0.3374594347281578, -0.28000464451734103, 0.3107327624359759, 0.6173688601851278, 0.12368549958852218, -0.5245066975756115, -0.043707469947322254, 0.12368549958852218, 0.1877758940963026], [0.6541798634118583, 0.6679726543542623, 0.671638647283447, -0.39733724951648114, -0.34885132556384474, -0.6557145053616553, 0.05200939755775036, -0.053544039507547436, 0.20483321633762683, 0.06580218850015429, -0.053544039507547436, 0.06946818142933898], [-0.08171885381042972, -0.3558574873112412, 0.3831811626973233, -0.37197799319589975, 0.24336660646307107, 0.203126578925808, -0.5630743189143279, 0.6844820440297061, 0.10937747190799842, -0.8372129524151394, 0.6844820440297061, -0.09817430240657495]], "inverted": false, "swapped": false, "error_lsq": 0.06104549795085685, "error_max": 0.4726836777858711, "target": "131.xyz", "model": "17.xyz", "model_rescale": 4.510870436145588, "target_rescale": 4.156650709920286},
{"mapping": [9, 3, 11, 6, 2, 8, 7, 10, 4, 5, 1, 12], "R": [[0.07020341969866958, -0.9064586871211303, -0.4164182133447685], [0.5927847716278579, 0.3736546738812737, -0.7134342290728607], [0.8022952663382232, -0.1967608528882605, 0.5635667417280439]], "T": [-0.02149782958334038, 0.04512204859116842, 0.10317969634779066], "aligned_model": [[0.7606767505911667, -0.2933163224425404, -0.3203199597149901, -0.3452842533870722, -0.2086290183823867, 0.2779810545273898, 0.6116373579977633, 0.4270204471207932, -0.6269726259129138, -0.011627949916698695, -0.01832700065073315, 0.12502728508798686], [0.3544384710135685, 0.6766217468805306, 0.6231866484349426, -0.4035295350383226, -0.4370035911481259, -0.48515769377720275, 0.0864835553643244, -0.21720277812795857, 0.1049804977390035, 0.16811171410320447, 0.271346295979996, 0.13463765799340127], [0.006383681359451762, -0.3645490224959168, 0.2587298054402078, -0.34858708741253797, 0.42088813562907473, 0.008606991932457161, -0.44295249748915067, 0.4579431707810596, 0.08701046692569096, -0.8001465768341458, 0.7473442859563432, -0.030671353792533176]], "inverted": false, "swapped": false, "error_lsq": 0.0543291287635032, "error_max": 0.357634221204911, "target": "131.xyz", "model": "18.xyz", "model_rescale": 4.466005644533647, "target_rescale": 4.156650709920286},
{"mapping": [10, 0, 1, 4, 5, 7, 8, 9, 12, 2, 3, 13], "R": [[-0.5547464048649271, -0.8316408866018058, -0.025097052050006462], [0.8269886331562731, -0.5478291148436432, -0.126384578014683], [0.09135768670318618, -0.090866367055103, 0.9916637920275448]], "T": [0.04974951849318822, 0.050886167315750026, -0.002365895802475623], "aligned_model": [[0.4445168552842999, -0.26086492364554564, -0.28077869753552703, -0.4023519002113729, -0.4222656741013543, 0.2206403060308857, 0.6339513367846727, 0.6140375628946915, -0.5712909710377514, 0.1540043973749034, 0.11417684959494068, 0.13409062348492204], [0.5441693289612829, 0.6587408065057202, 0.5584583548157632, -0.22695724170934634, -0.3272396933993032, -0.649009023578666, 0.04334522106137214, -0.05693723062858474, 0.16901431611189596, 0.1547251687823661, -0.04583973459754765, 0.054442717092409214], [-0.32957804244237393, -0.3328280707330777, 0.4540280305321281, -0.44928838824777856, 0.3375677130174272, 0.3128298569382115, -0.3886123612960801, 0.39824373996912565, -0.0030281255409640184, -0.7866342186640785, 0.7870779838663331, 0.00022188260112743002]], "inverted": false, "swapped": false, "error_lsq": 0.05296761551637741, "error_max": 0.35906390135929905, "target": "131.xyz", "model": "19.xyz", "model_rescale": 4.509807711582247, "target_rescale": 4.156650709920286},
{"mapping": [6, 5, 4, 1, 0, 11, 9, 8, 12, 3, 2, 13], "R": [[-0.8231670141248479, -0.5673309791193482, -0.02305703771658905], [-0.5605099278823307, 0.8184149087125947, -0.12659248770088996], [0.09069006341450503, -0.09128306156367262, -0.9916868029118044]], "T": [0.056708332257721476, 0.0868571328526644, -0.002345563978643657], "aligned_model": [[0.47599287923316885, -0.2588410672535104, -0.2405459848372149, -0.45789326688292825, -0.43959818446663274, 0.23933750486931568, 0.6018964973604672, 0.6201915797767628, -0.5635915326850697, 0.11534403085150657, 0.15193419568409758, 0.1336391132678021], [0.6725498975305952, 0.5132524581157364, 0.6136998800369544, -0.3613340685092125, -0.2608866465879945, -0.5180360346781769, -0.12395933913656208, -0.023511917215344055, 0.2088110284862214, -0.04833817812950318, 0.1525566657129328, 0.05210924379171482], [0.3132011934435642, -0.4495009844409094, 0.3373733752852998, -0.333228752269425, 0.45364560745678423, -0.32943600690622343, -0.3881709678101011, 0.39870339191610815, -0.0034912580104181174, -0.7865728926144353, 0.7871758268379827, 0.00030146711177372887]], "inverted": false, "swapped": false, "error_lsq": 0.05274246010543515, "error_max": 0.36202915995386553, "target": "131.xyz", "model": "20.xyz", "model_rescale": 4.509807711582248, "target_rescale": 4.156650709920286},
{"mapping": [10, 11, 4, 2, 5, 7, 9, 8, 3, 0, 6, 12], "R": [[0.07020341969866935, -0.9064586871211304, 0.41641821334476853], [0.5927847716278585, 0.37365467388127355, 0.7134342290728606], [-0.802295266338223, 0.19676085288826084, 0.5635667417280441]], "T": [-0.021497829583340428, 0.04512204859116843, -0.10317969634779062], "aligned_model": [[0.7606767505911668, -0.3203199597149903, -0.29331632244254047, -0.20862901838238676, -0.34528425338707214, 0.2779810545273901, 0.42702044712079334, 0.6116373579977635, -0.626972625912914, -0.018327000650733255, -0.011627949916698604, 0.1250272850879869], [0.3544384710135685, 0.623186648434943, 0.6766217468805305, -0.43700359114812587, -0.4035295350383229, -0.48515769377720264, -0.2172027781279583, 0.08648355536432419, 0.1049804977390036, 0.27134629597999665, 0.16811171410320397, 0.1346376579934013], [-0.006383681359451776, -0.2587298054402074, 0.3645490224959173, -0.4208881356290749, 0.3485870874125382, -0.0086069919324573, -0.4579431707810597, 0.4429524974891506, -0.08701046692569066, -0.7473442859563431, 0.800146576834146, 0.030671353792533274]], "inverted": false, "swapped": false, "error_lsq": 0.05432912876350321, "error_max": 0.357634221204911, "target": "131.xyz", "model": "21.xyz", "model_rescale": 4.466005644533646, "target_rescale": 4.156650709920286},
{"mapping": [9, 3, 11, 6, 2, 8, 7, 10, 4, 5, 1, 12], "R": [[0.07020353321100282, -0.9064586757972681, -0.41641821885762265], [0.5927847279321425, 0.373654751693161, -0.7134342246258853], [0.8022952886905841, -0.19676075728911385, 0.5635667432841536]], "T": [-0.021497823272639334, 0.04512204742598805, 0.10317970038274545], "aligned_model": [[0.7606766767496933, -0.29331620928681396, -0.3203202033083185, -0.3452842207811815, -0.20862912420011992, 0.2779811166122745, 0.6116374271839392, 0.42702036617802863, -0.6269725198584787, -0.011627910209516763, -0.018326820533286055, 0.12502718637154486], [0.3544384597855119, 0.6766217518576417, 0.6231867925217859, -0.40352953559332927, -0.43700355544486147, -0.4851577591115651, 0.08648349106538264, -0.21720279039143578, 0.10498050168069409, 0.16811171458361837, 0.2713462237318325, 0.13463769473208625], [0.00638361033111802, -0.364548946666183, 0.2587297979267481, -0.34858705869605217, 0.42088811315986857, 0.008606966179648054, -0.44295252812137115, 0.4579431046321371, 0.08701054763483616, -0.8001465529970713, 0.7473443277574724, -0.030671381141150603]], "inverted": false, "swapped": false, "error_lsq": 0.054329123286047915, "error_max": 0.3576341850804053, "target": "131.xyz", "model": "22.xyz", "model_rescale": 4.46600560860683, "target_rescale": 4.156650709920286},
{"mapping": [10, 0, 1, 4, 5, 7, 8, 9, 12, 2, 3, 13], "R": [[-0.5547463448473194, -0.8316409266216124, -0.02509705254576327], [0.8269886724296137, -0.5478290548256258, -0.12638458118760634], [0.09135769563449078, -0.09086636262560092, 0.9916637916106187]], "T": [0.04974951703418228, 0.05088616583668788, -0.00236589609076672], "aligned_model": [[0.4445167973848031, -0.26086479478000657, -0.28077856922765576, -0.4023518369521676, -0.4222656113998168, 0.22064035077800967, 0.6339514284766536, 0.6140376540290045, -0.571291245776759, 0.1540043052428824, 0.11417675634758398, 0.1340905307952332], [0.544169244181142, 0.6587408946820141, 0.5584584396470513, -0.2269571501234423, -0.327239605158405, -0.649008983913828, 0.043345240352688656, -0.05693721468227404, 0.16901417787747977, 0.15472510388660776, -0.045839806183317636, 0.05444264885164505], [-0.3295780564382415, -0.33282805794693265, 0.4540280494794416, -0.44928837964102775, 0.33756772778534644, 0.3128298643423385, -0.3886123597750388, 0.39824374765133547, -0.0030281501072821067, -0.7866342358763537, 0.7870779789763945, 0.00022187155002051503]], "inverted": false, "swapped": false, "error_lsq": 0.05296761566339208, "error_max": 0.3590639540110256, "target": "131.xyz", "model": "23.xyz", "model_rescale": 4.509807674373902, "target_rescale": 4.156650709920286},
{"mapping": [6, 5, 4, 1, 0, 11, 9, 8, 12, 3, 2, 13], "R": [[-0.8231669759266051, -0.567331034503419, -0.023057038689482133], [-0.5605099825879742, 0.8184148707900882, -0.12659249064961253], [0.09069007202046367, -0.09128305734868669, -0.991686802512769]], "T": [0.056708331525531785, 0.08685713464300902, -0.0023455642568266585], "aligned_model": [[0.47599290883721923, -0.258841040334669, -0.24054595699546705, -0.45789318224344555, -0.4395980989042436, 0.2393374799365344, 0.6018965744100829, 0.6201916577492849, -0.563591735368907, 0.11534396927125659, 0.15193413594966038, 0.1336390526104585], [0.6725498417959563, 0.5132523510296532, 0.6136997761193415, -0.3613341959052183, -0.26088677081553013, -0.5180359354415364, -0.1239593940550237, -0.02351196896533546, 0.20881126217184054, -0.048338083928616674, 0.15255676625075967, 0.05210934116107151], [0.3132012010781589, -0.4495009759024474, 0.3373733899992767, -0.33322873963775246, 0.45364562626397165, -0.3294360208740036, -0.3881709660216214, 0.3987033998801027, -0.003491282949989453, -0.7865729098469555, 0.787175821956492, 0.0003014560547683694]], "inverted": false, "swapped": false, "error_lsq": 0.052742459103649775, "error_max": 0.36202921247417397, "target": "131.xyz", "model": "24.xyz", "model_rescale": 4.509807674373903, "target_rescale": 4.156650709920286},
{"mapping": [10, 11, 4, 2, 5, 7, 9, 8, 3, 0, 6, 12], "R": [[0.07020353321100278, -0.9064586757972681, 0.41641821885762276], [0.5927847279321425, 0.373654751693161, 0.7134342246258855], [-0.8022952886905842, 0.1967607572891139, 0.5635667432841536]], "T": [-0.02149782327263939, 0.045122047425988014, -0.10317970038274542], "aligned_model": [[0.7606766767496934, -0.3203202033083186, -0.29331620928681407, -0.20862912420012003, -0.34528422078118154, 0.2779811166122746, 0.42702036617802874, 0.6116374271839393, -0.6269725198584788, -0.018326820533286096, -0.011627910209516791, 0.1250271863715449], [0.35443845978551186, 0.623186792521786, 0.6766217518576418, -0.4370035554448616, -0.40352953559332927, -0.4851577591115649, -0.21720279039143575, 0.08648349106538267, 0.10498050168069423, 0.27134622373183265, 0.16811171458361834, 0.13463769473208628], [-0.006383610331118103, -0.2587297979267481, 0.36454894666618304, -0.42088811315986857, 0.34858705869605244, -0.008606966179647874, -0.45794310463213717, 0.44295252812137115, -0.08701054763483598, -0.7473443277574723, 0.8001465529970716, 0.030671381141150714]], "inverted": false, "swapped": false, "error_lsq": 0.05432912328604792, "error_max": 0.3576341850804054, "target": "131.xyz", "model": "25.xyz", "model_rescale": 4.466005608606829, "target_rescale": 4.156650709920286},
{"mapping": [9, 3, 11, 6, 2, 8, 7, 10, 4, 5, 1, 12], "R": [[0.07020336645430207, -0.9064586933807764, -0.4164182086951751], [0.5927847867869901, 0.37365463706723356, -0.713434235758319], [0.8022952597967818, -0.19676089396160346, 0.5635667367003174]], "T": [-0.02149782632650009, 0.04512208262743139, 0.10317973516447601], "aligned_model": [[0.7606767043346139, -0.29331630486889093, -0.3203199789257499, -0.3452842096990505, -0.20862900927801986, 0.2779810603554527, 0.6116373456379876, 0.42702041905207905, -0.6269725901514258, -0.011627924416515653, -0.01832702312723078, 0.12502727600451502], [0.35443845287391146, 0.6766218024797326, 0.6231865823594125, -0.4035295670371524, -0.4370036045768869, -0.48515769345502574, 0.08648353626544353, -0.21720277684655787, 0.10498057275926317, 0.16811166268331684, 0.27134639676832273, 0.1346376251435825], [0.0063836601119811875, -0.3645488940228425, 0.2587297270384305, -0.34858712440466033, 0.42088807111870064, 0.008606964957886293, -0.442952500862387, 0.4579431259322544, 0.08701057179743074, -0.8001465902249335, 0.7473443832597125, -0.030671394701572707]], "inverted": false, "swapped": false, "error_lsq": 0.05432913127549462, "error_max": 0.35763420792008355, "target": "131.xyz", "model": "26.xyz", "model_rescale": 4.466005838112752, "target_rescale": 4.156650709920286},
{"mapping": [11, 1, 0, 5, 4, 6, 9, 8, 12, 3, 2, 13], "R": [[0.5547464521320168, 0.8316408549838207, -0.025097054981009677], [-0.8269886022437739, 0.547829161623573, -0.12638457751522808], [-0.091357679512066, 0.09086637439995698, 0.9916637920170212]], "T": [0.04974949852428519, 0.05088619979008711, -0.0023658921039692816], "aligned_model": [[0.44451685659425233, -0.260865023346628, -0.2807787987609136, -0.4023519434081485, -0.42226571882243413, 0.22064037672897957, 0.633951359133874, 0.6140375837195883, -0.5712909111238276, 0.15400443681529313, 0.11417688598672186, 0.1340906614010075], [0.5441692713913181, 0.6587408881648399, 0.5584584409067045, -0.2269571325611666, -0.32723957981930196, -0.6490090444447366, 0.04334519414781307, -0.05693725311032232, 0.16901421734030717, 0.15472510972543763, -0.04583978479083318, 0.054442662467302234], [-0.3295780326669012, -0.33282804791226045, 0.4540280216803065, -0.4492883604668863, 0.3375677091256806, 0.3128298408947454, -0.38861234626956265, 0.3982437233230043, -0.003028138442756931, -0.7866341926810231, 0.7870779465041108, 0.00022187691154374736]], "inverted": true, "swapped": false, "error_lsq": 0.052967622119991516, "error_max": 0.35906390769262203, "target": "131.xyz", "model": "27.xyz", "model_rescale": 4.509807893063789, "target_rescale": 4.156650709920286},
{"mapping": [6, 5, 4, 1, 0, 11, 9, 8, 12, 3, 2, 13], "R": [[-0.8231670484075313, -0.5673309294858278, -0.023057035038786384], [-0.5605098787197249, 0.8184149422800755, -0.1265924883644375], [0.0906900560901382, -0.09128306908429216, -0.9916868028893598]], "T": [0.05670830166557346, 0.08685711007830162, -0.0023455603013099046], "aligned_model": [[0.4759929546311193, -0.258841146438444, -0.24054606688312818, -0.4578933912905638, -0.43959831173524794, 0.23933752556979532, 0.6018965275223364, 0.6201916070776522, -0.5635914397835522, 0.11534408919395023, 0.15193424830458185, 0.133639168749266], [0.672549889031711, 0.5132523738958134, 0.6136997923013796, -0.3613341054526674, -0.2608866870471013, -0.5180359825046189, -0.12395932451319379, -0.023511906107627586, 0.2088110998516847, -0.04833813841823868, 0.1525566983928936, 0.05210927998732748], [0.3132011774826302, -0.4495009568384444, 0.3373733712049325, -0.3332287296001984, 0.4536455984431785, -0.3294359969992888, -0.3881709526157361, 0.3987033754276408, -0.0034912709782399937, -0.7865728665522013, 0.7871757895345518, 0.00030146149117546255]], "inverted": false, "swapped": false, "error_lsq": 0.05274246827626797, "error_max": 0.36202916396005164, "target": "131.xyz", "model": "28.xyz", "model_rescale": 4.5098078930637895, "target_rescale": 4.156650709920286},
{"mapping": [10, 11, 4, 2, 5, 7, 9, 8, 3, 0, 6, 12], "R": [[0.07020336645430249, -0.9064586933807766, 0.4164182086951755], [0.5927847867869902, 0.373654637067234, 0.713434235758319], [-0.802295259796782, 0.1967608939616034, 0.5635667367003176]], "T": [-0.021497826326500144, 0.04512208262743135, -0.103179735164476], "aligned_model": [[0.7606767043346142, -0.32031997892574976, -0.2933163048688909, -0.2086290092780202, -0.3452842096990508, 0.27798106035545256, 0.4270204190520791, 0.6116373456379877, -0.6269725901514259, -0.018327023127230557, -0.011627924416515764, 0.12502727600451508], [0.35443845287391107, 0.6231865823594126, 0.6766218024797326, -0.437003604576887, -0.40352956703715237, -0.4851576934550259, -0.21720277684655798, 0.08648353626544321, 0.1049805727592635, 0.2713463967683229, 0.16811166268331673, 0.13463762514358243], [-0.006383660111981118, -0.2587297270384305, 0.3645488940228425, -0.42088807111870064, 0.3485871244046603, -0.008606964957886154, -0.45794312593225434, 0.442952500862387, -0.08701057179743069, -0.7473443832597124, 0.8001465902249335, 0.030671394701572804]], "inverted": false, "swapped": false, "error_lsq": 0.05432913127549463, "error_max": 0.35763420792008405, "target": "131.xyz", "model": "29.xyz", "model_rescale": 4.466005838112752, "target_rescale": 4.156650709920286},
