[{"mapping": [10, 1, 7, 8, 4, 2, 3, 9, 5, 3, 6, 11], "R": [[0.08168969738156395, -0.9683648692159781, -0.23578862018772279], [-0.6067019795413254, -0.23601135939286993, 0.7590858622436375], [-0.7907208744951315, 0.08104392824790285, -0.6067885795990257]], "T": [0.06216942172309278, 0.011534856238113046, 0.0745090516380746], "aligned_model": [[0.43032176268912514, 0.000728607264893183, -0.2307549475430151, -0.28000462166863826, -0.33745939894281685, 0.3107327798833435, 0.1236855257513207, 0.617369016821148, -0.5245066530748397, 0.1236855257513207, -0.04370769341099229, 0.18777586139691596], [0.654179881039922, 0.6716387173141397, 0.6679725594398461, -0.34885117328988297, -0.39733720630495956, -0.6557145800902173, -0.05354418666720042, 0.05200948761690514, 0.2048331871180573, -0.05354418666720042, 0.06580216601682923, 0.06946832389112298], [0.0817188146988428, -0.38318097861297773, 0.35585744899821187, -0.2433664010227014, 0.3719779733086362, -0.20312670525424176, -0.6844821564304127, 0.5630742658750137, -0.10937747786753475, -0.6844821564304127, 0.8372129001743829, 0.09817447256319312]], "inverted": false, "swapped": false, "error_lsq": 0.06104551125671002, "error_max": 0.47268371610999377, "target": "132.xyz", "model": "0.xyz", "model_rescale": 4.5108708085295355, "target_rescale": 4.156650709920286},
{"mapping": [9, 0, 6, 8, 5, 3, 2, 10, 4, 2, 7, 11], "R": [[-0.08168969738156395, 0.968364869215978, -0.23578862018772406], [0.6067019795413249, 0.2360113593928711, 0.7590858622436378], [0.7907208744951322, -0.08104392824790346, -0.606788579599025]], "T": [0.06216942172309289, 0.011534856238113081, 0.07450905163807447], "aligned_model": [[0.43032176268912464, 0.0007286072648922046, -0.23075494754301543, -0.2800046216686381, -0.3374593989428161, 0.310732779883344, 0.1236855257513203, 0.6173690168211484, -0.5245066530748398, 0.1236855257513203, -0.04370769341099167, 0.187775861396916], [0.6541798810399223, 0.6716387173141402, 0.6679725594398455, -0.348851173289883, -0.39733720630496017, -0.6557145800902168, -0.05354418666719994, 0.052009487616905506, 0.20483318711805665, -0.05354418666719994, 0.06580216601682866, 0.0694683238911232], [0.08171881469884304, -0.3831809786129774, 0.35585744899821264, -0.24336640102270163, 0.3719779733086361, -0.20312670525424253, -0.6844821564304127, 0.5630742658750132, -0.10937747786753413, -0.6844821564304127, 0.8372129001743829, 0.09817447256319288]], "inverted": true, "swapped": false, "error_lsq": 0.06104551125671001, "error_max": 0.4726837161099941, "target": "132.xyz", "model": "1.xyz", "model_rescale": 4.510870808529536, "target_rescale": 4.156650709920286},
{"mapping": [10, 1, 7, 8, 4, 2, 3, 9, 5, 3, 6, 11], "R": [[0.08168969738156423, -0.968364869215978, -0.23578862018772306], [-0.6067019795413258, -0.2360113593928705, 0.7590858622436372], [-0.7907208744951313, 0.08104392824790285, -0.606788579599026]], "T": [0.06216942172309281, 0.011534856238113081, 0.07450905163807464], "aligned_model": [[0.4303217626891249, 0.0007286072648929609, -0.2307549475430154, -0.28000462166863815, -0.3374593989428166, 0.3107327798833438, 0.12368552575132079, 0.617369016821148, -0.5245066530748397, 0.12368552575132079, -0.04370769341099234, 0.18777586139691588], [0.6541798810399223, 0.6716387173141396, 0.6679725594398462, -0.3488511732898831, -0.3973372063049597, -0.6557145800902172, -0.05354418666720072, 0.05200948761690573, 0.20483318711805687, -0.05354418666720072, 0.0658021660168296, 0.06946832389112333], [0.08171881469884268, -0.38318097861297795, 0.3558574489982117, -0.2433664010227014, 0.37197797330863636, -0.20312670525424148, -0.6844821564304127, 0.5630742658750139, -0.10937747786753482, -0.6844821564304127, 0.8372129001743829, 0.09817447256319298]], "inverted": false, "swapped": false, "error_lsq": 0.06104551125671002, "error_max": 0.47268371610999366, "target": "132.xyz", "model": "2.xyz", "model_rescale": 4.5108708085295355, "target_rescale": 4.156650709920286},
{"mapping": [11, 2, 3, 4, 5, 7, 9, 10, 8, 0, 1, 13], "R": [[-0.5547463251591359, -0.8316409397822593, -0.02509705162992442], [0.8269886853190171, -0.5478290353073428, -0.12638458145102235], [0.09135769850843564, -0.09086635984954483, 0.9916637916002252]], "T": [0.0497494393741561, 0.05088618122490065, -0.002365896117790605], "aligned_model": [[0.4445167239672616, -0.2608648547905783, -0.2807786282082927, -0.40235191596673703, -0.4222656893844514, 0.22064025538510282, 0.6339515246439885, 0.6140377512262741, -0.5712911268137283, 0.1540043483706895, 0.11417680153526083, 0.13409057495297516], [0.5441692431101613, 0.6587409083581, 0.5584584546412088, -0.22695711955286815, -0.3272395732697593, -0.6490089621326576, 0.043345364005596854, -0.05693708971129422, 0.16901432745986988, 0.15472493255322584, -0.04583997488055628, 0.054442478836334775], [-0.3295780526003471, -0.33282805120841874, 0.4540280442275951, -0.4492883713361358, 0.337567724099878, 0.3128298582486547, -0.3886123360582027, 0.3982437593778111, -0.003028127450592786, -0.7866342445360942, 0.7870779463359331, 0.00022185089991937123]], "inverted": false, "swapped": false, "error_lsq": 0.05296762739979211, "error_max": 0.3590639719662585, "target": "132.xyz", "model": "3.xyz", "model_rescale": 4.509807743048502, "target_rescale": 4.156650709920286},
{"mapping": [6, 5, 4, 3, 2, 12, 10, 9, 8, 1, 0, 13], "R": [[-0.8231669650314911, -0.567331050264849, -0.02305703984095729], [-0.5605099981890982, 0.8184148601663027, -0.12659249025526229], [0.09069007448944653, -0.09128305463970193, -0.9916868025363371]], "T": [0.05670825379131585, 0.08685714920765382, -0.0023455643324590057], "aligned_model": [[0.47599281479788724, -0.2588411229015315, -0.2405460389272623, -0.45789324486914307, -0.43959816089487397, 0.23933740966252345, 0.6018966167724035, 0.6201917007466725, -0.563591680162107, 0.11534407292346283, 0.15193424087200114, 0.13363915689773198], [0.6725498550858121, 0.5132523535237195, 0.6136997767709056, -0.36133418394452815, -0.260886760697342, -0.5180359079477121, -0.12395954714944087, -0.02351212390225467, 0.20881108170676796, -0.04833794125670808, 0.15255690523766438, 0.05210948199047817], [0.3132011951908553, -0.44950096768622244, 0.3373733862518103, -0.33322873321303853, 0.4536456207249942, -0.3294360171263033, -0.38817094210286973, 0.398703411835163, -0.0034912604515076944, -0.7865729184123269, 0.7871757894637391, 0.0003014355257062529]], "inverted": false, "swapped": false, "error_lsq": 0.05274246940251151, "error_max": 0.3620292349166009, "target": "132.xyz", "model": "4.xyz", "model_rescale": 4.509807743048502, "target_rescale": 4.156650709920286},
{"mapping": [11, 2, 3, 4, 5, 7, 9, 10, 8, 0, 1, 13], "R": [[-0.5547463251591358, -0.8316409397822592, -0.02509705162992445], [0.826988685319017, -0.5478290353073427, -0.12638458145102235], [0.09135769850843564, -0.09086635984954484, 0.9916637916002251]], "T": [0.0497494393741561, 0.05088618122490066, -0.0023658961177906845], "aligned_model": [[0.44451672396726155, -0.26086485479057825, -0.28077862820829264, -0.402351915966737, -0.42226568938445136, 0.22064025538510276, 0.6339515246439884, 0.614037751226274, -0.5712911268137283, 0.15400434837068952, 0.1141768015352608, 0.13409057495297516], [0.5441692431101613, 0.6587409083580997, 0.5584584546412087, -0.2269571195528681, -0.3272395732697591, -0.6490089621326574, 0.04334536400559686, -0.05693708971129421, 0.16901432745986986, 0.15472493255322584, -0.045839974880556265, 0.054442478836334754], [-0.3295780526003471, -0.33282805120841874, 0.4540280442275949, -0.4492883713361358, 0.33756772409987784, 0.3128298582486546, -0.3886123360582027, 0.3982437593778109, -0.003028127450592579, -0.7866342445360942, 0.7870779463359329, 0.0002218508999195859]], "inverted": false, "swapped": false, "error_lsq": 0.05296762739979211, "error_max": 0.3590639719662585, "target": "132.xyz", "model": "5.xyz", "model_rescale": 4.509807743048502, "target_rescale": 4.156650709920286},
{"mapping": [11, 2, 3, 4, 5, 7, 9, 10, 8, 0, 1, 13], "R": [[-0.5547463853671103, -0.8316408995303214, -0.025097054618493667], [0.8269886459144561, -0.547829094979358, -0.12638458063653324], [0.09135768960903203, -0.09086636848964409, 0.9916637916283948]], "T": [0.04974945699013333, 0.0508861918758803, -0.0023658942412050424], "aligned_model": [[0.4445168162120682, -0.26086497960105726, -0.2807787560817686, -0.4023519809835001, -0.42226575746421147, 0.22064041733729442, 0.6339512911608435, 0.6140375146801321, -0.5712908625912436, 0.15400446389711397, 0.11417691093569118, 0.13409068741640257], [0.5441693589830182, 0.658740856316776, 0.5584583997630983, -0.22695721277432254, -0.32723966932800036, -0.6490089020116264, 0.04334523291615406, -0.056937223637523716, 0.16901448004203395, 0.15472501293626256, -0.04583990017109297, 0.0544425563825848], [-0.32957804852643224, -0.3328280762477169, 0.45402804654012474, -0.4492883998060918, 0.3375677229817498, 0.312829885059266, -0.3886123707185057, 0.39824375206933593, -0.0030281032128075674, -0.786634258834149, 0.787077986741534, 0.00022186395369248966]], "inverted": false, "swapped": false, "error_lsq": 0.05296762007243516, "error_max": 0.3590639100398974, "target": "132.xyz", "model": "6.xyz", "model_rescale": 4.509807586411629, "target_rescale": 4.156650709920286},
{"mapping": [6, 5, 4, 3, 2, 12, 10, 9, 8, 1, 0, 13], "R": [[-0.8231670003301459, -0.5673309991919288, -0.02305703630906384], [-0.5605099476260983, 0.8184148946125942, -0.1265924914378614], [0.09069006659859882, -0.09128306322721762, -0.9916868024674915]], "T": [0.05670826601972367, 0.08685713301546141, -0.0023455624765579826], "aligned_model": [[0.47599293670980414, -0.25884115338181013, -0.24054607157456087, -0.4578933370541094, -0.4395982552468602, 0.2393374578701199, 0.6018964507340352, 0.6201915325412843, -0.563591493310276, 0.11534415073613008, 0.1519343143506286, 0.13363923254337934], [0.6725497436899966, 0.513252461001411, 0.6136998886757445, -0.3613340943700314, -0.2608866666956978, -0.5180360479069772, -0.12395933279183638, -0.023511905117502757, 0.20881083545891788, -0.048338058516554594, 0.1525567968321127, 0.05210936915777907], [0.31320122136153755, -0.4495009961827236, 0.33737338503079245, -0.33322875764737364, 0.4536456235661424, -0.3294360128536565, -0.3881709772615592, 0.39870340395195686, -0.003491235642910865, -0.7865729326542517, 0.787175829772781, 0.0003014485592648195]], "inverted": false, "swapped": false, "error_lsq": 0.05274246641778765, "error_max": 0.3620291718309404, "target": "132.xyz", "model": "7.xyz", "model_rescale": 4.509807586411629, "target_rescale": 4.156650709920286},
{"mapping": [12, 3, 2, 5, 4, 6, 10, 9, 8, 1, 0, 13], "R": [[0.5547463853671106, 0.831640899530321, -0.0250970546184933], [-0.8269886459144558, 0.5478290949793583, -0.12638458063653338], [-0.09135768960903232, 0.09086636848964394, 0.9916637916283946]], "T": [0.049749456990133334, 0.05088619187588029, -0.002365894241204871], "aligned_model": [[0.44451681621206784, -0.2608649796010576, -0.2807787560817687, -0.40235198098350006, -0.4222657574642112, 0.22064041733729484, 0.6339512911608434, 0.6140375146801322, -0.5712908625912436, 0.15400446389711367, 0.11417691093569146, 0.13409068741640257], [0.5441693589830185, 0.6587408563167759, 0.558458399763098, -0.22695721277432263, -0.3272396693280005, -0.6490089020116263, 0.04334523291615443, -0.05693722363752345, 0.16901448004203365, 0.1547250129362627, -0.04583990017109304, 0.05444255638258486], [-0.32957804852643224, -0.33282807624771665, 0.4540280465401248, -0.4492883998060917, 0.33756772298174975, 0.31282988505926573, -0.3886123707185058, 0.39824375206933565, -0.0030281032128074876, -0.7866342588341487, 0.787077986741534, 0.00022186395369234524]], "inverted": true, "swapped": false, "error_lsq": 0.05296762007243516, "error_max": 0.3590639100398974, "target": "132.xyz", "model": "8.xyz", "model_rescale": 4.509807586411629, "target_rescale": 4.156650709920286},
{"mapping": [9, 2, 3, 6, 7, 5, 11, 12, 8, 0, 1, 13], "R": [[0.5547462700345301, 0.8316409763696493, -0.02509705771026767], [-0.8269887213756961, 0.547828979312757, -0.12638458823184873], [-0.09135770684604147, 0.09086636257757437, 0.9916637905821477]], "T": [0.04974946961347147, 0.05088613301477416, -0.002365901538925112], "aligned_model": [[0.44451671487780353, -0.2608648935958587, -0.2807786728916158, -0.4023518369310893, -0.4222656162268464, 0.22064034113040576, 0.633951492183843, 0.6140377128880858, -0.5712912137898877, 0.15400435838673204, 0.11417679979521779, 0.1340905790909749], [0.5441691368328623, 0.658740855006501, 0.5584583906041296, -0.22695708789749094, -0.32723955229986235, -0.6490090006627726, 0.043345219158447516, -0.0569372452439239, 0.16901426600382816, 0.15472513370758573, -0.04583979509715707, 0.05444266930521433], [-0.32957808212407635, -0.3328280782839061, 0.4540280579701706, -0.44928839163875095, 0.33756774461532574, 0.3128298732159227, -0.3886123734126533, 0.3982437628414234, -0.0030281405271955246, -0.7866342604728301, 0.787078012035323, 0.0002218757812464207]], "inverted": false, "swapped": false, "error_lsq": 0.05296762477812611, "error_max": 0.3590640306421467, "target": "132.xyz", "model": "9.xyz", "model_rescale": 4.509807504472865, "target_rescale": 4.156650709920286},
{"mapping": [4, 7, 6, 3, 2, 10, 12, 11, 8, 1, 0, 13], "R": [[0.8231669295185633, 0.5673311019242081, -0.023057036592867182], [0.5605100490388172, -0.8184148239729256, -0.12659249909796472], [-0.09069008255307631, 0.0912830580711953, -0.9916868014830525]], "T": [0.05670829988381568, 0.08685718256953892, -0.0023455697056658105], "aligned_model": [[0.47599291079711903, -0.2588410594011443, -0.24054597703630184, -0.4578932624050427, -0.43959818004020024, 0.23933743883785774, 0.6018966401833821, 0.6201917225482245, -0.5635917374232616, 0.11534400725420145, 0.15193417198388648, 0.13363908961904397], [0.672549857294198, 0.5132522956169792, 0.613699731194411, -0.36133411823594064, -0.2608866826585088, -0.5180358068572037, -0.12395940295543484, -0.023511967378002985, 0.20881117342099886, -0.04833813225214331, 0.15255673890272048, 0.052109303325288604], [0.31320121028391323, -0.4495009882877753, 0.3373734064413505, -0.33322876044035227, 0.4536456342887735, -0.32943604627133843, -0.3881709790050012, 0.3987034157241246, -0.003491273990941416, -0.7865729343100439, 0.7871758551482082, 0.000301460419082274]], "inverted": false, "swapped": false, "error_lsq": 0.05274246995864087, "error_max": 0.36202928922507494, "target": "132.xyz", "model": "10.xyz", "model_rescale": 4.509807504472865, "target_rescale": 4.156650709920286},
{"mapping": [5, 6, 7, 2, 3, 9, 11, 12, 8, 0, 1, 13], "R": [[-0.8231669295185627, -0.5673311019242089, -0.023057036592866925], [-0.560510049038818, 0.8184148239729252, -0.1265924990979646], [0.09069008255307615, -0.09128305807119529, -0.9916868014830527]], "T": [0.05670829988381566, 0.08685718256953893, -0.0023455697056659047], "aligned_model": [[0.4759929107971184, -0.2588410594011447, -0.24054597703630237, -0.45789326240504213, -0.43959818004019985, 0.23933743883785835, 0.6018966401833824, 0.6201917225482246, -0.5635917374232619, 0.11534400725420169, 0.1519341719838863, 0.133639089619044], [0.6725498572941985, 0.5132522956169789, 0.6136997311944107, -0.361334118235941, -0.26088668265850923, -0.5180358068572035, -0.12395940295543435, -0.02351196737800254, 0.20881117342099834, -0.04833813225214313, 0.15255673890272048, 0.05210930332528871], [0.31320121028391346, -0.44950098828777546, 0.3373734064413506, -0.33322876044035254, 0.4536456342887735, -0.3294360462713386, -0.3881709790050013, 0.39870341572412477, -0.003491273990941377, -0.7865729343100439, 0.7871758551482081, 0.00030146041908238157]], "inverted": true, "swapped": false, "error_lsq": 0.052742469958640875, "error_max": 0.36202928922507505, "target": "132.xyz", "model": "11.xyz", "model_rescale": 4.509807504472865, "target_rescale": 4.156650709920286},
{"mapping": [9, 2, 3, 6, 7, 5, 11, 12, 8, 0, 1, 13], "R": [[0.5547463794586562, 0.8316409035925929, -0.025097050607760685], [-0.8269886497843673, 0.5478290896914062, -0.1263845782352987], [-0.09135769045538385, 0.09086636319112318, 0.9916637920359285]], "T": [0.04974957905854606, 0.05088620752975985, -0.002365889176005642], "aligned_model": [[0.4445169241738815, -0.26086484272763394, -0.2807786152306517, -0.40235184487839465, -0.4222656173814124, 0.22064034509114766, 0.6339513879609513, 0.6140376154579335, -0.5712910837577705, 0.15400427123958907, 0.11417672623355352, 0.1340904987365713], [0.544169351591723, 0.6587408490013993, 0.5584583983580025, -0.22695718404569543, -0.3272396346890922, -0.6490089802992967, 0.04334524414198112, -0.05693720650141561, 0.16901425212847832, 0.154725083887156, -0.045839817399637425, 0.05444263324375928], [-0.3295780334342947, -0.33282805783741787, 0.4540280338491835, -0.4492883740567928, 0.3375677176298086, 0.3128298581306488, -0.38861235306534403, 0.39824373862125734, -0.0030281356501462974, -0.7866342230822356, 0.7870779602909668, 0.00022186860436564527]], "inverted": false, "swapped": false, "error_lsq": 0.05296760908103729, "error_max": 0.35906386704610216, "target": "132.xyz", "model": "12.xyz", "model_rescale": 4.509807766519439, "target_rescale": 4.156650709920286},
{"mapping": [4, 7, 6, 3, 2, 10, 12, 11, 8, 1, 0, 13], "R": [[0.823166997575834, 0.5673310030694403, -0.023057039233390884], [0.5605099515871779, -0.8184148925316337, -0.12659248735282272], [-0.09069006711722558, 0.09128305778542821, -0.9916868029209704]], "T": [0.05670837347614434, 0.08685707291911256, -0.0023455573199609382], "aligned_model": [[0.4759929001814853, -0.258841036743598, -0.24054595334663026, -0.45789320825711965, -0.43959812486015193, 0.23933755951634017, 0.6018965359819096, 0.6201916193788773, -0.5635916132139, 0.11534394536321618, 0.15193411215715166, 0.1336390287601839], [0.67254984216827, 0.5132523843915977, 0.6136998048130128, -0.36133413740755227, -0.2608867169861373, -0.518036081671426, -0.12395938047055492, -0.02351196004913994, 0.20881113074938928, -0.04833805246144736, 0.1525567883813827, 0.052109367959967685], [0.31320119467791907, -0.4495009702629709, 0.33737337988503185, -0.33322873936480907, 0.4536456107831937, -0.32943599782682675, -0.38817095949621166, 0.3987033906517911, -0.003491268234509605, -0.786572897085539, 0.787175803210467, 0.0003014530624640896]], "inverted": false, "swapped": false, "error_lsq": 0.05274245303432223, "error_max": 0.36202912281839367, "target": "132.xyz", "model": "13.xyz", "model_rescale": 4.509807766519439, "target_rescale": 4.156650709920286},
{"mapping": [5, 6, 7, 2, 3, 9, 11, 12, 8, 0, 1, 13], "R": [[-0.8231669975758338, -0.5673310030694404, -0.023057039233391027], [-0.560509951587178, 0.8184148925316335, -0.12659248735282264], [0.09069006711722567, -0.09128305778542806, -0.9916868029209704]], "T": [0.05670837347614433, 0.08685707291911254, -0.0023455573199610584], "aligned_model": [[0.47599290018148516, -0.2588410367435981, -0.24054595334663026, -0.45789320825711954, -0.43959812486015165, 0.2393375595163402, 0.6018965359819095, 0.6201916193788775, -0.5635916132138998, 0.11534394536321607, 0.15193411215715177, 0.1336390287601839], [0.6725498421682699, 0.5132523843915976, 0.6136998048130127, -0.3613341374075523, -0.26088671698613736, -0.518036081671426, -0.12395938047055477, -0.023511960049139788, 0.20881113074938912, -0.04833805246144729, 0.15255678838138265, 0.05210936795996771], [0.3132011946779191, -0.449500970262971, 0.337373379885032, -0.3332287393648092, 0.4536456107831938, -0.3294359978268269, -0.3881709594962119, 0.3987033906517911, -0.0034912682345094185, -0.7865728970855391, 0.7871758032104667, 0.00030145306246414944]], "inverted": true, "swapped": false, "error_lsq": 0.05274245303432223, "error_max": 0.36202912281839383, "target": "132.xyz", "model": "14.xyz", "model_rescale": 4.509807766519439, "target_rescale": 4.156650709920286},
{"mapping": [10, 1, 5, 8, 6, 2, 3, 9, 7, 3, 4, 11], "R": [[-0.08168966746797263, 0.9683648738038657, -0.23578861170929255], [0.6067019522019743, 0.23601133755458908, 0.7590858908845606], [0.7907208985623724, -0.0810439370250316, -0.6067885470641297]], "T": [0.062169307636055035, 0.011534888685086411, 0.07450915157088427], "aligned_model": [[0.43032159733767406, 0.0007286312488487406, -0.23075473279477593, -0.2800046445173411, -0.3374594347281577, 0.31073276243597586, 0.12368549958852203, 0.6173688601851278, -0.5245066975756116, 0.12368549958852203, -0.043707469947322095, 0.18777589409630258], [0.6541798634118582, 0.6716386472834469, 0.667972654354262, -0.3488513255638444, -0.39733724951648114, -0.655714505361655, -0.053544039507547145, 0.052009397557750206, 0.2048332163376268, -0.053544039507547145, 0.06580218850015403, 0.0694681814293391], [0.0817188538104298, -0.3831811626973229, 0.35585748731124156, -0.24336660646307118, 0.3719779931958996, -0.20312657892580843, -0.6844820440297064, 0.5630743189143276, -0.10937747190799828, -0.6844820440297064, 0.8372129524151393, 0.09817430240657478]], "inverted": false, "swapped": false, "error_lsq": 0.06104549795085685, "error_max": 0.47268367778587145, "target": "132.xyz", "model": "15.xyz", "model_rescale": 4.510870436145588, "target_rescale": 4.156650709920286},
{"mapping": [9, 0, 4, 8, 7, 3, 2, 10, 6, 2, 5, 11], "R": [[0.08168966746797168, -0.9683648738038658, -0.23578861170929183], [-0.606701952201974, -0.23601133755458797, 0.7590858908845612], [-0.7907208985623726, 0.08104393702503176, -0.6067885470641291]], "T": [0.062169307636054986, 0.011534888685086321, 0.07450915157088421], "aligned_model": [[0.4303215973376747, 0.0007286312488492749, -0.23075473279477504, -0.28000464451734164, -0.3374594347281581, 0.310732762435975, 0.12368549958852171, 0.6173688601851279, -0.5245066975756113, 0.12368549958852171, -0.043707469947321824, 0.18777589409630252], [0.6541798634118576, 0.6716386472834474, 0.667972654354262, -0.34885132556384385, -0.3973372495164809, -0.6557145053616553, -0.05354403950754696, 0.05200939755774917, 0.20483321633762744, -0.05354403950754696, 0.0658021885001536, 0.06946818142933892], [0.08171885381043008, -0.3831811626973226, 0.35585748731124195, -0.24336660646307134, 0.37197799319589936, -0.20312657892580882, -0.6844820440297061, 0.5630743189143274, -0.10937747190799792, -0.6844820440297061, 0.8372129524151393, 0.09817430240657465]], "inverted": true, "swapped": false, "error_lsq": 0.06104549795085684, "error_max": 0.4726836777858716, "target": "132.xyz", "model": "16.xyz", "model_rescale": 4.510870436145588, "target_rescale": 4.156650709920286},
{"mapping": [10, 1, 5, 8, 6, 2, 3, 9, 7, 3, 4, 11], "R": [[-0.08168966746797263, 0.9683648738038657, -0.23578861170929255], [0.6067019522019743, 0.23601133755458908, 0.7590858908845606], [0.7907208985623724, -0.0810439370250316, -0.6067885470641297]], "T": [0.06216930763605505, 0.01153488868508637, 0.0745091515708843], "aligned_model": [[0.43032159733767406, 0.0007286312488487545, -0.23075473279477593, -0.28000464451734114, -0.3374594347281577, 0.3107327624359759, 0.12368549958852204, 0.6173688601851279, -0.5245066975756116, 0.12368549958852204, -0.04370746994732208, 0.1877758940963025], [0.6541798634118581, 0.6716386472834468, 0.6679726543542619, -0.34885132556384424, -0.3973372495164812, -0.6557145053616551, -0.053544039507547186, 0.052009397557750164, 0.20483321633762677, -0.053544039507547186, 0.06580218850015399, 0.06946818142933928], [0.08171885381042983, -0.3831811626973229, 0.35585748731124156, -0.24336660646307134, 0.3719779931958996, -0.20312657892580843, -0.6844820440297062, 0.5630743189143277, -0.10937747190799825, -0.6844820440297062, 0.8372129524151394, 0.09817430240657463]], "inverted": false, "swapped": false, "error_lsq": 0.06104549795085685, "error_max": 0.4726836777858714, "target": "132.xyz", "model": "17.xyz", "model_rescale": 4.510870436145588, "target_rescale": 4.156650709920286},
{"mapping": [9, 3, 11, 6, 2, 8, 7, 10, 4, 5, 1, 12], "R": [[0.07020341969866961, -0.9064586871211303, -0.4164182133447685], [0.5927847716278579, 0.3736546738812737, -0.7134342290728608], [0.8022952663382232, -0.19676085288826045, 0.5635667417280439]], "T": [-0.02149782958334038, 0.04512204859116842, 0.10317969634779059], "aligned_model": [[0.7606767505911667, -0.2933163224425404, -0.3203199597149901, -0.3452842533870722, -0.2086290183823867, 0.2779810545273898, 0.6116373579977633, 0.4270204471207932, -0.6269726259129138, -0.011627949916698722, -0.018327000650733123, 0.12502728508798686], [0.35443847101356857, 0.6766217468805307, 0.6231866484349426, -0.4035295350383227, -0.437003591148126, -0.48515769377720275, 0.08648355536432445, -0.21720277812795863, 0.10498049773900348, 0.16811171410320452, 0.27134629597999593, 0.13463765799340127], [0.006383681359451665, -0.3645490224959169, 0.25872980544020774, -0.3485870874125381, 0.4208881356290747, 0.008606991932457064, -0.4429524974891508, 0.4579431707810595, 0.08701046692569092, -0.8001465768341459, 0.7473442859563431, -0.030671353792533246]], "inverted": false, "swapped": false, "error_lsq": 0.05432912876350321, "error_max": 0.3576342212049109, "target": "132.xyz", "model": "18.xyz", "model_rescale": 4.466005644533647, "target_rescale": 4.156650709920286},
{"mapping": [10, 0, 1, 4, 5, 7, 8, 9, 12, 2, 3, 13], "R": [[-0.5547464048649271, -0.8316408866018058, -0.025097052050006462], [0.8269886331562731, -0.5478291148436432, -0.126384578014683], [0.09135768670318618, -0.090866367055103, 0.9916637920275448]], "T": [0.04974951849318822, 0.050886167315750026, -0.0023658958024756873], "aligned_model": [[0.4445168552842999, -0.26086492364554564, -0.28077869753552703, -0.4023519002113729, -0.4222656741013543, 0.2206403060308857, 0.6339513367846727, 0.6140375628946915, -0.5712909710377514, 0.1540043973749034, 0.11417684959494068, 0.13409062348492204], [0.5441693289612829, 0.6587408065057202, 0.5584583548157632, -0.22695724170934634, -0.3272396933993032, -0.649009023578666, 0.04334522106137214, -0.05693723062858474, 0.16901431611189596, 0.1547251687823661, -0.04583973459754765, 0.054442717092409214], [-0.329578042442374, -0.33282807073307774, 0.45402803053212804, -0.4492883882477786, 0.33756771301742716, 0.31282985693821147, -0.3886123612960802, 0.3982437399691256, -0.0030281255409640826, -0.7866342186640786, 0.787077983866333, 0.00022188260112736584]], "inverted": false, "swapped": false, "error_lsq": 0.05296761551637741, "error_max": 0.359063901359299, "target": "132.xyz", "model": "19.xyz", "model_rescale": 4.509807711582247, "target_rescale": 4.156650709920286},
{"mapping": [6, 5, 4, 1, 0, 11, 9, 8, 12, 3, 2, 13], "R": [[-0.8231670141248478, -0.5673309791193486, -0.023057037716589002], [-0.5605099278823311, 0.8184149087125944, -0.1265924877008902], [0.09069006341450517, -0.09128306156367282, -0.9916868029118043]], "T": [0.056708332257721476, 0.08685713285266441, -0.002345563978643725], "aligned_model": [[0.47599287923316874, -0.25884106725351064, -0.24054598483721512, -0.45789326688292825, -0.43959818446663274, 0.23933750486931593, 0.6018964973604675, 0.620191579776763, -0.5635915326850699, 0.11534403085150664, 0.15193419568409758, 0.13363911326780212], [0.6725498975305954, 0.5132524581157362, 0.6136998800369544, -0.3613340685092129, -0.26088664658799465, -0.5180360346781768, -0.1239593391365619, -0.023511917215343694, 0.20881102848622113, -0.048338178129503334, 0.15255666571293305, 0.052109243791714874], [0.31320119344356395, -0.4495009844409095, 0.3373733752852996, -0.3332287522694249, 0.45364560745678423, -0.3294360069062233, -0.388170967810101, 0.3987033919161081, -0.003491258010418213, -0.7865728926144353, 0.7871758268379825, 0.0003014671117736699]], "inverted": false, "swapped": false, "error_lsq": 0.05274246010543517, "error_max": 0.3620291599538653, "target": "132.xyz", "model": "20.xyz", "model_rescale": 4.509807711582248, "target_rescale": 4.156650709920286},
{"mapping": [10, 11, 4, 2, 5, 7, 9, 8, 3, 0, 6, 12], "R": [[0.07020341969866944, -0.9064586871211304, 0.41641821334476875], [0.5927847716278585, 0.3736546738812739, 0.7134342290728608], [-0.8022952663382233, 0.19676085288826084, 0.563566741728044]], "T": [-0.02149782958334044, 0.04512204859116843, -0.1031796963477907], "aligned_model": [[0.760676750591167, -0.3203199597149903, -0.2933163224425405, -0.2086290183823869, -0.3452842533870722, 0.27798105452738997, 0.42702044712079334, 0.6116373579977635, -0.6269726259129141, -0.018327000650733255, -0.011627949916698563, 0.12502728508798694], [0.3544384710135685, 0.6231866484349431, 0.6766217468805308, -0.43700359114812604, -0.4035295350383229, -0.48515769377720297, -0.21720277812795852, 0.08648355536432413, 0.10498049773900371, 0.2713462959799966, 0.1681117141032042, 0.1346376579934013], [-0.006383681359452026, -0.25872980544020774, 0.36454902249591714, -0.4208881356290749, 0.3485870874125384, -0.00860699193245719, -0.45794317078105984, 0.44295249748915067, -0.08701046692569069, -0.7473442859563434, 0.8001465768341463, 0.03067135379253319]], "inverted": false, "swapped": false, "error_lsq": 0.0543291287635032, "error_max": 0.3576342212049112, "target": "132.xyz", "model": "21.xyz", "model_rescale": 4.466005644533646, "target_rescale": 4.156650709920286},
{"mapping": [9, 3, 11, 6, 2, 8, 7, 10, 4, 5, 1, 12], "R": [[0.07020353321100282, -0.9064586757972681, -0.41641821885762265], [0.5927847279321425, 0.373654751693161, -0.7134342246258853], [0.8022952886905841, -0.19676075728911385, 0.5635667432841536]], "T": [-0.021497823272639334, 0.04512204742598805, 0.10317970038274538], "aligned_model": [[0.7606766767496933, -0.29331620928681396, -0.3203202033083185, -0.3452842207811815, -0.20862912420011992, 0.2779811166122745, 0.6116374271839392, 0.42702036617802863, -0.6269725198584787, -0.011627910209516763, -0.018326820533286055, 0.12502718637154486], [0.3544384597855119, 0.6766217518576417, 0.6231867925217859, -0.40352953559332927, -0.43700355544486147, -0.4851577591115651, 0.08648349106538264, -0.21720279039143578, 0.10498050168069409, 0.16811171458361837, 0.2713462237318325, 0.13463769473208625], [0.00638361033111795, -0.36454894666618304, 0.25872979792674805, -0.3485870586960522, 0.4208881131598685, 0.008606966179647985, -0.4429525281213712, 0.45794310463213705, 0.0870105476348361, -0.8001465529970714, 0.7473443277574723, -0.030671381141150672]], "inverted": false, "swapped": false, "error_lsq": 0.054329123286047915, "error_max": 0.3576341850804053, "target": "132.xyz", "model": "22.xyz", "model_rescale": 4.46600560860683, "target_rescale": 4.156650709920286},
{"mapping": [11, 1, 0, 5, 4, 6, 9, 8, 12, 3, 2, 13], "R": [[0.5547463448473191, 0.8316409266216127, -0.025097052545763346], [-0.826988672429614, 0.5478290548256255, -0.12638458118760626], [-0.09135769563449071, 0.0908663626256009, 0.9916637916106188]], "T": [0.049749517034182275, 0.05088616583668787, -0.002365896090766793], "aligned_model": [[0.4445167973848034, -0.2608647947800063, -0.2807785692276556, -0.40235183695216775, -0.42226561139981705, 0.22064035077800942, 0.6339514284766538, 0.6140376540290046, -0.571291245776759, 0.15400430524288244, 0.11417675634758394, 0.1340905307952332], [0.5441692441811418, 0.6587408946820141, 0.5584584396470516, -0.2269571501234422, -0.32723960515840483, -0.649008983913828, 0.04334524035268832, -0.056937214682274306, 0.16901417787748008, 0.15472510388660762, -0.04583980618331762, 0.05444264885164502], [-0.3295780564382416, -0.33282805794693276, 0.45402804947944153, -0.4492883796410278, 0.3375677277853465, 0.31282986434233856, -0.38861235977503883, 0.39824374765133547, -0.003028150107282396, -0.7866342358763538, 0.7870779789763946, 0.00022187155002024745]], "inverted": true, "swapped": false, "error_lsq": 0.05296761566339208, "error_max": 0.35906395401102553, "target": "132.xyz", "model": "23.xyz", "model_rescale": 4.509807674373902, "target_rescale": 4.156650709920286},
{"mapping": [6, 5, 4, 1, 0, 11, 9, 8, 12, 3, 2, 13], "R": [[-0.8231669759266055, -0.5673310345034187, -0.02305703868948282], [-0.5605099825879737, 0.8184148707900887, -0.12659249064961278], [0.09069007202046431, -0.09128305734868658, -0.9916868025127691]], "T": [0.0567083315255318, 0.08685713464300901, -0.0023455642568267414], "aligned_model": [[0.4759929088372198, -0.2588410403346691, -0.2405459569954666, -0.457893182243446, -0.43959809890424356, 0.23933747993653393, 0.6018965744100827, 0.6201916577492851, -0.563591735368907, 0.11534396927125604, 0.15193413594966093, 0.1336390526104585], [0.6725498417959562, 0.5132523510296533, 0.6136997761193418, -0.3613341959052182, -0.2608867708155298, -0.5180359354415367, -0.12395939405502415, -0.02351196896533575, 0.20881126217184093, -0.048338083928616965, 0.1525567662507598, 0.05210934116107144], [0.31320120107815846, -0.44950097590244753, 0.3373733899992767, -0.33322873963775224, 0.453645626263972, -0.3294360208740037, -0.3881709660216218, 0.3987033998801024, -0.0034912829499892098, -0.7865729098469557, 0.787175821956492, 0.0003014560547682501]], "inverted": false, "swapped": false, "error_lsq": 0.05274245910364978, "error_max": 0.36202921247417397, "target": "132.xyz", "model": "24.xyz", "model_rescale": 4.509807674373903, "target_rescale": 4.156650709920286},
{"mapping": [10, 11, 4, 2, 5, 7, 9, 8, 3, 0, 6, 12], "R": [[0.07020353321100291, -0.9064586757972679, 0.41641821885762287], [0.5927847279321423, 0.3736547516931611, 0.7134342246258851], [-0.8022952886905839, 0.19676075728911385, 0.5635667432841535]], "T": [-0.02149782327263939, 0.045122047425988035, -0.10317970038274546], "aligned_model": [[0.7606766767496934, -0.32032020330831834, -0.2933162092868139, -0.2086291242001201, -0.3452842207811816, 0.27798111661227437, 0.4270203661780286, 0.6116374271839392, -0.6269725198584787, -0.01832682053328604, -0.011627910209516763, 0.1250271863715449], [0.35443845978551164, 0.6231867925217859, 0.6766217518576417, -0.4370035554448614, -0.4035295355933291, -0.4851577591115649, -0.21720279039143575, 0.08648349106538251, 0.10498050168069435, 0.2713462237318326, 0.1681117145836183, 0.13463769473208625], [-0.006383610331118117, -0.2587297979267481, 0.36454894666618287, -0.4208881131598685, 0.3485870586960522, -0.008606966179648026, -0.45794310463213705, 0.44295252812137087, -0.08701054763483602, -0.7473443277574722, 0.8001465529970712, 0.030671381141150617]], "inverted": false, "swapped": false, "error_lsq": 0.054329123286047915, "error_max": 0.3576341850804056, "target": "132.xyz", "model": "25.xyz", "model_rescale": 4.466005608606829, "target_rescale": 4.156650709920286},
{"mapping": [9, 11, 3, 2, 6, 8, 10, 7, 4, 1, 5, 12], "R": [[-0.07020336645430234, 0.9064586933807763, 0.41641820869517554], [-0.59278478678699, -0.3736546370672341, 0.713434235758319], [0.8022952597967821, -0.19676089396160346, 0.5635667367003173]], "T": [-0.021497826326500123, 0.04512208262743139, -0.103179735164476], "aligned_model": [[0.7606767043346142, -0.3203199789257497, -0.29331630486889065, -0.20862900927802022, -0.3452842096990507, 0.2779810603554525, 0.42702041905207894, 0.6116373456379877, -0.6269725901514259, -0.018327023127230745, -0.011627924416515549, 0.12502727600451505], [0.3544384528739111, 0.6231865823594127, 0.6766218024797328, -0.437003604576887, -0.4035295670371523, -0.48515769345502596, -0.2172027768465582, 0.0864835362654433, 0.10498057275926351, 0.2713463967683226, 0.16811166268331695, 0.13463762514358246], [-0.006383660111981229, -0.2587297270384306, 0.36454889402284246, -0.4208880711187005, 0.34858712440466044, -0.00860696495788614, -0.4579431259322544, 0.442952500862387, -0.0870105717974307, -0.7473443832597126, 0.8001465902249336, 0.03067139470157272]], "inverted": true, "swapped": false, "error_lsq": 0.05432913127549462, "error_max": 0.35763420792008405, "target": "132.xyz", "model": "26.xyz", "model_rescale": 4.466005838112752, "target_rescale": 4.156650709920286},
{"mapping": [10, 0, 1, 4, 5, 7, 8, 9, 12, 2, 3, 13], "R": [[-0.554746452132017, -0.8316408549838205, -0.025097054981009705], [0.8269886022437737, -0.547829161623573, -0.12638457751522814], [0.091357679512066, -0.09086637439995705, 0.991663792017021]], "T": [0.04974949852428519, 0.05088619979008711, -0.0023658921039693068], "aligned_model": [[0.44451685659425216, -0.2608650233466281, -0.2807787987609137, -0.4023519434081484, -0.422265718822434, 0.22064037672897968, 0.6339513591338739, 0.6140375837195882, -0.5712909111238276, 0.1540044368152932, 0.11417688598672183, 0.1340906614010075], [0.5441692713913181, 0.6587408881648398, 0.5584584409067044, -0.2269571325611666, -0.32723957981930196, -0.6490090444447365, 0.04334519414781322, -0.056937253110322224, 0.16901421734030703, 0.15472510972543765, -0.04583978479083322, 0.054442662467302214], [-0.32957803266690133, -0.33282804791226056, 0.45402802168030626, -0.44928836046688647, 0.33756770912568035, 0.3128298408947452, -0.38861234626956276, 0.39824372332300406, -0.0030281384427567957, -0.786634192681023, 0.7870779465041107, 0.00022187691154392257]], "inverted": false, "swapped": false, "error_lsq": 0.05296762211999153, "error_max": 0.3590639076926221, "target": "132.xyz", "model": "27.xyz", "model_rescale": 4.509807893063789, "target_rescale": 4.156650709920286},
{"mapping": [6, 5, 4, 1, 0, 11, 9, 8, 12, 3, 2, 13], "R": [[-0.8231670484075313, -0.5673309294858278, -0.023057035038786384], [-0.5605098787197249, 0.8184149422800755, -0.1265924883644375], [0.0906900560901382, -0.09128306908429216, -0.9916868028893598]], "T": [0.05670830166557346, 0.08685711007830162, -0.0023455603013099687], "aligned_model": [[0.4759929546311193, -0.258841146438444, -0.24054606688312818, -0.4578933912905638, -0.43959831173524794, 0.23933752556979532, 0.6018965275223364, 0.6201916070776522, -0.5635914397835522, 0.11534408919395023, 0.15193424830458185, 0.133639168749266], [0.672549889031711, 0.5132523738958134, 0.6136997923013796, -0.3613341054526674, -0.2608866870471013, -0.5180359825046189, -0.12395932451319379, -0.023511906107627586, 0.2088110998516847, -0.04833813841823868, 0.1525566983928936, 0.05210927998732748], [0.31320117748263016, -0.44950095683844443, 0.33737337120493244, -0.33322872960019845, 0.4536455984431784, -0.3294359969992889, -0.38817095261573614, 0.3987033754276407, -0.003491270978240058, -0.7865728665522013, 0.7871757895345518, 0.00030146149117539836]], "inverted": false, "swapped": false, "error_lsq": 0.05274246827626797, "error_max": 0.36202916396005164, "target": "132.xyz", "model": "28.xyz", "model_rescale": 4.5098078930637895, "target_rescale": 4.156650709920286},
{"mapping": [10, 11, 4, 2, 5, 7, 9, 8, 3, 0, 6, 12], "R": [[0.07020336645430222, -0.9064586933807766, 0.4164182086951753], [0.5927847867869902, 0.3736546370672338, 0.7134342357583191], [-0.8022952597967821, 0.19676089396160357, 0.5635667367003176]], "T": [-0.021497826326500144, 0.04512208262743133, -0.10317973516447608], "aligned_model": [[0.7606767043346141, -0.32031997892575, -0.293316304868891, -0.20862900927802003, -0.34528420969905066, 0.27798106035545267, 0.4270204190520791, 0.6116373456379877, -0.6269725901514258, -0.018327023127230696, -0.011627924416515709, 0.12502727600451502], [0.3544384528739113, 0.6231865823594126, 0.6766218024797325, -0.437003604576887, -0.4035295670371525, -0.4851576934550259, -0.21720277684655792, 0.0864835362654433, 0.10498057275926334, 0.27134639676832284, 0.16811166268331673, 0.13463762514358246], [-0.006383660111981285, -0.25872972703843056, 0.3645488940228425, -0.42088807111870075, 0.3485871244046604, -0.008606964957886237, -0.4579431259322545, 0.4429525008623869, -0.08701057179743066, -0.7473443832597126, 0.8001465902249336, 0.03067139470157272]], "inverted": false, "swapped": false, "error_lsq": 0.05432913127549461, "error_max": 0.3576342079200838, "target": "132.xyz", "model": "29.xyz", "model_rescale": 4.466005838112752, "target_rescale": 4.156650709920286},
