[{"mapping": [9, 6, 0, 5, 8, 3, 10, 2, 4, 7, 2, 11], "R": [[0.08168969738156423, -0.9683648692159779, 0.23578862018772345], [-0.6067019795413255, -0.2360113593928707, -0.7590858622436374], [0.7907208744951315, -0.08104392824790302, -0.6067885795990258]], "T": [0.06216942172309282, 0.01153485623811315, -0.07450905163807439], "aligned_model": [[0.43032176268912475, -0.23075494754301545, 0.0007286072648926625, -0.3374593989428164, -0.28000462166863804, 0.310732779883344, 0.6173690168211481, 0.12368552575132066, -0.5245066530748398, -0.043707693410992114, 0.12368552575132066, 0.18777586139691596], [0.6541798810399224, 0.667972559439846, 0.6716387173141398, -0.39733720630495994, -0.34885117328988313, -0.6557145800902173, 0.05200948761690563, -0.05354418666720048, 0.20483318711805684, 0.06580216601682923, -0.05354418666720048, 0.06946832389112319], [-0.08171881469884254, -0.3558574489982117, 0.38318097861297806, -0.37197797330863624, 0.24336640102270155, 0.20312670525424184, -0.5630742658750136, 0.6844821564304129, 0.10937747786753482, -0.8372129001743828, 0.6844821564304129, -0.0981744725631929]], "inverted": false, "swapped": false, "error_lsq": 0.06104551125671001, "error_max": 0.47268371610999377, "target": "133.xyz", "model": "0.xyz", "model_rescale": 4.5108708085295355, "target_rescale": 4.156650709920286},
{"mapping": [9, 6, 0, 5, 8, 3, 10, 2, 4, 7, 2, 11], "R": [[0.08168969738156401, -0.9683648692159783, 0.23578862018772312], [-0.6067019795413257, -0.23601135939287027, -0.7590858622436376], [0.7907208744951317, -0.08104392824790307, -0.6067885795990259]], "T": [0.06216942172309279, 0.011534856238113102, -0.07450905163807443], "aligned_model": [[0.43032176268912503, -0.2307549475430152, 0.0007286072648929123, -0.33745939894281674, -0.2800046216686382, 0.3107327798833437, 0.6173690168211481, 0.12368552575132066, -0.5245066530748397, -0.043707693410992225, 0.12368552575132066, 0.18777586139691593], [0.6541798810399221, 0.6679725594398461, 0.6716387173141399, -0.3973372063049596, -0.348851173289883, -0.6557145800902172, 0.052009487616905416, -0.05354418666720059, 0.20483318711805706, 0.0658021660168294, -0.05354418666720059, 0.06946832389112315], [-0.08171881469884267, -0.3558574489982119, 0.3831809786129781, -0.37197797330863613, 0.24336640102270163, 0.20312670525424203, -0.5630742658750135, 0.6844821564304129, 0.10937747786753475, -0.8372129001743828, 0.6844821564304129, -0.09817447256319287]], "inverted": false, "swapped": false, "error_lsq": 0.06104551125671001, "error_max": 0.47268371610999377, "target": "133.xyz", "model": "1.xyz", "model_rescale": 4.510870808529536, "target_rescale": 4.156650709920286},
{"mapping": [10, 7, 1, 4, 8, 2, 9, 3, 5, 6, 3, 11], "R": [[-0.08168969738156401, 0.9683648692159781, 0.23578862018772304], [0.6067019795413257, 0.23601135939287027, -0.7590858622436374], [-0.7907208744951315, 0.08104392824790302, -0.6067885795990259]], "T": [0.06216942172309282, 0.011534856238113032, -0.07450905163807449], "aligned_model": [[0.43032176268912503, -0.23075494754301523, 0.0007286072648930234, -0.33745939894281674, -0.2800046216686383, 0.3107327798833437, 0.6173690168211481, 0.12368552575132066, -0.5245066530748397, -0.04370769341099221, 0.12368552575132066, 0.1877758613969159], [0.6541798810399222, 0.6679725594398461, 0.6716387173141397, -0.3973372063049597, -0.34885117328988297, -0.6557145800902174, 0.0520094876169054, -0.0535441866672006, 0.2048331871180571, 0.06580216601682934, -0.0535441866672006, 0.06946832389112323], [-0.0817188146988425, -0.35585744899821165, 0.383180978612978, -0.37197797330863624, 0.24336640102270163, 0.20312670525424176, -0.5630742658750136, 0.6844821564304129, 0.10937747786753486, -0.8372129001743829, 0.6844821564304129, -0.09817447256319281]], "inverted": true, "swapped": false, "error_lsq": 0.06104551125671001, "error_max": 0.47268371610999377, "target": "133.xyz", "model": "2.xyz", "model_rescale": 4.5108708085295355, "target_rescale": 4.156650709920286},
{"mapping": [11, 2, 3, 4, 5, 7, 9, 10, 8, 0, 1, 13], "R": [[-0.5547463251591358, -0.8316409397822592, -0.02509705162992442], [0.826988685319017, -0.5478290353073427, -0.12638458145102233], [0.09135769850843564, -0.09086635984954482, 0.9916637916002251]], "T": [0.049749439374156094, 0.050886181224900656, -0.002365896117790412], "aligned_model": [[0.44451672396726155, -0.26086485479057825, -0.28077862820829264, -0.402351915966737, -0.42226568938445136, 0.2206402553851028, 0.6339515246439884, 0.614037751226274, -0.5712911268137283, 0.1540043483706895, 0.11417680153526083, 0.13409057495297516], [0.5441692431101613, 0.6587409083580997, 0.5584584546412087, -0.2269571195528681, -0.32723957326975917, -0.6490089621326574, 0.043345364005596854, -0.056937089711294214, 0.16901432745986988, 0.15472493255322584, -0.04583997488055626, 0.05444247883633478], [-0.3295780526003469, -0.3328280512084185, 0.4540280442275952, -0.4492883713361356, 0.3375677240998781, 0.3128298582486549, -0.3886123360582025, 0.3982437593778112, -0.003028127450592593, -0.7866342445360939, 0.7870779463359332, 0.00022185089991956335]], "inverted": false, "swapped": false, "error_lsq": 0.052967627399792126, "error_max": 0.3590639719662588, "target": "133.xyz", "model": "3.xyz", "model_rescale": 4.509807743048502, "target_rescale": 4.156650709920286},
{"mapping": [6, 5, 4, 3, 2, 12, 10, 9, 8, 1, 0, 13], "R": [[-0.8231669650314911, -0.5673310502648492, -0.02305703984095728], [-0.5605099981890982, 0.8184148601663027, -0.12659249025526226], [0.09069007448944652, -0.09128305463970189, -0.9916868025363371]], "T": [0.05670825379131585, 0.08685714920765382, -0.0023455643324588123], "aligned_model": [[0.4759928147978872, -0.2588411229015316, -0.24054603892726242, -0.45789324486914307, -0.43959816089487397, 0.23933740966252356, 0.6018966167724036, 0.6201917007466726, -0.5635916801621071, 0.11534407292346285, 0.15193424087200114, 0.133639156897732], [0.6725498550858121, 0.5132523535237195, 0.6136997767709056, -0.36133418394452815, -0.260886760697342, -0.5180359079477121, -0.12395954714944087, -0.02351212390225467, 0.20881108170676796, -0.04833794125670808, 0.15255690523766435, 0.05210948199047817], [0.3132011951908556, -0.44950096768622216, 0.33737338625181057, -0.3332287332130383, 0.4536456207249944, -0.32943601712630316, -0.38817094210286957, 0.39870341183516317, -0.003491260451507494, -0.7865729184123267, 0.7871757894637393, 0.0003014355257064437]], "inverted": false, "swapped": false, "error_lsq": 0.05274246940251152, "error_max": 0.3620292349166011, "target": "133.xyz", "model": "4.xyz", "model_rescale": 4.509807743048502, "target_rescale": 4.156650709920286},
{"mapping": [11, 2, 3, 4, 5, 7, 9, 10, 8, 0, 1, 13], "R": [[-0.554746325159136, -0.8316409397822591, -0.025097051629924445], [0.8269886853190169, -0.547829035307343, -0.12638458145102235], [0.09135769850843561, -0.09086635984954487, 0.9916637916002251]], "T": [0.0497494393741561, 0.05088618122490067, -0.00236589611779049], "aligned_model": [[0.4445167239672615, -0.2608648547905784, -0.2807786282082928, -0.4023519159667369, -0.4222656893844513, 0.2206402553851029, 0.6339515246439885, 0.6140377512262741, -0.5712911268137283, 0.15400434837068952, 0.1141768015352608, 0.13409057495297516], [0.5441692431101615, 0.6587409083580997, 0.5584584546412087, -0.22695711955286824, -0.32723957326975933, -0.6490089621326575, 0.043345364005597034, -0.056937089711294034, 0.16901432745986972, 0.15472493255322586, -0.045839974880556245, 0.054442478836334775], [-0.3295780526003469, -0.3328280512084185, 0.45402804422759513, -0.4492883713361356, 0.33756772409987806, 0.31282985824865484, -0.38861233605820245, 0.3982437593778112, -0.0030281274505924126, -0.786634244536094, 0.7870779463359331, 0.00022185089991978366]], "inverted": false, "swapped": false, "error_lsq": 0.052967627399792126, "error_max": 0.3590639719662587, "target": "133.xyz", "model": "5.xyz", "model_rescale": 4.509807743048502, "target_rescale": 4.156650709920286},
{"mapping": [12, 3, 2, 5, 4, 6, 10, 9, 8, 1, 0, 13], "R": [[0.5547463853671106, 0.831640899530321, -0.025097054618493313], [-0.8269886459144558, 0.5478290949793583, -0.12638458063653335], [-0.09135768960903229, 0.09086636848964393, 0.9916637916283946]], "T": [0.049749456990133334, 0.0508861918758803, -0.0023658942412047475], "aligned_model": [[0.44451681621206784, -0.2608649796010576, -0.2807787560817687, -0.40235198098350006, -0.4222657574642112, 0.22064041733729484, 0.6339512911608434, 0.6140375146801322, -0.5712908625912436, 0.1540044638971137, 0.11417691093569145, 0.13409068741640257], [0.5441693589830185, 0.6587408563167759, 0.5584583997630981, -0.22695721277432265, -0.3272396693280005, -0.6490089020116263, 0.04334523291615443, -0.05693722363752344, 0.16901448004203362, 0.1547250129362627, -0.045839900171093, 0.05444255638258484], [-0.3295780485264322, -0.33282807624771654, 0.45402804654012496, -0.4492883998060916, 0.3375677229817499, 0.31282988505926596, -0.3886123707185057, 0.3982437520693358, -0.0030281032128070783, -0.7866342588341485, 0.7870779867415342, 0.00022186395369276114]], "inverted": true, "swapped": false, "error_lsq": 0.05296762007243516, "error_max": 0.35906391003989774, "target": "133.xyz", "model": "6.xyz", "model_rescale": 4.509807586411629, "target_rescale": 4.156650709920286},
{"mapping": [6, 5, 4, 3, 2, 12, 10, 9, 8, 1, 0, 13], "R": [[-0.8231670003301462, -0.5673309991919282, -0.023057036309063365], [-0.560509947626098, 0.8184148946125945, -0.12659249143786122], [0.0906900665985983, -0.0912830632272178, -0.9916868024674915]], "T": [0.056708266019723674, 0.08685713301546141, -0.0023455624765577744], "aligned_model": [[0.47599293670980425, -0.2588411533818097, -0.24054607157456076, -0.4578933370541095, -0.4395982552468606, 0.23933745787011976, 0.6018964507340352, 0.6201915325412841, -0.5635914933102758, 0.11534415073613044, 0.15193431435062818, 0.1336392325433793], [0.6725497436899965, 0.5132524610014111, 0.6136998886757445, -0.36133409437003117, -0.2608866666956977, -0.5180360479069772, -0.1239593327918366, -0.023511905117503146, 0.2088108354589182, -0.04833805851655451, 0.1525567968321125, 0.05210936915777903], [0.31320122136153805, -0.44950099618272343, 0.3373733850307926, -0.33322875764737375, 0.4536456235661423, -0.32943601285365626, -0.3881709772615587, 0.39870340395195736, -0.003491235642910969, -0.7865729326542514, 0.7871758297727812, 0.0003014485592650641]], "inverted": false, "swapped": false, "error_lsq": 0.05274246641778765, "error_max": 0.36202917183094063, "target": "133.xyz", "model": "7.xyz", "model_rescale": 4.509807586411629, "target_rescale": 4.156650709920286},
{"mapping": [11, 2, 3, 4, 5, 7, 9, 10, 8, 0, 1, 13], "R": [[-0.5547463853671104, -0.831640899530321, -0.02509705461849361], [0.8269886459144558, -0.5478290949793581, -0.1263845806365333], [0.09135768960903208, -0.0908663684896441, 0.9916637916283946]], "T": [0.049749456990133334, 0.050886191875880324, -0.0023658942412049214], "aligned_model": [[0.44451681621206796, -0.2608649796010573, -0.28077875608176867, -0.40235198098349995, -0.4222657574642113, 0.22064041733729456, 0.6339512911608434, 0.614037514680132, -0.5712908625912435, 0.15400446389711392, 0.11417691093569121, 0.13409068741640257], [0.5441693589830182, 0.6587408563167758, 0.5584583997630981, -0.22695721277432251, -0.3272396693280003, -0.6490089020116263, 0.043345232916154317, -0.0569372236375235, 0.1690144800420337, 0.15472501293626267, -0.04583990017109295, 0.054442556382584814], [-0.329578048526432, -0.3328280762477166, 0.45402804654012485, -0.44928839980609164, 0.3375677229817498, 0.312829885059266, -0.38861237071850546, 0.398243752069336, -0.003028103212807133, -0.7866342588341487, 0.787077986741534, 0.00022186395369290296]], "inverted": false, "swapped": false, "error_lsq": 0.05296762007243516, "error_max": 0.3590639100398977, "target": "133.xyz", "model": "8.xyz", "model_rescale": 4.509807586411629, "target_rescale": 4.156650709920286},
{"mapping": [9, 2, 3, 6, 7, 5, 11, 12, 8, 0, 1, 13], "R": [[0.5547462700345301, 0.8316409763696494, -0.025097057710267726], [-0.8269887213756962, 0.547828979312757, -0.12638458823184873], [-0.09135770684604146, 0.09086636257757441, 0.9916637905821477]], "T": [0.04974946961347147, 0.050886133014774154, -0.0023659015389249187], "aligned_model": [[0.44451671487780364, -0.2608648935958586, -0.28077867289161584, -0.4023518369310893, -0.4222656162268465, 0.2206403411304057, 0.633951492183843, 0.6140377128880858, -0.5712912137898878, 0.15400435838673207, 0.11417679979521775, 0.1340905790909749], [0.5441691368328623, 0.6587408550065011, 0.5584583906041297, -0.22695708789749094, -0.32723955229986235, -0.6490090006627727, 0.04334521915844751, -0.056937245243923906, 0.1690142660038282, 0.15472513370758573, -0.04583979509715708, 0.05444266930521432], [-0.32957808212407613, -0.33282807828390587, 0.4540280579701708, -0.44928839163875073, 0.33756774461532596, 0.3128298732159229, -0.38861237341265303, 0.39824376284142365, -0.003028140527195359, -0.7866342604728299, 0.7870780120353232, 0.00022187578124661846]], "inverted": false, "swapped": false, "error_lsq": 0.05296762477812611, "error_max": 0.3590640306421469, "target": "133.xyz", "model": "9.xyz", "model_rescale": 4.509807504472865, "target_rescale": 4.156650709920286},
{"mapping": [4, 7, 6, 3, 2, 10, 12, 11, 8, 1, 0, 13], "R": [[0.8231669295185632, 0.5673311019242082, -0.023057036592867286], [0.5605100490388173, -0.8184148239729256, -0.126592499097964], [-0.09069008255307602, 0.09128305807119463, -0.9916868014830527]], "T": [0.05670829988381568, 0.08685718256953892, -0.002345569705665611], "aligned_model": [[0.4759929107971189, -0.25884105940114444, -0.24054597703630184, -0.4578932624050427, -0.4395981800402, 0.23933743883785777, 0.601896640183382, 0.6201917225482246, -0.5635917374232616, 0.11534400725420138, 0.1519341719838866, 0.13363908961904397], [0.6725498572941978, 0.5132522956169795, 0.6136997311944107, -0.3613341182359404, -0.2608866826585091, -0.5180358068572034, -0.12395940295543453, -0.023511967378003235, 0.2088111734209988, -0.04833813225214276, 0.15255673890271992, 0.05210930332528861], [0.31320121028391373, -0.4495009882877748, 0.3373734064413511, -0.3332287604403524, 0.4536456342887735, -0.32943604627133877, -0.3881709790050013, 0.3987034157241246, -0.0034912739909410432, -0.7865729343100438, 0.7871758551482085, 0.0003014604190824388]], "inverted": false, "swapped": false, "error_lsq": 0.05274246995864087, "error_max": 0.36202928922507577, "target": "133.xyz", "model": "10.xyz", "model_rescale": 4.509807504472865, "target_rescale": 4.156650709920286},
{"mapping": [5, 6, 7, 2, 3, 9, 11, 12, 8, 0, 1, 13], "R": [[-0.8231669295185625, -0.567331101924209, -0.023057036592866804], [-0.5605100490388181, 0.8184148239729249, -0.12659249909796466], [0.0906900825530761, -0.09128305807119536, -0.9916868014830524]], "T": [0.056708299883815656, 0.08685718256953893, -0.0023455697056657104], "aligned_model": [[0.47599291079711814, -0.2588410594011447, -0.24054597703630248, -0.4578932624050419, -0.4395981800401997, 0.23933743883785846, 0.6018966401833823, 0.6201917225482245, -0.5635917374232617, 0.11534400725420177, 0.1519341719838862, 0.13363908961904397], [0.6725498572941984, 0.5132522956169787, 0.6136997311944106, -0.36133411823594114, -0.2608866826585093, -0.5180358068572034, -0.12395940295543413, -0.023511967378002305, 0.20881117342099817, -0.04833813225214313, 0.15255673890272053, 0.05210930332528874], [0.31320121028391357, -0.4495009882877751, 0.3373734064413507, -0.3332287604403522, 0.45364563428877364, -0.32943604627133827, -0.3881709790050009, 0.39870341572412493, -0.0034912739909412384, -0.7865729343100435, 0.7871758551482081, 0.00030146041908258366]], "inverted": true, "swapped": false, "error_lsq": 0.05274246995864087, "error_max": 0.36202928922507516, "target": "133.xyz", "model": "11.xyz", "model_rescale": 4.509807504472865, "target_rescale": 4.156650709920286},
{"mapping": [9, 2, 3, 6, 7, 5, 11, 12, 8, 0, 1, 13], "R": [[0.5547463794586563, 0.8316409035925928, -0.025097050607760713], [-0.8269886497843671, 0.5478290896914063, -0.1263845782352987], [-0.09135769045538383, 0.0908663631911232, 0.9916637920359284]], "T": [0.049749579058546066, 0.05088620752975985, -0.002365889176005449], "aligned_model": [[0.4445169241738815, -0.260864842727634, -0.28077861523065184, -0.40235184487839454, -0.4222656173814124, 0.2206403450911478, 0.6339513879609513, 0.6140376154579335, -0.5712910837577705, 0.1540042712395891, 0.11417672623355352, 0.1340904987365713], [0.544169351591723, 0.6587408490013992, 0.5584583983580024, -0.22695718404569554, -0.3272396346890923, -0.6490089802992965, 0.04334524414198123, -0.0569372065014155, 0.1690142521284782, 0.154725083887156, -0.04583981739963741, 0.054442633243759295], [-0.32957803343429437, -0.3328280578374176, 0.45402803384918367, -0.4492883740567925, 0.33756771762980875, 0.31282985813064895, -0.3886123530653437, 0.3982437386212575, -0.0030281356501461252, -0.7866342230822353, 0.7870779602909669, 0.00022186860436584]], "inverted": false, "swapped": false, "error_lsq": 0.05296760908103728, "error_max": 0.35906386704610227, "target": "133.xyz", "model": "12.xyz", "model_rescale": 4.509807766519439, "target_rescale": 4.156650709920286},
{"mapping": [4, 7, 6, 3, 2, 10, 12, 11, 8, 1, 0, 13], "R": [[0.8231669975758341, 0.5673310030694402, -0.02305703923339062], [0.5605099515871778, -0.8184148925316336, -0.12659248735282316], [-0.0906900671172256, 0.09128305778542874, -0.9916868029209704]], "T": [0.05670837347614434, 0.08685707291911256, -0.0023455573199607444], "aligned_model": [[0.4759929001814852, -0.2588410367435978, -0.24054595334663031, -0.45789320825711954, -0.43959812486015204, 0.23933755951634023, 0.6018965359819097, 0.6201916193788772, -0.5635916132139, 0.11534394536321638, 0.15193411215715144, 0.1336390287601839], [0.6725498421682701, 0.5132523843915975, 0.6136998048130129, -0.36133413740755244, -0.260886716986137, -0.5180360816714262, -0.12395938047055509, -0.023511960049139732, 0.20881113074938928, -0.04833805246144772, 0.15255678838138306, 0.05210936795996769], [0.3132011946779192, -0.44950097026297103, 0.33737337988503174, -0.33322873936480885, 0.45364561078319393, -0.32943599782682625, -0.3881709594962112, 0.39870339065179156, -0.003491268234509633, -0.7865728970855389, 0.7871758032104672, 0.0003014530624643199]], "inverted": false, "swapped": false, "error_lsq": 0.05274245303432223, "error_max": 0.36202912281839356, "target": "133.xyz", "model": "13.xyz", "model_rescale": 4.509807766519439, "target_rescale": 4.156650709920286},
{"mapping": [5, 6, 7, 2, 3, 9, 11, 12, 8, 0, 1, 13], "R": [[-0.8231669975758336, -0.5673310030694404, -0.023057039233390936], [-0.560509951587178, 0.8184148925316332, -0.12659248735282252], [0.09069006711722555, -0.09128305778542797, -0.9916868029209702]], "T": [0.056708373476144325, 0.08685707291911254, -0.002345557319960862], "aligned_model": [[0.475992900181485, -0.25884103674359804, -0.24054595334663031, -0.4578932082571193, -0.4395981248601516, 0.23933755951634025, 0.6018965359819095, 0.6201916193788772, -0.5635916132138997, 0.11534394536321613, 0.15193411215715166, 0.1336390287601839], [0.6725498421682699, 0.5132523843915975, 0.6136998048130125, -0.36133413740755227, -0.2608867169861374, -0.5180360816714258, -0.1239593804705546, -0.02351196004913972, 0.208811130749389, -0.04833805246144718, 0.15255678838138254, 0.05210936795996773], [0.31320119467791935, -0.4495009702629707, 0.3373733798850322, -0.333228739364809, 0.4536456107831939, -0.32943599782682675, -0.38817095949621166, 0.3987033906517912, -0.0034912682345092363, -0.7865728970855388, 0.7871758032104668, 0.00030145306246434503]], "inverted": true, "swapped": false, "error_lsq": 0.05274245303432223, "error_max": 0.36202912281839417, "target": "133.xyz", "model": "14.xyz", "model_rescale": 4.509807766519439, "target_rescale": 4.156650709920286},
{"mapping": [9, 4, 0, 7, 8, 3, 10, 2, 6, 5, 2, 11], "R": [[-0.08168966746797279, 0.9683648738038658, 0.23578861170929222], [0.606701952201975, 0.2360113375545888, -0.7590858908845604], [-0.7907208985623719, 0.08104393702503146, -0.6067885470641302]], "T": [0.062169307636054986, 0.011534888685086495, -0.07450915157088414], "aligned_model": [[0.43032159733767417, -0.23075473279477593, 0.0007286312488489696, -0.3374594347281579, -0.28000464451734114, 0.31073276243597586, 0.6173688601851277, 0.12368549958852229, -0.5245066975756115, -0.04370746994732235, 0.12368549958852229, 0.18777589409630252], [0.6541798634118582, 0.6679726543542623, 0.6716386472834468, -0.3973372495164809, -0.34885132556384446, -0.6557145053616555, 0.052009397557750345, -0.05354403950754767, 0.2048332163376269, 0.06580218850015455, -0.05354403950754767, 0.06946818142933917], [-0.08171885381042945, -0.3558574873112409, 0.3831811626973235, -0.37197799319589964, 0.2433666064630712, 0.2031265789258079, -0.5630743189143277, 0.6844820440297062, 0.1093774719079986, -0.8372129524151392, 0.6844820440297062, -0.09817430240657465]], "inverted": false, "swapped": false, "error_lsq": 0.061045497950856835, "error_max": 0.47268367778587106, "target": "133.xyz", "model": "15.xyz", "model_rescale": 4.510870436145588, "target_rescale": 4.156650709920286},
{"mapping": [10, 5, 1, 6, 8, 2, 9, 3, 7, 4, 3, 11], "R": [[0.08168966746797163, -0.9683648738038657, 0.235788611709292], [-0.6067019522019741, -0.23601133755458809, -0.759085890884561], [0.7907208985623724, -0.08104393702503199, -0.6067885470641292]], "T": [0.06216930763605501, 0.011534888685086363, -0.07450915157088407], "aligned_model": [[0.4303215973376746, -0.2307547327947751, 0.0007286312488491292, -0.337459434728158, -0.2800046445173416, 0.310732762435975, 0.6173688601851279, 0.12368549958852161, -0.5245066975756113, -0.043707469947321706, 0.12368549958852161, 0.18777589409630258], [0.6541798634118576, 0.6679726543542619, 0.6716386472834472, -0.39733724951648086, -0.348851325563844, -0.6557145053616553, 0.052009397557749436, -0.05354403950754714, 0.20483321633762733, 0.06580218850015382, -0.05354403950754714, 0.06946818142933883], [-0.08171885381042966, -0.3558574873112416, 0.38318116269732294, -0.37197799319589936, 0.24336660646307118, 0.20312657892580882, -0.563074318914327, 0.6844820440297061, 0.109377471907998, -0.837212952415139, 0.6844820440297061, -0.0981743024065746]], "inverted": true, "swapped": false, "error_lsq": 0.061045497950856835, "error_max": 0.47268367778587156, "target": "133.xyz", "model": "16.xyz", "model_rescale": 4.510870436145588, "target_rescale": 4.156650709920286},
{"mapping": [9, 4, 0, 7, 8, 3, 10, 2, 6, 5, 2, 11], "R": [[-0.08168966746797279, 0.9683648738038657, 0.23578861170929244], [0.6067019522019748, 0.23601133755458906, -0.7590858908845606], [-0.7907208985623722, 0.08104393702503149, -0.6067885470641301]], "T": [0.062169307636055, 0.011534888685086508, -0.07450915157088411], "aligned_model": [[0.43032159733767406, -0.23075473279477599, 0.000728631248848817, -0.3374594347281578, -0.28000464451734103, 0.3107327624359759, 0.6173688601851278, 0.12368549958852218, -0.5245066975756115, -0.043707469947322254, 0.12368549958852218, 0.1877758940963026], [0.6541798634118583, 0.6679726543542623, 0.671638647283447, -0.39733724951648114, -0.34885132556384474, -0.6557145053616553, 0.05200939755775036, -0.053544039507547436, 0.20483321633762683, 0.06580218850015429, -0.053544039507547436, 0.06946818142933898], [-0.08171885381042959, -0.3558574873112411, 0.3831811626973234, -0.37197799319589964, 0.24336660646307118, 0.2031265789258081, -0.5630743189143277, 0.6844820440297062, 0.10937747190799854, -0.8372129524151393, 0.6844820440297062, -0.09817430240657482]], "inverted": false, "swapped": false, "error_lsq": 0.06104549795085685, "error_max": 0.47268367778587117, "target": "133.xyz", "model": "17.xyz", "model_rescale": 4.510870436145588, "target_rescale": 4.156650709920286},
{"mapping": [9, 3, 11, 6, 2, 8, 7, 10, 4, 5, 1, 12], "R": [[0.07020341969866947, -0.9064586871211306, -0.4164182133447687], [0.5927847716278583, 0.3736546738812738, -0.7134342290728609], [0.8022952663382235, -0.19676085288826073, 0.5635667417280439]], "T": [-0.021497829583340414, 0.04512204859116843, 0.10317969634779078], "aligned_model": [[0.760676750591167, -0.29331632244254047, -0.3203199597149902, -0.34528425338707225, -0.20862901838238684, 0.27798105452738997, 0.6116373579977635, 0.42702044712079334, -0.6269726259129142, -0.011627949916698563, -0.018327000650733283, 0.12502728508798688], [0.3544384710135686, 0.6766217468805308, 0.6231866484349429, -0.40352953503832284, -0.4370035911481261, -0.48515769377720286, 0.08648355536432441, -0.21720277812795863, 0.10498049773900352, 0.1681117141032044, 0.27134629597999615, 0.1346376579934013], [0.006383681359452054, -0.36454902249591686, 0.2587298054402079, -0.3485870874125381, 0.42088813562907484, 0.008606991932457259, -0.44295249748915055, 0.45794317078105984, 0.08701046692569095, -0.8001465768341459, 0.7473442859563435, -0.03067135379253305]], "inverted": false, "swapped": false, "error_lsq": 0.0543291287635032, "error_max": 0.35763422120491106, "target": "133.xyz", "model": "18.xyz", "model_rescale": 4.466005644533647, "target_rescale": 4.156650709920286},
{"mapping": [11, 1, 0, 5, 4, 6, 9, 8, 12, 3, 2, 13], "R": [[0.5547464048649271, 0.8316408866018058, -0.025097052050006362], [-0.8269886331562731, 0.5478291148436432, -0.12638457801468292], [-0.09135768670318617, 0.09086636705510287, 0.9916637920275448]], "T": [0.04974951849318822, 0.05088616731575003, -0.0023658958024755333], "aligned_model": [[0.44451685528429985, -0.2608649236455457, -0.280778697535527, -0.40235190021137296, -0.42226567410135424, 0.2206403060308857, 0.6339513367846727, 0.6140375628946915, -0.5712909710377514, 0.15400439737490332, 0.11417684959494076, 0.13409062348492204], [0.5441693289612828, 0.6587408065057201, 0.5584583548157633, -0.2269572417093464, -0.3272396933993032, -0.6490090235786659, 0.0433452210613721, -0.056937230628584704, 0.169014316111896, 0.15472516878236603, -0.045839734597547574, 0.05444271709240925], [-0.3295780424423738, -0.33282807073307746, 0.4540280305321283, -0.4492883882477782, 0.33756771301742755, 0.31282985693821175, -0.38861236129607996, 0.3982437399691258, -0.003028125540964075, -0.7866342186640783, 0.7870779838663332, 0.00022188260112731683]], "inverted": true, "swapped": false, "error_lsq": 0.05296761551637741, "error_max": 0.35906390135929933, "target": "133.xyz", "model": "19.xyz", "model_rescale": 4.509807711582247, "target_rescale": 4.156650709920286},
{"mapping": [6, 5, 4, 1, 0, 11, 9, 8, 12, 3, 2, 13], "R": [[-0.8231670141248479, -0.5673309791193482, -0.02305703771658882], [-0.5605099278823307, 0.8184149087125945, -0.12659248770089002], [0.09069006341450486, -0.09128306156367277, -0.9916868029118042]], "T": [0.056708332257721476, 0.0868571328526644, -0.002345563978643523], "aligned_model": [[0.47599287923316874, -0.2588410672535103, -0.240545984837215, -0.45789326688292814, -0.43959818446663285, 0.23933750486931576, 0.6018964973604674, 0.6201915797767626, -0.5635915326850697, 0.11534403085150677, 0.1519341956840974, 0.1336391132678021], [0.6725498975305951, 0.5132524581157363, 0.6136998800369543, -0.3613340685092125, -0.2608866465879945, -0.5180360346781768, -0.12395933913656206, -0.023511917215343972, 0.20881102848622135, -0.04833817812950324, 0.15255666571293286, 0.05210924379171483], [0.3132011934435643, -0.44950098444090925, 0.33737337528529976, -0.3332287522694249, 0.4536456074567841, -0.32943600690622316, -0.38817096781010074, 0.39870339191610826, -0.003491258010418129, -0.786572892614435, 0.7871758268379826, 0.00030146711177388196]], "inverted": false, "swapped": false, "error_lsq": 0.05274246010543516, "error_max": 0.36202915995386564, "target": "133.xyz", "model": "20.xyz", "model_rescale": 4.509807711582248, "target_rescale": 4.156650709920286},
{"mapping": [10, 4, 11, 5, 2, 7, 8, 9, 3, 6, 0, 12], "R": [[-0.0702034196986702, 0.9064586871211302, -0.41641821334476903], [-0.5927847716278583, -0.37365467388127444, -0.7134342290728606], [-0.8022952663382233, 0.19676085288826028, 0.5635667417280441]], "T": [-0.021497829583340435, 0.045122048591168404, 0.10317969634779088], "aligned_model": [[0.760676750591167, -0.29331632244254013, -0.3203199597149897, -0.3452842533870727, -0.2086290183823871, 0.2779810545273895, 0.6116373579977633, 0.4270204471207932, -0.626972625912914, -0.011627949916698833, -0.018327000650732832, 0.12502728508798694], [0.354438471013568, 0.6766217468805309, 0.6231866484349433, -0.40352953503832256, -0.4370035911481259, -0.48515769377720297, 0.08648355536432382, -0.21720277812795885, 0.10498049773900407, 0.16811171410320425, 0.2713462959799965, 0.13463765799340122], [0.006383681359451762, -0.3645490224959167, 0.2587298054402081, -0.348587087412538, 0.4208881356290751, 0.008606991932457148, -0.4429524974891508, 0.4579431707810597, 0.08701046692569123, -0.800146576834146, 0.7473442859563436, -0.030671353792533065]], "inverted": true, "swapped": false, "error_lsq": 0.0543291287635032, "error_max": 0.35763422120491156, "target": "133.xyz", "model": "21.xyz", "model_rescale": 4.466005644533646, "target_rescale": 4.156650709920286},
{"mapping": [9, 3, 11, 6, 2, 8, 7, 10, 4, 5, 1, 12], "R": [[0.07020353321100278, -0.9064586757972681, -0.41641821885762287], [0.5927847279321425, 0.373654751693161, -0.7134342246258852], [0.8022952886905839, -0.19676075728911402, 0.5635667432841536]], "T": [-0.02149782327263936, 0.04512204742598806, 0.10317970038274556], "aligned_model": [[0.7606766767496934, -0.2933162092868139, -0.32032020330831856, -0.34528422078118154, -0.20862912420012006, 0.27798111661227437, 0.6116374271839392, 0.4270203661780285, -0.6269725198584788, -0.011627910209516625, -0.018326820533286166, 0.1250271863715449], [0.35443845978551186, 0.6766217518576417, 0.6231867925217859, -0.4035295355933292, -0.4370035554448614, -0.48515775911156495, 0.0864834910653826, -0.2172027903914357, 0.10498050168069413, 0.16811171458361834, 0.27134622373183254, 0.13463769473208625], [0.006383610331118214, -0.364548946666183, 0.2587297979267481, -0.34858705869605205, 0.4208881131598687, 0.008606966179648304, -0.4429525281213708, 0.45794310463213733, 0.08701054763483616, -0.8001465529970712, 0.7473443277574724, -0.03067138114115049]], "inverted": false, "swapped": false, "error_lsq": 0.054329123286047915, "error_max": 0.3576341850804054, "target": "133.xyz", "model": "22.xyz", "model_rescale": 4.46600560860683, "target_rescale": 4.156650709920286},
{"mapping": [11, 1, 0, 5, 4, 6, 9, 8, 12, 3, 2, 13], "R": [[0.5547463448473191, 0.8316409266216127, -0.02509705254576334], [-0.826988672429614, 0.5478290548256255, -0.12638458118760626], [-0.09135769563449073, 0.09086636262560088, 0.9916637916106188]], "T": [0.049749517034182275, 0.05088616583668787, -0.002365896090766601], "aligned_model": [[0.4445167973848034, -0.2608647947800063, -0.2807785692276556, -0.40235183695216775, -0.42226561139981705, 0.22064035077800942, 0.6339514284766538, 0.6140376540290046, -0.571291245776759, 0.15400430524288244, 0.11417675634758394, 0.1340905307952332], [0.5441692441811418, 0.6587408946820141, 0.5584584396470516, -0.2269571501234422, -0.32723960515840483, -0.649008983913828, 0.04334524035268832, -0.056937214682274306, 0.16901417787748008, 0.15472510388660762, -0.04583980618331762, 0.05444264885164502], [-0.3295780564382414, -0.33282805794693254, 0.45402804947944175, -0.4492883796410276, 0.3375677277853467, 0.3128298643423388, -0.38861235977503866, 0.3982437476513357, -0.00302815010728219, -0.7866342358763537, 0.7870779789763948, 0.00022187155002043784]], "inverted": true, "swapped": false, "error_lsq": 0.05296761566339208, "error_max": 0.35906395401102575, "target": "133.xyz", "model": "23.xyz", "model_rescale": 4.509807674373902, "target_rescale": 4.156650709920286},
{"mapping": [6, 5, 4, 1, 0, 11, 9, 8, 12, 3, 2, 13], "R": [[-0.8231669759266051, -0.5673310345034188, -0.02305703868948199], [-0.560509982587974, 0.8184148707900882, -0.1265924906496126], [0.09069007202046356, -0.09128305734868686, -0.9916868025127689]], "T": [0.056708331525531785, 0.08685713464300902, -0.002345564256826526], "aligned_model": [[0.4759929088372192, -0.2588410403346688, -0.240545956995467, -0.45789318224344544, -0.4395980989042437, 0.23933747993653437, 0.601896574410083, 0.6201916577492848, -0.5635917353689069, 0.11534396927125667, 0.15193413594966027, 0.13363905261045847], [0.6725498417959562, 0.5132523510296532, 0.6136997761193415, -0.36133419590521826, -0.26088677081552997, -0.5180359354415364, -0.12395939405502378, -0.023511968965335528, 0.20881126217184062, -0.04833808392861673, 0.1525567662507597, 0.05210934116107149], [0.313201201078159, -0.44950097590244736, 0.33737338999927663, -0.33322873963775235, 0.45364562626397165, -0.32943602087400337, -0.3881709660216211, 0.3987033998801029, -0.0034912829499894452, -0.7865729098469553, 0.787175821956492, 0.00030145605476851857]], "inverted": false, "swapped": false, "error_lsq": 0.052742459103649775, "error_max": 0.362029212474174, "target": "133.xyz", "model": "24.xyz", "model_rescale": 4.509807674373903, "target_rescale": 4.156650709920286},
{"mapping": [10, 11, 4, 2, 5, 7, 9, 8, 3, 0, 6, 12], "R": [[0.07020353321100273, -0.906458675797268, 0.41641821885762265], [0.5927847279321424, 0.37365475169316087, 0.7134342246258853], [-0.8022952886905841, 0.19676075728911385, 0.5635667432841533]], "T": [-0.021497823272639383, 0.04512204742598802, -0.10317970038274527], "aligned_model": [[0.7606766767496933, -0.32032020330831856, -0.293316209286814, -0.20862912420011998, -0.34528422078118143, 0.27798111661227454, 0.42702036617802863, 0.6116374271839392, -0.6269725198584787, -0.01832682053328609, -0.011627910209516756, 0.12502718637154486], [0.3544384597855119, 0.6231867925217859, 0.6766217518576417, -0.4370035554448615, -0.40352953559332916, -0.4851577591115648, -0.21720279039143564, 0.08648349106538272, 0.10498050168069417, 0.2713462237318326, 0.16811171458361834, 0.13463769473208628], [-0.006383610331118061, -0.258729797926748, 0.364548946666183, -0.42088811315986824, 0.34858705869605267, -0.008606966179647707, -0.4579431046321369, 0.4429525281213711, -0.08701054763483582, -0.7473443277574722, 0.8001465529970715, 0.03067138114115081]], "inverted": false, "swapped": false, "error_lsq": 0.054329123286047915, "error_max": 0.3576341850804053, "target": "133.xyz", "model": "25.xyz", "model_rescale": 4.466005608606829, "target_rescale": 4.156650709920286},
{"mapping": [9, 3, 11, 6, 2, 8, 7, 10, 4, 5, 1, 12], "R": [[0.07020336645430206, -0.9064586933807764, -0.4164182086951751], [0.5927847867869901, 0.37365463706723356, -0.713434235758319], [0.8022952597967818, -0.19676089396160346, 0.5635667367003174]], "T": [-0.02149782632650009, 0.04512208262743139, 0.10317973516447614], "aligned_model": [[0.7606767043346139, -0.29331630486889093, -0.3203199789257499, -0.3452842096990505, -0.20862900927801986, 0.2779810603554527, 0.6116373456379876, 0.42702041905207905, -0.6269725901514258, -0.011627924416515625, -0.01832702312723078, 0.12502727600451502], [0.35443845287391146, 0.6766218024797326, 0.6231865823594125, -0.4035295670371524, -0.4370036045768869, -0.48515769345502574, 0.08648353626544353, -0.21720277684655787, 0.10498057275926317, 0.16811166268331684, 0.27134639676832273, 0.1346376251435825], [0.0063836601119813124, -0.36454889402284235, 0.2587297270384306, -0.34858712440466016, 0.42088807111870075, 0.008606964957886418, -0.44295250086238686, 0.45794312593225456, 0.08701057179743087, -0.8001465902249334, 0.7473443832597126, -0.030671394701572582]], "inverted": false, "swapped": false, "error_lsq": 0.05432913127549461, "error_max": 0.35763420792008355, "target": "133.xyz", "model": "26.xyz", "model_rescale": 4.466005838112752, "target_rescale": 4.156650709920286},
{"mapping": [10, 0, 1, 4, 5, 7, 8, 9, 12, 2, 3, 13], "R": [[-0.5547464521320169, -0.8316408549838205, -0.02509705498100971], [0.8269886022437737, -0.5478291616235731, -0.12638457751522808], [0.09135767951206596, -0.09086637439995703, 0.991663792017021]], "T": [0.04974949852428519, 0.05088619979008711, -0.002365892103969113], "aligned_model": [[0.4445168565942522, -0.26086502334662803, -0.28077879876091366, -0.4023519434081484, -0.422265718822434, 0.22064037672897963, 0.6339513591338739, 0.6140375837195882, -0.5712909111238275, 0.15400443681529316, 0.11417688598672182, 0.1340906614010075], [0.5441692713913181, 0.6587408881648398, 0.5584584409067044, -0.22695713256116665, -0.327239579819302, -0.6490090444447365, 0.04334519414781325, -0.056937253110322154, 0.16901421734030697, 0.15472510972543763, -0.045839784790833164, 0.05444266246730222], [-0.3295780326669011, -0.3328280479122604, 0.4540280216803064, -0.4492883604668862, 0.3375677091256806, 0.3128298408947454, -0.38861234626956254, 0.3982437233230043, -0.003028138442756609, -0.7866341926810227, 0.7870779465041109, 0.00022187691154411642]], "inverted": false, "swapped": false, "error_lsq": 0.052967622119991516, "error_max": 0.3590639076926223, "target": "133.xyz", "model": "27.xyz", "model_rescale": 4.509807893063789, "target_rescale": 4.156650709920286},
{"mapping": [6, 5, 4, 1, 0, 11, 9, 8, 12, 3, 2, 13], "R": [[-0.8231670484075306, -0.5673309294858286, -0.023057035038786786], [-0.5605098787197258, 0.8184149422800747, -0.12659248836443776], [0.09069005609013876, -0.09128306908429204, -0.9916868028893597]], "T": [0.05670830166557344, 0.08685711007830164, -0.0023455603013097927], "aligned_model": [[0.4759929546311189, -0.25884114643844475, -0.24054606688312857, -0.45789339129056356, -0.43959831173524744, 0.2393375255697958, 0.6018965275223364, 0.6201916070776524, -0.5635914397835524, 0.11534408919394991, 0.15193424830458216, 0.13363916874926604], [0.6725498890317114, 0.5132523738958129, 0.6136997923013793, -0.36133410545266803, -0.26088668704710166, -0.5180359825046187, -0.12395932451319318, -0.02351190610762681, 0.20881109985168397, -0.048338138418238766, 0.15255669839289393, 0.052109279987327596], [0.31320117748262993, -0.44950095683844415, 0.3373733712049326, -0.33322872960019784, 0.4536455984431789, -0.32943599699928866, -0.3881709526157362, 0.39870337542764056, -0.0034912709782395695, -0.786572866552201, 0.7871757895345518, 0.00030146149117553974]], "inverted": false, "swapped": false, "error_lsq": 0.05274246827626797, "error_max": 0.3620291639600518, "target": "133.xyz", "model": "28.xyz", "model_rescale": 4.5098078930637895, "target_rescale": 4.156650709920286},
{"mapping": [10, 4, 11, 5, 2, 7, 8, 9, 3, 6, 0, 12], "R": [[-0.07020336645430234, 0.9064586933807763, -0.41641820869517554], [-0.59278478678699, -0.3736546370672341, -0.7134342357583189], [-0.8022952597967821, 0.19676089396160357, 0.5635667367003173]], "T": [-0.02149782632650015, 0.04512208262743135, 0.10317973516447618], "aligned_model": [[0.7606767043346141, -0.29331630486889076, -0.32031997892574976, -0.3452842096990507, -0.2086290092780202, 0.2779810603554525, 0.6116373456379877, 0.42702041905207894, -0.6269725901514258, -0.011627924416515632, -0.01832702312723069, 0.12502727600451508], [0.35443845287391085, 0.6766218024797326, 0.6231865823594126, -0.40352956703715226, -0.43700360457688686, -0.4851576934550259, 0.0864835362654431, -0.2172027768465581, 0.1049805727592636, 0.16811166268331673, 0.27134639676832273, 0.13463762514358246], [0.006383660111981548, -0.3645488940228423, 0.2587297270384307, -0.34858712440466033, 0.42088807111870064, 0.008606964957886265, -0.4429525008623867, 0.4579431259322545, 0.08701057179743069, -0.8001465902249333, 0.7473443832597128, -0.03067139470157254]], "inverted": true, "swapped": false, "error_lsq": 0.05432913127549461, "error_max": 0.35763420792008416, "target": "133.xyz", "model": "29.xyz", "model_rescale": 4.466005838112752, "target_rescale": 4.156650709920286},
