[{"mapping": [3, 2, 5, 4, 6, 10, 9, 10, 1, 0, 8, 11], "R": [[0.8851986054258643, 0.4644993931541097, 0.025763204605971583], [0.4572437133081789, -0.8789057785877761, 0.13584115357712287], [0.0857415628050554, -0.10846633636515697, -0.9903955968618133]], "T": [0.004143307219134605, -0.10847047879437216, -0.003927732125293538], "aligned_model": [[0.5359053961743739, 0.5154678675296417, 0.23261448183867167, 0.21217695319393948, -0.5063399607116944, -0.5449729578269851, -0.5654104864717173, -0.5449729578269851, -0.07597271403548261, -0.11684777132494703, 0.5768947087495706, -0.09641024268021481], [0.3330959956679943, 0.22533543133499923, -0.5097686605257874, -0.6175292248587825, -0.5902998234251922, 0.22440420831073105, 0.11664364397773597, 0.22440420831073105, 0.0965894839460435, -0.11893164471994662, -0.2496859939277239, -0.011171080386951568], [-0.330018664514377, 0.45564595640736594, -0.45351421869036823, 0.33215040223137465, 0.31719433315071277, -0.3730436013197233, 0.4126210196020196, -0.3730436013197233, -0.778862619518553, 0.7924666223249325, -0.008397629756849972, 0.006802001403189703]], "inverted": false, "swapped": false, "error_lsq": 0.06951585827693497, "error_max": 0.6019612635333138, "target": "134.xyz", "model": "0.xyz", "model_rescale": 4.5108708085295355, "target_rescale": 4.156650777598529},
{"mapping": [3, 2, 5, 4, 6, 10, 9, 10, 1, 0, 8, 11], "R": [[0.8851986054258643, 0.46449939315410976, 0.02576320460597135], [0.457243713308179, -0.878905778587776, 0.13584115357712276], [0.08574156280505515, -0.10846633636515698, -0.9903955968618134]], "T": [0.004143307219134605, -0.10847047879437216, -0.003927732125293606], "aligned_model": [[0.5359053961743737, 0.5154678675296417, 0.2326144818386716, 0.21217695319393956, -0.5063399607116942, -0.5449729578269851, -0.5654104864717171, -0.5449729578269851, -0.07597271403548278, -0.11684777132494684, 0.5768947087495706, -0.09641024268021481], [0.3330959956679942, 0.22533543133499923, -0.5097686605257874, -0.6175292248587823, -0.5902998234251919, 0.22440420831073082, 0.11664364397773586, 0.22440420831073082, 0.09658948394604339, -0.11893164471994658, -0.24968599392772373, -0.011171080386951623], [-0.330018664514377, 0.4556459564073655, -0.453514218690368, 0.3321504022313745, 0.31719433315071277, -0.37304360131972303, 0.41262101960201947, -0.37304360131972303, -0.7788626195185532, 0.7924666223249324, -0.008397629756850052, 0.006802001403189743]], "inverted": false, "swapped": false, "error_lsq": 0.06951585827693495, "error_max": 0.6019612635333138, "target": "134.xyz", "model": "1.xyz", "model_rescale": 4.510870808529536, "target_rescale": 4.156650777598529},
{"mapping": [5, 8, 6, 0, 9, 10, 3, 1, 7, 2, 4, 11], "R": [[0.0025007115946152902, 0.934343016204405, -0.35636620843112454], [0.428794943479384, 0.3209407753618094, 0.8444713820827041], [0.9033983854800895, -0.15491980757868143, -0.3998389805055928]], "T": [-0.037785660414117836, -0.05885650972167929, 0.03564430229669156], "aligned_model": [[0.2950810779353542, 0.32831399447167037, 0.24353530097853876, 0.12017475421198105, -0.3716159670012773, -0.6543154488482503, -0.27630415939187736, -0.445224209481965, -0.03916418086843433, 0.00639532245509572, 0.5777805597823273, -0.1625247276349921], [0.43051461605931396, 0.25606355259612706, -0.6216027412721222, -0.7902670541367725, -0.7134498822052895, -0.04354455307665035, 0.5185920904841598, 0.5495436041205053, 0.048302587856516824, -0.15131323864447926, -0.23939071306932508, -0.12036172500813334], [-0.21946930562598732, 0.37446928174264227, -0.41162212898193473, 0.33410597120836666, -0.05733740477054054, -0.37452312534931803, 0.47581382256275784, -0.3002654699491882, -0.7288078495607122, 0.7929995431415353, 0.09771641495279014, 0.016920250629589087]], "inverted": false, "swapped": false, "error_lsq": 0.06737443399815113, "error_max": 0.527994679830128, "target": "134.xyz", "model": "2.xyz", "model_rescale": 4.5108708085295355, "target_rescale": 4.156650777598529},
{"mapping": [3, 2, 5, 4, 6, 10, 9, 11, 1, 0, 8, 13], "R": [[0.8220303988401972, 0.5639970488700272, 0.0785706831364392], [0.5665766713400024, -0.8238969466701117, -0.013590318647860948], [0.05706924632330021, 0.05568797117482027, -0.9968159062688172]], "T": [-0.05147111822332245, -0.08791447747619499, -0.06770648923769244], "aligned_model": [[0.4845706062357212, 0.4222270766320889, 0.2842285842058691, 0.2218850546022369, -0.49275604853365035, -0.5727306955061103, -0.6350742251097425, -0.2727039494556706, -0.06576779410298828, -0.1904548533102527, 0.5668198846572906, -0.12811132370662048], [0.3088180330838942, 0.3196015518102673, -0.573163530375281, -0.5623800116489079, -0.6230694027134331, 0.06751713261139211, 0.07830065133776512, 0.4762297828907842, -0.06381840818742929, -0.04225137073468322, -0.20966299490946125, -0.05303488946105625], [-0.4288663287664507, 0.36207781835170144, -0.4326329209920163, 0.35831122612613586, 0.30280945176667473, -0.5089147398418119, 0.2820294072763402, 0.3051667752340184, -0.8651670833498392, 0.7167212108864648, -0.017311880459529888, -0.07422293623168726]], "inverted": false, "swapped": false, "error_lsq": 0.051966162380346716, "error_max": 0.3510519724117684, "target": "134.xyz", "model": "3.xyz", "model_rescale": 4.509807743048502, "target_rescale": 4.156650777598529},
{"mapping": [2, 3, 4, 5, 7, 9, 10, 12, 0, 1, 8, 13], "R": [[-0.8220303988401974, -0.563997048870027, 0.07857068313643957], [-0.5665766713400022, 0.8238969466701118, -0.013590318647860932], [-0.05706924632330053, -0.05568797117482045, -0.9968159062688171]], "T": [-0.051471118223322426, -0.08791447747619498, -0.06770648923769247], "aligned_model": [[0.48457060623572146, 0.4222270766320889, 0.28422858420586916, 0.2218850546022367, -0.4927560485336506, -0.5727306955061102, -0.6350742251097428, -0.27270394945567056, -0.06576779410298794, -0.19045485331025294, 0.5668198846572906, -0.12811132370662043], [0.30881803308389405, 0.3196015518102671, -0.5731635303752811, -0.562380011648908, -0.623069402713433, 0.06751713261139226, 0.07830065133776527, 0.4762297828907842, -0.06381840818742923, -0.0422513707346832, -0.20966299490946133, -0.053034889461056216], [-0.4288663287664502, 0.36207781835170155, -0.4326329209920159, 0.35831122612613586, 0.30280945176667445, -0.5089147398418119, 0.28202940727633985, 0.30516677523401825, -0.8651670833498393, 0.7167212108864648, -0.01731188045952979, -0.07422293623168741]], "inverted": true, "swapped": false, "error_lsq": 0.05196616238034673, "error_max": 0.3510519724117683, "target": "134.xyz", "model": "4.xyz", "model_rescale": 4.509807743048502, "target_rescale": 4.156650777598529},
{"mapping": [3, 2, 5, 4, 6, 10, 9, 11, 1, 0, 8, 13], "R": [[0.8220303988401979, 0.5639970488700262, 0.07857068313643938], [0.5665766713400014, -0.8238969466701124, -0.01359031864786085], [0.057069246323300474, 0.05568797117482023, -0.9968159062688172]], "T": [-0.05147111822332246, -0.08791447747619495, -0.06770648923769237], "aligned_model": [[0.4845706062357216, 0.4222270766320893, 0.2842285842058686, 0.2218850546022363, -0.492756048533651, -0.5727306955061103, -0.6350742251097427, -0.27270394945567, -0.06576779410298811, -0.19045485331025278, 0.5668198846572903, -0.12811132370662043], [0.30881803308389366, 0.3196015518102666, -0.5731635303752812, -0.5623800116489083, -0.6230694027134327, 0.06751713261139282, 0.07830065133776577, 0.47622978289078444, -0.06381840818742907, -0.04225137073468316, -0.20966299490946189, -0.05303488946105612], [-0.4288663287664505, 0.3620778183517016, -0.4326329209920162, 0.35831122612613586, 0.3028094517666746, -0.508914739841812, 0.28202940727634007, 0.3051667752340185, -0.8651670833498392, 0.7167212108864648, -0.017311880459530013, -0.07422293623168749]], "inverted": false, "swapped": false, "error_lsq": 0.05196616238034673, "error_max": 0.35105197241176844, "target": "134.xyz", "model": "5.xyz", "model_rescale": 4.509807743048502, "target_rescale": 4.156650777598529},
{"mapping": [3, 2, 5, 4, 6, 10, 9, 11, 1, 0, 8, 13], "R": [[0.8220304333569374, 0.5639969980338752, 0.07857068692447028], [0.5665766207745785, -0.8238969813927431, -0.01359032168808285], [0.05706925114863195, 0.05568797231631864, -0.9968159059287887]], "T": [-0.05147112993597308, -0.08791446141960531, -0.06770649273752598], "aligned_model": [[0.4845707017007915, 0.42222716692612133, 0.28422861858636833, 0.2218850838116982, -0.49275617267383276, -0.5727305261455946, -0.6350740609202647, -0.272703998479331, -0.06576786366512946, -0.19045493321446968, 0.5668196991216135, -0.12811139843979957], [0.30881793931413937, 0.31960146082737784, -0.5731636424729908, -0.5623801209597523, -0.6230692874719831, 0.06751691282009688, 0.07830043433333529, 0.47622992280071813, -0.0638182976447283, -0.04225125461825144, -0.20966274709262117, -0.053034776131489866], [-0.42886633544081415, 0.3620778388789996, -0.4326329303039147, 0.35831124401589903, 0.3028094519581143, -0.508914742282707, 0.2820294320371066, 0.3051667784941855, -0.865167120744757, 0.7167212278948701, -0.017311898082038646, -0.07422294642494348]], "inverted": false, "swapped": false, "error_lsq": 0.05196615912819044, "error_max": 0.3510519020155453, "target": "134.xyz", "model": "6.xyz", "model_rescale": 4.509807586411629, "target_rescale": 4.156650777598529},
{"mapping": [2, 3, 4, 5, 7, 9, 10, 12, 0, 1, 8, 13], "R": [[-0.8220304333569374, -0.5639969980338752, 0.07857068692447054], [-0.5665766207745785, 0.8238969813927433, -0.013590321688083162], [-0.057069251148631976, -0.05568797231631904, -0.9968159059287887]], "T": [-0.05147112993597305, -0.08791446141960532, -0.067706492737526], "aligned_model": [[0.48457070170079164, 0.4222271669261213, 0.2842286185863685, 0.2218850838116981, -0.49275617267383276, -0.5727305261455944, -0.6350740609202647, -0.27270399847933113, -0.06576786366512923, -0.19045493321446988, 0.5668196991216135, -0.12811139843979952], [0.30881793931413926, 0.31960146082737795, -0.5731636424729909, -0.5623801209597522, -0.623069287471983, 0.06751691282009678, 0.07830043433333547, 0.4762299228007182, -0.06381829764472854, -0.04225125461825119, -0.20966274709262125, -0.053034776131489866], [-0.42886633544081393, 0.3620778388789995, -0.43263293030391425, 0.3583112440158992, 0.3028094519581144, -0.5089147422827072, 0.28202943203710634, 0.3051667784941852, -0.8651671207447572, 0.7167212278948702, -0.017311898082038576, -0.07422294642494363]], "inverted": true, "swapped": false, "error_lsq": 0.05196615912819044, "error_max": 0.35105190201554504, "target": "134.xyz", "model": "7.xyz", "model_rescale": 4.509807586411629, "target_rescale": 4.156650777598529},
{"mapping": [3, 2, 5, 4, 6, 10, 9, 11, 1, 0, 8, 13], "R": [[0.8220304333569369, 0.5639969980338759, 0.07857068692446971], [0.566576620774579, -0.8238969813927427, -0.013590321688082989], [0.05706925114863136, 0.05568797231631849, -0.9968159059287888]], "T": [-0.05147112993597311, -0.08791446141960534, -0.06770649273752588], "aligned_model": [[0.48457070170079086, 0.42222716692612117, 0.2842286185863685, 0.22188508381169883, -0.4927561726738321, -0.5727305261455949, -0.6350740609202646, -0.27270399847933136, -0.06576786366512997, -0.1904549332144693, 0.5668196991216135, -0.1281113984397996], [0.3088179393141396, 0.31960146082737817, -0.5731636424729906, -0.562380120959752, -0.6230692874719832, 0.0675169128200964, 0.07830043433333493, 0.47622992280071796, -0.06381829764472849, -0.04225125461825141, -0.20966274709262078, -0.05303477613148996], [-0.4288663354408145, 0.3620778388789993, -0.43263293030391475, 0.35831124401589903, 0.3028094519581148, -0.5089147422827067, 0.282029432037107, 0.3051667784941856, -0.8651671207447571, 0.7167212278948702, -0.017311898082039173, -0.07422294642494363]], "inverted": false, "swapped": false, "error_lsq": 0.05196615912819045, "error_max": 0.3510519020155455, "target": "134.xyz", "model": "8.xyz", "model_rescale": 4.509807586411629, "target_rescale": 4.156650777598529},
{"mapping": [2, 3, 6, 7, 5, 11, 12, 10, 0, 1, 8, 13], "R": [[0.8220303631893562, 0.563997100818846, 0.07857068322670895], [0.5665767235888843, -0.8238969106886362, -0.013590321740368174], [0.05706924112041796, 0.05568797738882392, -0.9968159062195395]], "T": [-0.05147116396664446, -0.08791451147435649, -0.06770649584801403], "aligned_model": [[0.484570626107972, 0.42222709313464646, 0.28422852398210435, 0.22188499100877873, -0.4927561461518784, -0.572730716426092, -0.6350742493994176, -0.27270397962742177, -0.06576772298735345, -0.19045478893400464, 0.5668199418615164, -0.12811125596067907], [0.30881795958552277, 0.319601481336174, -0.5731634804938347, -0.5623799587431835, -0.6230693984889139, 0.06751697909133512, 0.0783005008419864, 0.4762296764622932, -0.06381823126849381, -0.04225118776719127, -0.20966308733400102, -0.053034709517842546], [-0.4288663519213758, 0.36207783699981744, -0.43263294942445163, 0.3583112394967416, 0.30280946323991986, -0.5089147644721501, 0.28202942444904305, 0.30516679014171444, -0.8651671258500819, 0.7167212519923043, -0.017311877722591983, -0.07422293692888884]], "inverted": true, "swapped": false, "error_lsq": 0.05196616298920961, "error_max": 0.35105203121370726, "target": "134.xyz", "model": "9.xyz", "model_rescale": 4.509807504472865, "target_rescale": 4.156650777598529},
{"mapping": [2, 3, 6, 7, 5, 11, 12, 10, 0, 1, 8, 13], "R": [[0.8220303631893561, 0.5639971008188461, 0.07857068322670871], [0.5665767235888844, -0.8238969106886361, -0.013590321740368137], [0.05706924112041777, 0.055687977388823764, -0.9968159062195395]], "T": [-0.05147116396664447, -0.08791451147435649, -0.06770649584801396], "aligned_model": [[0.4845706261079718, 0.42222709313464635, 0.2842285239821043, 0.2218849910087789, -0.4927561461518782, -0.572730716426092, -0.6350742493994175, -0.2727039796274217, -0.06576772298735367, -0.19045478893400453, 0.5668199418615163, -0.12811125596067907], [0.3088179595855228, 0.31960148133617405, -0.5731634804938346, -0.5623799587431834, -0.623069398488914, 0.06751697909133507, 0.0783005008419863, 0.4762296764622931, -0.06381823126849381, -0.04225118776719131, -0.20966308733400096, -0.05303470951784256], [-0.4288663519213758, 0.3620778369998172, -0.43263294942445163, 0.3583112394967414, 0.3028094632399198, -0.5089147644721499, 0.28202942444904305, 0.3051667901417144, -0.8651671258500819, 0.7167212519923046, -0.017311877722592163, -0.07422293692888886]], "inverted": true, "swapped": false, "error_lsq": 0.05196616298920959, "error_max": 0.3510520312137073, "target": "134.xyz", "model": "10.xyz", "model_rescale": 4.509807504472865, "target_rescale": 4.156650777598529},
{"mapping": [3, 2, 7, 6, 4, 12, 11, 9, 1, 0, 8, 13], "R": [[-0.8220303631893565, -0.5639971008188456, 0.078570683226709], [-0.5665767235888839, 0.8238969106886365, -0.013590321740367863], [-0.05706924112041821, -0.05568797738882365, -0.9968159062195395]], "T": [-0.05147116396664447, -0.08791451147435644, -0.06770649584801387], "aligned_model": [[0.48457062610797236, 0.4222270931346467, 0.2842285239821041, 0.22188499100877845, -0.49275614615187874, -0.572730716426092, -0.6350742493994177, -0.27270397962742143, -0.06576772298735342, -0.19045478893400472, 0.5668199418615163, -0.12811125596067904], [0.3088179595855226, 0.3196014813361736, -0.5731634804938346, -0.5623799587431836, -0.6230693984889137, 0.06751697909133558, 0.07830050084198659, 0.4762296764622931, -0.06381823126849351, -0.04225118776719145, -0.20966308733400127, -0.053034709517842483], [-0.42886635192137557, 0.3620778369998176, -0.43263294942445174, 0.35831123949674143, 0.30280946323991964, -0.5089147644721501, 0.28202942444904305, 0.3051667901417146, -0.8651671258500818, 0.7167212519923044, -0.01731187772259213, -0.07422293692888898]], "inverted": false, "swapped": false, "error_lsq": 0.05196616298920961, "error_max": 0.35105203121370754, "target": "134.xyz", "model": "11.xyz", "model_rescale": 4.509807504472865, "target_rescale": 4.156650777598529},
{"mapping": [2, 3, 6, 7, 5, 11, 12, 10, 0, 1, 8, 13], "R": [[0.8220304310386254, 0.563997001702391, 0.0785706848459718], [0.5665766241811176, -0.8238969790944862, -0.013590318999496894], [0.05706925072208582, 0.05568796916473806, -0.9968159061292747]], "T": [-0.05147123731827013, -0.08791440081646179, -0.06770649936339633], "aligned_model": [[0.4845705704273408, 0.42222703979170667, 0.28422849910522846, 0.22188496846959432, -0.49275613427282666, -0.5727306143258482, -0.6350741449614823, -0.27270409865706174, -0.06576766495365352, -0.19045472622492182, 0.5668198177993827, -0.12811119558928766], [0.3088179872336212, 0.3196015061828851, -0.573163560184025, -0.562380041234761, -0.6230693909609284, 0.06751696601055104, 0.07830048495981493, 0.47622995904156545, -0.0638182932433229, -0.042251255344795194, -0.20966304446269518, -0.05303477429405905], [-0.4288663278569286, 0.3620778150340945, -0.43263292421948324, 0.3583112186715398, 0.3028094425675308, -0.5089147298041194, 0.28202941308690355, 0.30516675878124555, -0.8651670704323831, 0.7167212153496627, -0.017311883636702538, -0.07422292754136012]], "inverted": true, "swapped": false, "error_lsq": 0.051966145648054705, "error_max": 0.3510518531212723, "target": "134.xyz", "model": "12.xyz", "model_rescale": 4.509807766519439, "target_rescale": 4.156650777598529},
{"mapping": [2, 3, 6, 7, 5, 11, 12, 10, 0, 1, 8, 13], "R": [[0.8220304310386257, 0.5639970017023903, 0.07857068484597171], [0.5665766241811172, -0.8238969790944867, -0.013590318999496828], [0.057069250722085824, 0.05568796916473792, -0.9968159061292747]], "T": [-0.05147123731827015, -0.08791440081646176, -0.06770649936339625], "aligned_model": [[0.48457057042734114, 0.42222703979170706, 0.284228499105228, 0.221884968469594, -0.492756134272827, -0.572730614325848, -0.6350741449614822, -0.2727040986570613, -0.06576766495365356, -0.1904547262249217, 0.5668198177993824, -0.12811119558928763], [0.30881798723362097, 0.31960150618288474, -0.5731635601840251, -0.5623800412347614, -0.6230693909609282, 0.06751696601055143, 0.07830048495981526, 0.4762299590415656, -0.06381829324332278, -0.04225125534479516, -0.20966304446269554, -0.053034774294058964], [-0.4288663278569284, 0.36207781503409436, -0.4326329242194832, 0.3583112186715396, 0.3028094425675306, -0.5089147298041193, 0.2820294130869035, 0.30516675878124555, -0.8651670704323831, 0.716721215349663, -0.01731188363670262, -0.07422292754136013]], "inverted": true, "swapped": false, "error_lsq": 0.05196614564805469, "error_max": 0.3510518531212723, "target": "134.xyz", "model": "13.xyz", "model_rescale": 4.509807766519439, "target_rescale": 4.156650777598529},
{"mapping": [3, 2, 7, 6, 4, 12, 11, 9, 1, 0, 8, 13], "R": [[-0.8220304310386255, -0.563997001702391, 0.07857068484597195], [-0.5665766241811176, 0.8238969790944866, -0.013590318999496712], [-0.05706925072208606, -0.05568796916473799, -0.9968159061292748]], "T": [-0.051471237318270135, -0.08791440081646178, -0.06770649936339615], "aligned_model": [[0.4845705704273409, 0.4222270397917066, 0.2842284991052285, 0.22188496846959427, -0.4927561342728267, -0.5727306143258482, -0.6350741449614825, -0.2727040986570618, -0.06576766495365342, -0.19045472622492193, 0.5668198177993828, -0.12811119558928766], [0.30881798723362125, 0.31960150618288496, -0.573163560184025, -0.5623800412347614, -0.6230693909609284, 0.06751696601055125, 0.07830048495981497, 0.47622995904156556, -0.06381829324332272, -0.04225125534479529, -0.2096630444626953, -0.05303477429405901], [-0.42886632785692846, 0.36207781503409464, -0.4326329242194833, 0.3583112186715398, 0.3028094425675306, -0.5089147298041196, 0.28202941308690355, 0.30516675878124566, -0.865167070432383, 0.716721215349663, -0.01731188363670258, -0.07422292754136024]], "inverted": false, "swapped": false, "error_lsq": 0.051966145648054705, "error_max": 0.35105185312127235, "target": "134.xyz", "model": "14.xyz", "model_rescale": 4.509807766519439, "target_rescale": 4.156650777598529},
{"mapping": [3, 2, 7, 6, 4, 10, 9, 10, 1, 0, 8, 11], "R": [[-0.8851986300660526, -0.46449934621513117, 0.02576320428245952], [-0.45724366555623436, 0.8789058013204425, 0.1358411672283831], [-0.08574156307114159, 0.10846635317455239, -0.9903955949978427]], "T": [0.0041432117736389384, -0.10847061605046684, -0.003927753940855176], "aligned_model": [[0.5359052157408555, 0.5154676856655895, 0.23261442744375893, 0.21217689736849304, -0.5063401775094893, -0.5449729343073091, -0.565410464382575, -0.5449729343073091, -0.07597256829614212, -0.11684762844667386, 0.5768948960103801, -0.09641009837140799], [0.3330959186370782, 0.22533533457884933, -0.5097686879857319, -0.6175292720439607, -0.5902996355881965, 0.2244040862037814, 0.11664350214555255, 0.2244040862037814, 0.09658962902988874, -0.11893153908656896, -0.24968592336228274, -0.011170955028340118], [-0.3300187080427, 0.455645976259019, -0.45351426389206456, 0.33215042040965437, 0.31719437995877425, -0.3730436469512393, 0.4126210373504796, -0.3730436469512393, -0.7788626610633343, 0.7924667075401032, -0.008397617855837166, 0.006802023238384497]], "inverted": false, "swapped": false, "error_lsq": 0.06951585441948917, "error_max": 0.6019613678858513, "target": "134.xyz", "model": "15.xyz", "model_rescale": 4.510870436145588, "target_rescale": 4.156650777598529},
{"mapping": [2, 3, 6, 7, 5, 9, 10, 9, 0, 1, 8, 11], "R": [[0.8851986300660526, 0.4644993462151311, 0.025763204282459685], [0.4572436655562342, -0.8789058013204425, 0.1358411672283833], [0.08574156307114181, -0.10846635317455251, -0.9903955949978427]], "T": [0.0041432117736389384, -0.10847061605046684, -0.003927753940855225], "aligned_model": [[0.5359052157408555, 0.5154676856655895, 0.23261442744375896, 0.21217689736849296, -0.5063401775094893, -0.544972934307309, -0.5654104643825749, -0.544972934307309, -0.07597256829614198, -0.116847628446674, 0.5768948960103801, -0.09641009837140799], [0.3330959186370781, 0.22533533457884916, -0.5097686879857318, -0.6175292720439608, -0.5902996355881964, 0.22440408620378158, 0.11664350214555261, 0.22440408620378158, 0.09658962902988891, -0.11893153908656916, -0.24968592336228282, -0.011170955028340104], [-0.3300187080426997, 0.45564597625901904, -0.4535142638920645, 0.33215042040965426, 0.3171943799587741, -0.37304364695123926, 0.4126210373504795, -0.37304364695123926, -0.7788626610633343, 0.7924667075401035, -0.008397617855837265, 0.006802023238384357]], "inverted": true, "swapped": false, "error_lsq": 0.06951585441948917, "error_max": 0.6019613678858511, "target": "134.xyz", "model": "16.xyz", "model_rescale": 4.510870436145588, "target_rescale": 4.156650777598529},
{"mapping": [7, 8, 4, 0, 9, 10, 3, 1, 5, 2, 6, 11], "R": [[-0.0025007139976264137, -0.934343012142109, -0.35636621906504085], [-0.428794958133404, -0.3209407814986695, 0.8444713723095624], [-0.9033983785179571, 0.15491981936548294, -0.39983899166901127]], "T": [-0.03778555761801131, -0.0588565358267485, 0.035644154367228016], "aligned_model": [[0.29508109859451975, 0.3283140242314299, 0.24353511863163022, 0.12017477618677833, -0.3716157825193223, -0.6543152961395766, -0.2763041823682431, -0.4452242510537303, -0.03916439498862415, 0.006395331252011242, 0.5777806122147742, -0.1625247374334761], [0.4305146412564929, 0.2560636683766427, -0.6216028776672008, -0.7902670273132316, -0.7134498838404393, -0.04354450716226766, 0.5185920338673409, 0.5495437260431114, 0.04830249901097088, -0.15131334281083064, -0.2393907354216787, -0.12036165063505976], [-0.21946936758114677, 0.3744694716809896, -0.41162215505319366, 0.3341061762281526, -0.0573374644564292, -0.37452322007546107, 0.47581362033659363, -0.300265335009911, -0.7288079106722255, 0.7929993759556255, 0.0977163880378851, 0.01692042060912071]], "inverted": false, "swapped": false, "error_lsq": 0.06737441946716775, "error_max": 0.5279946018881474, "target": "134.xyz", "model": "17.xyz", "model_rescale": 4.510870436145588, "target_rescale": 4.156650777598529},
{"mapping": [7, 10, 6, 2, 4, 3, 11, 0, 5, 1, 8, 12], "R": [[-0.4352988330304759, -0.8539619587934495, 0.2850682355085553], [0.46267272811992255, -0.4838247683039758, -0.7428644157783255], [0.7723010246117602, -0.1914747150650955, 0.605713266219559]], "T": [0.010561576409387964, -0.1245007811920524, 0.08249412722079466], "aligned_model": [[0.3850974391481183, 0.48825457000553485, 0.1677160045044331, 0.26340867581935523, -0.4141349516981565, -0.6425467037505512, -0.6305254142790689, -0.40567971130670005, -0.06069574754796155, -0.1772679592543054, 0.6135091912005128, 0.03499692376696051], [0.3693048609602544, 0.07890575990638946, -0.6784693324086282, -0.5559568240717506, -0.5604598758549253, 0.03476239590258026, 0.010131967834598743, 0.6449944434777282, -0.08324706065112267, 0.04977217172022266, -0.22591741079725108, 0.03926544768575499], [-0.48027597543406286, 0.4378464382451498, -0.3401646578945029, 0.42646490227076284, 0.07840344280947231, -0.40692607183031604, 0.21862155556338772, 0.2300030486639563, -0.8254941725342912, 0.7153325633037446, 0.0050535392057254325, -0.05886461236902554]], "inverted": false, "swapped": false, "error_lsq": 0.05067739070400912, "error_max": 0.3001879019341685, "target": "134.xyz", "model": "18.xyz", "model_rescale": 4.466005644533647, "target_rescale": 4.156650777598529},
{"mapping": [1, 0, 5, 4, 6, 9, 8, 11, 3, 2, 12, 13], "R": [[0.8231670242396335, 0.567330964633282, 0.023057033042790304], [0.5605099145935888, -0.818414918973939, 0.1265924801999256], [0.09069005373663812, -0.09128305959569154, -0.9916868039779975]], "T": [-0.05670849238004477, -0.08685717134899629, -0.00234556370645788], "aligned_model": [[0.45789311207531264, 0.4395980333675392, 0.25884089683686295, 0.24054581812908948, -0.4759930471039979, -0.6018966565653452, -0.6201917352731185, -0.23933765699736353, -0.11534419407575539, -0.15193435149130227, 0.5635913704897781, -0.13363927278352883], [0.3613340189264569, 0.26088660295703386, -0.5132525051615529, -0.6136999211309758, -0.6725499266645077, 0.12395930710568878, 0.023511891136265742, 0.5180359969290912, 0.04833813500305428, -0.15255669693579182, -0.20881107749454297, -0.05210928096636876], [-0.33322875874850527, 0.4536456018236967, -0.4495009832806822, 0.3373733772915197, 0.31320120079765584, -0.38817096530155454, 0.3987033952706474, -0.32943600971570447, -0.7865728929085223, 0.7871758282358816, -0.0034912611281119753, 0.00030146766367954636]], "inverted": false, "swapped": false, "error_lsq": 0.05274247139518031, "error_max": 0.362029135035058, "target": "134.xyz", "model": "19.xyz", "model_rescale": 4.509807711582247, "target_rescale": 4.156650777598529},
{"mapping": [0, 1, 4, 5, 7, 8, 9, 11, 2, 3, 12, 13], "R": [[-0.8220304472401714, -0.5639969778527439, 0.07857068653827091], [-0.5665766004464291, 0.8238969953949086, -0.01359032029826178], [-0.05706925298872616, -0.05568796954651285, -0.9968159059781777]], "T": [-0.05147119616088634, -0.08791446125277563, -0.06770649612824331], "aligned_model": [[0.4845706302979167, 0.42222709756004173, 0.28422853113674534, 0.22188499839887038, -0.4927561146813032, -0.5727305741186116, -0.6350741068564866, -0.2727040447233601, -0.06576774666936237, -0.19045481214511223, 0.5668197378160701, -0.12811127940723727], [0.30881791653839846, 0.3196014366495559, -0.5731636358485825, -0.5623801157374251, -0.6230694455631853, 0.06751692291001818, 0.07830044302117559, 0.4762299114895436, -0.06381816951258504, -0.04225112929027022, -0.2096629415513654, -0.05303464940142763], [-0.42886632751686926, 0.36207782488931894, -0.43263292519754126, 0.35831122720864694, 0.3028094488758927, -0.5089147328829005, 0.28202941952328775, 0.30516676664204284, -0.8651670892664286, 0.7167212155459474, -0.017311890961156137, -0.07422293686024067]], "inverted": true, "swapped": false, "error_lsq": 0.05196615273394092, "error_max": 0.3510518902927951, "target": "134.xyz", "model": "20.xyz", "model_rescale": 4.509807711582248, "target_rescale": 4.156650777598529},
{"mapping": [8, 9, 5, 2, 3, 4, 11, 1, 6, 0, 7, 12], "R": [[0.4352988330304758, 0.8539619587934493, 0.2850682355085552], [-0.46267272811992227, 0.4838247683039756, -0.7428644157783256], [-0.7723010246117602, 0.1914747150650956, 0.6057132662195587]], "T": [0.010561576409387971, -0.12450078119205249, 0.08249412722079465], "aligned_model": [[0.3850974391481182, 0.4882545700055348, 0.16771600450443297, 0.2634086758193552, -0.41413495169815656, -0.6425467037505511, -0.6305254142790689, -0.40567971130669994, -0.06069574754796152, -0.17726795925430544, 0.6135091912005127, 0.034996923766960515], [0.36930486096025444, 0.07890575990638937, -0.678469332408628, -0.5559568240717507, -0.5604598758549252, 0.03476239590258029, 0.010131967834598715, 0.6449944434777282, -0.08324706065112258, 0.049772171720222635, -0.22591741079725103, 0.03926544768575499], [-0.48027597543406264, 0.4378464382451497, -0.34016465789450323, 0.42646490227076267, 0.07840344280947205, -0.4069260718303159, 0.2186215555633877, 0.2300030486639566, -0.8254941725342911, 0.7153325633037445, 0.005053539205725252, -0.0588646123690255]], "inverted": true, "swapped": false, "error_lsq": 0.05067739070400911, "error_max": 0.30018790193416856, "target": "134.xyz", "model": "21.xyz", "model_rescale": 4.466005644533646, "target_rescale": 4.156650777598529},
{"mapping": [7, 10, 6, 2, 4, 3, 11, 0, 5, 1, 8, 12], "R": [[-0.43529875718150174, -0.8539619842489706, 0.2850682750742377], [0.4626727740578137, -0.48382476236265354, -0.7428643910367284], [0.7723010398425523, -0.19147461654820752, 0.6057132779424848]], "T": [0.010561567098098378, -0.1245007873221412, 0.08249412317223921], "aligned_model": [[0.38509748815763206, 0.4882545036590944, 0.16771604513535357, 0.2634085952306661, -0.41413487703142565, -0.6425466626233987, -0.6305257012426319, -0.40567960160038524, -0.06069574045661947, -0.1772678160084122, 0.6135092737496052, 0.03499680963869305], [0.36930487846243154, 0.07890571016666317, -0.6784693125074319, -0.5559568754289227, -0.5604598238744666, 0.0347624328470324, 0.010131818550425387, 0.6449945124810214, -0.08324705578593289, 0.04977225575952235, -0.22591737825906746, 0.03926538129257645], [-0.4802760196717673, 0.43784636382611436, -0.34016463031895655, 0.4264648787313013, 0.07840351879531117, -0.40692600914174265, 0.2186215377006474, 0.2300030656692575, -0.8254941582560104, 0.7153325936063114, 0.005053508265286569, -0.058864649205752614]], "inverted": false, "swapped": false, "error_lsq": 0.050677394561170465, "error_max": 0.3001879068032396, "target": "134.xyz", "model": "22.xyz", "model_rescale": 4.46600560860683, "target_rescale": 4.156650777598529},
{"mapping": [1, 0, 5, 4, 6, 9, 8, 11, 3, 2, 12, 13], "R": [[0.823166986041382, 0.5673310200173672, 0.023057034015688226], [0.5605099692992467, -0.8184148810514248, 0.12659248314864285], [0.09069006234259908, -0.0912830553806977, -0.9916868035789626]], "T": [-0.05670849164785487, -0.08685717313934133, -0.002345563984640946], "aligned_model": [[0.45789302743582727, 0.43959794780514366, 0.2588408699180335, 0.24054579028734985, -0.47599307670803975, -0.6018967336149603, -0.6201918132456439, -0.23933763206459124, -0.11534413249550364, -0.1519342917568709, 0.5635915731736136, -0.1336392121261873], [0.3613341463224701, 0.2608867271845811, -0.5132523980754669, -0.6136998172133559, -0.6725498709298736, 0.12395936202414029, 0.02351194288625133, 0.5180358976924448, 0.04833804080216075, -0.15255679747361714, -0.2088113111801561, -0.05210937833572818], [-0.3332287461168322, 0.45364562063088504, -0.4495009747422163, 0.3373733920055009, 0.31320120843225074, -0.38817096351307967, 0.39870340323463754, -0.32943602368348884, -0.7865729101410434, 0.787175823354391, -0.0034912860676781575, 0.0003014566066736686]], "inverted": false, "swapped": false, "error_lsq": 0.052742470393356895, "error_max": 0.3620291875553705, "target": "134.xyz", "model": "23.xyz", "model_rescale": 4.509807674373902, "target_rescale": 4.156650777598529},
{"mapping": [0, 1, 4, 5, 7, 8, 9, 11, 2, 3, 12, 13], "R": [[-0.8220304094962756, -0.5639970331971129, 0.07857068415280621], [-0.5665766557430285, 0.8238969573800867, -0.013590319601879227], [-0.05706924767710839, -0.055687971454256746, -0.9968159061756984]], "T": [-0.05147119555614579, -0.08791446302301541, -0.0677064965528619], "aligned_model": [[0.4845705450398785, 0.42222701368043203, 0.28422850326238625, 0.22188497190293974, -0.4927561431937104, -0.5727306522093719, -0.6350741835688184, -0.2727040199509042, -0.0657676879020797, -0.19045475062097264, 0.5668199394299178, -0.12811121926152613], [0.30881804362109194, 0.3196015632686601, -0.5731635294729494, -0.5623800098253812, -0.6230693882515216, 0.0675169768485538, 0.07830049649612199, 0.4762298099243525, -0.06381826703740372, -0.0422512277422674, -0.20966317673557106, -0.05303474738983556], [-0.42886634068388585, 0.36207781840474496, -0.4326329336951431, 0.3583112253934877, 0.3028094492431923, -0.5089147421102543, 0.28202941697837647, 0.30516677361633593, -0.8651670901594942, 0.7167212280177667, -0.0173118739342627, -0.07422293107086383]], "inverted": true, "swapped": false, "error_lsq": 0.05196615184338069, "error_max": 0.35105194793455113, "target": "134.xyz", "model": "24.xyz", "model_rescale": 4.509807674373903, "target_rescale": 4.156650777598529},
{"mapping": [8, 9, 5, 2, 3, 4, 11, 1, 6, 0, 7, 12], "R": [[0.43529875718150157, 0.8539619842489706, 0.2850682750742378], [-0.46267277405781415, 0.4838247623626536, -0.7428643910367282], [-0.7723010398425522, 0.1914746165482071, 0.605713277942485]], "T": [0.010561567098098405, -0.12450078732214125, 0.08249412317223925], "aligned_model": [[0.3850974881576321, 0.4882545036590946, 0.16771604513535346, 0.26340859523066623, -0.4141348770314257, -0.6425466626233988, -0.6305257012426319, -0.4056796016003852, -0.06069574045661961, -0.17726781600841215, 0.6135092737496052, 0.03499680963869304], [0.36930487846243126, 0.07890571016666341, -0.678469312507432, -0.5559568754289226, -0.5604598238744665, 0.03476243284703219, 0.010131818550425567, 0.6449945124810216, -0.08324705578593337, 0.04977225575952281, -0.22591737825906744, 0.03926538129257641], [-0.4802760196717675, 0.4378463638261142, -0.3401646303189565, 0.42646487873130146, 0.07840351879531138, -0.4069260091417425, 0.21862153770064746, 0.23000306566925743, -0.8254941582560104, 0.7153325936063113, 0.005053508265286388, -0.058864649205752684]], "inverted": true, "swapped": false, "error_lsq": 0.05067739456117048, "error_max": 0.3001879068032394, "target": "134.xyz", "model": "25.xyz", "model_rescale": 4.466005608606829, "target_rescale": 4.156650777598529},
{"mapping": [7, 10, 6, 2, 4, 3, 11, 0, 5, 1, 8, 12], "R": [[-0.43529888187388377, -0.8539619351757659, 0.2850682316748178], [0.4626727135882043, -0.48382479469020734, -0.7428644076437544], [0.7723010057874287, -0.19147475372445244, 0.6057132780003144]], "T": [0.010561556268648097, -0.12450076048813052, 0.0824941542766431], "aligned_model": [[0.38509746119273747, 0.4882545557155122, 0.1677160623940923, 0.26340869157586844, -0.41413498839074364, -0.6425467274708335, -0.6305253681613553, -0.40567979270490273, -0.0606956766859976, -0.17726805362481277, 0.6135092002728274, 0.03499695249577854], [0.3693048208375433, 0.07890573444565777, -0.6784693340671385, -0.5559568290103073, -0.5604597976908036, 0.03476244174893317, 0.01013191074680711, 0.6449944694665306, -0.08324709462740171, 0.0497722300267939, -0.22591741860219347, 0.039265410429429604], [-0.48027599314373914, 0.4378463849756891, -0.34016469266790533, 0.4264648386847662, 0.07840353703789328, -0.4069259660046424, 0.21862146185101083, 0.23000313819690288, -0.825494195710441, 0.7153326412394385, 0.005053509898796563, -0.05886466435776953]], "inverted": false, "swapped": false, "error_lsq": 0.050677399879972496, "error_max": 0.3001879145371735, "target": "134.xyz", "model": "26.xyz", "model_rescale": 4.466005838112752, "target_rescale": 4.156650777598529},
{"mapping": [1, 0, 5, 4, 6, 9, 8, 11, 3, 2, 12, 13], "R": [[0.8231670585222782, 0.5673309149998162, 0.02305703036498761], [0.5605098654310376, -0.8184149525413819, 0.1265924808634716], [0.0906900464122766, -0.09128306711630313, -0.9916868039555534]], "T": [-0.05670846178789536, -0.08685714857463568, -0.002345560029124669], "aligned_model": [[0.457893236482923, 0.4395981606361291, 0.2588409760218313, 0.2405459001750374, -0.47599312250191117, -0.6018966867272243, -0.6201917625740182, -0.2393376776978805, -0.11534425241820094, -0.15193440411178866, 0.5635912775882689, -0.1336393282649948], [0.3613340558699415, 0.2608866434161713, -0.5132524209416132, -0.6136998333953834, -0.672549918165651, 0.12395929248228192, 0.02351188002851172, 0.518035944755519, 0.04833809529178289, -0.1525567296157575, -0.20881114885996518, -0.05210931716198731], [-0.3332287360792771, 0.4536455928100928, -0.44950095567821463, 0.3373733732111553, 0.31320118483672055, -0.3881709501071948, 0.3987033787821751, -0.3294359998087731, -0.7865728668462888, 0.787175790932451, -0.0034912740959272387, 0.00030146204308099207]], "inverted": false, "swapped": false, "error_lsq": 0.05274247956601948, "error_max": 0.36202913904125633, "target": "134.xyz", "model": "27.xyz", "model_rescale": 4.509807893063789, "target_rescale": 4.156650777598529},
{"mapping": [0, 1, 4, 5, 7, 8, 9, 11, 2, 3, 12, 13], "R": [[-0.8220304812685898, -0.5639969288057061, 0.07857068259256791], [-0.5665765511293805, 0.823897029291255, -0.01359032138624856], [-0.05706925245407611, -0.05568796479291109, -0.9968159062743515]], "T": [-0.0514711660767529, -0.08791443827824562, -0.06770649128541062], "aligned_model": [[0.48457075251557785, 0.422227225417301, 0.28422860871238326, 0.22188508161410642, -0.4927561887842328, -0.572730606297409, -0.6350741333956859, -0.2727040619986308, -0.06576780821545533, -0.19045486241200896, 0.5668196447659576, -0.12811133531373214], [0.30881795564561376, 0.31960147618611146, -0.5731635492664132, -0.5623800287259155, -0.6230694388459154, 0.06751690955143581, 0.07830043009193345, 0.47622986081422447, -0.06381820658476772, -0.0422511655037724, -0.20966301361441425, -0.05303468604427006], [-0.42886630206316567, 0.36207781874922984, -0.43263290215307276, 0.35831121865932275, 0.3028094319326995, -0.5089147144113999, 0.2820294064009956, 0.30516675288899753, -0.8651670585276885, 0.7167211830971019, -0.017311896857726453, -0.07422293771529347]], "inverted": true, "swapped": false, "error_lsq": 0.051966161286958294, "error_max": 0.3510518997398399, "target": "134.xyz", "model": "28.xyz", "model_rescale": 4.5098078930637895, "target_rescale": 4.156650777598529},
{"mapping": [8, 9, 5, 2, 3, 4, 11, 1, 6, 0, 7, 12], "R": [[0.43529888187388344, 0.8539619351757662, 0.2850682316748179], [-0.4626727135882042, 0.4838247946902071, -0.7428644076437548], [-0.7723010057874292, 0.19147475372445225, 0.6057132780003143]], "T": [0.010561556268648152, -0.12450076048813062, 0.08249415427664313], "aligned_model": [[0.3850974611927375, 0.48825455571551246, 0.167716062394092, 0.2634086915758685, -0.41413498839074375, -0.6425467274708335, -0.6305253681613553, -0.40567979270490245, -0.06069567668599785, -0.17726805362481254, 0.6135092002728274, 0.03499695249577857], [0.36930482083754324, 0.07890573444565761, -0.6784693340671384, -0.5559568290103075, -0.5604597976908036, 0.03476244174893335, 0.010131910746807207, 0.6449944694665307, -0.08324709462740153, 0.049772230026793804, -0.2259174186021936, 0.03926541042942962], [-0.4802759931437392, 0.437846384975689, -0.34016469266790567, 0.42646483868476615, 0.07840353703789325, -0.4069259660046422, 0.21862146185101122, 0.23000313819690338, -0.8254941957104411, 0.7153326412394387, 0.005053509898796174, -0.05886466435776956]], "inverted": true, "swapped": false, "error_lsq": 0.050677399879972496, "error_max": 0.3001879145371737, "target": "134.xyz", "model": "29.xyz", "model_rescale": 4.466005838112752, "target_rescale": 4.156650777598529},
