[{"mapping": [3, 2, 5, 4, 7, 10, 9, 9, 1, 0, 8, 11], "R": [[0.8851986054258644, 0.4644993931541096, -0.025763204605971347], [0.4572437133081788, -0.878905778587776, -0.1358411535771234], [-0.08574156280505543, 0.10846633636515754, -0.9903955968618133]], "T": [0.004143307219134605, -0.10847047879437213, 0.003927732125293647], "aligned_model": [[0.5154678675296419, 0.5359053961743739, 0.2121769531939395, 0.23261448183867153, -0.5063399607116944, -0.5654104864717172, -0.5449729578269852, -0.5449729578269852, -0.11684777132494684, -0.07597271403548281, 0.5768947087495706, -0.09641024268021481], [0.22533543133499892, 0.3330959956679944, -0.6175292248587826, -0.5097686605257872, -0.5902998234251922, 0.11664364397773572, 0.22440420831073124, 0.22440420831073124, -0.11893164471994702, 0.09658948394604391, -0.24968599392772386, -0.011171080386951554], [-0.45564595640736605, 0.33001866451437684, -0.33215040223137443, 0.45351421869036845, -0.31719433315071277, -0.4126210196020199, 0.373043601319723, 0.373043601319723, -0.7924666223249324, 0.7788626195185531, 0.008397629756850288, -0.006802001403189671]], "inverted": false, "swapped": false, "error_lsq": 0.06951585827693497, "error_max": 0.6019612635333135, "target": "135.xyz", "model": "0.xyz", "model_rescale": 4.5108708085295355, "target_rescale": 4.1566507775985295},
{"mapping": [3, 2, 5, 4, 6, 10, 9, 10, 1, 0, 8, 11], "R": [[0.8851986054258641, 0.4644993931541093, 0.02576320460597198], [0.4572437133081784, -0.8789057785877759, 0.135841153577123], [0.08574156280505578, -0.10846633636515693, -0.9903955968618131]], "T": [0.004143307219134577, -0.10847047879437213, -0.003927732125293639], "aligned_model": [[0.5359053961743739, 0.5154678675296415, 0.23261448183867156, 0.21217695319393903, -0.5063399607116945, -0.5449729578269846, -0.5654104864717171, -0.5449729578269846, -0.07597271403548225, -0.11684777132494728, 0.5768947087495704, -0.09641024268021478], [0.33309599566799397, 0.22533543133499886, -0.5097686605257872, -0.6175292248587823, -0.5902998234251916, 0.22440420831073102, 0.11664364397773591, 0.22440420831073102, 0.09658948394604361, -0.11893164471994673, -0.24968599392772395, -0.011171080386951582], [-0.33001866451437645, 0.4556459564073658, -0.4535142186903679, 0.3321504022313744, 0.3171943331507122, -0.3730436013197232, 0.4126210196020191, -0.3730436013197232, -0.7788626195185531, 0.792466622324932, -0.008397629756849788, 0.0068020014031896755]], "inverted": false, "swapped": false, "error_lsq": 0.06951585827693495, "error_max": 0.6019612635333134, "target": "135.xyz", "model": "1.xyz", "model_rescale": 4.510870808529536, "target_rescale": 4.1566507775985295},
{"mapping": [3, 2, 5, 4, 7, 10, 9, 9, 1, 0, 8, 11], "R": [[0.8851986054258644, 0.46449939315410915, -0.025763204605971875], [0.45724371330817837, -0.8789057785877762, -0.13584115357712281], [-0.08574156280505557, 0.10846633636515682, -0.9903955968618132]], "T": [0.004143307219134584, -0.10847047879437213, 0.003927732125293659], "aligned_model": [[0.5154678675296418, 0.5359053961743743, 0.21217695319393903, 0.23261448183867148, -0.5063399607116947, -0.5654104864717172, -0.5449729578269847, -0.5449729578269847, -0.11684777132494722, -0.07597271403548234, 0.5768947087495705, -0.0964102426802148], [0.22533543133499886, 0.33309599566799386, -0.6175292248587825, -0.5097686605257875, -0.5902998234251917, 0.11664364397773627, 0.2244042083107313, 0.2244042083107313, -0.11893164471994651, 0.09658948394604353, -0.2496859939277242, -0.01117108038695154], [-0.45564595640736594, 0.33001866451437684, -0.3321504022313747, 0.45351421869036807, -0.31719433315071266, -0.4126210196020194, 0.37304360131972336, 0.37304360131972336, -0.7924666223249321, 0.7788626195185531, 0.00839762975684966, -0.006802001403189848]], "inverted": false, "swapped": false, "error_lsq": 0.06951585827693495, "error_max": 0.6019612635333135, "target": "135.xyz", "model": "2.xyz", "model_rescale": 4.5108708085295355, "target_rescale": 4.1566507775985295},
{"mapping": [3, 2, 5, 4, 7, 10, 9, 11, 1, 0, 8, 13], "R": [[0.8231669751462352, 0.5673310357788457, -0.023057035167162523], [0.5605099849004189, -0.818414870427607, -0.12659248275429122], [-0.09069006481158577, 0.09128305267170714, -0.9916868036025309]], "T": [-0.05670841391363832, -0.0868571877039889, 0.002345564060273823], "aligned_model": [[0.43959800979575137, 0.4578930900615016, 0.2405458722191743, 0.25884095248492456, -0.47599298266867507, -0.6201918562430372, -0.601896775977287, -0.23933756179061286, -0.15193439667921474, -0.11534423614771422, 0.5635915179668247, -0.1336393164134645], [0.2608867170664204, 0.3613341343618064, -0.6136998178649047, -0.5132524005695187, -0.6725498842197558, 0.023512097823138248, 0.12395951511852424, 0.5180358701986065, -0.1525569364605251, 0.04833789813024683, -0.20881113071504798, -0.052109519165139145], [-0.4536456150919098, 0.3332287396921167, -0.33737338825803764, 0.44950096652598887, -0.3132012025449457, -0.3987034151896932, 0.3881709395943333, 0.329436019935792, -0.787175790861639, 0.7865729187064137, 0.0034912635691928965, -0.0003014360776126754]], "inverted": false, "swapped": false, "error_lsq": 0.052742480692221115, "error_max": 0.3620292099977709, "target": "135.xyz", "model": "3.xyz", "model_rescale": 4.509807743048502, "target_rescale": 4.1566507775985295},
{"mapping": [3, 2, 5, 4, 6, 10, 9, 12, 1, 0, 8, 13], "R": [[0.8231669751462353, 0.5673310357788455, 0.02305703516716251], [0.5605099849004189, -0.818414870427607, 0.1265924827542912], [0.09069006481158573, -0.09128305267170714, -0.9916868036025309]], "T": [-0.05670841391363832, -0.08685718770398891, -0.0023455640602738463], "aligned_model": [[0.4578930900615017, 0.4395980097957515, 0.25884095248492445, 0.2405458722191742, -0.4759929826686753, -0.601896775977287, -0.6201918562430372, -0.23933756179061275, -0.11534423614771422, -0.1519343966792147, 0.5635915179668246, -0.13363931641346447], [0.36133413436180634, 0.26088671706642047, -0.5132524005695187, -0.6136998178649047, -0.6725498842197558, 0.1239595151185242, 0.023512097823138275, 0.5180358701986065, 0.04833789813024682, -0.1525569364605251, -0.208811130715048, -0.05210951916513917], [-0.33322873969211675, 0.4536456150919095, -0.44950096652598887, 0.33737338825803737, 0.31320120254494543, -0.3881709395943333, 0.39870341518969293, -0.3294360199357921, -0.7865729187064139, 0.7871757908616391, -0.003491263569192843, 0.0003014360776127513]], "inverted": false, "swapped": false, "error_lsq": 0.0527424806922211, "error_max": 0.3620292099977707, "target": "135.xyz", "model": "4.xyz", "model_rescale": 4.509807743048502, "target_rescale": 4.1566507775985295},
{"mapping": [2, 3, 4, 5, 7, 9, 10, 11, 0, 1, 8, 13], "R": [[-0.8231669751462358, -0.5673310357788444, 0.023057035167161618], [-0.560509984900418, 0.8184148704276075, 0.12659248275429077], [-0.09069006481158466, 0.09128305267170739, -0.9916868036025308]], "T": [-0.05670841391363833, -0.08685718770398887, -0.0023455640602739304], "aligned_model": [[0.4578930900615018, 0.43959800979575225, 0.2588409524849234, 0.24054587221917384, -0.4759929826686755, -0.6018967759772869, -0.6201918562430364, -0.23933756179061233, -0.11534423614771488, -0.15193439667921396, 0.5635915179668244, -0.13363931641346444], [0.3613341343618057, 0.2608867170664201, -0.5132524005695192, -0.6136998178649049, -0.6725498842197553, 0.12395951511852463, 0.02351209782313901, 0.5180358701986065, 0.04833789813024658, -0.15255693646052465, -0.2088111307150486, -0.05210951916513908], [-0.3332287396921174, 0.4536456150919089, -0.449500966525989, 0.33737338825803737, 0.3132012025449462, -0.3881709395943328, 0.39870341518969354, -0.3294360199357921, -0.7865729187064137, 0.7871757908616388, -0.0034912635691933145, 0.0003014360776129269]], "inverted": true, "swapped": false, "error_lsq": 0.0527424806922211, "error_max": 0.36202920999777083, "target": "135.xyz", "model": "5.xyz", "model_rescale": 4.509807743048502, "target_rescale": 4.1566507775985295},
{"mapping": [2, 3, 4, 5, 6, 9, 10, 12, 0, 1, 8, 13], "R": [[-0.8231670104449094, -0.5673309847058954, -0.023057031635263858], [-0.5605099343373894, 0.8184149048739169, -0.12659248393689523], [0.09069005692073337, -0.09128306125923241, -0.9916868035336848]], "T": [-0.05670842614204635, -0.08685717151179541, 0.0023455622043725556], "aligned_model": [[0.4395981041477521, 0.4578931822464782, 0.24054590486645544, 0.25884098296518154, -0.4759931045806078, -0.6201916880376455, -0.6018966099389194, -0.23933760999818954, -0.1519344701578352, -0.115344313960383, 0.5635913311149932, -0.1336393920591091], [0.26088662306475585, 0.3613340447872929, -0.6136999297697556, -0.5132525080472186, -0.6725497728239247, 0.023511879038401615, 0.12395930076093871, 0.5180360101578814, -0.15255682805497223, 0.04833801539010189, -0.20881088446721513, -0.05210940633243516], [-0.45364561793305525, 0.33322876412645414, -0.3373733870370145, 0.44950099502249485, -0.3132012287156287, -0.3987034073064937, 0.3881709747530157, 0.3294360156631405, -0.7871758311706814, 0.7865729329483371, 0.0034912387606029975, -0.0003014491111721757]], "inverted": true, "swapped": false, "error_lsq": 0.052742477707542625, "error_max": 0.36202914691211346, "target": "135.xyz", "model": "6.xyz", "model_rescale": 4.509807586411629, "target_rescale": 4.1566507775985295},
{"mapping": [3, 2, 5, 4, 6, 10, 9, 12, 1, 0, 8, 13], "R": [[0.8231670104449097, 0.5673309847058952, 0.023057031635263556], [0.5605099343373892, -0.8184149048739171, 0.12659248393689532], [0.09069005692073315, -0.09128306125923268, -0.9916868035336851]], "T": [-0.05670842614204637, -0.0868571715117954, -0.0023455622043726835], "aligned_model": [[0.4578931822464783, 0.4395981041477524, 0.25884098296518127, 0.24054590486645538, -0.4759931045806079, -0.6018966099389195, -0.6201916880376454, -0.23933760999818948, -0.11534431396038325, -0.15193447015783496, 0.5635913311149933, -0.1336393920591091], [0.36133404478729275, 0.2608866230647557, -0.5132525080472187, -0.6136999297697557, -0.6725497728239246, 0.12395930076093886, 0.02351187903840174, 0.5180360101578815, 0.04833801539010202, -0.15255682805497225, -0.2088108844672153, -0.05210940633243513], [-0.33322876412645436, 0.4536456179330551, -0.4495009950224951, 0.33737338703701436, 0.3132012287156288, -0.3881709747530156, 0.39870340730649384, -0.32943601566314057, -0.7865729329483376, 0.7871758311706818, -0.00349123876060325, 0.00030144911117217397]], "inverted": false, "swapped": false, "error_lsq": 0.052742477707542625, "error_max": 0.36202914691211324, "target": "135.xyz", "model": "7.xyz", "model_rescale": 4.509807586411629, "target_rescale": 4.1566507775985295},
{"mapping": [2, 3, 4, 5, 7, 9, 10, 11, 0, 1, 8, 13], "R": [[-0.8231670104449096, -0.5673309847058954, 0.023057031635264045], [-0.5605099343373894, 0.818414904873917, 0.12659248393689546], [-0.09069005692073365, 0.09128306125923248, -0.991686803533685]], "T": [-0.05670842614204635, -0.0868571715117954, -0.0023455622043728136], "aligned_model": [[0.4578931822464784, 0.43959810414775213, 0.25884098296518154, 0.24054590486645533, -0.47599310458060795, -0.6018966099389191, -0.6201916880376455, -0.23933760999818943, -0.11534431396038286, -0.15193447015783534, 0.5635913311149934, -0.1336393920591091], [0.361334044787293, 0.26088662306475574, -0.5132525080472186, -0.6136999297697557, -0.6725497728239248, 0.12395930076093883, 0.023511879038401573, 0.5180360101578816, 0.0483380153901021, -0.15255682805497237, -0.20881088446721524, -0.052109406332435174], [-0.33322876412645414, 0.4536456179330554, -0.449500995022495, 0.3373733870370145, 0.31320122871562855, -0.38817097475301593, 0.3987034073064936, -0.3294360156631406, -0.7865729329483375, 0.7871758311706814, -0.003491238760602879, 0.0003014491111722039]], "inverted": true, "swapped": false, "error_lsq": 0.052742477707542625, "error_max": 0.3620291469121133, "target": "135.xyz", "model": "8.xyz", "model_rescale": 4.509807586411629, "target_rescale": 4.1566507775985295},
{"mapping": [3, 2, 7, 6, 4, 12, 11, 10, 1, 0, 8, 13], "R": [[-0.8231669396333284, -0.5673310874381762, 0.023057031919072043], [-0.5605100357501095, 0.8184148342342504, 0.12659249159699731], [-0.0906900728752138, 0.09128305610320764, -0.9916868025492461]], "T": [-0.05670846000613926, -0.08685722106587236, -0.002345569433479985], "aligned_model": [[0.45789310759741353, 0.43959802894109035, 0.2588408889845205, 0.24054581032819733, -0.4759930786679265, -0.6018967993882632, -0.6201918780445864, -0.23933759096592994, -0.11534417047844943, -0.15193432779109567, 0.5635915752279729, -0.13363924913477254], [0.3613340686532029, 0.26088663902756865, -0.5132523426627859, -0.61369977228842, -0.672549886428126, 0.12395937092454008, 0.02351194129890584, 0.5180357691081072, 0.04833808912568725, -0.15255677012558122, -0.20881122242930072, -0.05210934049994698], [-0.33322876691943076, 0.4536456286556886, -0.44950098712754527, 0.3373734084475741, 0.31320121763800374, -0.38817097649645993, 0.39870341907865936, -0.32943604908082263, -0.7865729346041317, 0.7871758565461069, -0.0034912771086299307, 0.00030146097098758193]], "inverted": false, "swapped": false, "error_lsq": 0.05274248124836076, "error_max": 0.3620292643062658, "target": "135.xyz", "model": "9.xyz", "model_rescale": 4.509807504472865, "target_rescale": 4.1566507775985295},
{"mapping": [3, 2, 7, 6, 5, 12, 11, 9, 1, 0, 8, 13], "R": [[-0.8231669396333283, -0.5673310874381764, -0.023057031919072078], [-0.5605100357501097, 0.8184148342342503, -0.12659249159699743], [0.09069007287521393, -0.0912830561032077, -0.9916868025492462]], "T": [-0.05670846000613926, -0.08685722106587236, 0.002345569433479946], "aligned_model": [[0.43959802894109024, 0.4578931075974134, 0.2405458103281975, 0.2588408889845207, -0.47599307866792634, -0.6201918780445865, -0.6018967993882633, -0.2393375909659301, -0.15193432779109575, -0.11534417047844941, 0.5635915752279729, -0.1336392491347726], [0.2608866390275688, 0.36133406865320306, -0.6136997722884201, -0.5132523426627857, -0.6725498864281263, 0.023511941298905673, 0.12395937092453997, 0.5180357691081072, -0.15255677012558133, 0.048338089125687336, -0.20881122242930059, -0.05210934049994698], [-0.4536456286556886, 0.3332287669194306, -0.33737340844757396, 0.4495009871275452, -0.31320121763800357, -0.3987034190786593, 0.3881709764964599, 0.32943604908082247, -0.7871758565461071, 0.7865729346041318, 0.0034912771086299545, -0.0003014609709875225]], "inverted": false, "swapped": false, "error_lsq": 0.052742481248360756, "error_max": 0.3620292643062658, "target": "135.xyz", "model": "10.xyz", "model_rescale": 4.509807504472865, "target_rescale": 4.1566507775985295},
{"mapping": [3, 2, 7, 6, 4, 12, 11, 9, 1, 0, 8, 13], "R": [[-0.8220303631893565, -0.5639971008188455, 0.07857068322670913], [-0.5665767235888838, 0.8238969106886366, -0.013590321740368005], [-0.057069241120418224, -0.055687977388823834, -0.9968159062195395]], "T": [-0.051471163966644466, -0.08791451147435643, -0.06770649584801393], "aligned_model": [[0.48457062610797236, 0.4222270931346466, 0.2842285239821041, 0.22188499100877834, -0.4927561461518788, -0.5727307164260919, -0.6350742493994176, -0.27270397962742143, -0.06576772298735331, -0.1904547889340048, 0.5668199418615164, -0.12811125596067902], [0.30881795958552255, 0.31960148133617367, -0.5731634804938348, -0.5623799587431837, -0.6230693984889137, 0.06751697909133562, 0.07830050084198674, 0.47622967646229325, -0.06381823126849359, -0.042251187767191306, -0.20966308733400135, -0.053034709517842456], [-0.4288663519213756, 0.36207783699981755, -0.4326329494244517, 0.3583112394967415, 0.3028094632399196, -0.5089147644721502, 0.28202942444904294, 0.3051667901417145, -0.8651671258500818, 0.7167212519923044, -0.0173118777225921, -0.07422293692888905]], "inverted": false, "swapped": false, "error_lsq": 0.051966162989209634, "error_max": 0.3510520312137075, "target": "135.xyz", "model": "11.xyz", "model_rescale": 4.509807504472865, "target_rescale": 4.1566507775985295},
{"mapping": [3, 2, 7, 6, 4, 12, 11, 10, 1, 0, 8, 13], "R": [[-0.8231670076906159, -0.5673309885833799, 0.023057034559595693], [-0.560509938298442, 0.818414902792975, 0.12659247985185454], [-0.09069005743936004, 0.09128305581744164, -0.9916868039871638]], "T": [-0.056708533598466435, -0.08685711141544382, -0.0023455570477752723], "aligned_model": [[0.45789305344950365, 0.43959797376105514, 0.2588408663269565, 0.24054578663850795, -0.4759930680523108, -0.601896695186786, -0.6201917748752345, -0.23933771164438933, -0.11534410858746441, -0.15193426796436146, 0.5635914510186074, -0.13363918827591292], [0.36133408782479953, 0.26088667335518245, -0.5132524314374132, -0.6136998459070303, -0.6725498713021836, 0.12395934843967708, 0.023511933970059976, 0.5180360439223386, 0.048338009334993284, -0.1525568196042409, -0.2088111797577083, -0.05210940513462379], [-0.3332287458438893, 0.45364560515010693, -0.4495009691027413, 0.3373733818912549, 0.3132012020320111, -0.3881709569876687, 0.39870339400632754, -0.3294360006363113, -0.7865728973796262, 0.7871758046083659, -0.0034912713521999096, 0.0003014536143698685]], "inverted": false, "swapped": false, "error_lsq": 0.05274246432403935, "error_max": 0.362029097899607, "target": "135.xyz", "model": "12.xyz", "model_rescale": 4.509807766519439, "target_rescale": 4.1566507775985295},
{"mapping": [2, 3, 6, 7, 4, 11, 12, 10, 0, 1, 8, 13], "R": [[0.8231670076906165, 0.5673309885833792, -0.023057034559595374], [0.5605099382984412, -0.8184149027929756, -0.12659247985185407], [-0.09069005743935939, 0.09128305581744153, -0.9916868039871639]], "T": [-0.05670853359846645, -0.08685711141544378, 0.002345557047775243], "aligned_model": [[0.43959797376105575, 0.457893053449504, 0.24054578663850762, 0.25884086632695585, -0.4759930680523112, -0.6201917748752344, -0.6018966951867861, -0.23933771164438894, -0.1519342679643612, -0.11534410858746465, 0.5635914510186073, -0.13363918827591292], [0.26088667335518223, 0.3613340878247989, -0.6136998459070302, -0.5132524314374136, -0.6725498713021829, 0.02351193397006071, 0.1239593484396774, 0.5180360439223386, -0.1525568196042404, 0.04833800933499305, -0.2088111797577089, -0.05210940513462369], [-0.45364560515010655, 0.3332287458438895, -0.33737338189125504, 0.449500969102741, -0.31320120203201157, -0.39870339400632776, 0.3881709569876683, 0.32943600063631123, -0.7871758046083661, 0.7865728973796265, 0.0034912713522000254, -0.00030145361437001637]], "inverted": true, "swapped": false, "error_lsq": 0.05274246432403935, "error_max": 0.3620290978996073, "target": "135.xyz", "model": "13.xyz", "model_rescale": 4.509807766519439, "target_rescale": 4.1566507775985295},
{"mapping": [3, 2, 7, 6, 4, 12, 11, 9, 1, 0, 8, 13], "R": [[-0.8220304310386257, -0.5639970017023905, 0.07857068484597164], [-0.5665766241811174, 0.8238969790944867, -0.013590318999496736], [-0.05706925072208581, -0.05568796916473781, -0.9968159061292748]], "T": [-0.05147123731827016, -0.08791440081646175, -0.06770649936339619], "aligned_model": [[0.4845705704273411, 0.42222703979170706, 0.2842284991052282, 0.22188496846959413, -0.49275613427282694, -0.5727306143258482, -0.6350741449614822, -0.27270409865706147, -0.06576766495365366, -0.1904547262249217, 0.5668198177993826, -0.12811119558928766], [0.3088179872336212, 0.31960150618288496, -0.5731635601840251, -0.5623800412347614, -0.6230693909609284, 0.06751696601055142, 0.07830048495981513, 0.47622995904156573, -0.0638182932433227, -0.042251255344795235, -0.2096630444626954, -0.05303477429405897], [-0.42886632785692863, 0.3620778150340945, -0.43263292421948346, 0.35831121867153964, 0.30280944256753073, -0.5089147298041194, 0.28202941308690366, 0.3051667587812457, -0.8651670704323831, 0.7167212153496629, -0.01731188363670281, -0.07422292754136026]], "inverted": false, "swapped": false, "error_lsq": 0.05196614564805472, "error_max": 0.3510518531212725, "target": "135.xyz", "model": "14.xyz", "model_rescale": 4.509807766519439, "target_rescale": 4.1566507775985295},
{"mapping": [3, 2, 7, 6, 4, 10, 9, 10, 1, 0, 8, 11], "R": [[-0.8851986300660526, -0.46449934621513145, 0.025763204282459255], [-0.45724366555623464, 0.8789058013204425, 0.1358411672283834], [-0.08574156307114152, 0.10846635317455276, -0.9903955949978427]], "T": [0.004143211773638952, -0.10847061605046683, -0.003927753940855239], "aligned_model": [[0.5359052157408554, 0.5154676856655896, 0.232614427443759, 0.21217689736849332, -0.5063401775094891, -0.5449729343073093, -0.565410464382575, -0.5449729343073093, -0.07597256829614235, -0.11684762844667368, 0.5768948960103802, -0.09641009837140802], [0.33309591863707855, 0.2253353345788494, -0.5097686879857317, -0.6175292720439609, -0.5902996355881968, 0.2244040862037815, 0.11664350214555234, 0.2244040862037815, 0.09658962902988898, -0.11893153908656923, -0.24968592336228262, -0.011170955028340132], [-0.3300187080427001, 0.4556459762590188, -0.4535142638920649, 0.33215042040965403, 0.31719437995877414, -0.3730436469512392, 0.4126210373504797, -0.3730436469512392, -0.7788626610633342, 0.7924667075401033, -0.008397617855837411, 0.006802023238384487]], "inverted": false, "swapped": false, "error_lsq": 0.06951585441948917, "error_max": 0.6019613678858511, "target": "135.xyz", "model": "15.xyz", "model_rescale": 4.510870436145588, "target_rescale": 4.1566507775985295},
{"mapping": [2, 3, 6, 7, 5, 9, 10, 9, 0, 1, 8, 11], "R": [[0.8851986300660526, 0.46449934621513134, 0.02576320428245908], [0.4572436655562345, -0.8789058013204425, 0.13584116722838285], [0.0857415630711411, -0.10846635317455239, -0.9903955949978428]], "T": [0.004143211773638945, -0.10847061605046682, -0.0039277539408552765], "aligned_model": [[0.5359052157408553, 0.5154676856655898, 0.23261442744375882, 0.21217689736849332, -0.5063401775094891, -0.5449729343073093, -0.5654104643825748, -0.5449729343073093, -0.07597256829614249, -0.11684762844667354, 0.5768948960103802, -0.09641009837140802], [0.3330959186370782, 0.22533533457884958, -0.5097686879857319, -0.6175292720439607, -0.5902996355881964, 0.22440408620378133, 0.11664350214555269, 0.22440408620378133, 0.09658962902988855, -0.11893153908656878, -0.24968592336228262, -0.01117095502834009], [-0.3300187080427003, 0.4556459762590186, -0.45351426389206456, 0.3321504204096543, 0.31719437995877453, -0.37304364695123915, 0.4126210373504797, -0.37304364695123915, -0.7788626610633346, 0.7924667075401035, -0.00839761785583758, 0.00680202323838432]], "inverted": true, "swapped": false, "error_lsq": 0.06951585441948917, "error_max": 0.6019613678858512, "target": "135.xyz", "model": "16.xyz", "model_rescale": 4.510870436145588, "target_rescale": 4.1566507775985295},
{"mapping": [7, 8, 4, 0, 9, 10, 3, 1, 5, 2, 6, 11], "R": [[-0.00250071399762658, -0.9343430121421092, -0.35636621906504085], [-0.428794958133404, -0.3209407814986695, 0.8444713723095627], [-0.9033983785179575, 0.1549198193654831, -0.3998389916690114]], "T": [-0.03778555761801131, -0.058856535826748484, 0.03564415436722799], "aligned_model": [[0.29508109859451986, 0.32831402423143013, 0.2435351186316301, 0.12017477618677827, -0.3716157825193224, -0.6543152961395767, -0.27630418236824306, -0.44522425105373037, -0.039164394988624236, 0.0063953312520113395, 0.5777806122147743, -0.16252473743347615], [0.4305146412564931, 0.2560636683766427, -0.6216028776672008, -0.7902670273132317, -0.7134498838404394, -0.04354450716226748, 0.5185920338673412, 0.5495437260431117, 0.04830249901097106, -0.15131334281083075, -0.23939073542167882, -0.12036165063505974], [-0.2194693675811469, 0.3744694716809897, -0.4116221550531939, 0.33410617622815275, -0.05733746445642928, -0.37452322007546124, 0.4758136203365939, -0.30026533500991104, -0.7288079106722258, 0.7929993759556259, 0.09771638803788504, 0.016920420609120693]], "inverted": false, "swapped": false, "error_lsq": 0.06737441946716777, "error_max": 0.5279946018881477, "target": "135.xyz", "model": "17.xyz", "model_rescale": 4.510870436145588, "target_rescale": 4.1566507775985295},
{"mapping": [7, 10, 6, 2, 4, 3, 11, 0, 5, 1, 8, 12], "R": [[-0.4352988330304756, -0.8539619587934497, 0.28506823550855476], [0.46267272811992277, -0.4838247683039752, -0.7428644157783255], [0.7723010246117599, -0.1914747150650955, 0.6057132662195591]], "T": [0.010561576409387922, -0.1245007811920524, 0.0824941272207946], "aligned_model": [[0.38509743914811856, 0.4882545700055349, 0.16771600450443275, 0.26340867581935484, -0.41413495169815684, -0.642546703750551, -0.6305254142790688, -0.40567971130669955, -0.06069574754796148, -0.17726795925430539, 0.6135091912005127, 0.03499692376696058], [0.36930486096025406, 0.07890575990638912, -0.6784693324086283, -0.5559568240717507, -0.560459875854925, 0.03476239590258054, 0.010131967834599132, 0.6449944434777284, -0.08324706065112272, 0.04977217172022283, -0.22591741079725142, 0.039265447685754934], [-0.48027597543406286, 0.4378464382451497, -0.3401646578945027, 0.42646490227076295, 0.07840344280947231, -0.40692607183031604, 0.21862155556338744, 0.23000304866395596, -0.825494172534291, 0.7153325633037444, 0.005053539205725516, -0.0588646123690256]], "inverted": false, "swapped": false, "error_lsq": 0.050677390704009125, "error_max": 0.30018790193416883, "target": "135.xyz", "model": "18.xyz", "model_rescale": 4.466005644533647, "target_rescale": 4.1566507775985295},
{"mapping": [1, 0, 5, 4, 7, 9, 8, 10, 3, 2, 12, 13], "R": [[0.8231670242396335, 0.5673309646332823, -0.023057033042790144], [0.560509914593589, -0.818414918973939, -0.12659248019992575], [-0.09069005373663808, 0.09128305959569172, -0.9916868039779975]], "T": [-0.05670849238004477, -0.08685717134899629, 0.00234556370645781], "aligned_model": [[0.4395980333675393, 0.45789311207531264, 0.24054581812908965, 0.258840896836863, -0.4759930471039978, -0.6201917352731188, -0.6018966565653454, -0.2393376569973637, -0.15193435149130216, -0.11534419407575555, 0.5635913704897784, -0.13363927278352886], [0.26088660295703403, 0.36133401892645717, -0.6136999211309759, -0.5132525051615527, -0.672549926664508, 0.023511891136265617, 0.12395930710568875, 0.5180359969290912, -0.15255669693579194, 0.04833813500305437, -0.20881107749454286, -0.0521092809663688], [-0.4536456018236966, 0.3332287587485053, -0.33737337729151956, 0.4495009832806824, -0.3132012007976558, -0.39870339527064746, 0.3881709653015545, 0.32943600971570447, -0.7871758282358817, 0.7865728929085222, 0.003491261128111814, -0.0003014676636798265]], "inverted": false, "swapped": false, "error_lsq": 0.05274247139518032, "error_max": 0.36202913503505796, "target": "135.xyz", "model": "19.xyz", "model_rescale": 4.509807711582247, "target_rescale": 4.1566507775985295},
{"mapping": [1, 0, 5, 4, 6, 9, 8, 11, 3, 2, 12, 13], "R": [[0.8231670242396336, 0.567330964633282, 0.02305703304279029], [0.5605099145935888, -0.818414918973939, 0.1265924801999258], [0.09069005373663822, -0.09128305959569172, -0.9916868039779975]], "T": [-0.056708492380044745, -0.08685717134899626, -0.002345563706457922], "aligned_model": [[0.4578931120753126, 0.4395980333675391, 0.25884089683686295, 0.24054581812908946, -0.4759930471039979, -0.6018966565653452, -0.6201917352731185, -0.23933765699736345, -0.11534419407575537, -0.15193435149130224, 0.5635913704897783, -0.1336392727835288], [0.3613340189264569, 0.2608866029570337, -0.5132525051615526, -0.6136999211309758, -0.6725499266645077, 0.12395930710568884, 0.023511891136265603, 0.5180359969290912, 0.04833813500305442, -0.15255669693579194, -0.20881107749454292, -0.05210928096636877], [-0.3332287587485054, 0.4536456018236967, -0.4495009832806825, 0.33737337729151956, 0.31320120079765573, -0.38817096530155465, 0.3987033952706474, -0.3294360097157046, -0.7865728929085222, 0.7871758282358815, -0.0034912611281118634, 0.00030146766367970855]], "inverted": false, "swapped": false, "error_lsq": 0.05274247139518031, "error_max": 0.36202913503505785, "target": "135.xyz", "model": "20.xyz", "model_rescale": 4.509807711582248, "target_rescale": 4.1566507775985295},
{"mapping": [8, 9, 5, 2, 3, 4, 11, 1, 6, 0, 7, 12], "R": [[0.43529883303047584, 0.8539619587934497, 0.28506823550855487], [-0.4626727281199224, 0.4838247683039753, -0.7428644157783257], [-0.7723010246117602, 0.19147471506509578, 0.6057132662195588]], "T": [0.01056157640938795, -0.12450078119205249, 0.08249412722079462], "aligned_model": [[0.38509743914811867, 0.4882545700055349, 0.16771600450443283, 0.26340867581935495, -0.4141349516981569, -0.6425467037505511, -0.630525414279069, -0.4056797113066999, -0.0606957475479614, -0.17726795925430558, 0.613509191200513, 0.034996923766960605], [0.36930486096025433, 0.07890575990638923, -0.6784693324086282, -0.5559568240717508, -0.5604598758549251, 0.03476239590258051, 0.01013196783459891, 0.6449944434777282, -0.08324706065112253, 0.04977217172022266, -0.22591741079725122, 0.03926544768575499], [-0.48027597543406275, 0.4378464382451498, -0.3401646578945033, 0.4264649022707628, 0.07840344280947195, -0.4069260718303161, 0.21862155556338758, 0.2300030486639565, -0.8254941725342914, 0.7153325633037445, 0.0050535392057253214, -0.05886461236902556]], "inverted": true, "swapped": false, "error_lsq": 0.050677390704009125, "error_max": 0.3001879019341687, "target": "135.xyz", "model": "21.xyz", "model_rescale": 4.466005644533646, "target_rescale": 4.1566507775985295},
{"mapping": [7, 10, 6, 2, 4, 3, 11, 0, 5, 1, 8, 12], "R": [[-0.43529875718150174, -0.8539619842489705, 0.2850682750742378], [0.46267277405781404, -0.48382476236265365, -0.7428643910367282], [0.7723010398425522, -0.1914746165482072, 0.6057132779424849]], "T": [0.010561567098098391, -0.12450078732214118, 0.08249412317223916], "aligned_model": [[0.385097488157632, 0.48825450365909445, 0.16771604513535363, 0.2634085952306662, -0.41413487703142554, -0.6425466626233987, -0.6305257012426319, -0.4056796016003853, -0.06069574045661948, -0.17726781600841218, 0.6135092737496052, 0.034996809638693026], [0.3693048784624313, 0.07890571016666334, -0.678469312507432, -0.5559568754289226, -0.5604598238744666, 0.03476243284703226, 0.01013181855042547, 0.6449945124810215, -0.0832470557859332, 0.04977225575952263, -0.2259173782590675, 0.03926538129257642], [-0.4802760196717675, 0.43784636382611414, -0.3401646303189564, 0.4264648787313013, 0.07840351879531132, -0.4069260091417426, 0.21862153770064746, 0.23000306566925727, -0.8254941582560102, 0.7153325936063112, 0.005053508265286444, -0.0588646492057527]], "inverted": false, "swapped": false, "error_lsq": 0.05067739456117048, "error_max": 0.3001879068032394, "target": "135.xyz", "model": "22.xyz", "model_rescale": 4.46600560860683, "target_rescale": 4.1566507775985295},
{"mapping": [1, 0, 5, 4, 7, 9, 8, 10, 3, 2, 12, 13], "R": [[0.823166986041382, 0.5673310200173673, -0.02305703401568803], [0.5605099692992468, -0.8184148810514248, -0.12659248314864302], [-0.09069006234259902, 0.09128305538069795, -0.9916868035789626]], "T": [-0.05670849164785487, -0.08685717313934131, 0.002345563984640912], "aligned_model": [[0.4395979478051438, 0.45789302743582727, 0.24054579028735001, 0.25884086991803346, -0.47599307670803964, -0.620191813245644, -0.6018967336149604, -0.23933763206459135, -0.1519342917568708, -0.1153441324955038, 0.5635915731736136, -0.1336392121261873], [0.26088672718458117, 0.3613341463224703, -0.6136998172133559, -0.5132523980754667, -0.6725498709298736, 0.02351194288625126, 0.12395936202414033, 0.518035897692445, -0.15255679747361728, 0.048338040802160906, -0.20881131118015606, -0.0521093783357282], [-0.453645620630885, 0.33322874611683223, -0.3373733920055007, 0.4495009747422165, -0.31320120843225063, -0.3987034032346376, 0.38817096351307956, 0.3294360236834888, -0.787175823354391, 0.7865729101410434, 0.00349128606767806, -0.00030145660667391886]], "inverted": false, "swapped": false, "error_lsq": 0.05274247039335691, "error_max": 0.3620291875553703, "target": "135.xyz", "model": "23.xyz", "model_rescale": 4.509807674373902, "target_rescale": 4.1566507775985295},
{"mapping": [1, 0, 5, 4, 6, 9, 8, 11, 3, 2, 12, 13], "R": [[0.823166986041382, 0.5673310200173672, 0.023057034015688108], [0.5605099692992467, -0.8184148810514248, 0.12659248314864335], [0.09069006234259926, -0.09128305538069818, -0.9916868035789626]], "T": [-0.05670849164785484, -0.08685717313934133, -0.002345563984641011], "aligned_model": [[0.45789302743582716, 0.4395979478051436, 0.2588408699180334, 0.24054579028734985, -0.4759930767080396, -0.6018967336149603, -0.6201918132456439, -0.23933763206459124, -0.11534413249550371, -0.1519342917568708, 0.5635915731736135, -0.13363921212618723], [0.36133414632247024, 0.2608867271845809, -0.5132523980754666, -0.6136998172133559, -0.6725498709298736, 0.12395936202414048, 0.023511942886251094, 0.5180358976924448, 0.04833804080216114, -0.15255679747361756, -0.2088113111801561, -0.05210937833572822], [-0.33322874611683223, 0.45364562063088515, -0.4495009747422168, 0.3373733920055006, 0.31320120843225047, -0.3881709635130797, 0.39870340323463765, -0.3294360236834888, -0.7865729101410434, 0.7871758233543907, -0.0034912860676781657, 0.00030145660667382605]], "inverted": false, "swapped": false, "error_lsq": 0.05274247039335691, "error_max": 0.36202918755537017, "target": "135.xyz", "model": "24.xyz", "model_rescale": 4.509807674373903, "target_rescale": 4.1566507775985295},
{"mapping": [8, 9, 5, 2, 3, 4, 11, 1, 6, 0, 7, 12], "R": [[0.43529875718150146, 0.8539619842489705, 0.2850682750742376], [-0.462672774057814, 0.48382476236265326, -0.7428643910367283], [-0.7723010398425522, 0.1914746165482073, 0.6057132779424848]], "T": [0.010561567098098378, -0.12450078732214125, 0.08249412317223918], "aligned_model": [[0.38509748815763206, 0.48825450365909445, 0.16771604513535335, 0.263408595230666, -0.41413487703142576, -0.6425466626233987, -0.6305257012426317, -0.40567960160038513, -0.06069574045661955, -0.17726781600841218, 0.6135092737496051, 0.03499680963869305], [0.3693048784624312, 0.07890571016666321, -0.6784693125074319, -0.5559568754289227, -0.5604598238744664, 0.03476243284703241, 0.010131818550425623, 0.6449945124810215, -0.08324705578593315, 0.04977225575952261, -0.2259173782590676, 0.03926538129257641], [-0.4802760196717674, 0.43784636382611414, -0.34016463031895655, 0.4264648787313013, 0.07840351879531114, -0.40692600914174254, 0.2186215377006474, 0.2300030656692575, -0.8254941582560104, 0.7153325936063112, 0.005053508265286347, -0.0588646492057527]], "inverted": true, "swapped": false, "error_lsq": 0.050677394561170465, "error_max": 0.3001879068032395, "target": "135.xyz", "model": "25.xyz", "model_rescale": 4.466005608606829, "target_rescale": 4.1566507775985295},
{"mapping": [7, 10, 6, 2, 4, 3, 11, 0, 5, 1, 8, 12], "R": [[-0.43529888187388344, -0.8539619351757661, 0.2850682316748179], [0.46267271358820433, -0.4838247946902072, -0.7428644076437547], [0.7723010057874291, -0.19147475372445216, 0.6057132780003143]], "T": [0.010561556268648117, -0.12450076048813054, 0.08249415427664301], "aligned_model": [[0.3850974611927374, 0.48825455571551246, 0.16771606239409204, 0.26340869157586855, -0.41413498839074364, -0.6425467274708336, -0.6305253681613553, -0.40567979270490245, -0.06069567668599789, -0.17726805362481252, 0.6135092002728273, 0.03499695249577855], [0.36930482083754346, 0.07890573444565767, -0.6784693340671386, -0.5559568290103075, -0.5604597976908037, 0.034762441748933434, 0.010131910746807235, 0.6449944694665309, -0.08324709462740155, 0.04977223002679386, -0.22591741860219366, 0.03926541042942962], [-0.4802759931437394, 0.43784638497568895, -0.34016469266790567, 0.4264648386847661, 0.07840353703789331, -0.4069259660046423, 0.2186214618510111, 0.2300031381969032, -0.8254941957104412, 0.7153326412394387, 0.005053509898796174, -0.058864664357769644]], "inverted": false, "swapped": false, "error_lsq": 0.050677399879972496, "error_max": 0.3001879145371736, "target": "135.xyz", "model": "26.xyz", "model_rescale": 4.466005838112752, "target_rescale": 4.1566507775985295},
{"mapping": [0, 1, 4, 5, 6, 8, 9, 11, 2, 3, 12, 13], "R": [[-0.8231670585222783, -0.5673309149998158, -0.023057030364987786], [-0.5605098654310372, 0.818414952541382, -0.12659248086347144], [0.0906900464122766, -0.09128306711630294, -0.9916868039555533]], "T": [-0.05670846178789536, -0.08685714857463565, 0.0023455600291246415], "aligned_model": [[0.43959816063612916, 0.4578932364829231, 0.24054590017503713, 0.25884097602183115, -0.47599312250191145, -0.620191762574018, -0.6018966867272241, -0.23933767769788017, -0.1519344041117888, -0.11534425241820079, 0.5635912775882687, -0.1336393282649948], [0.2608866434161711, 0.3613340558699412, -0.6136998333953834, -0.5132524209416132, -0.6725499181656507, 0.023511880028512025, 0.12395929248228209, 0.5180359447555188, -0.15255672961575734, 0.048338095291782804, -0.2088111488599654, -0.05210931716198726], [-0.4536455928100928, 0.333228736079277, -0.3373733732111554, 0.4495009556782144, -0.3132011848367206, -0.39870337878217504, 0.38817095010719477, 0.3294359998087731, -0.7871757909324509, 0.7865728668462887, 0.003491274095927128, -0.0003014620430810055]], "inverted": true, "swapped": false, "error_lsq": 0.05274247956601947, "error_max": 0.3620291390412564, "target": "135.xyz", "model": "27.xyz", "model_rescale": 4.509807893063789, "target_rescale": 4.1566507775985295},
{"mapping": [1, 0, 5, 4, 6, 9, 8, 11, 3, 2, 12, 13], "R": [[0.8231670585222782, 0.5673309149998162, 0.023057030364987817], [0.5605098654310374, -0.8184149525413819, 0.12659248086347158], [0.09069004641227674, -0.091283067116303, -0.9916868039555534]], "T": [-0.056708461787895355, -0.08685714857463565, -0.0023455600291247135], "aligned_model": [[0.4578932364829231, 0.43959816063612905, 0.2588409760218313, 0.2405459001750373, -0.4759931225019113, -0.601896686727224, -0.6201917625740181, -0.2393376776978804, -0.11534425241820076, -0.15193440411178882, 0.5635912775882687, -0.13363932826499478], [0.3613340558699413, 0.26088664341617107, -0.5132524209416129, -0.6136998333953831, -0.6725499181656508, 0.12395929248228198, 0.023511880028511775, 0.5180359447555187, 0.04833809529178286, -0.15255672961575745, -0.2088111488599653, -0.0521093171619873], [-0.3332287360792773, 0.45364559281009287, -0.44950095567821474, 0.3373733732111554, 0.3132011848367205, -0.38817095010719516, 0.398703378782175, -0.32943599980877336, -0.7865728668462887, 0.7871757909324509, -0.0034912740959269772, 0.0003014620430811278]], "inverted": false, "swapped": false, "error_lsq": 0.05274247956601948, "error_max": 0.36202913904125644, "target": "135.xyz", "model": "28.xyz", "model_rescale": 4.5098078930637895, "target_rescale": 4.1566507775985295},
{"mapping": [8, 9, 5, 2, 3, 4, 11, 1, 6, 0, 7, 12], "R": [[0.43529888187388344, 0.8539619351757662, 0.2850682316748179], [-0.4626727135882042, 0.4838247946902071, -0.7428644076437548], [-0.7723010057874292, 0.19147475372445225, 0.6057132780003143]], "T": [0.010561556268648152, -0.12450076048813061, 0.08249415427664307], "aligned_model": [[0.3850974611927375, 0.48825455571551246, 0.167716062394092, 0.2634086915758685, -0.41413498839074375, -0.6425467274708335, -0.6305253681613553, -0.40567979270490245, -0.06069567668599785, -0.17726805362481254, 0.6135092002728274, 0.03499695249577857], [0.36930482083754324, 0.07890573444565763, -0.6784693340671384, -0.5559568290103075, -0.5604597976908036, 0.034762441748933365, 0.010131910746807221, 0.6449944694665307, -0.08324709462740151, 0.04977223002679382, -0.22591741860219358, 0.03926541042942963], [-0.48027599314373925, 0.43784638497568895, -0.3401646926679057, 0.4264648386847661, 0.0784035370378932, -0.40692596600464226, 0.21862146185101117, 0.23000313819690332, -0.8254941957104411, 0.7153326412394387, 0.0050535098987961186, -0.05886466435776962]], "inverted": true, "swapped": false, "error_lsq": 0.050677399879972496, "error_max": 0.30018791453717364, "target": "135.xyz", "model": "29.xyz", "model_rescale": 4.466005838112752, "target_rescale": 4.1566507775985295},
