[{"mapping": [3, 2, 5, 4, 6, 10, 9, 10, 1, 0, 8, 11], "R": [[0.8851986358581007, 0.4644993349860518, 0.02576320772872677], [0.45724365724264826, -0.8789058113770035, 0.1358411301451027], [0.08574154760864482, -0.10846631977368254, -0.990395599994481]], "T": [0.004143304138180509, -0.10847046288474499, -0.003927731555749814], "aligned_model": [[0.5359054201001097, 0.5154678889781468, 0.23261444986816757, 0.21217691874620478, -0.5063399934640299, -0.5449729412672354, -0.5654104723891983, -0.5449729412672354, -0.07597270820714797, -0.11684777045107356, 0.5768946963981282, -0.09641023932911076], [0.3330959696069045, 0.2253354238621476, -0.5097686694439354, -0.6175292151886922, -0.5902997670469299, 0.2244042520629319, 0.116643706318175, 0.2244042520629319, 0.09658948808559426, -0.1189316034039195, -0.24968601561048723, -0.011171057659162625], [-0.33001867673797164, 0.4556459466688653, -0.45351421064081243, 0.33215041276602447, 0.31719434727345397, -0.373043604859841, 0.4126210185469959, -0.373043604859841, -0.7788626229846363, 0.7924666238290372, -0.008397629423474929, 0.006802000422200471]], "inverted": false, "swapped": false, "error_lsq": 0.06951584895030882, "error_max": 0.6019611535336817, "target": "136.xyz", "model": "0.xyz", "model_rescale": 4.5108708085295355, "target_rescale": 4.1566506797791245},
{"mapping": [3, 2, 5, 4, 6, 10, 9, 10, 1, 0, 8, 11], "R": [[0.8851986358581008, 0.46449933498605134, 0.025763207728727203], [0.4572436572426477, -0.8789058113770039, 0.13584113014510252], [0.08574154760864505, -0.10846631977368221, -0.9903955999944808]], "T": [0.004143304138180481, -0.108470462884745, -0.003927731555749857], "aligned_model": [[0.5359054201001097, 0.5154678889781465, 0.23261444986816743, 0.2121769187462043, -0.5063399934640302, -0.5449729412672351, -0.5654104723891982, -0.5449729412672351, -0.07597270820714756, -0.11684777045107385, 0.5768946963981278, -0.0964102393291107], [0.333095969606904, 0.22533542386214733, -0.5097686694439355, -0.6175292151886923, -0.5902997670469293, 0.22440425206293213, 0.11664370631817543, 0.22440425206293213, 0.09658948808559416, -0.11893160340391931, -0.24968601561048753, -0.011171057659162598], [-0.33001867673797114, 0.45564594666886515, -0.45351421064081193, 0.33215041276602436, 0.3171943472734536, -0.3730436048598409, 0.4126210185469954, -0.3730436048598409, -0.7788626229846363, 0.7924666238290369, -0.00839762942347463, 0.006802000422200469]], "inverted": false, "swapped": false, "error_lsq": 0.06951584895030881, "error_max": 0.6019611535336814, "target": "136.xyz", "model": "1.xyz", "model_rescale": 4.510870808529536, "target_rescale": 4.1566506797791245},
{"mapping": [5, 8, 6, 0, 9, 10, 3, 1, 7, 2, 4, 11], "R": [[0.0025007296593780315, 0.9343430286124523, -0.35636617577216945], [0.42879495028611536, 0.3209407374506528, 0.8444713930345771], [0.9033983821992924, -0.15491981128293827, -0.3998389864830095]], "T": [-0.03778566054848083, -0.058856490873250816, 0.03564430219643739], "aligned_model": [[0.2950810966955094, 0.32831400716986836, 0.24353527812487874, 0.12017472572709044, -0.3716159929908298, -0.6543154489299883, -0.2763041362385279, -0.4452241861512262, -0.03916417781427968, 0.006395319700630481, 0.5777805526346678, -0.16252473021206804], [0.43051461987352246, 0.2560635596437265, -0.6216027369004574, -0.7902670392161727, -0.7134498509453947, -0.04354451312881394, 0.5185921220726332, 0.5495436364169884, 0.048302600916123345, -0.15131321574394743, -0.23939071794305816, -0.12036170139959182], [-0.21946930991244, 0.37446927874508545, -0.41162212515761526, 0.33410597648704615, -0.05733739942044721, -0.3745231247410115, 0.47581381836823716, -0.3002654741540824, -0.7288078504781795, 0.7929995436888015, 0.09771641540812431, 0.01692025116648176]], "inverted": false, "swapped": false, "error_lsq": 0.06737443672123115, "error_max": 0.5279948277533026, "target": "136.xyz", "model": "2.xyz", "model_rescale": 4.5108708085295355, "target_rescale": 4.1566506797791245},
{"mapping": [3, 2, 5, 4, 6, 10, 9, 11, 1, 0, 8, 13], "R": [[0.8220304421564059, 0.5639969857767304, 0.07857068284612666], [0.5665766077351351, -0.823896990511275, -0.0135903124986501], [0.05706925385433713, 0.05568796154670068, -0.9968159063755366]], "T": [-0.051471120048989474, -0.08791445679243756, -0.06770648943376337], "aligned_model": [[0.4845706350429443, 0.4222271056696666, 0.2842285455193997, 0.221885016146122, -0.4927560915924732, -0.572730685105019, -0.6350742144782967, -0.27270390838879854, -0.0657677934848337, -0.19045485223138914, 0.5668198734765146, -0.12811132285811144], [0.3088180171517916, 0.3196015309989464, -0.5731635309295957, -0.5623800170824409, -0.6230693527795423, 0.06751719856939922, 0.07830071241655404, 0.4762298159557027, -0.06381837667980436, -0.042251348985494735, -0.2096630221573079, -0.05303486283264955], [-0.42886632371884204, 0.36207782348398887, -0.4326329268560928, 0.3583112203467381, 0.3028094447093099, -0.5089147385335238, 0.28202940866930715, 0.30516678175464207, -0.8651670832626681, 0.7167212111429933, -0.01731188167601473, -0.0742229360598375]], "inverted": false, "swapped": false, "error_lsq": 0.05196615861185563, "error_max": 0.35105191992129336, "target": "136.xyz", "model": "3.xyz", "model_rescale": 4.509807743048502, "target_rescale": 4.1566506797791245},
{"mapping": [2, 3, 4, 5, 7, 9, 10, 12, 0, 1, 8, 13], "R": [[-0.8220304421564062, -0.5639969857767297, 0.07857068284612659], [-0.5665766077351346, 0.8238969905112754, -0.01359031249864964], [-0.057069253854337365, -0.05568796154670022, -0.9968159063755366]], "T": [-0.05147112004898949, -0.08791445679243752, -0.0677064894337634], "aligned_model": [[0.4845706350429445, 0.4222271056696668, 0.28422854551939924, 0.22188501614612158, -0.4927560915924736, -0.5727306851050188, -0.6350742144782965, -0.2727039083887981, -0.06576779348483375, -0.1904548522313891, 0.5668198734765146, -0.1281113228581114], [0.3088180171517916, 0.31960153099894606, -0.5731635309295957, -0.5623800170824412, -0.6230693527795423, 0.06751719856939979, 0.07830071241655422, 0.47622981595570263, -0.06381837667980392, -0.04225134898549501, -0.20966302215730825, -0.053034862832649465], [-0.42886632371884165, 0.3620778234839889, -0.43263292685609284, 0.35831122034673774, 0.30280944470930954, -0.5089147385335234, 0.28202940866930715, 0.3051667817546423, -0.8651670832626683, 0.7167212111429935, -0.017311881676014967, -0.0742229360598376]], "inverted": true, "swapped": false, "error_lsq": 0.05196615861185561, "error_max": 0.3510519199212937, "target": "136.xyz", "model": "4.xyz", "model_rescale": 4.509807743048502, "target_rescale": 4.1566506797791245},
{"mapping": [3, 2, 5, 4, 6, 10, 9, 11, 1, 0, 8, 13], "R": [[0.8220304421564056, 0.5639969857767306, 0.07857068284612653], [0.5665766077351355, -0.8238969905112746, -0.013590312498650366], [0.05706925385433684, 0.05568796154670086, -0.9968159063755366]], "T": [-0.05147112004898949, -0.08791445679243759, -0.06770648943376327], "aligned_model": [[0.48457063504294406, 0.42222710566966637, 0.2842285455193998, 0.22188501614612213, -0.4927560915924729, -0.572730685105019, -0.6350742144782967, -0.27270390838879865, -0.06576779348483382, -0.19045485223138905, 0.5668198734765146, -0.12811132285811141], [0.30881801715179175, 0.3196015309989468, -0.5731635309295957, -0.5623800170824407, -0.6230693527795425, 0.06751719856939875, 0.07830071241655379, 0.4762298159557026, -0.06381837667980465, -0.04225134898549461, -0.20966302215730753, -0.05303486283264964], [-0.42886632371884215, 0.36207782348398865, -0.43263292685609256, 0.35831122034673824, 0.30280944470931015, -0.5089147385335235, 0.2820294086693072, 0.3051667817546419, -0.865167083262668, 0.7167212111429934, -0.01731188167601498, -0.0742229360598377]], "inverted": false, "swapped": false, "error_lsq": 0.05196615861185561, "error_max": 0.3510519199212933, "target": "136.xyz", "model": "5.xyz", "model_rescale": 4.509807743048502, "target_rescale": 4.1566506797791245},
{"mapping": [3, 2, 5, 4, 6, 10, 9, 11, 1, 0, 8, 13], "R": [[0.8220304766731675, 0.5639969349405387, 0.078570686634157], [0.5665765571696715, -0.8238970252339283, -0.013590315538870114], [0.0570692586796716, 0.055687962688193954, -0.9968159060355081]], "T": [-0.05147113176163953, -0.08791444073584567, -0.0677064929335968], "aligned_model": [[0.48457073050802457, 0.4222271959637095, 0.28422857989986783, 0.22188504535555276, -0.4927562157326714, -0.5727305157445134, -0.6350740502888285, -0.2727039574124236, -0.06576786304696591, -0.19045493213559597, 0.5668196879408504, -0.12811139759128093], [0.308817923382009, 0.3196014400160275, -0.5731636430273197, -0.5623801263933011, -0.6230692375380639, 0.06751697877811821, 0.07830049541213677, 0.4762299558656494, -0.06381826613709113, -0.04225123286905405, -0.2096627743404801, -0.05303474950307259], [-0.4288663303932043, 0.3620778440112881, -0.4326329361679953, 0.35831123823649713, 0.3028094449007475, -0.5089147409744207, 0.28202943343007175, 0.30516678501481387, -0.8651671206575845, 0.7167212281514, -0.017311899298521324, -0.0742229462530923]], "inverted": false, "swapped": false, "error_lsq": 0.051966155359673666, "error_max": 0.35105184952511137, "target": "136.xyz", "model": "6.xyz", "model_rescale": 4.509807586411629, "target_rescale": 4.1566506797791245},
{"mapping": [2, 3, 4, 5, 7, 9, 10, 12, 0, 1, 8, 13], "R": [[-0.8220304766731679, -0.5639969349405383, 0.07857068663415696], [-0.5665765571696708, 0.8238970252339286, -0.01359031553886977], [-0.05706925867967179, -0.05568796268819359, -0.9968159060355083]], "T": [-0.051471131761639546, -0.08791444073584562, -0.06770649293359685], "aligned_model": [[0.4845707305080248, 0.4222271959637098, 0.28422857989986755, 0.2218850453555526, -0.4927562157326717, -0.5727305157445133, -0.6350740502888284, -0.2727039574124233, -0.06576786304696593, -0.19045493213559594, 0.5668196879408504, -0.12811139759128093], [0.30881792338200886, 0.3196014400160271, -0.5731636430273196, -0.5623801263933014, -0.6230692375380638, 0.06751697877811877, 0.07830049541213704, 0.4762299558656494, -0.06381826613709074, -0.0422512328690542, -0.2096627743404805, -0.05303474950307248], [-0.4288663303932041, 0.3620778440112883, -0.4326329361679955, 0.3583112382364969, 0.30280944490074735, -0.5089147409744205, 0.2820294334300719, 0.3051667850148141, -0.8651671206575849, 0.7167212281514004, -0.017311899298521546, -0.07422294625309242]], "inverted": true, "swapped": false, "error_lsq": 0.05196615535967366, "error_max": 0.3510518495251116, "target": "136.xyz", "model": "7.xyz", "model_rescale": 4.509807586411629, "target_rescale": 4.1566506797791245},
{"mapping": [3, 2, 5, 4, 6, 10, 9, 11, 1, 0, 8, 13], "R": [[0.8220304766731678, 0.5639969349405385, 0.07857068663415677], [0.5665765571696713, -0.8238970252339285, -0.013590315538869852], [0.05706925867967157, 0.05568796268819358, -0.9968159060355085]], "T": [-0.05147113176163956, -0.08791444073584564, -0.06770649293359675], "aligned_model": [[0.48457073050802457, 0.4222271959637097, 0.2842285798998676, 0.22188504535555273, -0.4927562157326715, -0.5727305157445135, -0.6350740502888284, -0.27270395741242337, -0.06576786304696611, -0.1904549321355958, 0.5668196879408504, -0.12811139759128093], [0.3088179233820091, 0.3196014400160274, -0.5731636430273197, -0.5623801263933013, -0.6230692375380639, 0.06751697877811849, 0.07830049541213682, 0.47622995586564953, -0.06381826613709086, -0.0422512328690542, -0.2096627743404803, -0.05303474950307254], [-0.42886633039320443, 0.3620778440112883, -0.43263293616799564, 0.3583112382364971, 0.3028094449007476, -0.5089147409744206, 0.28202943343007214, 0.30516678501481426, -0.8651671206575848, 0.7167212281514004, -0.017311899298521748, -0.0742229462530925]], "inverted": false, "swapped": false, "error_lsq": 0.051966155359673666, "error_max": 0.3510518495251117, "target": "136.xyz", "model": "8.xyz", "model_rescale": 4.509807586411629, "target_rescale": 4.1566506797791245},
{"mapping": [2, 3, 6, 7, 5, 11, 12, 10, 0, 1, 8, 13], "R": [[0.8220304065055575, 0.5639970377255684, 0.07857068293639644], [0.5665766599840364, -0.8238969545297923, -0.013590315591156263], [0.05706924865145519, 0.055687967760705205, -0.9968159063262589]], "T": [-0.0514711657923138, -0.0879144907905959, -0.0677064960440854], "aligned_model": [[0.4845706549151818, 0.4222271221722107, 0.28422848529564865, 0.22188495255267754, -0.49275618921068987, -0.5727307060250151, -0.6350742387679862, -0.27270393856056885, -0.06576772236918553, -0.19045478785512782, 0.5668199306807363, -0.12811125511215665], [0.3088179436534292, 0.31960146052486116, -0.5731634810481384, -0.5623799641767064, -0.623069348555025, 0.06751704504933304, 0.07830056192076501, 0.4762297095272091, -0.06381819976087497, -0.04225116601801105, -0.2096631145818401, -0.053034682889443005], [-0.4288663468737683, 0.36207784213210376, -0.43263295528852735, 0.3583112337173447, 0.3028094561825552, -0.508914763163864, 0.2820294258420081, 0.3051667966623365, -0.8651671257629088, 0.7167212522488351, -0.017311878939077874, -0.07422293675703688]], "inverted": true, "swapped": false, "error_lsq": 0.05196615922068367, "error_max": 0.35105197872319227, "target": "136.xyz", "model": "9.xyz", "model_rescale": 4.509807504472865, "target_rescale": 4.1566506797791245},
{"mapping": [2, 3, 6, 7, 5, 11, 12, 10, 0, 1, 8, 13], "R": [[0.8220304065055576, 0.5639970377255681, 0.07857068293639642], [0.5665766599840361, -0.8238969545297924, -0.013590315591155965], [0.057069248651455365, 0.055687967760704934, -0.9968159063262588]], "T": [-0.051471165792313804, -0.08791449079059588, -0.06770649604408532], "aligned_model": [[0.4845706549151819, 0.4222271221722108, 0.2842284852956484, 0.22188495255267732, -0.49275618921069, -0.5727307060250149, -0.635074238767986, -0.27270393856056857, -0.06576772236918552, -0.1904547878551278, 0.5668199306807361, -0.12811125511215662], [0.3088179436534291, 0.3196014605248608, -0.5731634810481383, -0.5623799641767064, -0.6230693485550249, 0.0675170450493334, 0.0783005619207651, 0.476229709527209, -0.06381819976087466, -0.04225116601801123, -0.20966311458184023, -0.05303468288944295], [-0.428866346873768, 0.3620778421321037, -0.4326329552885273, 0.3583112337173444, 0.30280945618255495, -0.5089147631638637, 0.28202942584200796, 0.3051667966623365, -0.8651671257629087, 0.7167212522488353, -0.017311878939077936, -0.07422293675703688]], "inverted": true, "swapped": false, "error_lsq": 0.05196615922068366, "error_max": 0.3510519787231923, "target": "136.xyz", "model": "10.xyz", "model_rescale": 4.509807504472865, "target_rescale": 4.1566506797791245},
{"mapping": [3, 2, 7, 6, 4, 12, 11, 9, 1, 0, 8, 13], "R": [[-0.8220304065055579, -0.5639970377255676, 0.07857068293639666], [-0.5665766599840356, 0.8238969545297927, -0.01359031559115556], [-0.05706924865145582, -0.0556879677607047, -0.9968159063262589]], "T": [-0.0514711657923138, -0.08791449079059584, -0.06770649604408525], "aligned_model": [[0.48457065491518225, 0.4222271221722109, 0.2842284852956483, 0.22188495255267698, -0.4927561892106904, -0.5727307060250147, -0.6350742387679861, -0.2727039385605684, -0.06576772236918531, -0.19045478785512793, 0.5668199306807361, -0.1281112551121566], [0.308817943653429, 0.31960146052486044, -0.5731634810481383, -0.5623799641767069, -0.6230693485550248, 0.06751704504933388, 0.0783005619207653, 0.47622970952720906, -0.06381819976087427, -0.042251166018011474, -0.20966311458184056, -0.05303468288944288], [-0.4288663468737678, 0.3620778421321042, -0.4326329552885276, 0.3583112337173444, 0.3028094561825547, -0.508914763163864, 0.2820294258420081, 0.30516679666233687, -0.8651671257629087, 0.7167212522488352, -0.017311878939077964, -0.074222936757037]], "inverted": false, "swapped": false, "error_lsq": 0.05196615922068367, "error_max": 0.3510519787231927, "target": "136.xyz", "model": "11.xyz", "model_rescale": 4.509807504472865, "target_rescale": 4.1566506797791245},
{"mapping": [2, 3, 6, 7, 5, 11, 12, 10, 0, 1, 8, 13], "R": [[0.8220304743548021, 0.5639969386091331, 0.07857068455565908], [0.5665765605762897, -0.8238970229356176, -0.013590312850286864], [0.057069258253118864, 0.055687959536621395, -0.9968159062359944]], "T": [-0.051471239143930606, -0.08791438013269645, -0.06770649955946632], "aligned_model": [[0.48457059923454104, 0.42222706882926153, 0.28422846041878147, 0.22188493001350196, -0.4927561773316208, -0.5727306039247769, -0.6350741343300564, -0.27270405759020355, -0.06576766433549139, -0.19045472514605044, 0.56681980661861, -0.12811119474077093], [0.30881797130154554, 0.31960148537159183, -0.5731635607383194, -0.5623800466682731, -0.623069341027053, 0.06751703196852232, 0.07830054603856862, 0.4762299921064851, -0.06381826173571378, -0.042251233595621156, -0.20966307171050672, -0.053034747665667466], [-0.42886632280932285, 0.3620778201663791, -0.43263293008355824, 0.3583112128921438, 0.30280943551016903, -0.5089147284958335, 0.2820294144798684, 0.305166765301869, -0.8651670703452107, 0.716721215606193, -0.01731188485318791, -0.07422292736950888]], "inverted": true, "swapped": false, "error_lsq": 0.05196614187953987, "error_max": 0.35105180063082503, "target": "136.xyz", "model": "12.xyz", "model_rescale": 4.509807766519439, "target_rescale": 4.1566506797791245},
{"mapping": [2, 3, 6, 7, 5, 11, 12, 10, 0, 1, 8, 13], "R": [[0.8220304743548026, 0.5639969386091325, 0.07857068455565935], [0.566576560576289, -0.8238970229356181, -0.013590312850287068], [0.057069258253119017, 0.05568795953662166, -0.9968159062359944]], "T": [-0.051471239143930606, -0.08791438013269644, -0.06770649955946625], "aligned_model": [[0.4845705992345414, 0.42222706882926164, 0.28422846041878125, 0.2218849300135015, -0.49275617733162125, -0.5727306039247767, -0.6350741343300564, -0.2727040575902032, -0.06576766433549114, -0.19045472514605066, 0.56681980661861, -0.12811119474077087], [0.3088179713015451, 0.3196014853715916, -0.5731635607383199, -0.5623800466682733, -0.6230693410270527, 0.06751703196852267, 0.07830054603856913, 0.47622999210648537, -0.06381826173571387, -0.04225123359562091, -0.2096630717105072, -0.05303474766566739], [-0.4288663228093226, 0.3620778201663791, -0.43263293008355796, 0.35831121289214374, 0.3028094355101688, -0.5089147284958336, 0.28202941447986807, 0.3051667653018687, -0.8651670703452108, 0.7167212156061932, -0.017311884853187756, -0.07422292736950893]], "inverted": true, "swapped": false, "error_lsq": 0.05196614187953986, "error_max": 0.3510518006308247, "target": "136.xyz", "model": "13.xyz", "model_rescale": 4.509807766519439, "target_rescale": 4.1566506797791245},
{"mapping": [3, 2, 7, 6, 4, 12, 11, 9, 1, 0, 8, 13], "R": [[-0.8220304743548023, -0.563996938609133, 0.07857068455565966], [-0.5665765605762896, 0.8238970229356177, -0.013590312850286532], [-0.05706925825311952, -0.05568795953662144, -0.9968159062359944]], "T": [-0.051471239143930585, -0.08791438013269642, -0.06770649955946614], "aligned_model": [[0.48457059923454127, 0.4222270688292613, 0.2842284604187817, 0.22188493001350168, -0.492756177331621, -0.5727306039247767, -0.6350741343300567, -0.2727040575902036, -0.06576766433549092, -0.19045472514605088, 0.56681980661861, -0.12811119474077087], [0.3088179713015456, 0.31960148537159166, -0.5731635607383194, -0.5623800466682733, -0.6230693410270531, 0.06751703196852249, 0.07830054603856856, 0.47622999210648503, -0.06381826173571348, -0.04225123359562137, -0.2096630717105068, -0.05303474766566743], [-0.42886632280932235, 0.36207782016637957, -0.4326329300835582, 0.35831121289214374, 0.3028094355101686, -0.5089147284958337, 0.2820294144798682, 0.30516676530186904, -0.8651670703452106, 0.7167212156061931, -0.017311884853187715, -0.07422292736950903]], "inverted": false, "swapped": false, "error_lsq": 0.05196614187953987, "error_max": 0.3510518006308251, "target": "136.xyz", "model": "14.xyz", "model_rescale": 4.509807766519439, "target_rescale": 4.1566506797791245},
{"mapping": [3, 2, 7, 6, 4, 10, 9, 10, 1, 0, 8, 11], "R": [[-0.8851986604982652, -0.46449928804711105, 0.025763207405212624], [-0.4572436094907425, 0.8789058341096482, 0.13584114379635165], [-0.08574154787472885, 0.10846633658306465, -0.9903955981305121]], "T": [0.004143208692677314, -0.10847060014083237, -0.003927753371307324], "aligned_model": [[0.5359052396665687, 0.5154677071140736, 0.2326143954732736, 0.21217686292077856, -0.5063402102617902, -0.5449729177475797, -0.5654104503000748, -0.5449729177475797, -0.07597256246780336, -0.11684762757279339, 0.5768948836589503, -0.09641009502029838], [0.3330958925760204, 0.2253353271060402, -0.5097686969038713, -0.6175292623738515, -0.5902995792099361, 0.22440412995595244, 0.11664356448597221, 0.22440412995595244, 0.09658963316941727, -0.11893149777054311, -0.2496859450450312, -0.01117093230056293], [-0.3300187202662952, 0.45564596652051936, -0.4535142558425015, 0.33215043094431307, 0.3171943940815176, -0.3730436504913598, 0.4126210362954549, -0.3730436504913598, -0.7788626645294238, 0.7924667090442051, -0.008397617522460661, 0.00680202225739069]], "inverted": false, "swapped": false, "error_lsq": 0.06951584509283999, "error_max": 0.6019612578862391, "target": "136.xyz", "model": "15.xyz", "model_rescale": 4.510870436145588, "target_rescale": 4.1566506797791245},
{"mapping": [2, 3, 6, 7, 5, 9, 10, 9, 0, 1, 8, 11], "R": [[0.8851986604982652, 0.46449928804711105, 0.025763207405213016], [0.4572436094907424, -0.8789058341096482, 0.1358411437963519], [0.08574154787472929, -0.10846633658306468, -0.990395598130512]], "T": [0.004143208692677314, -0.10847060014083237, -0.003927753371307367], "aligned_model": [[0.5359052396665689, 0.5154677071140736, 0.23261439547327373, 0.21217686292077842, -0.5063402102617904, -0.5449729177475797, -0.565410450300075, -0.5449729177475797, -0.07597256246780304, -0.11684762757279371, 0.5768948836589503, -0.09641009502029838], [0.33309589257602035, 0.22533532710603998, -0.5097686969038713, -0.6175292623738518, -0.5902995792099363, 0.2244041299559525, 0.11664356448597213, 0.2244041299559525, 0.09658963316941749, -0.11893149777054333, -0.24968594504503125, -0.011170932300562902], [-0.33001872026629475, 0.4556459665205196, -0.4535142558425013, 0.332150430944313, 0.3171943940815173, -0.37304365049135974, 0.4126210362954546, -0.37304365049135974, -0.7788626645294238, 0.7924667090442052, -0.00839761752246062, 0.006802022257390536]], "inverted": true, "swapped": false, "error_lsq": 0.06951584509284, "error_max": 0.6019612578862391, "target": "136.xyz", "model": "16.xyz", "model_rescale": 4.510870436145588, "target_rescale": 4.1566506797791245},
{"mapping": [7, 8, 4, 0, 9, 10, 3, 1, 5, 2, 6, 11], "R": [[-0.0025007320623965934, -0.9343430245501623, -0.3563661864060717], [-0.4287949649401281, -0.32094074358749836, 0.844471383261445], [-0.9033983752371635, 0.154919823069737, -0.39983899764642133]], "T": [-0.03778555775237531, -0.05885651697832538, 0.035644154266974024], "aligned_model": [[0.29508111735468456, 0.3283140369296382, 0.24353509577795573, 0.12017474770187676, -0.3716158085088858, -0.6543152962213123, -0.2763041592148864, -0.44522422772297593, -0.0391643919344707, 0.006395328497540029, 0.5777806050671109, -0.16252474001054973], [0.4305146450706965, 0.2560636754242335, -0.6216028732955303, -0.7902670123926362, -0.7134498525805459, -0.04354446721442433, 0.5185920654558143, 0.5495437583396067, 0.048302512070591316, -0.15131331991030733, -0.23939074029542512, -0.12036162702651446], [-0.21946937186759558, 0.3744694686834348, -0.41162215122887735, 0.33410618150682636, -0.057337459106341374, -0.3745232194671552, 0.47581361614207834, -0.30026533921480125, -0.7288079115896913, 0.7929993765028921, 0.09771638849321826, 0.016920421146012412]], "inverted": false, "swapped": false, "error_lsq": 0.06737442219025395, "error_max": 0.5279947498113355, "target": "136.xyz", "model": "17.xyz", "model_rescale": 4.510870436145588, "target_rescale": 4.1566506797791245},
{"mapping": [7, 10, 6, 2, 4, 3, 11, 0, 5, 1, 8, 12], "R": [[-0.43529881408725446, -0.8539619792302295, 0.28506820321358045], [0.4626727344589885, -0.4838247288578467, -0.7428644375213244], [0.7723010314912653, -0.19147472359248996, 0.6057132547523683]], "T": [0.010561573391422677, -0.124500765962402, 0.08249412644970994], "aligned_model": [[0.3850974577607464, 0.4882545752995328, 0.1677159782939977, 0.26340865405242403, -0.41413497330261106, -0.6425466994785632, -0.6305254116945186, -0.4056796816612254, -0.06069574788195446, -0.17726795548527324, 0.6135091839366986, 0.03499692787647184], [0.3693048691256533, 0.07890574914145518, -0.6784693171909882, -0.5559568250684148, -0.5604598424501449, 0.03476244672900164, 0.010132008247669883, 0.6449944741225381, -0.0832470280118417, 0.049772184943391556, -0.22591742005349322, 0.039265464110731785], [-0.4802759680080773, 0.43784644117996907, -0.3401646672733481, 0.4264648949284216, 0.07840343470578309, -0.4069260707458853, 0.2186215562702289, 0.23000305964795603, -0.8254941727250165, 0.7153325650996245, 0.005053537443591133, -0.05886461052324693]], "inverted": false, "swapped": false, "error_lsq": 0.05067737383171419, "error_max": 0.3001878144543106, "target": "136.xyz", "model": "18.xyz", "model_rescale": 4.466005644533647, "target_rescale": 4.1566506797791245},
{"mapping": [1, 0, 5, 4, 6, 9, 8, 11, 3, 2, 12, 13], "R": [[0.8231670676552318, 0.5673309014827026, 0.023057036902237094], [0.5605098532307049, -0.8184149640042033, 0.1265924607758787], [0.09069003891928089, -0.09128304835413215, -0.9916868063678153]], "T": [-0.05670849418920544, -0.08685715113282522, -0.0023455633128899775], "aligned_model": [[0.45789314261203695, 0.43959806084190584, 0.25884085977869786, 0.2405457780085667, -0.4759930918689472, -0.6018966445121662, -0.6201917262822972, -0.23933761444958546, -0.11534419014855712, -0.1519343536888194, 0.563591359343579, -0.13363927191868827], [0.3613339938797005, 0.2608865933226883, -0.513252517050037, -0.6136999176070492, -0.6725498687509259, 0.12395936216167058, 0.023511961604658432, 0.5180360252927894, 0.04833814573968276, -0.15255665537434157, -0.20881110475594827, -0.05210925481732939], [-0.33322876935942364, 0.4536455931090286, -0.44950097714755627, 0.33737338532089595, 0.31320121408439994, -0.3881709654594709, 0.39870339700898133, -0.3294360190212464, -0.7865728945780617, 0.7871758303588428, -0.003491262206780017, 0.0003014678903904477]], "inverted": false, "swapped": false, "error_lsq": 0.05274246901044516, "error_max": 0.3620291095155492, "target": "136.xyz", "model": "19.xyz", "model_rescale": 4.509807711582247, "target_rescale": 4.1566506797791245},
{"mapping": [0, 1, 4, 5, 7, 8, 9, 11, 2, 3, 12, 13], "R": [[-0.8220304905563678, -0.5639969147594535, 0.078570686247958], [-0.5665765368415683, 0.8238970392360596, -0.013590314149049848], [-0.05706926051976212, -0.055687959918392066, -0.9968159060848973]], "T": [-0.05147119798655198, -0.08791444056901238, -0.06770649632431408], "aligned_model": [[0.4845706591051261, 0.422227126597606, 0.2842284924502737, 0.2218849599427536, -0.49275615774012255, -0.572730563717538, -0.6350740962250582, -0.27270400365648473, -0.06576774605119003, -0.19045481106623033, 0.5668197266353, -0.12811127855871016], [0.3088179006063007, 0.31960141583823903, -0.5731636364028891, -0.5623801211709508, -0.6230693956292954, 0.06751698886800947, 0.07830050409994779, 0.4762299445544664, -0.06381813800496378, -0.04225110754108718, -0.20966296879919327, -0.05303462277302548], [-0.4288663224692622, 0.36207783002160493, -0.4326329310616195, 0.35831122142924765, 0.3028094418185273, -0.5089147315746145, 0.2820294209162526, 0.3051667731626683, -0.8651670891792547, 0.7167212158024792, -0.017311892177640745, -0.0742229366883879]], "inverted": true, "swapped": false, "error_lsq": 0.05196614896540438, "error_max": 0.3510518378023451, "target": "136.xyz", "model": "20.xyz", "model_rescale": 4.509807711582248, "target_rescale": 4.1566506797791245},
{"mapping": [8, 9, 5, 2, 3, 4, 11, 1, 6, 0, 7, 12], "R": [[0.43529881408725474, 0.8539619792302292, 0.2850682032135805], [-0.4626727344589886, 0.48382472885784705, -0.742864437521324], [-0.772301031491265, 0.19147472359248988, 0.6057132547523685]], "T": [0.010561573391422698, -0.12450076596240202, 0.08249412644970998], "aligned_model": [[0.3850974577607465, 0.4882545752995326, 0.16771597829399795, 0.26340865405242414, -0.4141349733026109, -0.642546699478563, -0.6305254116945188, -0.4056796816612257, -0.06069574788195422, -0.17726795548527355, 0.6135091839366987, 0.03499692787647184], [0.3693048691256532, 0.07890574914145566, -0.6784693171909884, -0.5559568250684146, -0.560459842450145, 0.034762446729001126, 0.010132008247669785, 0.6449944741225382, -0.08324702801184221, 0.04977218494339199, -0.2259174200534929, 0.039265464110731826], [-0.48027596800807737, 0.437846441179969, -0.340164667273348, 0.42646489492842177, 0.0784034347057831, -0.4069260707458854, 0.21862155627022883, 0.23000305964795598, -0.8254941727250165, 0.7153325650996244, 0.005053537443591091, -0.05886461052324697]], "inverted": true, "swapped": false, "error_lsq": 0.05067737383171419, "error_max": 0.3001878144543101, "target": "136.xyz", "model": "21.xyz", "model_rescale": 4.466005644533646, "target_rescale": 4.1566506797791245},
{"mapping": [7, 10, 6, 2, 4, 3, 11, 0, 5, 1, 8, 12], "R": [[-0.43529873823828313, -0.8539620046857452, 0.2850682427792729], [0.4626727803968747, -0.4838247229165358, -0.7428644127797234], [0.7723010467220567, -0.19147462507559904, 0.6057132664752976]], "T": [0.010561564080133493, -0.12450077209248953, 0.08249412240115457], "aligned_model": [[0.3850975067702558, 0.488254508953089, 0.1677160189249257, 0.26340857346373875, -0.41413489863587244, -0.6425466583514108, -0.6305256986580888, -0.40567957195491583, -0.060695740790612726, -0.17726781223937738, 0.6135092664857943, 0.03499681374820026], [0.3693048866278318, 0.07890569940174078, -0.6784692972897934, -0.5559568764255779, -0.5604597904696949, 0.03476248367344223, 0.010131858963503104, 0.6449945431258232, -0.08324702314665641, 0.049772268982686135, -0.22591738751530524, 0.03926539771755924], [-0.4802760122457837, 0.43784636676093175, -0.3401646396977989, 0.426464871388961, 0.07840351069162534, -0.40692600805731133, 0.21862153840748616, 0.2300030766532558, -0.8254941584467355, 0.7153325954021925, 0.005053506503152935, -0.05886464735997575]], "inverted": false, "swapped": false, "error_lsq": 0.05067737768887353, "error_max": 0.30018781932335664, "target": "136.xyz", "model": "22.xyz", "model_rescale": 4.46600560860683, "target_rescale": 4.1566506797791245},
{"mapping": [1, 0, 5, 4, 6, 9, 8, 11, 3, 2, 12, 13], "R": [[0.8231670294569702, 0.5673309568668121, 0.023057037875133836], [0.5605099079363869, -0.8184149260816787, 0.1265924637245989], [0.09069004752524398, -0.09128304413914028, -0.9916868059687802]], "T": [-0.05670849345701531, -0.08685715292317095, -0.0023455635910730964], "aligned_model": [[0.45789305797255075, 0.4395979752795104, 0.2588408328598889, 0.2405457501668484, -0.4759931214729699, -0.6018967215617816, -0.620191804254822, -0.2393375895168355, -0.11534412856831434, -0.15193429395439523, 0.5635915620273999, -0.13363921126135478], [0.36133412127573383, 0.2608867175502535, -0.5132524099639405, -0.6136998136894207, -0.6725498130163017, 0.12395941708011443, 0.023512013354634154, 0.5180359260561365, 0.04833805153878401, -0.15255675591217654, -0.20881133844156213, -0.05210935218669625], [-0.33322875672775043, 0.453645611916217, -0.44950096860909267, 0.3373734000348747, 0.3132012217189918, -0.3881709636709972, 0.3987034049729702, -0.3294360329890281, -0.7865729118105814, 0.7871758254773532, -0.0034912871463424634, 0.0003014568333858112]], "inverted": false, "swapped": false, "error_lsq": 0.052742468008638195, "error_max": 0.36202916203582713, "target": "136.xyz", "model": "23.xyz", "model_rescale": 4.509807674373902, "target_rescale": 4.1566506797791245},
{"mapping": [0, 1, 4, 5, 7, 8, 9, 11, 2, 3, 12, 13], "R": [[-0.8220304528124613, -0.5639969701038474, 0.0785706838624943], [-0.5665765921381927, 0.8238970012212271, -0.013590313452668142], [-0.05706925520814371, -0.05568796182613937, -0.9968159062824181]], "T": [-0.051471197381811135, -0.08791444233925294, -0.06770649674893268], "aligned_model": [[0.4845705738470879, 0.4222270427179954, 0.2842284645759363, 0.22188493344684382, -0.49275618625251105, -0.5727306418082979, -0.6350741729373904, -0.2727039788840515, -0.06576768728391456, -0.19045474954209954, 0.5668199282491335, -0.12811121841300704], [0.3088180276890133, 0.319601542457363, -0.5731635300272468, -0.5623800152588971, -0.6230693383176408, 0.06751704280653531, 0.07830055757488497, 0.47622984298926807, -0.06381823552979053, -0.04225120599309119, -0.20966320398339883, -0.05303472076144086], [-0.42886633563627824, 0.3620778235370315, -0.43263293955921833, 0.3583112196140914, 0.30280944218582906, -0.5089147408019685, 0.28202941837134116, 0.30516678013695836, -0.8651670900723216, 0.7167212282742972, -0.017311875150749265, -0.07422293089901236]], "inverted": true, "swapped": false, "error_lsq": 0.051966148074860885, "error_max": 0.3510518954440707, "target": "136.xyz", "model": "24.xyz", "model_rescale": 4.509807674373903, "target_rescale": 4.1566506797791245},
{"mapping": [8, 9, 5, 2, 3, 4, 11, 1, 6, 0, 7, 12], "R": [[0.4352987382382826, 0.8539620046857449, 0.2850682427792731], [-0.46267278039687476, 0.48382472291653555, -0.742864412779723], [-0.7723010467220567, 0.19147462507559854, 0.6057132664752973]], "T": [0.010561564080133534, -0.12450077209248953, 0.08249412240115458], "aligned_model": [[0.3850975067702554, 0.488254508953089, 0.1677160189249254, 0.26340857346373886, -0.4141348986358723, -0.6425466583514108, -0.6305256986580886, -0.40567957195491555, -0.06069574079061313, -0.17726781223937702, 0.613509266485794, 0.034996813748200205], [0.36930488662783145, 0.07890569940174094, -0.6784692972897934, -0.5559568764255778, -0.5604597904696946, 0.03476248367344206, 0.010131858963503243, 0.644994543125823, -0.08324702314665669, 0.04977226898268636, -0.22591738751530518, 0.039265397717559214], [-0.48027601224578387, 0.43784636676093136, -0.34016463969779887, 0.42646487138896083, 0.07840351069162546, -0.40692600805731094, 0.2186215384074864, 0.23000307665325595, -0.8254941584467352, 0.7153325954021924, 0.005053506503152533, -0.05886464735997579]], "inverted": true, "swapped": false, "error_lsq": 0.05067737768887351, "error_max": 0.3001878193233564, "target": "136.xyz", "model": "25.xyz", "model_rescale": 4.466005608606829, "target_rescale": 4.1566506797791245},
{"mapping": [7, 10, 6, 2, 4, 3, 11, 0, 5, 1, 8, 12], "R": [[-0.43529886293066244, -0.8539619556125483, 0.2850681993798415], [0.46267271992727704, -0.483824755244078, -0.7428644293867515], [0.7723010126669316, -0.19147476225184568, 0.6057132665331274]], "T": [0.010561553250683538, -0.12450074525847943, 0.08249415350555896], "aligned_model": [[0.38509747980536524, 0.48825456100950937, 0.16771603618365583, 0.26340866980893607, -0.41413500999519604, -0.6425467231988434, -0.6305253655768077, -0.40567976305942577, -0.06069567701999156, -0.17726804985577832, 0.6135091930090126, 0.034996956605288634], [0.3693048290029387, 0.0789057236807259, -0.6784693188495026, -0.5559568300069699, -0.5604597642860223, 0.034762492575353354, 0.010131951159879943, 0.6449945001113446, -0.08324706198812698, 0.04977224324996904, -0.22591742785843688, 0.03926542685440565], [-0.48027598571775615, 0.4378463879105078, -0.34016470204674787, 0.4264648313424273, 0.07840352893420723, -0.406925964920212, 0.21862146255785064, 0.23000314918089998, -0.825494195901167, 0.7153326430353193, 0.005053508136663096, -0.058864662511992]], "inverted": false, "swapped": false, "error_lsq": 0.05067738300767897, "error_max": 0.3001878270573095, "target": "136.xyz", "model": "26.xyz", "model_rescale": 4.466005838112752, "target_rescale": 4.1566506797791245},
{"mapping": [1, 0, 5, 4, 6, 9, 8, 11, 3, 2, 12, 13], "R": [[0.823167101937889, 0.5673308518492101, 0.02305703422443671], [0.5605098040681266, -0.8184149975716586, 0.12659246143942576], [0.09069003159491971, -0.09128305587474496, -0.9916868063453708]], "T": [-0.05670846359705466, -0.08685712835846614, -0.002345559635557336], "aligned_model": [[0.4578932670196623, 0.439598188110509, 0.25884093896365923, 0.24054586005450596, -0.4759931672668769, -0.6018966746740408, -0.6201917535831942, -0.23933763515008957, -0.11534424849100312, -0.15193440630930968, 0.5635912664420599, -0.1336393274001564], [0.3613340308231619, 0.2608866337818011, -0.5132524328301106, -0.6136998298714713, -0.672549860252051, 0.12395934753828354, 0.02351195049692277, 0.5180359731192252, 0.04833810602841994, -0.15255668805430161, -0.20881117612138098, -0.05210929101294082], [-0.3332287466901968, 0.45364558409542294, -0.44950094954509157, 0.3373733812405282, 0.3132011981234646, -0.3881709502651095, 0.39870338052051024, -0.3294360091143126, -0.7865728685158266, 0.7871757930554129, -0.0034912751745945457, 0.0003014622697930453]], "inverted": false, "swapped": false, "error_lsq": 0.05274247718129144, "error_max": 0.3620291135217234, "target": "136.xyz", "model": "27.xyz", "model_rescale": 4.509807893063789, "target_rescale": 4.1566506797791245},
{"mapping": [0, 1, 4, 5, 7, 8, 9, 11, 2, 3, 12, 13], "R": [[-0.8220305245847986, -0.5639968657123893, 0.07857068230225539], [-0.5665764875244934, 0.8238970731324186, -0.013590315237035203], [-0.05706925998511414, -0.055687955164787556, -0.996815906381071]], "T": [-0.05147116790241715, -0.08791441759448393, -0.06770649148148118], "aligned_model": [[0.4845707813228015, 0.4222272544548791, 0.2842285700259043, 0.22188504315798183, -0.4927562318430676, -0.572730595896332, -0.6350741227642545, -0.2727040209317438, -0.06576780759728483, -0.19045486133312953, 0.5668196335851781, -0.12811133446520717], [0.308817939713493, 0.31960145537477064, -0.5731635498207337, -0.562380034159456, -0.6230693889120074, 0.06751697550944658, 0.07830049117072418, 0.4762298938791548, -0.06381817507713823, -0.042251143754583, -0.20966304086225201, -0.053034659415860615], [-0.42886629701555623, 0.3620778238815181, -0.4326329080171512, 0.3583112128799231, 0.3028094248753318, -0.5089147131031141, 0.2820294077939603, 0.30516675940962407, -0.8651670584405151, 0.7167211833536329, -0.017311898074211962, -0.07422293754344123]], "inverted": true, "swapped": false, "error_lsq": 0.05196615751842935, "error_max": 0.3510518472493678, "target": "136.xyz", "model": "28.xyz", "model_rescale": 4.5098078930637895, "target_rescale": 4.1566506797791245},
{"mapping": [8, 9, 5, 2, 3, 4, 11, 1, 6, 0, 7, 12], "R": [[0.43529886293066233, 0.8539619556125481, 0.28506819937984185], [-0.4626727199272772, 0.4838247552440781, -0.7428644293867512], [-0.7723010126669316, 0.1914747622518454, 0.6057132665331274]], "T": [0.010561553250683593, -0.12450074525847946, 0.08249415350555898], "aligned_model": [[0.3850974798053651, 0.48825456100950937, 0.16771603618365585, 0.26340866980893624, -0.41413500999519587, -0.6425467231988434, -0.6305253655768074, -0.40567976305942577, -0.06069567701999173, -0.17726804985577818, 0.6135091930090126, 0.03499695660528858], [0.3693048290029385, 0.07890572368072613, -0.6784693188495026, -0.5559568300069698, -0.5604597642860221, 0.034762492575353104, 0.010131951159879943, 0.6449945001113446, -0.08324706198812734, 0.04977224324996932, -0.22591742785843674, 0.03926542685440562], [-0.4802759857177561, 0.43784638791050756, -0.3401647020467479, 0.42646483134242724, 0.0784035289342073, -0.4069259649202117, 0.2186214625578508, 0.2300031491809001, -0.825494195901167, 0.7153326430353191, 0.00505350813666286, -0.058864662511992]], "inverted": true, "swapped": false, "error_lsq": 0.05067738300767896, "error_max": 0.3001878270573093, "target": "136.xyz", "model": "29.xyz", "model_rescale": 4.466005838112752, "target_rescale": 4.1566506797791245},
