[{"mapping": [3, 2, 5, 4, 6, 10, 9, 10, 1, 0, 8, 11], "R": [[0.8851986358581005, 0.464499334986052, 0.025763207728726832], [0.4572436572426485, -0.8789058113770036, 0.1358411301451026], [0.08574154760864483, -0.10846631977368237, -0.990395599994481]], "T": [0.004143304138180516, -0.10847046288474499, -0.0039277315557498605], "aligned_model": [[0.5359054201001096, 0.5154678889781467, 0.2326144498681677, 0.21217691874620487, -0.5063399934640298, -0.5449729412672354, -0.5654104723891983, -0.5449729412672354, -0.07597270820714794, -0.11684777045107364, 0.5768946963981282, -0.09641023932911078], [0.33309596960690463, 0.22533542386214783, -0.5097686694439355, -0.6175292151886924, -0.5902997670469299, 0.2244042520629318, 0.116643706318175, 0.2244042520629318, 0.09658948808559417, -0.11893160340391942, -0.24968601561048714, -0.011171057659162625], [-0.3300186767379717, 0.45564594666886526, -0.4535142106408124, 0.3321504127660245, 0.3171943472734539, -0.3730436048598411, 0.4126210185469958, -0.3730436048598411, -0.7788626229846364, 0.7924666238290371, -0.008397629423474898, 0.006802000422200401]], "inverted": false, "swapped": false, "error_lsq": 0.06951584895030881, "error_max": 0.6019611535336816, "target": "137.xyz", "model": "0.xyz", "model_rescale": 4.5108708085295355, "target_rescale": 4.1566506797791245},
{"mapping": [3, 2, 5, 4, 6, 10, 9, 10, 1, 0, 8, 11], "R": [[0.8851986358581008, 0.46449933498605145, 0.025763207728727075], [0.4572436572426478, -0.8789058113770037, 0.13584113014510274], [0.08574154760864505, -0.10846631977368246, -0.9903955999944809]], "T": [0.004143304138180488, -0.10847046288474499, -0.003927731555749924], "aligned_model": [[0.5359054201001098, 0.5154678889781467, 0.23261444986816743, 0.21217691874620442, -0.5063399934640301, -0.5449729412672351, -0.5654104723891982, -0.5449729412672351, -0.07597270820714766, -0.11684777045107375, 0.576894696398128, -0.09641023932911072], [0.3330959696069042, 0.22533542386214728, -0.5097686694439354, -0.6175292151886922, -0.5902997670469294, 0.22440425206293213, 0.11664370631817522, 0.22440425206293213, 0.09658948808559434, -0.11893160340391949, -0.2496860156104874, -0.011171057659162598], [-0.33001867673797125, 0.45564594666886515, -0.45351421064081215, 0.33215041276602425, 0.3171943472734536, -0.3730436048598409, 0.4126210185469955, -0.3730436048598409, -0.7788626229846364, 0.792466623829037, -0.008397629423474795, 0.006802000422200435]], "inverted": false, "swapped": false, "error_lsq": 0.06951584895030881, "error_max": 0.6019611535336812, "target": "137.xyz", "model": "1.xyz", "model_rescale": 4.510870808529536, "target_rescale": 4.1566506797791245},
{"mapping": [5, 8, 6, 0, 9, 10, 3, 1, 7, 2, 4, 11], "R": [[0.0025007296593774764, 0.9343430286124527, -0.35636617577216945], [0.4287949502861154, 0.32094073745065305, 0.8444713930345771], [0.9033983821992926, -0.1549198112829378, -0.39983898648300964]], "T": [-0.03778566054848086, -0.058856490873250816, 0.03564430219643734], "aligned_model": [[0.2950810966955095, 0.32831400716986825, 0.24353527812487907, 0.12017472572709038, -0.3716159929908298, -0.6543154489299882, -0.27630413623852834, -0.44522418615122633, -0.03916417781427929, 0.006395319700630064, 0.5777805526346679, -0.16252473021206806], [0.4305146198735226, 0.2560635596437266, -0.6216027369004574, -0.7902670392161727, -0.7134498509453947, -0.04354451312881405, 0.5185921220726333, 0.5495436364169884, 0.048302600916123345, -0.1513132157439474, -0.23939071794305805, -0.12036170139959185], [-0.21946930991243996, 0.37446927874508573, -0.4116221251576154, 0.33410597648704615, -0.05733739942044759, -0.37452312474101207, 0.4758138183682371, -0.3002654741540826, -0.7288078504781799, 0.7929995436888015, 0.09771641540812455, 0.01692025116648164]], "inverted": false, "swapped": false, "error_lsq": 0.06737443672123115, "error_max": 0.5279948277533025, "target": "137.xyz", "model": "2.xyz", "model_rescale": 4.5108708085295355, "target_rescale": 4.1566506797791245},
{"mapping": [3, 2, 5, 4, 7, 10, 9, 11, 1, 0, 8, 13], "R": [[0.8231670185618464, 0.5673309726282589, -0.023057039026609896], [0.560509923537527, -0.8184149154578829, -0.12659246333025448], [-0.09069004999423251, 0.09128304143015856, -0.9916868059923474]], "T": [-0.05670841572280043, -0.08685716748782349, 0.002345563666706214], "aligned_model": [[0.43959803727013164, 0.45789312059824, 0.2405458320986527, 0.2588409154267611, -0.47599302743362865, -0.620191847252198, -0.6018967639240896, -0.23933751924283714, -0.15193439887675042, -0.11534423222053362, 0.5635915068206194, -0.13363931554864203], [0.26088670743206577, 0.36133410931504906, -0.6136998143409892, -0.5132524124580059, -0.6725498263061763, 0.02351216829154401, 0.12395957017452727, 0.5180358985623035, -0.15255689489907895, 0.048337908866887574, -0.20881115797647237, -0.05210949301609569], [-0.45364560637724266, 0.333228750303033, -0.3373733962874055, 0.4495009603928702, -0.3132012158316827, -0.39870341692802586, 0.3881709397522498, 0.32943602924132565, -0.7871757929846039, 0.7865729203759471, 0.0034912646478630982, -0.00030143630432842485]], "inverted": false, "swapped": false, "error_lsq": 0.05274247830753012, "error_max": 0.36202918447822635, "target": "137.xyz", "model": "3.xyz", "model_rescale": 4.509807743048502, "target_rescale": 4.1566506797791245},
{"mapping": [3, 2, 5, 4, 6, 10, 9, 12, 1, 0, 8, 13], "R": [[0.8231670185618464, 0.5673309726282589, 0.02305703902661007], [0.560509923537527, -0.8184149154578829, 0.126592463330254], [0.09069004999423239, -0.09128304143015807, -0.9916868059923474]], "T": [-0.05670841572280043, -0.0868571674878235, -0.0023455636667062364], "aligned_model": [[0.4578931205982401, 0.4395980372701315, 0.2588409154267612, 0.2405458320986526, -0.47599302743362876, -0.6018967639240895, -0.6201918472521981, -0.23933751924283708, -0.11534423222053349, -0.1519343988767506, 0.5635915068206194, -0.13363931554864203], [0.3613341093150488, 0.26088670743206593, -0.5132524124580061, -0.613699814340989, -0.6725498263061761, 0.12395957017452709, 0.023512168291544205, 0.5180358985623033, 0.04833790886688723, -0.1525568948990786, -0.2088111579764724, -0.052109493016095715], [-0.333228750303033, 0.4536456063772424, -0.44950096039286985, 0.33737339628740554, 0.3132012158316827, -0.3881709397522499, 0.39870341692802547, -0.3294360292413259, -0.7865729203759474, 0.7871757929846039, -0.0034912646478628567, 0.0003014363043284695]], "inverted": false, "swapped": false, "error_lsq": 0.052742478307530115, "error_max": 0.36202918447822646, "target": "137.xyz", "model": "4.xyz", "model_rescale": 4.509807743048502, "target_rescale": 4.1566506797791245},
{"mapping": [3, 2, 5, 4, 7, 10, 9, 11, 1, 0, 8, 13], "R": [[0.8231670185618465, 0.5673309726282585, -0.02305703902660986], [0.5605099235375268, -0.818414915457883, -0.12659246333025473], [-0.09069004999423261, 0.0912830414301588, -0.9916868059923472]], "T": [-0.05670841572280043, -0.08685716748782348, 0.0023455636667062832], "aligned_model": [[0.43959803727013175, 0.4578931205982401, 0.24054583209865238, 0.25884091542676074, -0.47599302743362887, -0.6201918472521978, -0.6018967639240894, -0.23933751924283686, -0.15193439887675037, -0.11534423222053362, 0.5635915068206194, -0.133639315548642], [0.2608867074320655, 0.36133410931504895, -0.6136998143409893, -0.5132524124580059, -0.6725498263061763, 0.023512168291544053, 0.12395957017452754, 0.5180358985623036, -0.15255689489907912, 0.04833790886688781, -0.20881115797647257, -0.052109493016095694], [-0.45364560637724266, 0.33322875030303284, -0.33737339628740526, 0.44950096039287024, -0.31320121583168253, -0.3987034169280258, 0.3881709397522497, 0.3294360292413255, -0.7871757929846038, 0.786572920375947, 0.003491264647862944, -0.0003014363043286625]], "inverted": false, "swapped": false, "error_lsq": 0.052742478307530115, "error_max": 0.36202918447822624, "target": "137.xyz", "model": "5.xyz", "model_rescale": 4.509807743048502, "target_rescale": 4.1566506797791245},
{"mapping": [3, 2, 5, 4, 6, 10, 9, 11, 1, 0, 8, 13], "R": [[0.8220304766731678, 0.5639969349405387, 0.07857068663415677], [0.5665765571696715, -0.8238970252339285, -0.013590315538869835], [0.05706925867967157, 0.05568796268819358, -0.9968159060355085]], "T": [-0.05147113176163956, -0.08791444073584564, -0.06770649293359689], "aligned_model": [[0.48457073050802457, 0.4222271959637097, 0.2842285798998677, 0.22188504535555284, -0.4927562157326715, -0.5727305157445136, -0.6350740502888285, -0.2727039574124235, -0.06576786304696614, -0.19045493213559583, 0.5668196879408506, -0.12811139759128098], [0.3088179233820092, 0.3196014400160275, -0.5731636430273197, -0.5623801263933013, -0.6230692375380641, 0.06751697877811841, 0.07830049541213674, 0.4762299558656494, -0.06381826613709086, -0.04225123286905423, -0.2096627743404802, -0.05303474950307255], [-0.42886633039320454, 0.36207784401128823, -0.43263293616799575, 0.358311238236497, 0.30280944490074757, -0.5089147409744207, 0.28202943343007203, 0.3051667850148142, -0.8651671206575849, 0.7167212281514003, -0.017311899298521595, -0.07422294625309235]], "inverted": false, "swapped": false, "error_lsq": 0.051966155359673694, "error_max": 0.35105184952511187, "target": "137.xyz", "model": "6.xyz", "model_rescale": 4.509807586411629, "target_rescale": 4.1566506797791245},
{"mapping": [3, 2, 5, 4, 6, 10, 9, 12, 1, 0, 8, 13], "R": [[0.823167053860542, 0.5673309215552691, 0.023057035494713635], [0.5605098729744584, -0.8184149499042148, 0.1265924645128525], [0.09069004210337508, -0.0912830500176805, -0.991686805923502]], "T": [-0.05670842795120783, -0.0868571512956279, -0.002345561810805141], "aligned_model": [[0.45789321278322787, 0.4395981316221416, 0.2588409459069885, 0.24054586474590223, -0.4759931493455783, -0.6018965978857311, -0.6201916790468174, -0.23933756745037776, -0.11534431003319073, -0.15193447235536325, 0.563591319968801, -0.13363939119427698], [0.3613340197405044, 0.26088661343037534, -0.5132525199357238, -0.6136999262458528, -0.6725497149103138, 0.1239593558169518, 0.023511949506822755, 0.5180360385215895, 0.04833802612674801, -0.15255678649351018, -0.2088109117286514, -0.05210938018338111], [-0.3332287747373732, 0.4536456092183858, -0.449500988889373, 0.33737339506638603, 0.31320124200236904, -0.38817097491092845, 0.3987034090448306, -0.32943602496867874, -0.7865729346178729, 0.7871758332936457, -0.0034912398392778063, 0.00030144933788655345]], "inverted": false, "swapped": false, "error_lsq": 0.05274247532282666, "error_max": 0.3620291213926179, "target": "137.xyz", "model": "7.xyz", "model_rescale": 4.509807586411629, "target_rescale": 4.1566506797791245},
{"mapping": [3, 2, 5, 4, 6, 10, 9, 11, 1, 0, 8, 13], "R": [[0.8220304766731678, 0.5639969349405385, 0.07857068663415705], [0.5665765571696713, -0.8238970252339285, -0.013590315538870046], [0.057069258679671685, 0.055687962688193884, -0.9968159060355083]], "T": [-0.051471131761639546, -0.08791444073584566, -0.0677064929335968], "aligned_model": [[0.4845707305080247, 0.4222271959637096, 0.2842285798998677, 0.22188504535555265, -0.4927562157326716, -0.5727305157445134, -0.6350740502888285, -0.2727039574124235, -0.06576786304696587, -0.190454932135596, 0.5668196879408504, -0.12811139759128093], [0.30881792338200903, 0.31960144001602747, -0.5731636430273197, -0.5623801263933013, -0.6230692375380639, 0.0675169787781184, 0.07830049541213689, 0.47622995586564953, -0.06381826613709105, -0.04225123286905406, -0.2096627743404803, -0.053034749503072555], [-0.4288663303932044, 0.36207784401128823, -0.4326329361679955, 0.35831123823649713, 0.3028094449007475, -0.5089147409744208, 0.2820294334300718, 0.305166785014814, -0.8651671206575847, 0.7167212281514003, -0.017311899298521616, -0.07422294625309259]], "inverted": false, "swapped": false, "error_lsq": 0.05196615535967369, "error_max": 0.3510518495251116, "target": "137.xyz", "model": "8.xyz", "model_rescale": 4.509807586411629, "target_rescale": 4.1566506797791245},
{"mapping": [2, 3, 6, 7, 4, 11, 12, 10, 0, 1, 8, 13], "R": [[0.8231669830489319, 0.5673310242876088, -0.023057035778519128], [0.5605099743872379, -0.8184148792645196, -0.12659247217295078], [-0.09069005805785522, 0.09128304486165037, -0.9916868049390637]], "T": [-0.05670846181530366, -0.08685720084970405, 0.002345569039911333], "aligned_model": [[0.4395980564154571, 0.45789313813413834, 0.24054577020768975, 0.25884085192637096, -0.47599312343286826, -0.6201918690537616, -0.6018967873350803, -0.2393375484181735, -0.15193432998861792, -0.11534416655125548, 0.5635915640817631, -0.1336392482699367], [0.26088662939322693, 0.36133404360644983, -0.6136997687644902, -0.5132523545512673, -0.6725498285145445, 0.02351201176730562, 0.12395942598052856, 0.518035797471798, -0.15255672856413321, 0.04833809986231263, -0.20881124969071774, -0.05210931435091028], [-0.4536456199410198, 0.33322877753034963, -0.3373734164769476, 0.4495009809944219, -0.3132012309247469, -0.39870342081699284, 0.3881709766543766, 0.3294360583863607, -0.7871758586690688, 0.7865729362736699, 0.0034912781872963416, -0.0003014611976994365]], "inverted": true, "swapped": false, "error_lsq": 0.052742478863635874, "error_max": 0.3620292387866864, "target": "137.xyz", "model": "9.xyz", "model_rescale": 4.509807504472865, "target_rescale": 4.1566506797791245},
{"mapping": [2, 3, 6, 7, 5, 11, 12, 10, 0, 1, 8, 13], "R": [[0.8220304065055576, 0.5639970377255682, 0.07857068293639609], [0.5665766599840362, -0.8238969545297923, -0.013590315591156322], [0.05706924865145489, 0.055687967760705046, -0.9968159063262589]], "T": [-0.051471165792313825, -0.0879144907905959, -0.06770649604408538], "aligned_model": [[0.4845706549151817, 0.4222271221722108, 0.2842284852956484, 0.22188495255267754, -0.4927561892106898, -0.5727307060250151, -0.635074238767986, -0.27270393856056857, -0.06576772236918581, -0.19045478785512754, 0.5668199306807361, -0.12811125511215665], [0.30881794365342896, 0.31960146052486094, -0.5731634810481383, -0.5623799641767063, -0.6230693485550247, 0.06751704504933312, 0.0783005619207651, 0.4762297095272091, -0.063818199760875, -0.04225116601801099, -0.2096631145818402, -0.05303468288944299], [-0.42886634687376834, 0.3620778421321035, -0.4326329552885274, 0.3583112337173444, 0.3028094561825553, -0.5089147631638637, 0.2820294258420081, 0.30516679666233637, -0.8651671257629089, 0.7167212522488353, -0.01731187893907815, -0.07422293675703692]], "inverted": true, "swapped": false, "error_lsq": 0.051966159220683684, "error_max": 0.3510519787231924, "target": "137.xyz", "model": "10.xyz", "model_rescale": 4.509807504472865, "target_rescale": 4.1566506797791245},
{"mapping": [3, 2, 7, 6, 4, 12, 11, 9, 1, 0, 8, 13], "R": [[-0.8220304065055579, -0.5639970377255679, 0.07857068293639681], [-0.5665766599840358, 0.8238969545297927, -0.013590315591155509], [-0.057069248651455975, -0.055687967760704754, -0.9968159063262589]], "T": [-0.05147116579231379, -0.08791449079059585, -0.06770649604408532], "aligned_model": [[0.48457065491518236, 0.42222712217221087, 0.2842284852956485, 0.22188495255267707, -0.49275618921069037, -0.5727307060250146, -0.6350742387679861, -0.27270393856056857, -0.0657677223691852, -0.19045478785512807, 0.5668199306807361, -0.1281112551121566], [0.3088179436534292, 0.3196014605248605, -0.5731634810481382, -0.5623799641767069, -0.6230693485550249, 0.06751704504933384, 0.0783005619207652, 0.476229709527209, -0.06381819976087424, -0.04225116601801154, -0.20966311458184048, -0.0530346828894429], [-0.4288663468737678, 0.36207784213210426, -0.43263295528852763, 0.3583112337173443, 0.3028094561825546, -0.5089147631638641, 0.28202942584200796, 0.3051667966623368, -0.8651671257629087, 0.7167212522488352, -0.017311878939077943, -0.07422293675703709]], "inverted": false, "swapped": false, "error_lsq": 0.0519661592206837, "error_max": 0.3510519787231928, "target": "137.xyz", "model": "11.xyz", "model_rescale": 4.509807504472865, "target_rescale": 4.1566506797791245},
{"mapping": [3, 2, 7, 6, 4, 12, 11, 10, 1, 0, 8, 13], "R": [[-0.8231670511061954, -0.5673309254328318, 0.023057038419039513], [-0.560509876935589, 0.8184149478232199, 0.12659246042781216], [-0.090690042622006, 0.0912830445758849, -0.991686806376981]], "T": [-0.05670853540762197, -0.08685709119927039, -0.0023455566542082986], "aligned_model": [[0.45789308398621786, 0.43959800123541404, 0.2588408292688139, 0.2405457465180101, -0.47599311281723433, -0.6018966831336103, -0.6201917658844143, -0.23933766909662868, -0.11534410466027886, -0.15193427016188654, 0.5635914398724051, -0.13363918741108272], [0.36133406277806684, 0.26088666372085684, -0.5132524433258824, -0.6136998423830924, -0.6725498133886174, 0.12395940349564265, 0.023512004438432613, 0.5180360722860347, 0.048338020071615126, -0.15255677804280487, -0.20881120701909828, -0.05210937898559488], [-0.33322875645480604, 0.4536455964354399, -0.4495009629696176, 0.33737338992062826, 0.31320121531875117, -0.38817095714558575, 0.3987033957446602, -0.3294360099418518, -0.7865728990491634, 0.7871758067313281, -0.003491272430866153, 0.00030145384108238747]], "inverted": false, "swapped": false, "error_lsq": 0.052742461939325636, "error_max": 0.3620290723801005, "target": "137.xyz", "model": "12.xyz", "model_rescale": 4.509807766519439, "target_rescale": 4.1566506797791245},
{"mapping": [2, 3, 6, 7, 5, 11, 12, 10, 0, 1, 8, 13], "R": [[0.8220304743548028, 0.5639969386091321, 0.07857068455565924], [0.5665765605762885, -0.8238970229356182, -0.01359031285028667], [0.057069258253119176, 0.055687959536621257, -0.9968159062359943]], "T": [-0.05147123914393062, -0.0879143801326964, -0.06770649955946631], "aligned_model": [[0.4845705992345416, 0.42222706882926186, 0.2842284604187809, 0.22188493001350132, -0.4927561773316216, -0.5727306039247766, -0.6350741343300563, -0.2727040575902029, -0.06576766433549121, -0.19045472514605055, 0.5668198066186099, -0.12811119474077087], [0.30881797130154487, 0.31960148537159105, -0.5731635607383196, -0.5623800466682735, -0.6230693410270524, 0.06751703196852313, 0.07830054603856926, 0.4762299921064852, -0.06381826173571348, -0.04225123359562115, -0.2096630717105075, -0.05303474766566731], [-0.42886632280932246, 0.3620778201663791, -0.4326329300835582, 0.3583112128921434, 0.3028094355101686, -0.5089147284958334, 0.2820294144798682, 0.3051667653018688, -0.8651670703452107, 0.7167212156061931, -0.017311884853187923, -0.07422292736950897]], "inverted": true, "swapped": false, "error_lsq": 0.051966141879539886, "error_max": 0.35105180063082514, "target": "137.xyz", "model": "13.xyz", "model_rescale": 4.509807766519439, "target_rescale": 4.1566506797791245},
{"mapping": [3, 2, 7, 6, 4, 12, 11, 9, 1, 0, 8, 13], "R": [[-0.8220304743548027, -0.5639969386091326, 0.0785706845556594], [-0.5665765605762889, 0.8238970229356181, -0.013590312850286463], [-0.057069258253119405, -0.0556879595366212, -0.9968159062359944]], "T": [-0.051471239143930606, -0.0879143801326964, -0.0677064995594662], "aligned_model": [[0.4845705992345415, 0.42222706882926175, 0.28422846041878136, 0.22188493001350157, -0.49275617733162136, -0.5727306039247768, -0.6350741343300566, -0.2727040575902033, -0.06576766433549111, -0.19045472514605066, 0.56681980661861, -0.12811119474077087], [0.3088179713015453, 0.3196014853715913, -0.5731635607383194, -0.5623800466682735, -0.6230693410270526, 0.06751703196852296, 0.07830054603856898, 0.4762299921064852, -0.06381826173571334, -0.04225123359562136, -0.20966307171050722, -0.053034747665667355], [-0.42886632280932246, 0.36207782016637946, -0.4326329300835584, 0.3583112128921435, 0.3028094355101686, -0.5089147284958337, 0.2820294144798682, 0.30516676530186915, -0.8651670703452106, 0.7167212156061931, -0.017311884853187923, -0.07422292736950906]], "inverted": false, "swapped": false, "error_lsq": 0.05196614187953991, "error_max": 0.35105180063082536, "target": "137.xyz", "model": "14.xyz", "model_rescale": 4.509807766519439, "target_rescale": 4.1566506797791245},
{"mapping": [3, 2, 7, 6, 4, 10, 9, 10, 1, 0, 8, 11], "R": [[-0.8851986604982652, -0.4644992880471108, 0.02576320740521207], [-0.4572436094907424, 0.8789058341096482, 0.1358411437963518], [-0.0857415478747284, 0.10846633658306506, -0.9903955981305121]], "T": [0.004143208692677307, -0.10847060014083237, -0.003927753371307406], "aligned_model": [[0.5359052396665684, 0.5154677071140739, 0.23261439547327326, 0.21217686292077867, -0.5063402102617901, -0.5449729177475799, -0.5654104503000745, -0.5449729177475799, -0.07597256246780376, -0.1168476275727929, 0.57689488365895, -0.09641009502029835], [0.33309589257602035, 0.22533532710604004, -0.5097686969038713, -0.6175292623738515, -0.5902995792099361, 0.2244041299559525, 0.11664356448597216, 0.2244041299559525, 0.09658963316941738, -0.11893149777054321, -0.24968594504503125, -0.011170932300562916], [-0.33001872026629553, 0.4556459665205191, -0.45351425584250177, 0.33215043094431285, 0.3171943940815178, -0.37304365049135946, 0.41262103629545516, -0.37304365049135946, -0.7788626645294237, 0.7924667090442052, -0.008397617522461103, 0.006802022257390685]], "inverted": false, "swapped": false, "error_lsq": 0.06951584509283999, "error_max": 0.6019612578862389, "target": "137.xyz", "model": "15.xyz", "model_rescale": 4.510870436145588, "target_rescale": 4.1566506797791245},
{"mapping": [2, 3, 6, 7, 5, 9, 10, 9, 0, 1, 8, 11], "R": [[0.8851986604982652, 0.4644992880471108, 0.02576320740521265], [0.4572436094907423, -0.8789058341096482, 0.1358411437963519], [0.08574154787472896, -0.1084663365830649, -0.9903955981305121]], "T": [0.004143208692677307, -0.10847060014083237, -0.003927753371307437], "aligned_model": [[0.5359052396665687, 0.5154677071140736, 0.23261439547327348, 0.21217686292077845, -0.5063402102617903, -0.5449729177475797, -0.5654104503000748, -0.5449729177475797, -0.07597256246780329, -0.11684762757279338, 0.57689488365895, -0.09641009502029835], [0.3330958925760203, 0.22533532710603993, -0.5097686969038713, -0.6175292623738518, -0.5902995792099361, 0.2244041299559525, 0.11664356448597213, 0.2244041299559525, 0.09658963316941749, -0.11893149777054333, -0.2496859450450313, -0.011170932300562902], [-0.3300187202662951, 0.45564596652051936, -0.4535142558425016, 0.33215043094431285, 0.3171943940815174, -0.3730436504913596, 0.4126210362954548, -0.3730436504913596, -0.778862664529424, 0.7924667090442052, -0.00839761752246092, 0.0068020222573905095]], "inverted": true, "swapped": false, "error_lsq": 0.06951584509283999, "error_max": 0.6019612578862389, "target": "137.xyz", "model": "16.xyz", "model_rescale": 4.510870436145588, "target_rescale": 4.1566506797791245},
{"mapping": [7, 8, 4, 0, 9, 10, 3, 1, 5, 2, 6, 11], "R": [[-0.0025007320623962603, -0.9343430245501623, -0.3563661864060715], [-0.42879496494012764, -0.32094074358749836, 0.844471383261445], [-0.9033983752371635, 0.15491982306973645, -0.39983899764642106]], "T": [-0.03778555775237532, -0.05885651697832539, 0.03564415426697397], "aligned_model": [[0.2950811173546846, 0.32831403692963806, 0.24353509577795576, 0.12017474770187656, -0.3716158085088858, -0.6543152962213121, -0.27630415921488655, -0.4452242277229757, -0.03916439193447043, 0.006395328497539689, 0.5777806050671108, -0.1625247400105497], [0.4305146450706965, 0.25606367542423325, -0.62160287329553, -0.7902670123926362, -0.7134498525805458, -0.04354446721442423, 0.5185920654558139, 0.5495437583396067, 0.04830251207059158, -0.15131331991030764, -0.23939074029542512, -0.12036162702651446], [-0.21946937186759524, 0.37446946868343495, -0.4116221512288774, 0.334106181506826, -0.05733745910634187, -0.3745232194671555, 0.4758136161420784, -0.30026533921480114, -0.728807911589691, 0.7929993765028921, 0.09771638849321838, 0.016920421146012284]], "inverted": false, "swapped": false, "error_lsq": 0.06737442219025394, "error_max": 0.5279947498113351, "target": "137.xyz", "model": "17.xyz", "model_rescale": 4.510870436145588, "target_rescale": 4.1566506797791245},
{"mapping": [7, 10, 6, 2, 4, 3, 11, 0, 5, 1, 8, 12], "R": [[-0.43529881408725496, -0.853961979230229, 0.2850682032135808], [0.46267273445898793, -0.4838247288578473, -0.7428644375213243], [0.7723010314912653, -0.19147472359249024, 0.605713254752368]], "T": [0.01056157339142269, -0.12450076596240199, 0.08249412644970987], "aligned_model": [[0.3850974577607462, 0.4882545752995324, 0.16771597829399823, 0.2634086540524243, -0.4141349733026106, -0.642546699478563, -0.6305254116945187, -0.40567968166122603, -0.060695747881954254, -0.17726795548527352, 0.6135091839366986, 0.03499692787647177], [0.36930486912565375, 0.07890574914145541, -0.678469317190988, -0.5559568250684147, -0.5604598424501452, 0.034762446729001265, 0.010132008247669369, 0.6449944741225377, -0.08324702801184151, 0.04977218494339129, -0.22591742005349275, 0.039265464110731854], [-0.48027596800807704, 0.4378464411799691, -0.3401646672733482, 0.4264648949284214, 0.07840343470578282, -0.4069260707458854, 0.21862155627022872, 0.23000305964795614, -0.8254941727250165, 0.7153325650996244, 0.005053537443591161, -0.058864610523246916]], "inverted": false, "swapped": false, "error_lsq": 0.050677373831714195, "error_max": 0.30018781445431014, "target": "137.xyz", "model": "18.xyz", "model_rescale": 4.466005644533647, "target_rescale": 4.1566506797791245},
{"mapping": [1, 0, 5, 4, 7, 9, 8, 10, 3, 2, 12, 13], "R": [[0.8231670676552318, 0.5673309014827026, -0.02305703690223699], [0.5605098532307051, -0.8184149640042032, -0.12659246077587877], [-0.09069003891928085, 0.09128304835413227, -0.9916868063678154]], "T": [-0.05670849418920544, -0.08685715113282523, 0.0023455633128899173], "aligned_model": [[0.4395980608419059, 0.45789314261203695, 0.24054577800856675, 0.2588408597786978, -0.47599309186894717, -0.6201917262822972, -0.6018966445121662, -0.2393376144495855, -0.15193435368881933, -0.11534419014855721, 0.563591359343579, -0.13363927191868827], [0.26088659332268843, 0.36133399387970067, -0.6136999176070492, -0.5132525170500369, -0.672549868750926, 0.02351196160465832, 0.12395936216167054, 0.5180360252927894, -0.15255665537434165, 0.0483381457396828, -0.20881110475594816, -0.05210925481732945], [-0.4536455931090286, 0.33322876935942375, -0.3373733853208959, 0.44950097714755644, -0.31320121408439994, -0.3987033970089814, 0.38817096545947094, 0.3294360190212465, -0.787175830358843, 0.7865728945780617, 0.003491262206779831, -0.00030146789039071356]], "inverted": false, "swapped": false, "error_lsq": 0.052742469010445166, "error_max": 0.36202910951554923, "target": "137.xyz", "model": "19.xyz", "model_rescale": 4.509807711582247, "target_rescale": 4.1566506797791245},
{"mapping": [1, 0, 5, 4, 6, 9, 8, 11, 3, 2, 12, 13], "R": [[0.8231670676552321, 0.5673309014827024, 0.023057036902237052], [0.5605098532307049, -0.8184149640042035, 0.12659246077587852], [0.09069003891928072, -0.09128304835413206, -0.9916868063678155]], "T": [-0.05670849418920541, -0.0868571511328252, -0.0023455633128900213], "aligned_model": [[0.45789314261203684, 0.4395980608419058, 0.25884085977869764, 0.24054577800856658, -0.4759930918689472, -0.6018966445121661, -0.6201917262822971, -0.23933761444958523, -0.11534419014855712, -0.15193435368881933, 0.5635913593435788, -0.13363927191868824], [0.3613339938797003, 0.2608865933226882, -0.5132525170500372, -0.6136999176070492, -0.6725498687509257, 0.12395936216167062, 0.023511961604658613, 0.5180360252927892, 0.048338145739682606, -0.15255665537434138, -0.20881110475594836, -0.05210925481732939], [-0.333228769359424, 0.4536455931090285, -0.44950097714755644, 0.3373733853208961, 0.31320121408440016, -0.38817096545947116, 0.3987033970089814, -0.32943601902124675, -0.7865728945780619, 0.7871758303588428, -0.0034912622067799002, 0.00030146789039059907]], "inverted": false, "swapped": false, "error_lsq": 0.05274246901044516, "error_max": 0.36202910951554934, "target": "137.xyz", "model": "20.xyz", "model_rescale": 4.509807711582248, "target_rescale": 4.1566506797791245},
{"mapping": [8, 9, 5, 2, 3, 4, 11, 1, 6, 0, 7, 12], "R": [[0.4352988140872547, 0.8539619792302292, 0.2850682032135806], [-0.4626727344589886, 0.48382472885784705, -0.7428644375213239], [-0.7723010314912649, 0.19147472359248988, 0.6057132547523686]], "T": [0.010561573391422704, -0.124500765962402, 0.08249412644970994], "aligned_model": [[0.38509745776074644, 0.48825457529953264, 0.16771597829399792, 0.26340865405242425, -0.4141349733026109, -0.6425466994785631, -0.6305254116945188, -0.4056796816612257, -0.06069574788195435, -0.17726795548527347, 0.6135091839366987, 0.03499692787647182], [0.3693048691256532, 0.0789057491414557, -0.6784693171909884, -0.5559568250684146, -0.560459842450145, 0.034762446729001084, 0.010132008247669771, 0.6449944741225381, -0.08324702801184225, 0.04977218494339203, -0.22591742005349288, 0.03926546411073181], [-0.4802759680080774, 0.437846441179969, -0.340164667273348, 0.42646489492842177, 0.07840343470578309, -0.40692607074588544, 0.21862155627022872, 0.23000305964795587, -0.8254941727250167, 0.7153325650996245, 0.005053537443591133, -0.05886461052324704]], "inverted": true, "swapped": false, "error_lsq": 0.0506773738317142, "error_max": 0.30018781445431003, "target": "137.xyz", "model": "21.xyz", "model_rescale": 4.466005644533646, "target_rescale": 4.1566506797791245},
{"mapping": [7, 10, 6, 2, 4, 3, 11, 0, 5, 1, 8, 12], "R": [[-0.4352987382382827, -0.853962004685745, 0.2850682427792731], [0.46267278039687487, -0.48382472291653567, -0.7428644127797229], [0.7723010467220565, -0.19147462507559865, 0.6057132664752976]], "T": [0.01056156408013352, -0.12450077209248946, 0.08249412240115452], "aligned_model": [[0.3850975067702554, 0.488254508953089, 0.16771601892492555, 0.26340857346373886, -0.41413489863587216, -0.6425466583514108, -0.6305256986580887, -0.4056795719549156, -0.06069574079061306, -0.17726781223937704, 0.613509266485794, 0.0349968137482002], [0.36930488662783145, 0.07890569940174093, -0.6784692972897934, -0.5559568764255776, -0.5604597904696946, 0.03476248367344208, 0.010131858963503229, 0.644994543125823, -0.08324702314665673, 0.049772268982686343, -0.2259173875153052, 0.0392653977175592], [-0.480276012245784, 0.4378463667609314, -0.34016463969779864, 0.42646487138896094, 0.0784035106916255, -0.40692600805731116, 0.21862153840748616, 0.23000307665325553, -0.8254941584467353, 0.7153325954021922, 0.005053506503152769, -0.058864647359975805]], "inverted": false, "swapped": false, "error_lsq": 0.05067737768887354, "error_max": 0.3001878193233565, "target": "137.xyz", "model": "22.xyz", "model_rescale": 4.46600560860683, "target_rescale": 4.1566506797791245},
{"mapping": [1, 0, 5, 4, 7, 9, 8, 10, 3, 2, 12, 13], "R": [[0.8231670294569702, 0.5673309568668121, -0.023057037875133572], [0.5605099079363869, -0.8184149260816787, -0.12659246372459912], [-0.0906900475252439, 0.0912830441391406, -0.9916868059687802]], "T": [-0.05670849345701531, -0.08685715292317095, 0.00234556359107307], "aligned_model": [[0.4395979752795105, 0.45789305797255064, 0.2405457501668485, 0.2588408328598888, -0.4759931214729698, -0.6201918042548219, -0.6018967215617818, -0.2393375895168356, -0.151934293954395, -0.11534412856831455, 0.5635915620273999, -0.13363921126135478], [0.2608867175502535, 0.36133412127573394, -0.6136998136894208, -0.5132524099639404, -0.6725498130163018, 0.02351201335463407, 0.12395941708011451, 0.5180359260561366, -0.1525567559121767, 0.048338051538784205, -0.2088113384415622, -0.05210935218669628], [-0.4536456119162169, 0.3332287567277505, -0.3373734000348745, 0.4495009686090929, -0.3132012217189917, -0.3987034049729703, 0.38817096367099707, 0.329436032989028, -0.7871758254773533, 0.7865729118105813, 0.003491287146342422, -0.0003014568333860588]], "inverted": false, "swapped": false, "error_lsq": 0.05274246800863821, "error_max": 0.36202916203582697, "target": "137.xyz", "model": "23.xyz", "model_rescale": 4.509807674373902, "target_rescale": 4.1566506797791245},
{"mapping": [1, 0, 5, 4, 6, 9, 8, 11, 3, 2, 12, 13], "R": [[0.82316702945697, 0.5673309568668121, 0.02305703787513353], [0.5605099079363869, -0.8184149260816784, 0.12659246372459965], [0.09069004752524418, -0.09128304413914104, -0.99168680596878]], "T": [-0.05670849345701529, -0.08685715292317096, -0.0023455635910731697], "aligned_model": [[0.4578930579725505, 0.43959797527951033, 0.25884083285988874, 0.2405457501668486, -0.4759931214729695, -0.6018967215617815, -0.6201918042548217, -0.2393375895168356, -0.11534412856831454, -0.15193429395439492, 0.5635915620273998, -0.13363921126135472], [0.361334121275734, 0.2608867175502531, -0.51325240996394, -0.6136998136894208, -0.6725498130163018, 0.12395941708011453, 0.02351201335463364, 0.5180359260561365, 0.04833805153878455, -0.15255675591217716, -0.20881133844156208, -0.05210935218669632], [-0.33322875672775043, 0.453645611916217, -0.4495009686090933, 0.33737340003487415, 0.3132012217189914, -0.3881709636709971, 0.3987034049729703, -0.32943603298902785, -0.7865729118105812, 0.787175825477353, -0.0034912871463425982, 0.000301456833385979]], "inverted": false, "swapped": false, "error_lsq": 0.05274246800863821, "error_max": 0.3620291620358267, "target": "137.xyz", "model": "24.xyz", "model_rescale": 4.509807674373903, "target_rescale": 4.1566506797791245},
{"mapping": [8, 9, 5, 2, 3, 4, 11, 1, 6, 0, 7, 12], "R": [[0.4352987382382827, 0.853962004685745, 0.2850682427792731], [-0.4626727803968745, 0.48382472291653555, -0.742864412779723], [-0.7723010467220567, 0.19147462507559881, 0.6057132664752971]], "T": [0.010561564080133534, -0.12450077209248955, 0.08249412240115452], "aligned_model": [[0.3850975067702555, 0.48825450895308903, 0.16771601892492552, 0.26340857346373886, -0.41413489863587233, -0.6425466583514109, -0.6305256986580887, -0.40567957195491566, -0.06069574079061302, -0.17726781223937713, 0.6135092664857941, 0.03499681374820022], [0.36930488662783156, 0.07890569940174086, -0.6784692972897932, -0.5559568764255778, -0.5604597904696946, 0.03476248367344209, 0.010131858963503104, 0.6449945431258228, -0.08324702314665655, 0.04977226898268611, -0.2259173875153051, 0.039265397717559186], [-0.48027601224578365, 0.43784636676093136, -0.34016463969779914, 0.42646487138896066, 0.0784035106916252, -0.40692600805731105, 0.21862153840748627, 0.23000307665325603, -0.8254941584467353, 0.7153325954021922, 0.005053506503152547, -0.05886464735997578]], "inverted": true, "swapped": false, "error_lsq": 0.05067737768887354, "error_max": 0.30018781932335653, "target": "137.xyz", "model": "25.xyz", "model_rescale": 4.466005608606829, "target_rescale": 4.1566506797791245},
{"mapping": [7, 10, 6, 2, 4, 3, 11, 0, 5, 1, 8, 12], "R": [[-0.43529886293066256, -0.8539619556125483, 0.28506819937984146], [0.462672719927277, -0.4838247552440779, -0.7428644293867517], [0.7723010126669319, -0.19147476225184584, 0.6057132665331273]], "T": [0.01056155325068353, -0.12450074525847946, 0.08249415350555889], "aligned_model": [[0.3850974798053654, 0.48825456100950937, 0.16771603618365588, 0.26340866980893607, -0.41413500999519604, -0.6425467231988434, -0.6305253655768077, -0.40567976305942577, -0.060695677019991484, -0.1772680498557784, 0.6135091930090127, 0.034996956605288634], [0.3693048290029388, 0.07890572368072579, -0.6784693188495026, -0.5559568300069702, -0.5604597642860223, 0.03476249257535349, 0.01013195115987997, 0.6449945001113447, -0.08324706198812679, 0.04977224324996893, -0.22591742785843694, 0.03926542685440568], [-0.4802759857177561, 0.4378463879105078, -0.3401647020467482, 0.4264648313424272, 0.07840352893420702, -0.4069259649202121, 0.2186214625578506, 0.2300031491809001, -0.8254941959011673, 0.7153326430353192, 0.005053508136663026, -0.058864662511992044]], "inverted": false, "swapped": false, "error_lsq": 0.05067738300767897, "error_max": 0.30018782705730956, "target": "137.xyz", "model": "26.xyz", "model_rescale": 4.466005838112752, "target_rescale": 4.1566506797791245},
{"mapping": [1, 0, 5, 4, 7, 9, 8, 10, 3, 2, 12, 13], "R": [[0.8231671019378891, 0.5673308518492098, -0.023057034224436376], [0.5605098040681263, -0.8184149975716587, -0.12659246143942662], [-0.0906900315949199, 0.09128305587474586, -0.9916868063453705]], "T": [-0.05670846359705467, -0.08685712835846614, 0.002345559635557279], "aligned_model": [[0.4395981881105091, 0.4578932670196621, 0.24054586005450596, 0.258840938963659, -0.47599316726687685, -0.620191753583194, -0.6018966746740411, -0.23933763515008957, -0.1519344063093094, -0.11534424849100339, 0.5635912664420597, -0.13363932740015638], [0.2608866337818007, 0.3613340308231622, -0.6136998298714718, -0.5132524328301102, -0.6725498602520513, 0.023511950496922576, 0.12395934753828404, 0.5180359731192256, -0.15255668805430228, 0.04833810602842066, -0.20881117612138117, -0.05210929101294083], [-0.45364558409542294, 0.3332287466901966, -0.3373733812405275, 0.449500949545092, -0.3132011981234641, -0.39870338052051046, 0.38817095026510906, 0.32943600911431203, -0.7871757930554127, 0.7865728685158263, 0.003491275174594613, -0.0003014622697933545]], "inverted": false, "swapped": false, "error_lsq": 0.05274247718129144, "error_max": 0.3620291135217228, "target": "137.xyz", "model": "27.xyz", "model_rescale": 4.509807893063789, "target_rescale": 4.1566506797791245},
{"mapping": [1, 0, 5, 4, 6, 9, 8, 11, 3, 2, 12, 13], "R": [[0.823167101937889, 0.5673308518492103, 0.02305703422443666], [0.5605098040681268, -0.8184149975716586, 0.12659246143942637], [0.09069003159492, -0.09128305587474547, -0.9916868063453709]], "T": [-0.056708463597054656, -0.08685712835846614, -0.0023455596355573933], "aligned_model": [[0.4578932670196621, 0.4395981881105089, 0.2588409389636593, 0.240545860054506, -0.47599316726687674, -0.601896674674041, -0.6201917535831941, -0.23933763515008966, -0.11534424849100317, -0.15193440630930966, 0.5635912664420598, -0.13363932740015638], [0.3613340308231623, 0.260886633781801, -0.5132524328301102, -0.6136998298714715, -0.6725498602520513, 0.12395934753828365, 0.023511950496922354, 0.5180359731192254, 0.04833810602842041, -0.15255668805430211, -0.20881117612138092, -0.05210929101294086], [-0.33322874669019686, 0.4536455840954232, -0.4495009495450921, 0.33737338124052796, 0.31320119812346436, -0.3881709502651096, 0.39870338052051046, -0.3294360091143126, -0.7865728685158266, 0.7871757930554129, -0.003491275174594505, 0.00030146226979320834]], "inverted": false, "swapped": false, "error_lsq": 0.05274247718129146, "error_max": 0.3620291135217231, "target": "137.xyz", "model": "28.xyz", "model_rescale": 4.5098078930637895, "target_rescale": 4.1566506797791245},
{"mapping": [8, 9, 5, 2, 3, 4, 11, 1, 6, 0, 7, 12], "R": [[0.43529886293066233, 0.8539619556125481, 0.28506819937984185], [-0.4626727199272772, 0.4838247552440781, -0.7428644293867512], [-0.7723010126669316, 0.1914747622518454, 0.6057132665331274]], "T": [0.010561553250683593, -0.12450074525847946, 0.08249415350555893], "aligned_model": [[0.3850974798053651, 0.48825456100950937, 0.16771603618365585, 0.26340866980893624, -0.41413500999519587, -0.6425467231988434, -0.6305253655768074, -0.40567976305942577, -0.06069567701999173, -0.17726804985577818, 0.6135091930090126, 0.03499695660528858], [0.3693048290029385, 0.07890572368072613, -0.6784693188495026, -0.5559568300069698, -0.5604597642860221, 0.034762492575353104, 0.010131951159879943, 0.6449945001113446, -0.08324706198812734, 0.04977224324996932, -0.22591742785843674, 0.03926542685440562], [-0.48027598571775615, 0.4378463879105075, -0.340164702046748, 0.4264648313424272, 0.07840352893420724, -0.40692596492021177, 0.21862146255785075, 0.23000314918090004, -0.8254941959011671, 0.715332643035319, 0.005053508136662804, -0.05886466251199206]], "inverted": true, "swapped": false, "error_lsq": 0.05067738300767897, "error_max": 0.30018782705730923, "target": "137.xyz", "model": "29.xyz", "model_rescale": 4.466005838112752, "target_rescale": 4.1566506797791245},
