[{"mapping": [3, 2, 5, 4, 9, 10, 6, 7, 8, 1, 0, 11], "R": [[0.7369200961850574, 0.6732317555017129, 0.06089150369869134], [-0.6687563271085024, 0.7129479552630474, 0.2108795581335133], [0.09855834206677638, -0.1961229626288616, 0.9756136718695195]], "T": [0.007883665053186165, 0.10355556435560036, -0.005114864202439602], "aligned_model": [[-0.42015504057931297, -0.3718508070766854, -0.3434074132449224, -0.29510317974229483, 0.6431230402785828, 0.5948188067759552, 0.40508147348667073, 0.35677723998404315, -0.5808616388966509, 0.0815103556372585, 0.1781188226425136, 0.12981458913988606], [0.5264061792658358, 0.69369348206291, -0.35521482494773926, -0.18792752215066494, 0.3046423579409569, 0.13735505514388255, -0.3519553557420058, -0.5192426585390802, 0.12066846805138563, 0.002208875694782411, 0.33678348128893104, 0.16949617849185672], [-0.4763551328086316, 0.2975832288967301, -0.2905822448285164, 0.48335611687684527, 0.31832878213102583, -0.45560957957433595, 0.47510984115881183, -0.2988285205465499, 0.027931849074465, -0.8009164751653096, 0.7469602482454135, -0.02697811345994807]], "inverted": true, "swapped": false, "error_lsq": 0.07382729651527214, "error_max": 0.4734557474268285, "target": "138.xyz", "model": "0.xyz", "model_rescale": 4.5108708085295355, "target_rescale": 4.15665068428227},
{"mapping": [3, 2, 5, 4, 9, 10, 9, 7, 8, 1, 0, 11], "R": [[0.6492849494297663, 0.760092743040318, 0.026231210826625988], [-0.755545944112957, 0.6406851757243834, 0.13664857094560817], [0.08705963920466661, -0.10854274542529817, 0.9902722310744113]], "T": [-0.014813516622143572, 0.0536175497151917, 0.003911607431033895], "aligned_model": [[-0.3634265731562691, -0.3426177828347841, -0.39818181254339413, -0.37737302222190916, 0.618735710129367, 0.5979269198078822, 0.618735710129367, 0.27817073113733615, -0.5987516971960921, 0.09407389806302816, 0.13569147870599807, 0.11488268838451311], [0.5542212016902232, 0.6626222770096833, -0.34074781395396503, -0.23234673863450492, 0.1568577490798061, 0.04845667376034597, 0.1568577490798061, -0.5847371086839653, 0.1373243432142358, -0.0022659473196648405, 0.21453620331925546, 0.10613512799979533], [-0.45647093703469765, 0.3290958198265612, -0.3320527162931213, 0.4535140405681376, 0.3734215440530376, -0.41214521280822125, 0.3734215440530376, -0.3163002375352925, 0.007828703854165614, -0.7923376064224614, 0.7787959073000569, -0.006770849561202122]], "inverted": true, "swapped": false, "error_lsq": 0.07088912228923643, "error_max": 0.6162649202261362, "target": "138.xyz", "model": "1.xyz", "model_rescale": 4.510870808529536, "target_rescale": 4.15665068428227},
{"mapping": [6, 0, 10, 3, 4, 5, 8, 1, 9, 7, 2, 11], "R": [[-0.25860385043655687, -0.9352231149238369, -0.2418300515890099], [0.33704925016402243, -0.321970809973212, 0.8847217644486116], [-0.9052744619745206, 0.14728381729623274, 0.3984791408083901]], "T": [0.034990428820887196, 0.05797023395099435, 0.035663880752669], "aligned_model": [[-0.08592409395445841, -0.2928720395836144, -0.43832742899764027, 0.19874773153018516, 0.4086636666996981, 0.600503489505044, 0.5146431481842807, 0.09080760602707706, -0.630167251802986, 0.10591572885088739, 0.006907908724839332, -0.10103221677826861], [0.674958758141845, 0.7315539904323265, -0.33317908241200034, -0.5442687354686808, 0.5789905649058612, -0.12284473392747772, 0.03475463143003775, -0.6721166072343512, 0.3686562164213386, -0.02687654069149395, 0.1575665633646582, 0.02971869159898743], [-0.4121942487823861, 0.3319464649458332, -0.3785258976382544, 0.47677490569678505, 0.10103545882560208, -0.21507152317275122, 0.3783011149540675, -0.3002674990508733, -0.062418915639901144, -0.7283012307807394, 0.7928818876951383, 0.01583948294747981]], "inverted": true, "swapped": false, "error_lsq": 0.07155017922817573, "error_max": 0.5697365065645201, "target": "138.xyz", "model": "2.xyz", "model_rescale": 4.5108708085295355, "target_rescale": 4.15665068428227},
{"mapping": [2, 3, 4, 5, 12, 9, 10, 7, 8, 0, 1, 13], "R": [[-0.5511935054338428, -0.8306471711137324, 0.07880987684488666], [0.832637076747857, -0.5536821299345478, -0.012312490240648634], [0.053862955659116474, 0.05883346081862194, 0.9968136264597149]], "T": [0.04443361683473615, 0.05155476011439364, -0.06762318236372268], "aligned_model": [[-0.3051577034613979, -0.24262438067475747, -0.4483963753832474, -0.3858630525966069, 0.4605104913090806, 0.5856693837923119, 0.6482027065789524, 0.2544684214343218, -0.5745870563020807, 0.06601461511618201, 0.19108126068946288, 0.12854793790282243], [0.6180565625242779, 0.6082869631117419, -0.27498609476137714, -0.2847556941739132, 0.49403945496528595, -0.0006934738470885105, -0.010463073259624533, -0.6079708333155762, 0.16953574591022186, 0.065057652548237, 0.04551845372316496, 0.05528805313570098], [-0.43099002403303754, 0.35995231412354545, -0.4306960442122416, 0.3602462939443413, 0.30295003958876865, -0.5090631209038924, 0.2818792172526906, 0.30562823254408, -0.017225012217344862, -0.8651696368522193, 0.7167150394609463, -0.07422729869563646]], "inverted": false, "swapped": false, "error_lsq": 0.0521995631159561, "error_max": 0.34834734517120636, "target": "138.xyz", "model": "3.xyz", "model_rescale": 4.509807743048502, "target_rescale": 4.15665068428227},
{"mapping": [5, 4, 3, 2, 6, 10, 9, 12, 8, 1, 0, 13], "R": [[-0.8231669849217315, -0.5673310216102829, -0.0230570347941535], [-0.5605099725460878, 0.8184148817612754, -0.1265924641835428], [0.09069005243823525, -0.09128303911631404, -0.9916868059818281]], "T": [0.05670829457204825, 0.08685720900629441, -0.002345563743355177], "aligned_model": [[-0.2588410634257838, -0.24054598345600525, -0.45789321619112106, -0.43959813622134253, 0.4759928724955658, 0.6018966540297279, 0.6201917339995064, 0.23933743298303606, -0.5635916352288853, 0.11534411650366998, 0.1519342764432271, 0.13363919647344852], [0.5132524354415298, 0.6136998380015724, -0.3613340982317048, -0.26088669567166234, 0.6725498925984279, -0.1239594960271992, -0.023512093467156728, -0.5180358460103354, 0.20881116260070137, -0.04833786345108319, 0.15255694166900186, 0.052109539108959345], [-0.4495009591976101, 0.33737339747431866, -0.33322874890290916, 0.4536456077690196, 0.31320121466700845, -0.3881709417516749, 0.39870341492025385, -0.32943603024121204, -0.003491262598434039, -0.7865729207181824, 0.7871757926256756, 0.000301435953746734]], "inverted": false, "swapped": false, "error_lsq": 0.05274247514657763, "error_max": 0.3620292232397309, "target": "138.xyz", "model": "4.xyz", "model_rescale": 4.509807743048502, "target_rescale": 4.15665068428227},
{"mapping": [4, 5, 2, 3, 7, 9, 10, 11, 8, 0, 1, 13], "R": [[0.8231669849217312, 0.5673310216102831, -0.02305703479415308], [0.5605099725460883, -0.8184148817612751, -0.12659246418354256], [-0.09069005243823478, 0.09128303911631404, -0.991686805981828]], "T": [0.05670829457204824, 0.08685720900629441, -0.0023455637433552807], "aligned_model": [[-0.2588410634257837, -0.24054598345600553, -0.45789321619112083, -0.4395981362213426, 0.47599287249556543, 0.6018966540297279, 0.6201917339995062, 0.23933743298303634, -0.5635916352288853, 0.11534411650367032, 0.15193427644322677, 0.13363919647344855], [0.5132524354415298, 0.613699838001572, -0.3613340982317049, -0.2608866956716626, 0.672549892598428, -0.12395949602719881, -0.023512093467156533, -0.5180358460103351, 0.20881116260070104, -0.048337863451082916, 0.15255694166900163, 0.0521095391089594], [-0.4495009591976101, 0.33737339747431877, -0.3332287489029095, 0.45364560776901935, 0.31320121466700884, -0.38817094175167477, 0.3987034149202541, -0.32943603024121215, -0.0034912625984341557, -0.7865729207181822, 0.7871757926256753, 0.0003014359537468459]], "inverted": true, "swapped": false, "error_lsq": 0.05274247514657764, "error_max": 0.362029223239731, "target": "138.xyz", "model": "5.xyz", "model_rescale": 4.509807743048502, "target_rescale": 4.15665068428227},
{"mapping": [2, 3, 4, 5, 12, 9, 10, 7, 8, 0, 1, 13], "R": [[-0.5511935649735472, -0.8306471311672081, 0.07880988145809473], [0.8326370369585336, -0.5536821897967973, -0.01231248905529607], [0.05386296145465322, 0.05883346144423486, 0.9968136261096275]], "T": [0.04443363392436241, 0.051554770829946, -0.06762318594451046], "aligned_model": [[-0.3051578326131668, -0.24262450399414273, -0.44839644543363777, -0.3858631168146137, 0.46051058458205446, 0.5856691454972099, 0.6482024741162341, 0.2544685866295881, -0.5745867927088458, 0.06601472109576381, 0.19108137833381197, 0.1285480497147879], [0.618056508075568, 0.6082869092642518, -0.27498619050629824, -0.28475578931761436, 0.49403957062770887, -0.0006936082930481813, -0.010463207104364297, -0.6079707707241299, 0.1695359002425599, 0.06505773024345524, 0.04551853262082301, 0.05528813143213913], [-0.43099002986364593, 0.35995233548655436, -0.43069605350063644, 0.36024631184956385, 0.3029500427831166, -0.5090631225078914, 0.28187924284230886, 0.3056282316615376, -0.01722503077101606, -0.8651696746768305, 0.7167150560235698, -0.0742273093266304]], "inverted": false, "swapped": false, "error_lsq": 0.05219955542825766, "error_max": 0.3483472753632755, "target": "138.xyz", "model": "6.xyz", "model_rescale": 4.509807586411629, "target_rescale": 4.15665068428227},
{"mapping": [5, 4, 3, 2, 6, 10, 9, 12, 8, 1, 0, 13], "R": [[-0.8231670202203921, -0.5673309705373504, -0.023057031262259393], [-0.5605099219830758, 0.8184149162075729, -0.12659246536614222], [0.09069004454738677, -0.0912830477038301, -0.9916868059129825]], "T": [0.056708306800455695, 0.08685719281410123, -0.002345561887454398], "aligned_model": [[-0.25884109390605164, -0.24054601610329368, -0.4578933083760891, -0.43959823057333114, 0.4759929944074858, 0.6018964879913654, 0.6201915657941234, 0.23933748119062065, -0.5635914483770612, 0.11534419431633366, 0.15193434992184965, 0.13363927211909166], [0.5132525429192266, 0.6136999499064161, -0.3613340086571981, -0.26088660167000866, 0.6725497812026021, -0.12395928166959586, -0.023511874682406453, -0.518035985969605, 0.2088109163528521, -0.048337980710933454, 0.15255683326344543, 0.05210942627625602], [-0.4495009876941097, 0.3373733962533025, -0.3332287733372439, 0.4536456106101683, 0.31320124083768974, -0.388170976910359, 0.39870340703705315, -0.3294360259685676, -0.00349123778984322, -0.7865729349601092, 0.7871758329347157, 0.0003014489873033894]], "inverted": false, "swapped": false, "error_lsq": 0.05274247216185841, "error_max": 0.36202916015409553, "target": "138.xyz", "model": "7.xyz", "model_rescale": 4.509807586411629, "target_rescale": 4.15665068428227},
{"mapping": [4, 5, 2, 3, 7, 9, 10, 11, 8, 0, 1, 13], "R": [[0.8231670202203923, 0.5673309705373504, -0.023057031262259338], [0.5605099219830758, -0.8184149162075731, -0.12659246536614227], [-0.09069004454738674, 0.09128304770383022, -0.9916868059129827]], "T": [0.056708306800455695, 0.0868571928141012, -0.002345561887454514], "aligned_model": [[-0.25884109390605164, -0.24054601610329368, -0.4578933083760892, -0.43959823057333125, 0.47599299440748594, 0.6018964879913654, 0.6201915657941234, 0.23933748119062065, -0.5635914483770612, 0.11534419431633372, 0.15193434992184962, 0.13363927211909166], [0.5132525429192267, 0.6136999499064163, -0.3613340086571981, -0.26088660167000866, 0.6725497812026021, -0.12395928166959602, -0.023511874682406536, -0.5180359859696052, 0.2088109163528522, -0.04833798071093351, 0.1525568332634454, 0.05210942627625599], [-0.4495009876941099, 0.3373733962533026, -0.33322877333724404, 0.45364561061016845, 0.3132012408376899, -0.3881709769103591, 0.39870340703705337, -0.3294360259685677, -0.0034912377898432094, -0.7865729349601092, 0.7871758329347156, 0.0003014489873034796]], "inverted": true, "swapped": false, "error_lsq": 0.05274247216185842, "error_max": 0.36202916015409553, "target": "138.xyz", "model": "8.xyz", "model_rescale": 4.509807586411629, "target_rescale": 4.15665068428227},
{"mapping": [3, 2, 7, 6, 9, 12, 11, 4, 8, 1, 0, 13], "R": [[-0.5511934496344456, -0.8306472080214006, 0.0788098781012395], [0.8326371140515852, -0.5536820739002929, -0.012312487373318725], [0.0538629500113695, 0.05883346707209318, 0.9968136263958022]], "T": [0.04443364649434854, 0.05155471140102224, -0.06762318877827425], "aligned_model": [[-0.3051577472594586, -0.24262442016783164, -0.4483963022983526, -0.38586297520672563, 0.46051048125306254, 0.5856693455752661, 0.6482026726668929, 0.2544685109680219, -0.5745871434872608, 0.06601461502884964, 0.1910812692121035, 0.12854794212047657], [0.6180565028074474, 0.6082869051532269, -0.27498606936638353, -0.2847556670206039, 0.4940393434716594, -0.0006936265129133604, -0.01046322416713378, -0.6079708665323068, 0.1695356838635273, 0.06505784260906408, 0.04551864730062326, 0.05528824495484367], [-0.4309900470430176, 0.35995233290489825, -0.43069607266252474, 0.3602463072853911, 0.3029500548202858, -0.5090631448511539, 0.28187923509676194, 0.3056282442985073, -0.01722500911457414, -0.8651696801927737, 0.7167150797030577, -0.07422730024485803]], "inverted": true, "swapped": false, "error_lsq": 0.05219956048338748, "error_max": 0.34834740830112126, "target": "138.xyz", "model": "9.xyz", "model_rescale": 4.509807504472865, "target_rescale": 4.15665068428227},
{"mapping": [3, 2, 7, 6, 9, 12, 11, 4, 8, 1, 0, 13], "R": [[-0.5511934496344455, -0.8306472080214002, 0.07880987810123931], [0.8326371140515849, -0.5536820739002928, -0.01231248737331865], [0.053862950011369336, 0.058833467072093054, 0.9968136263958018]], "T": [0.04443364649434855, 0.051554711401022246, -0.06762318877827424], "aligned_model": [[-0.30515774725945843, -0.2426244201678317, -0.44839630229835226, -0.3858629752067255, 0.4605104812530622, 0.585669345575266, 0.6482026726668928, 0.25446851096802187, -0.5745871434872606, 0.06601461502884975, 0.19108126921210333, 0.12854794212047654], [0.6180565028074472, 0.6082869051532269, -0.2749860693663835, -0.28475566702060384, 0.4940393434716593, -0.0006936265129132771, -0.010463224167133627, -0.6079708665323065, 0.1695356838635272, 0.06505784260906404, 0.04551864730062332, 0.05528824495484368], [-0.43099004704301735, 0.35995233290489803, -0.4306960726625245, 0.36024630728539087, 0.30295005482028575, -0.5090631448511534, 0.28187923509676194, 0.3056282442985073, -0.017225009114574162, -0.8651696801927737, 0.7167150797030576, -0.07422730024485791]], "inverted": true, "swapped": false, "error_lsq": 0.05219956048338748, "error_max": 0.3483474083011214, "target": "138.xyz", "model": "10.xyz", "model_rescale": 4.509807504472865, "target_rescale": 4.15665068428227},
{"mapping": [3, 2, 7, 6, 9, 12, 11, 5, 8, 1, 0, 13], "R": [[-0.5547462329711039, -0.8316410012596421, 0.02509705218207875], [0.8269887479160493, -0.5478289454108227, 0.12638456151884747], [-0.09135769165546656, 0.09086633916872641, 0.9916637941265473]], "T": [0.04974950891053458, 0.05088619275301775, 0.002365901168897696], "aligned_model": [[-0.2807786063910134, -0.260864831481712, -0.42226558962806343, -0.4023518147187621, 0.44451677203419027, 0.6140377519440672, 0.6339515268533684, 0.22064035342863283, -0.5712911693512474, 0.1141768436625597, 0.15400439348116238, 0.13409061857186103], [0.5584584765400538, 0.658740919746442, -0.3272394632055169, -0.2269570199991286, 0.5441691709107205, -0.05693719975224817, 0.043345243454140134, -0.6490089402303831, 0.16901435279477087, -0.04583971777232148, 0.1547251686404551, 0.05444272543406678], [-0.45402804890606535, 0.3328280901603883, -0.33756776000744904, 0.44928837905900465, 0.3295780988914164, -0.3982437597165937, 0.3886123793498599, -0.3128298897653661, 0.0030281362968852497, -0.787078014187147, 0.7866342639457602, -0.00022187512069364113]], "inverted": true, "swapped": false, "error_lsq": 0.05296762992825801, "error_max": 0.35906398953830854, "target": "138.xyz", "model": "11.xyz", "model_rescale": 4.509807504472865, "target_rescale": 4.15665068428227},
{"mapping": [3, 2, 7, 6, 9, 12, 11, 4, 8, 1, 0, 13], "R": [[-0.5511935596892517, -0.8306471349617693, 0.07880987842203334], [0.8326370404960685, -0.5536821844382411, -0.012312490797804936], [0.053862960845463444, 0.058833458299693546, 0.9968136263281409]], "T": [0.04443375611585608, 0.05155478691749803, -0.067623192740677], "aligned_model": [[-0.3051576916787463, -0.24262436796613596, -0.44839630461852814, -0.38586298090591786, 0.4605106919510479, 0.5856692470406856, 0.6482025707532958, 0.2544685108272731, -0.5745870135472582, 0.06601453847049896, 0.19108118589571954, 0.12854786218310923], [0.6180565042718686, 0.6082869044680905, -0.27498615770845736, -0.2847557575122355, 0.49403956586713094, -0.0006935931141170415, -0.010463192917895124, -0.6079708529028564, 0.16953567005777664, 0.06505780848769327, 0.045518608880137104, 0.05528820868391519], [-0.43099002248715307, 0.359952311448633, -0.4306960476600589, 0.36024628627572713, 0.30295002296583523, -0.5090631101338676, 0.28187922380191827, 0.3056282228153082, -0.01722501517873884, -0.8651696245516536, 0.7167150433199181, -0.0742272906158678]], "inverted": true, "swapped": false, "error_lsq": 0.05219954439738861, "error_max": 0.34834723314344257, "target": "138.xyz", "model": "12.xyz", "model_rescale": 4.509807766519439, "target_rescale": 4.15665068428227},
{"mapping": [3, 2, 7, 6, 9, 12, 11, 4, 8, 1, 0, 13], "R": [[-0.5511935596892517, -0.8306471349617693, 0.07880987842203331], [0.8326370404960685, -0.5536821844382411, -0.012312490797804969], [0.05386296084546345, 0.0588334582996935, 0.9968136263281409]], "T": [0.04443375611585608, 0.05155478691749803, -0.06762319274067705], "aligned_model": [[-0.30515769167874623, -0.242624367966136, -0.4483963046185281, -0.38586298090591786, 0.4605106919510479, 0.5856692470406856, 0.6482025707532958, 0.2544685108272731, -0.5745870135472582, 0.06601453847049896, 0.19108118589571949, 0.12854786218310926], [0.6180565042718686, 0.6082869044680905, -0.27498615770845736, -0.2847557575122355, 0.49403956586713094, -0.0006935931141170346, -0.010463192917895138, -0.6079708529028564, 0.16953567005777664, 0.0650578084876933, 0.045518608880137076, 0.05528820868391519], [-0.4309900224871529, 0.3599523114486328, -0.43069604766005876, 0.36024628627572697, 0.3029500229658352, -0.5090631101338675, 0.2818792238019182, 0.3056282228153081, -0.01722501517873881, -0.8651696245516539, 0.7167150433199181, -0.07422729061586773]], "inverted": true, "swapped": false, "error_lsq": 0.0521995443973886, "error_max": 0.34834723314344246, "target": "138.xyz", "model": "13.xyz", "model_rescale": 4.509807766519439, "target_rescale": 4.15665068428227},
{"mapping": [2, 3, 6, 7, 10, 11, 12, 4, 8, 0, 1, 13], "R": [[0.5547463423952231, 0.8316409284825967, 0.025097045079573506], [-0.8269886763247309, 0.5478290557894646, 0.12638455152230046], [0.09135767526481417, -0.0908663397822754, 0.9916637955803271]], "T": [0.04974961835561227, 0.05088626726799873, 0.002365888805981176], "aligned_model": [[-0.2807785487300436, -0.26086478061347995, -0.4222655907826382, -0.40235182266607455, 0.44451698133028394, 0.6140376545139143, 0.6339514226304779, 0.2206403573893665, -0.5712910393191292, 0.11417677010089188, 0.15400430633401913, 0.1340905382174555], [0.5584584842939256, 0.6587409137413428, -0.3272395455947428, -0.22695711614732555, 0.5441693856695692, -0.05693716100974451, 0.04334526843767274, -0.6490089198669108, 0.1690143389194228, -0.04583974007480343, 0.154725118820031, 0.054442689372613824], [-0.4540280247850787, 0.33282806971389883, -0.3375677330219325, 0.44928836147704504, 0.3295780502016408, -0.3982437354964277, 0.3886123590025498, -0.31282987468008955, 0.0030281314198375535, -0.787077962442792, 0.7866342265551628, -0.0002218679438143632]], "inverted": false, "swapped": false, "error_lsq": 0.05296761423116846, "error_max": 0.3590638259423686, "target": "138.xyz", "model": "14.xyz", "model_rescale": 4.509807766519439, "target_rescale": 4.15665068428227},
{"mapping": [3, 2, 7, 6, 9, 10, 4, 5, 8, 1, 0, 11], "R": [[-0.7369200964194935, -0.6732317579123642, 0.06089147420872886], [0.6687563253958672, -0.7129479618192316, 0.2108795413993985], [-0.09855835193478872, 0.19612293052071003, 0.9756136773271822]], "T": [0.007883697399028711, 0.10355538898924664, -0.005114828477811893], "aligned_model": [[-0.4201548754625256, -0.37185066136616607, -0.3434074064805256, -0.29510319238416605, 0.6431229583714774, 0.5948187442751177, 0.4050816688981998, 0.35677745480184025, -0.5808618266233977, 0.081510247362037, 0.17811867555475616, 0.1298144614583966], [0.5264060499317553, 0.693693353263926, -0.35521488169055115, -0.1879275783583806, 0.3046421915929127, 0.1373548882607421, -0.3519552640349973, -0.5192425673671679, 0.12066859218667829, 0.0022090075932072184, 0.3367836142575484, 0.16949631092537779], [-0.47635515193217814, 0.2975832779932592, -0.29058228360067134, 0.483356146324766, 0.31832887744071753, -0.4556095524847198, 0.47510984404672824, -0.29882858587870914, 0.027931816109720637, -0.8009165592650749, 0.7469603005857994, -0.026978129339637752]], "inverted": true, "swapped": false, "error_lsq": 0.07382728993284109, "error_max": 0.473455913602112, "target": "138.xyz", "model": "15.xyz", "model_rescale": 4.510870436145588, "target_rescale": 4.15665068428227},
{"mapping": [2, 3, 6, 7, 10, 9, 5, 4, 8, 0, 1, 11], "R": [[0.7369200964194939, 0.6732317579123641, 0.06089147420872895], [-0.668756325395867, 0.7129479618192319, 0.2108795413993983], [0.09855835193478843, -0.19612293052070995, 0.9756136773271824]], "T": [0.007883697399028694, 0.10355538898924663, -0.005114828477811928], "aligned_model": [[-0.42015487546252595, -0.3718506613661663, -0.3434074064805256, -0.29510319238416594, 0.6431229583714776, 0.5948187442751179, 0.4050816688982001, 0.3567774548018404, -0.5808618266233977, 0.08151024736203691, 0.17811867555475622, 0.12981446145839656], [0.5264060499317554, 0.6936933532639259, -0.35521488169055127, -0.18792757835838084, 0.30464219159291284, 0.13735488826074244, -0.35195526403499733, -0.5192425673671678, 0.12066859218667803, 0.002209007593207385, 0.33678361425754827, 0.1694963109253778], [-0.47635515193217787, 0.2975832779932595, -0.29058228360067134, 0.48335614632476603, 0.3183288774407176, -0.4556095524847198, 0.4751098440467281, -0.29882858587870925, 0.027931816109720595, -0.8009165592650753, 0.7469603005857998, -0.026978129339637887]], "inverted": false, "swapped": false, "error_lsq": 0.07382728993284109, "error_max": 0.473455913602112, "target": "138.xyz", "model": "16.xyz", "model_rescale": 4.510870436145588, "target_rescale": 4.15665068428227},
{"mapping": [2, 3, 6, 7, 9, 4, 10, 5, 8, 0, 1, 11], "R": [[0.7369200964194939, 0.6732317579123641, -0.06089147420872906], [-0.668756325395867, 0.7129479618192319, -0.2108795413993984], [-0.0985583519347884, 0.19612293052071011, 0.9756136773271824]], "T": [0.007883697399028701, 0.10355538898924666, 0.005114828477811848], "aligned_model": [[-0.37185066136616624, -0.420154875462526, -0.2951031923841659, -0.34340740648052565, 0.6431229583714776, 0.40508166889820013, 0.5948187442751179, 0.35677745480184037, -0.5808618266233977, 0.1781186755547563, 0.08151024736203683, 0.12981446145839656], [0.6936933532639259, 0.5264060499317553, -0.1879275783583808, -0.3552148816905513, 0.3046421915929129, -0.35195526403499733, 0.13735488826074238, -0.5192425673671679, 0.12066859218667803, 0.3367836142575483, 0.002209007593207357, 0.16949631092537779], [-0.2975832779932595, 0.47635515193217803, -0.4833561463247662, 0.29058228360067134, -0.31832887744071753, -0.4751098440467282, 0.45560955248472, 0.29882858587870936, -0.027931816109720557, -0.7469603005857997, 0.8009165592650751, 0.02697812933963802]], "inverted": false, "swapped": false, "error_lsq": 0.07382728993284109, "error_max": 0.47345591360211203, "target": "138.xyz", "model": "17.xyz", "model_rescale": 4.510870436145588, "target_rescale": 4.15665068428227},
{"mapping": [3, 11, 6, 2, 9, 7, 10, 8, 4, 5, 1, 12], "R": [[0.07020347051246939, -0.906458651818422, -0.416418281625019], [0.5927847605179938, 0.37365475843939494, -0.7134341940173756], [0.8022952701004972, -0.19676085494611506, 0.5635667356535906]], "T": [-0.021497792345949354, 0.04512211346470424, 0.10317969593893195], "aligned_model": [[-0.29331622491152337, -0.3203198700052537, -0.345284255332571, -0.20862902699335795, 0.7606768167447222, 0.6116374015859203, 0.42702045856459964, 0.2779810434057977, -0.626972583091646, -0.011627897152448372, -0.018326945595960348, 0.1250273311867648], [0.676621839478964, 0.6231867399065072, -0.4035294377499765, -0.4370035108947527, 0.35443846446753263, 0.0864835651377186, -0.21720275658568516, -0.48515765591549925, 0.10498061842574621, 0.16811178330324128, 0.271346356828789, 0.13463771015846523], [-0.3645490205116273, 0.25872980698903025, -0.34858709192985937, 0.42088813155444715, 0.006383686387235743, -0.4429524947085435, 0.45794317094167025, 0.008606989845890978, 0.08701046404280721, -0.8001465764842939, 0.7473442868732302, -0.030671352999987467]], "inverted": false, "swapped": false, "error_lsq": 0.05432912141975486, "error_max": 0.35763417033068023, "target": "138.xyz", "model": "18.xyz", "model_rescale": 4.466005644533647, "target_rescale": 4.15665068428227},
{"mapping": [4, 5, 0, 1, 7, 8, 9, 10, 12, 2, 3, 13], "R": [[0.8231670340150962, 0.5673309504647657, -0.023057032669784178], [0.5605099022393036, -0.8184149303075748, -0.12659246162917365], [-0.09069004136329434, 0.09128304604028753, -0.991686806357295]], "T": [0.056708373038453594, 0.08685719265130187, -0.002345563389539498], "aligned_model": [[-0.25884100777774977, -0.24054592936594577, -0.45789323820490907, -0.439598159793105, 0.4759929369308587, 0.6018965346177969, 0.620191613029601, 0.23933752818981452, -0.5635914877518476, 0.1153440744317059, 0.15193423125531397, 0.1336391528435099], [0.513252540033549, 0.6136999412676256, -0.3613339827963807, -0.26088658156230404, 0.6725499350432023, -0.1239592880143272, -0.02351188678025054, -0.5180359727408085, 0.20881110938016023, -0.048338100323881805, 0.15255670214427153, 0.052109300910194875], [-0.4495009759522963, 0.33737338650780835, -0.33322876795929296, 0.4536455945008117, 0.31320121291971814, -0.3881709674588995, 0.39870339500120516, -0.3294360200211317, -0.0034912601573468794, -0.7865728949202967, 0.7871758299999126, 0.00030146753980810634]], "inverted": true, "swapped": false, "error_lsq": 0.052742465849507474, "error_max": 0.36202914827701727, "target": "138.xyz", "model": "19.xyz", "model_rescale": 4.509807711582247, "target_rescale": 4.15665068428227},
{"mapping": [5, 4, 1, 0, 6, 9, 8, 11, 12, 3, 2, 13], "R": [[-0.8231670340150953, -0.5673309504647668, -0.023057032669784306], [-0.560509902239305, 0.8184149303075741, -0.1265924616291732], [0.09069004136329431, -0.09128304604028699, -0.9916868063572949]], "T": [0.05670837303845355, 0.0868571926513019, -0.002345563389539534], "aligned_model": [[-0.2588410077777505, -0.24054592936594638, -0.45789323820490835, -0.43959815979310424, 0.47599293693085787, 0.6018965346177969, 0.620191613029601, 0.23933752818981516, -0.5635914877518476, 0.1153440744317058, 0.15193423125531405, 0.1336391528435099], [0.5132525400335486, 0.613699941267625, -0.3613339827963812, -0.2608865815623048, 0.6725499350432027, -0.1239592880143261, -0.02351188678024979, -0.518035972740808, 0.2088111093801593, -0.04833810032388128, 0.15255670214427128, 0.052109300910195014], [-0.44950097595229604, 0.33737338650780874, -0.333228767959293, 0.45364559450081177, 0.31320121291971836, -0.3881709674588998, 0.398703395001205, -0.32943602002113204, -0.0034912601573466795, -0.7865728949202966, 0.7871758299999125, 0.0003014675398080313]], "inverted": false, "swapped": false, "error_lsq": 0.05274246584950746, "error_max": 0.3620291482770176, "target": "138.xyz", "model": "20.xyz", "model_rescale": 4.509807711582248, "target_rescale": 4.15665068428227},
{"mapping": [4, 11, 5, 2, 10, 8, 9, 7, 3, 6, 0, 12], "R": [[-0.0702034705124692, 0.9064586518184223, -0.4164182816250184], [-0.5927847605179937, -0.3736547584393945, -0.7134341940173761], [-0.8022952701004975, 0.1967608549461149, 0.5635667356535907]], "T": [-0.02149779234594934, 0.045122113464704156, 0.10317969593893203], "aligned_model": [[-0.2933162249115239, -0.32031987000525414, -0.34528425533257084, -0.20862902699335756, 0.7606768167447222, 0.6116374015859203, 0.4270204585646, 0.27798104340579816, -0.6269725830916462, -0.011627897152448718, -0.018326945595960237, 0.12502733118676473], [0.676621839478964, 0.6231867399065072, -0.4035294377499766, -0.437003510894753, 0.354438464467533, 0.08648356513771896, -0.21720275658568497, -0.4851576559154991, 0.10498061842574594, 0.16811178330324142, 0.27134635682878905, 0.13463771015846532], [-0.3645490205116272, 0.25872980698903053, -0.3485870919298597, 0.42088813155444726, 0.006383686387235771, -0.4429524947085437, 0.45794317094167025, 0.00860698984589077, 0.08701046404280728, -0.8001465764842942, 0.7473442868732306, -0.030671352999987467]], "inverted": true, "swapped": false, "error_lsq": 0.05432912141975486, "error_max": 0.35763417033067996, "target": "138.xyz", "model": "21.xyz", "model_rescale": 4.466005644533646, "target_rescale": 4.15665068428227},
{"mapping": [3, 11, 6, 2, 9, 7, 10, 8, 4, 5, 1, 12], "R": [[0.07020358402479973, -0.9064586404945548, -0.4164182871378689], [0.5927847168222685, 0.37365483625127804, -0.7134341895704004], [0.8022952924528576, -0.19676075934696519, 0.5635667372097024]], "T": [-0.021497786035248004, 0.04512211229952322, 0.10317969997388698], "aligned_model": [[-0.2933161117557998, -0.3203201135985694, -0.34528422272668047, -0.20862913281108492, 0.7606767429032474, 0.6116374707720889, 0.42702037762183653, 0.277981105490678, -0.6269724770372107, -0.011627857445269604, -0.01832676547851804, 0.12502723247032604], [0.6766218444560631, 0.6231868839933722, -0.4035294383049876, -0.4370034751914786, 0.3544384532394852, 0.08648350083877186, -0.21720276884915302, -0.48515772124986634, 0.10498062236742493, 0.1681117837836506, 0.27134628458060917, 0.1346377468971597], [-0.36454894468189225, 0.2587297994755711, -0.34858706321337163, 0.420888109085242, 0.00638361535889892, -0.442952525340766, 0.45794310479274636, 0.008606964093081468, 0.08701054475195515, -0.8001465526472191, 0.7473443286743598, -0.030671380348605504]], "inverted": false, "swapped": false, "error_lsq": 0.05432911594230356, "error_max": 0.35763413420614376, "target": "138.xyz", "model": "22.xyz", "model_rescale": 4.46600560860683, "target_rescale": 4.15665068428227},
{"mapping": [4, 5, 0, 1, 7, 8, 9, 10, 12, 2, 3, 13], "R": [[0.8231669958168544, 0.567331005848839, -0.02305703364267897], [0.5605099569449499, -0.8184148923850698, -0.12659246457789328], [-0.09069004996925174, 0.0912830418252997, -0.99168680595826]], "T": [0.056708372306263924, 0.08685719444164655, -0.0023455636677224816], "aligned_model": [[-0.25884098085891344, -0.2405459015242017, -0.4578931535654306, -0.4395980742307188, 0.47599296653490675, 0.6018966116674102, 0.6201916910021219, 0.2393375032570369, -0.5635916904356769, 0.115344012851458, 0.1519341715208815, 0.13363909218616976], [0.5132524329474656, 0.6136998373500099, -0.36133411019238915, -0.26088670578984485, 0.6725498793085617, -0.12395934293278968, -0.023511938530245344, -0.5180358735041656, 0.2088113430657862, -0.04833800612299033, 0.1525568026820983, 0.052109398279554006], [-0.449500967413835, 0.33737340122178483, -0.33322875532762325, 0.4536456133079965, 0.31320122055431265, -0.38817096567042203, 0.3987034029651978, -0.32943603398891164, -0.0034912850969127432, -0.7865729121528154, 0.7871758251184241, 0.0003014564828043996]], "inverted": true, "swapped": false, "error_lsq": 0.05274246484771065, "error_max": 0.3620292007973112, "target": "138.xyz", "model": "23.xyz", "model_rescale": 4.509807674373902, "target_rescale": 4.15665068428227},
{"mapping": [5, 4, 1, 0, 6, 9, 8, 11, 12, 3, 2, 13], "R": [[-0.8231669958168539, -0.5673310058488397, -0.023057033642679133], [-0.5605099569449508, 0.8184148923850694, -0.126592464577893], [0.0906900499692518, -0.0912830418252993, -0.99168680595826]], "T": [0.05670837230626391, 0.08685719444164657, -0.002345563667722502], "aligned_model": [[-0.2588409808589138, -0.24054590152420197, -0.45789315356543026, -0.4395980742307184, 0.47599296653490636, 0.6018966116674102, 0.620191691002122, 0.23933750325703723, -0.5635916904356769, 0.11534401285145786, 0.15193417152088162, 0.13363909218616973], [0.5132524329474654, 0.6136998373500095, -0.36133411019238953, -0.26088670578984535, 0.6725498793085619, -0.12395934293278894, -0.023511938530244816, -0.5180358735041652, 0.20881134306578558, -0.04833800612299001, 0.15255680268209815, 0.05210939827955409], [-0.44950096741383483, 0.33737340122178516, -0.3332287553276233, 0.4536456133079967, 0.3132012205543128, -0.3881709656704223, 0.3987034029651977, -0.3294360339889119, -0.0034912850969125555, -0.7865729121528156, 0.787175825118424, 0.00030145648280434714]], "inverted": false, "swapped": false, "error_lsq": 0.05274246484771066, "error_max": 0.36202920079731155, "target": "138.xyz", "model": "24.xyz", "model_rescale": 4.509807674373903, "target_rescale": 4.15665068428227},
{"mapping": [4, 11, 5, 2, 10, 8, 9, 7, 3, 6, 0, 12], "R": [[-0.07020358402479998, 0.9064586404945548, -0.4164182871378686], [-0.592784716822269, -0.3736548362512778, -0.7134341895704001], [-0.8022952924528572, 0.19676075934696502, 0.563566737209703]], "T": [-0.021497786035247997, 0.04512211229952322, 0.10317969997388705], "aligned_model": [[-0.2933161117558001, -0.3203201135985693, -0.3452842227266806, -0.20862913281108475, 0.7606767429032475, 0.6116374707720886, 0.4270203776218369, 0.27798110549067806, -0.6269724770372107, -0.011627857445269986, -0.018326765478517727, 0.125027232470326], [0.6766218444560629, 0.6231868839933723, -0.4035294383049878, -0.4370034751914785, 0.3544384532394852, 0.08648350083877153, -0.21720276884915268, -0.48515772124986634, 0.10498062236742502, 0.1681117837836501, 0.27134628458060966, 0.13463774689715968], [-0.3645489446818925, 0.25872979947557095, -0.34858706321337146, 0.4208881090852424, 0.006383615358898545, -0.4429525253407662, 0.4579431047927463, 0.00860696409308162, 0.08701054475195533, -0.8001465526472192, 0.7473443286743597, -0.0306713803486056]], "inverted": true, "swapped": false, "error_lsq": 0.05432911594230355, "error_max": 0.3576341342061438, "target": "138.xyz", "model": "25.xyz", "model_rescale": 4.466005608606829, "target_rescale": 4.15665068428227},
{"mapping": [3, 11, 6, 2, 9, 7, 10, 8, 4, 5, 1, 12], "R": [[0.07020341726810492, -0.9064586580780711, -0.4164182769754264], [0.5927847756771352, 0.37365472162535557, -0.7134342007028305], [0.802295263559052, -0.19676089601945962, 0.5635667306258688]], "T": [-0.021497789089106017, 0.04512214750096734, 0.10317973475561773], "aligned_model": [[-0.29331620733786923, -0.3203198892160184, -0.34528421164455303, -0.20862901788899213, 0.7606767704881682, 0.6116373892261423, 0.427020430495886, 0.27798104923386013, -0.6269725473301515, -0.011627871652270833, -0.01832696807244806, 0.12502732210329018], [0.6766218950781617, 0.623186673830981, -0.40352946974881165, -0.4370035243235114, 0.354438446327879, 0.08648354603883564, -0.21720275530427946, -0.4851576555933229, 0.10498069344600329, 0.16811173188334688, 0.27134645761712145, 0.13463767730864723], [-0.3645488920385558, 0.2587297285872495, -0.3485871289219783, 0.4208880670440762, 0.006383665139762462, -0.4429524980817806, 0.45794312609286625, 0.008606962871323301, 0.08701056891454802, -0.8001465898750821, 0.7473443841765988, -0.030671393909027678]], "inverted": false, "swapped": false, "error_lsq": 0.05432912393174479, "error_max": 0.3576341570458334, "target": "138.xyz", "model": "26.xyz", "model_rescale": 4.466005838112752, "target_rescale": 4.15665068428227},
{"mapping": [4, 5, 0, 1, 7, 8, 9, 10, 12, 2, 3, 13], "R": [[0.8231670682977625, 0.5673309008312659, -0.023057029991982336], [0.5605098530767185, -0.8184149638750393, -0.12659246229271984], [-0.09069003403893074, 0.09128305356090172, -0.9916868063348505]], "T": [0.05670834244630438, 0.08685716987694067, -0.0023455597122066883], "aligned_model": [[-0.2588410869626999, -0.24054601141187484, -0.45789336261253566, -0.43959828706171056, 0.47599301232879443, 0.6018965647796698, 0.6201916403304949, 0.23933754889031006, -0.5635913948503313, 0.11534413277415055, 0.15193428387580082, 0.1336392083249757], [0.5132524558136211, 0.6136998535320457, -0.36133401973984414, -0.26088662202141955, 0.672549926544327, -0.12395927339094434, -0.023511875672519805, -0.5180359205672453, 0.2088111807456049, -0.04833806061261611, 0.152556734824233, 0.05210933710580846], [-0.44950094834983206, 0.33737338242744014, -0.33322874529006724, 0.45364558548720496, 0.31320119695878396, -0.38817095226453663, 0.3987033785127356, -0.3294360101141976, -0.003491273125163287, -0.7865728688580615, 0.7871757926964829, 0.0003014619192108184]], "inverted": true, "swapped": false, "error_lsq": 0.0527424740203418, "error_max": 0.36202915228319504, "target": "138.xyz", "model": "27.xyz", "model_rescale": 4.509807893063789, "target_rescale": 4.15665068428227},
{"mapping": [5, 4, 1, 0, 6, 9, 8, 11, 12, 3, 2, 13], "R": [[-0.8231670682977629, -0.5673309008312658, -0.02305702999198265], [-0.5605098530767182, 0.8184149638750396, -0.12659246229272], [0.09069003403893106, -0.09128305356090172, -0.9916868063348506]], "T": [0.05670834244630436, 0.08685716987694066, -0.0023455597122067342], "aligned_model": [[-0.25884108696270003, -0.2405460114118746, -0.45789336261253605, -0.43959828706171067, 0.47599301232879476, 0.6018965647796697, 0.620191640330495, 0.23933754889030978, -0.5635913948503312, 0.11534413277415027, 0.15193428387580105, 0.13363920832497567], [0.5132524558136211, 0.6136998535320459, -0.36133401973984397, -0.26088662202141927, 0.6725499265443269, -0.12395927339094466, -0.023511875672519958, -0.5180359205672453, 0.20881118074560517, -0.048338060612616265, 0.15255673482423304, 0.05210933710580841], [-0.4495009483498322, 0.33737338242744036, -0.3332287452900672, 0.45364558548720535, 0.3132011969587839, -0.3881709522645369, 0.39870337851273563, -0.3294360101141977, -0.003491273125163194, -0.7865728688580615, 0.7871757926964829, 0.00030146191921075855]], "inverted": false, "swapped": false, "error_lsq": 0.052742474020341816, "error_max": 0.3620291522831952, "target": "138.xyz", "model": "28.xyz", "model_rescale": 4.5098078930637895, "target_rescale": 4.15665068428227},
{"mapping": [4, 11, 5, 2, 10, 8, 9, 7, 3, 6, 0, 12], "R": [[-0.0702034172681043, 0.9064586580780716, -0.4164182769754256], [-0.5927847756771356, -0.3736547216253545, -0.7134342007028305], [-0.8022952635590517, 0.1967608960194597, 0.5635667306258692]], "T": [-0.021497789089106017, 0.045122147500967276, 0.10317973475561777], "aligned_model": [[-0.2933162073378699, -0.32031988921601895, -0.3452842116445526, -0.20862901788899157, 0.760676770488168, 0.6116373892261423, 0.42702043049588645, 0.2779810492338608, -0.6269725473301514, -0.011627871652271027, -0.018326968072448213, 0.1250273221032901], [0.6766218950781611, 0.6231866738309808, -0.40352946974881204, -0.4370035243235113, 0.3544384463278796, 0.08648354603883573, -0.21720275530427868, -0.4851576555933225, 0.10498069344600275, 0.16811173188334622, 0.27134645761712184, 0.13463767730864726], [-0.364548892038556, 0.2587297285872493, -0.3485871289219782, 0.42088806704407644, 0.006383665139762337, -0.44295249808178055, 0.4579431260928663, 0.008606962871323412, 0.08701056891454796, -0.8001465898750821, 0.7473443841765985, -0.03067139390902772]], "inverted": true, "swapped": false, "error_lsq": 0.05432912393174478, "error_max": 0.35763415704583285, "target": "138.xyz", "model": "29.xyz", "model_rescale": 4.466005838112752, "target_rescale": 4.15665068428227},
