[{"mapping": [3, 2, 5, 4, 9, 10, 6, 7, 8, 1, 0, 11], "R": [[0.7369200961850574, 0.6732317555017128, 0.06089150369869137], [-0.6687563271085023, 0.7129479552630474, 0.21087955813351322], [0.0985583420667763, -0.19612296262886164, 0.9756136718695195]], "T": [0.007883665053186172, 0.10355556435560034, -0.005114864202439644], "aligned_model": [[-0.42015504057931297, -0.3718508070766854, -0.34340741324492235, -0.2951031797422948, 0.6431230402785827, 0.5948188067759551, 0.40508147348667073, 0.35677723998404315, -0.5808616388966509, 0.08151035563725849, 0.17811882264251364, 0.12981458913988606], [0.5264061792658357, 0.6936934820629099, -0.35521482494773926, -0.18792752215066497, 0.3046423579409569, 0.13735505514388258, -0.35195535574200576, -0.51924265853908, 0.12066846805138556, 0.002208875694782453, 0.336783481288931, 0.16949617849185672], [-0.47635513280863157, 0.29758322889673017, -0.2905822448285164, 0.4833561168768453, 0.3183287821310258, -0.45560957957433595, 0.4751098411588118, -0.29882852054654996, 0.027931849074465012, -0.8009164751653097, 0.7469602482454134, -0.02697811345994812]], "inverted": true, "swapped": false, "error_lsq": 0.07382729651527214, "error_max": 0.47345574742682844, "target": "139.xyz", "model": "0.xyz", "model_rescale": 4.5108708085295355, "target_rescale": 4.156650684282271},
{"mapping": [2, 3, 4, 5, 9, 6, 10, 7, 8, 0, 1, 11], "R": [[-0.7369200961850579, -0.6732317555017121, -0.06089150369869091], [0.6687563271085016, -0.712947955263048, -0.21087955813351328], [0.09855834206677651, -0.19612296262886142, 0.9756136718695195]], "T": [0.007883665053186141, 0.1035555643556003, 0.005114864202439639], "aligned_model": [[-0.37185080707668594, -0.4201550405793132, -0.2951031797422945, -0.34340741324492174, 0.6431230402785822, 0.40508147348667095, 0.5948188067759551, 0.3567772399840437, -0.5808616388966508, 0.17811882264251314, 0.0815103556372587, 0.12981458913988592], [0.6936934820629095, 0.5264061792658352, -0.18792752215066516, -0.3552148249477394, 0.3046423579409573, -0.3519553557420053, 0.13735505514388302, -0.5192426585390796, 0.12066846805138504, 0.3367834812889311, 0.002208875694782453, 0.16949617849185677], [-0.29758322889672995, 0.4763551328086314, -0.48335611687684504, 0.2905822448285163, -0.31832878213102583, -0.4751098411588118, 0.4556095795743355, 0.29882852054654957, -0.027931849074464915, -0.7469602482454134, 0.8009164751653097, 0.026978113459947974]], "inverted": false, "swapped": false, "error_lsq": 0.07382729651527213, "error_max": 0.473455747426828, "target": "139.xyz", "model": "1.xyz", "model_rescale": 4.510870808529536, "target_rescale": 4.156650684282271},
{"mapping": [6, 0, 10, 3, 4, 5, 8, 1, 9, 7, 2, 11], "R": [[-0.25860385043655715, -0.9352231149238366, -0.2418300515890104], [0.3370492501640221, -0.32197080997321254, 0.8847217644486114], [-0.9052744619745206, 0.1472838172962329, 0.3984791408083899]], "T": [0.034990428820887216, 0.05797023395099434, 0.03566388075266896], "aligned_model": [[-0.08592409395445882, -0.29287203958361485, -0.43832742899764005, 0.19874773153018555, 0.40866366669969767, 0.6005034895050438, 0.5146431481842807, 0.09080760602707752, -0.6301672518029863, 0.1059157288508874, 0.006907908724839339, -0.10103221677826857], [0.6749587581418448, 0.7315539904323263, -0.33317908241200067, -0.5442687354686805, 0.5789905649058614, -0.12284473392747733, 0.03475463143003811, -0.6721166072343512, 0.36865621642133817, -0.026876540691494012, 0.15756656336465832, 0.029718691598987334], [-0.41219424878238625, 0.33194646494583296, -0.37852589763825434, 0.476774905696785, 0.10103545882560189, -0.2150715231727513, 0.3783011149540674, -0.3002674990508732, -0.062418915639901214, -0.7283012307807395, 0.7928818876951381, 0.01583948294747979]], "inverted": true, "swapped": false, "error_lsq": 0.07155017922817573, "error_max": 0.5697365065645204, "target": "139.xyz", "model": "2.xyz", "model_rescale": 4.5108708085295355, "target_rescale": 4.156650684282271},
{"mapping": [2, 3, 4, 5, 11, 9, 10, 7, 8, 0, 1, 13], "R": [[-0.5547462880957129, -0.8316409646722532, -0.025097046101735743], [0.826988711859371, -0.5478290014054114, -0.12638455473802304], [0.0913576833178632, -0.09086633644069739, 0.9916637951446242]], "T": [0.04974947867122142, 0.05088624096314571, -0.0023658957477640874], "aligned_model": [[-0.2608647926764299, -0.2807785617076889, -0.40235189375441, -0.42226566278566896, 0.4445167811236526, 0.6339515593135211, 0.6140377902822621, 0.2206402676833326, -0.5712910823750852, 0.15400438346511172, 0.11417684540259379, 0.13409061443385276], [0.6587409730980397, 0.5584585405771291, -0.2269570516545018, -0.32723948417541243, 0.5441692771880212, 0.04334538830129084, -0.056937044219619794, -0.6490089017002646, 0.16901441425080796, 0.15472496748609757, -0.045839897555723645, 0.05444253496518696], [-0.3328280630849021, 0.4540280351634883, -0.44928835875638873, 0.33756773949200164, -0.329578069367689, -0.3886123419954131, 0.3982437562529772, 0.31282987479809704, -0.0030281232202856454, -0.7866342480090189, 0.7870779484877615, 0.00022185023937134653]], "inverted": false, "swapped": false, "error_lsq": 0.052967632549922865, "error_max": 0.35906393086245797, "target": "139.xyz", "model": "3.xyz", "model_rescale": 4.509807743048502, "target_rescale": 4.156650684282271},
{"mapping": [5, 4, 3, 2, 6, 10, 9, 12, 8, 1, 0, 13], "R": [[-0.8231669849217313, -0.5673310216102831, -0.023057034794152935], [-0.5605099725460883, 0.8184148817612753, -0.12659246418354267], [0.09069005243823472, -0.09128303911631422, -0.9916868059818282]], "T": [0.056708294572048255, 0.08685720900629441, -0.002345563743355208], "aligned_model": [[-0.25884106342578367, -0.24054598345600556, -0.4578932161911207, -0.43959813622134264, 0.4759928724955654, 0.6018966540297281, 0.6201917339995062, 0.2393374329830364, -0.5635916352288854, 0.11534411650367046, 0.15193427644322668, 0.13363919647344857], [0.5132524354415299, 0.6136998380015722, -0.361334098231705, -0.2608866956716626, 0.6725498925984281, -0.12395949602719893, -0.02351209346715656, -0.5180358460103354, 0.20881116260070112, -0.048337863451083055, 0.15255694166900174, 0.052109539108959366], [-0.44950095919761024, 0.3373733974743186, -0.3332287489029096, 0.45364560776901924, 0.3132012146670088, -0.3881709417516747, 0.39870341492025413, -0.32943603024121215, -0.003491262598434389, -0.7865729207181826, 0.7871757926256756, 0.0003014359537467388]], "inverted": false, "swapped": false, "error_lsq": 0.05274247514657763, "error_max": 0.36202922323973064, "target": "139.xyz", "model": "4.xyz", "model_rescale": 4.509807743048502, "target_rescale": 4.156650684282271},
{"mapping": [2, 3, 4, 5, 11, 9, 10, 7, 8, 0, 1, 13], "R": [[-0.5547462880957129, -0.8316409646722532, -0.0250970461017354], [0.826988711859371, -0.5478290014054114, -0.12638455473802312], [0.09135768331786345, -0.09086633644069717, 0.9916637951446242]], "T": [0.049749478671221425, 0.050886240963145715, -0.002365895747764165], "aligned_model": [[-0.26086479267643004, -0.2807785617076888, -0.4023518937544101, -0.42226566278566885, 0.4445167811236525, 0.633951559313521, 0.6140377902822622, 0.22064026768333275, -0.5712910823750852, 0.15400438346511147, 0.11417684540259405, 0.13409061443385273], [0.6587409730980397, 0.5584585405771291, -0.2269570516545018, -0.3272394841754125, 0.5441692771880212, 0.04334538830129087, -0.05693704421961983, -0.6490089017002646, 0.16901441425080793, 0.15472496748609765, -0.04583989755572372, 0.05444253496518693], [-0.33282806308490204, 0.4540280351634883, -0.4492883587563887, 0.33756773949200164, -0.32957806936768913, -0.3886123419954134, 0.3982437562529769, 0.3128298747980968, -0.003028123220285215, -0.7866342480090189, 0.7870779484877615, 0.00022185023937153518]], "inverted": false, "swapped": false, "error_lsq": 0.05296763254992285, "error_max": 0.35906393086245814, "target": "139.xyz", "model": "5.xyz", "model_rescale": 4.509807743048502, "target_rescale": 4.156650684282271},
{"mapping": [2, 3, 4, 5, 11, 9, 10, 7, 8, 0, 1, 13], "R": [[-0.5547463483036985, -0.8316409244203118, -0.025097049090304236], [0.8269886724548059, -0.5478290610774379, -0.12638455392353393], [0.09135767441846075, -0.09086634508079611, 0.9916637951727936]], "T": [0.049749496287199366, 0.05088625161412485, -0.002365893871178972], "aligned_model": [[-0.26086491748691776, -0.280778689581173, -0.4023519587711737, -0.42226573086542896, 0.4445168733684592, 0.6339513258303706, 0.6140375537361153, 0.22064042963553498, -0.5712908181525945, 0.15400449899153915, 0.11417695480302859, 0.13409072689728385], [0.6587409210567172, 0.5584584856990207, -0.22695714487595908, -0.3272395802336557, 0.5441693930608787, 0.043345257211864115, -0.05693717814583247, -0.6490088415792377, 0.16901456683295427, 0.15472504786913016, -0.045839822846262986, 0.05444261251143359], [-0.3328280881241977, 0.4540280374760204, -0.4492883872263418, 0.33756773837387627, -0.3295780652937778, -0.3886123766557095, 0.39824374894450854, 0.3128299016087051, -0.0030280989825077573, -0.7866342623070767, 0.7870779888933591, 0.00022186329314129692]], "inverted": false, "swapped": false, "error_lsq": 0.05296762522257228, "error_max": 0.35906386893615516, "target": "139.xyz", "model": "6.xyz", "model_rescale": 4.509807586411629, "target_rescale": 4.156650684282271},
{"mapping": [5, 4, 3, 2, 6, 10, 9, 12, 8, 1, 0, 13], "R": [[-0.8231670202203918, -0.5673309705373508, -0.023057031262259376], [-0.5605099219830763, 0.8184149162075725, -0.1265924653661423], [0.09069004454738686, -0.09128304770383017, -0.9916868059129824]], "T": [0.05670830680045569, 0.08685719281410123, -0.0023455618874544466], "aligned_model": [[-0.25884109390605187, -0.2405460161032939, -0.45789330837608877, -0.4395982305733308, 0.47599299440748555, 0.6018964879913654, 0.6201915657941234, 0.23933748119062095, -0.5635914483770612, 0.11534419431633369, 0.15193434992184968, 0.13363927211909168], [0.5132525429192264, 0.6136999499064159, -0.36133400865719834, -0.2608866016700089, 0.6725497812026022, -0.12395928166959555, -0.023511874682406092, -0.5180359859696049, 0.20881091635285176, -0.048337980710933454, 0.15255683326344555, 0.05210942627625606], [-0.44950098769410973, 0.3373733962533023, -0.3332287733372438, 0.4536456106101682, 0.3132012408376896, -0.388170976910359, 0.39870340703705304, -0.3294360259685675, -0.0034912377898432614, -0.7865729349601092, 0.7871758329347155, 0.00030144898730334255]], "inverted": false, "swapped": false, "error_lsq": 0.05274247216185841, "error_max": 0.36202916015409514, "target": "139.xyz", "model": "7.xyz", "model_rescale": 4.509807586411629, "target_rescale": 4.156650684282271},
{"mapping": [3, 2, 5, 4, 12, 10, 9, 6, 8, 1, 0, 13], "R": [[0.5547463483036987, 0.8316409244203115, -0.025097049090304392], [-0.8269886724548056, 0.5478290610774383, -0.12638455392353373], [-0.09135767441846046, 0.09086634508079618, 0.9916637951727936]], "T": [0.049749496287199366, 0.05088625161412483, -0.002365893871178783], "aligned_model": [[-0.26086491748691787, -0.28077868958117325, -0.40235195877117347, -0.42226573086542885, 0.4445168733684591, 0.6339513258303706, 0.6140375537361151, 0.2206404296355352, -0.5712908181525945, 0.15400449899153926, 0.11417695480302845, 0.13409072689728385], [0.658740921056717, 0.5584584856990206, -0.2269571448759594, -0.32723958023365585, 0.5441693930608789, 0.04334525721186443, -0.056937178145832004, -0.6490088415792374, 0.1690145668329539, 0.15472504786913005, -0.0458398228462628, 0.054442612511433654], [-0.33282808812419784, 0.45402803747602016, -0.44928838722634185, 0.33756773837387616, -0.3295780652937778, -0.3886123766557094, 0.3982437489445086, 0.3128299016087052, -0.003028098982508028, -0.7866342623070764, 0.7870779888933593, 0.00022186329314121062]], "inverted": true, "swapped": false, "error_lsq": 0.05296762522257228, "error_max": 0.35906386893615516, "target": "139.xyz", "model": "8.xyz", "model_rescale": 4.509807586411629, "target_rescale": 4.156650684282271},
{"mapping": [2, 3, 6, 7, 9, 11, 12, 5, 8, 0, 1, 13], "R": [[0.5547462329711045, 0.8316410012596416, -0.025097052182078777], [-0.8269887479160487, 0.5478289454108233, -0.12638456151884744], [-0.09135769165546645, 0.09086633916872648, 0.9916637941265471]], "T": [0.049749508910534604, 0.05088619275301774, -0.00236590116889765], "aligned_model": [[-0.26086483148171247, -0.2807786063910138, -0.40235181471876175, -0.4222655896280631, 0.4445167720341899, 0.6339515268533686, 0.6140377519440672, 0.22064035342863336, -0.5712911693512472, 0.1540043934811624, 0.11417684366255969, 0.13409061857186105], [0.6587409197464418, 0.5584584765400535, -0.22695701999912887, -0.3272394632055171, 0.5441691709107207, 0.04334524345414059, -0.05693719975224769, -0.6490089402303829, 0.1690143527947704, 0.15472516864045513, -0.0458397177723214, 0.05444272543406686], [-0.3328280901603884, 0.4540280489060653, -0.4492883790590047, 0.337567760007449, -0.3295780988914164, -0.3886123793498599, 0.39824375971659376, 0.3128298897653662, -0.003028136296885573, -0.7866342639457602, 0.787078014187147, 0.00022187512069340347]], "inverted": false, "swapped": false, "error_lsq": 0.052967629928258014, "error_max": 0.3590639895383085, "target": "139.xyz", "model": "9.xyz", "model_rescale": 4.509807504472865, "target_rescale": 4.156650684282271},
{"mapping": [2, 3, 6, 7, 10, 11, 12, 4, 8, 0, 1, 13], "R": [[0.5547462329711046, 0.8316410012596416, 0.025097052182078708], [-0.8269887479160487, 0.5478289454108236, 0.1263845615188473], [0.09135769165546635, -0.09086633916872638, 0.9916637941265471]], "T": [0.049749508910534604, 0.050886192753017735, 0.002365901168897545], "aligned_model": [[-0.28077860639101376, -0.2608648314817125, -0.4222655896280631, -0.40235181471876175, 0.4445167720341899, 0.6140377519440674, 0.6339515268533686, 0.22064035342863347, -0.5712911693512472, 0.11417684366255974, 0.15400439348116235, 0.13409061857186105], [0.5584584765400535, 0.6587409197464418, -0.3272394632055173, -0.22695701999912918, 0.5441691709107208, -0.05693719975224746, 0.043345243454140696, -0.649008940230383, 0.16901435279477023, -0.0458397177723213, 0.15472516864045507, 0.05444272543406687], [-0.4540280489060652, 0.3328280901603883, -0.337567760007449, 0.4492883790590045, 0.3295780988914163, -0.3982437597165937, 0.38861237934985976, -0.3128298897653662, 0.0030281362968853703, -0.7870780141871472, 0.7866342639457603, -0.0002218751206936034]], "inverted": false, "swapped": false, "error_lsq": 0.052967629928257993, "error_max": 0.35906398953830854, "target": "139.xyz", "model": "10.xyz", "model_rescale": 4.509807504472865, "target_rescale": 4.156650684282271},
{"mapping": [3, 2, 7, 6, 9, 12, 11, 5, 8, 1, 0, 13], "R": [[-0.5547462329711039, -0.8316410012596421, 0.02509705218207872], [0.8269887479160493, -0.5478289454108227, 0.12638456151884747], [-0.09135769165546656, 0.09086633916872637, 0.9916637941265473]], "T": [0.04974950891053459, 0.050886192753017735, 0.00236590116889765], "aligned_model": [[-0.2807786063910134, -0.260864831481712, -0.42226558962806343, -0.4023518147187621, 0.44451677203419027, 0.6140377519440672, 0.6339515268533684, 0.22064035342863286, -0.5712911693512472, 0.11417684366255974, 0.15400439348116235, 0.13409061857186105], [0.5584584765400538, 0.658740919746442, -0.3272394632055169, -0.22695701999912862, 0.5441691709107205, -0.05693719975224818, 0.04334524345414012, -0.6490089402303831, 0.16901435279477087, -0.045839717772321494, 0.1547251686404551, 0.054442725434066766], [-0.45402804890606535, 0.3328280901603883, -0.33756776000744904, 0.4492883790590046, 0.3295780988914164, -0.3982437597165937, 0.3886123793498599, -0.3128298897653661, 0.003028136296885183, -0.787078014187147, 0.7866342639457602, -0.0002218751206936845]], "inverted": true, "swapped": false, "error_lsq": 0.052967629928258014, "error_max": 0.35906398953830865, "target": "139.xyz", "model": "11.xyz", "model_rescale": 4.509807504472865, "target_rescale": 4.156650684282271},
{"mapping": [2, 3, 6, 7, 9, 11, 12, 5, 8, 0, 1, 13], "R": [[0.5547463423952229, 0.8316409284825972, -0.025097045079573582], [-0.8269886763247314, 0.5478290557894644, -0.12638455152230044], [-0.09135767526481414, 0.09086633978227543, 0.9916637955803272]], "T": [0.04974961835561227, 0.050886267267998726, -0.0023658888059813836], "aligned_model": [[-0.2608647806134798, -0.28077854873004343, -0.40235182266607483, -0.4222655907826385, 0.4445169813302842, 0.633951422630478, 0.6140376545139142, 0.22064035738936627, -0.5712910393191293, 0.1540043063340192, 0.11417677010089183, 0.13409053821745553], [0.6587409137413431, 0.558458484293926, -0.2269571161473255, -0.3272395455947427, 0.5441693856695691, 0.043345268437672446, -0.05693716100974478, -0.649008919866911, 0.16901433891942302, 0.15472511882003095, -0.04583974007480345, 0.05444268937261375], [-0.33282806971389894, 0.45402802478507875, -0.44928836147704515, 0.33756773302193255, -0.32957805020164094, -0.38861235900254987, 0.39824373549642783, 0.3128298746800896, -0.003028131419837496, -0.7866342265551631, 0.7870779624427919, 0.0002218679438144521]], "inverted": false, "swapped": false, "error_lsq": 0.05296761423116847, "error_max": 0.3590638259423685, "target": "139.xyz", "model": "12.xyz", "model_rescale": 4.509807766519439, "target_rescale": 4.156650684282271},
{"mapping": [2, 3, 6, 7, 10, 11, 12, 4, 8, 0, 1, 13], "R": [[0.5547463423952229, 0.8316409284825972, 0.02509704507957354], [-0.8269886763247314, 0.5478290557894644, 0.12638455152230038], [0.09135767526481413, -0.09086633978227535, 0.9916637955803272]], "T": [0.04974961835561227, 0.05088626726799872, 0.0023658888059812627], "aligned_model": [[-0.28077854873004343, -0.2608647806134798, -0.4222655907826385, -0.40235182266607483, 0.4445169813302842, 0.6140376545139142, 0.633951422630478, 0.22064035738936627, -0.5712910393191293, 0.11417677010089186, 0.15400430633401918, 0.13409053821745553], [0.558458484293926, 0.6587409137413431, -0.32723954559474266, -0.2269571161473255, 0.5441693856695691, -0.05693716100974475, 0.04334526843767241, -0.649008919866911, 0.16901433891942302, -0.04583974007480343, 0.15472511882003093, 0.05444268937261373], [-0.45402802478507864, 0.3328280697138988, -0.3375677330219325, 0.44928836147704493, 0.3295780502016408, -0.39824373549642766, 0.38861235900254976, -0.3128298746800895, 0.0030281314198372425, -0.7870779624427923, 0.7866342265551631, -0.00022186794381466547]], "inverted": false, "swapped": false, "error_lsq": 0.05296761423116846, "error_max": 0.35906382594236863, "target": "139.xyz", "model": "13.xyz", "model_rescale": 4.509807766519439, "target_rescale": 4.156650684282271},
{"mapping": [2, 3, 6, 7, 9, 11, 12, 5, 8, 0, 1, 13], "R": [[0.5547463423952231, 0.8316409284825967, -0.025097045079573617], [-0.8269886763247309, 0.5478290557894646, -0.12638455152230044], [-0.09135767526481409, 0.09086633978227547, 0.9916637955803271]], "T": [0.049749618355612285, 0.05088626726799875, -0.0023658888059814517], "aligned_model": [[-0.26086478061347984, -0.2807785487300436, -0.4023518226660745, -0.42226559078263826, 0.44451698133028406, 0.633951422630478, 0.6140376545139142, 0.2206403573893665, -0.5712910393191292, 0.15400430633401924, 0.11417677010089179, 0.13409053821745548], [0.6587409137413428, 0.5584584842939256, -0.22695711614732558, -0.3272395455947428, 0.5441693856695691, 0.04334526843767271, -0.05693716100974451, -0.6490089198669108, 0.16901433891942275, 0.154725118820031, -0.0458397400748034, 0.05444268937261377], [-0.3328280697138989, 0.45402802478507864, -0.44928836147704515, 0.3375677330219324, -0.3295780502016409, -0.3886123590025498, 0.3982437354964277, 0.3128298746800895, -0.0030281314198373124, -0.786634226555163, 0.7870779624427918, 0.00022186794381468238]], "inverted": false, "swapped": false, "error_lsq": 0.05296761423116846, "error_max": 0.3590638259423685, "target": "139.xyz", "model": "14.xyz", "model_rescale": 4.509807766519439, "target_rescale": 4.156650684282271},
{"mapping": [2, 3, 6, 7, 9, 4, 10, 5, 8, 0, 1, 11], "R": [[0.7369200964194939, 0.673231757912364, -0.06089147420872894], [-0.6687563253958669, 0.7129479618192319, -0.2108795413993983], [-0.09855835193478842, 0.19612293052070995, 0.9756136773271823]], "T": [0.007883697399028701, 0.10355538898924663, 0.0051148284778118535], "aligned_model": [[-0.3718506613661663, -0.42015487546252595, -0.2951031923841659, -0.34340740648052553, 0.6431229583714775, 0.4050816688982001, 0.5948187442751178, 0.3567774548018404, -0.5808618266233977, 0.17811867555475616, 0.08151024736203694, 0.12981446145839656], [0.6936933532639258, 0.5264060499317553, -0.18792757835838084, -0.35521488169055127, 0.30464219159291284, -0.3519552640349972, 0.13735488826074244, -0.5192425673671677, 0.120668592186678, 0.3367836142575482, 0.0022090075932074266, 0.1694963109253778], [-0.29758327799325945, 0.4763551519321779, -0.4833561463247661, 0.2905822836006714, -0.3183288774407176, -0.4751098440467281, 0.45560955248471985, 0.2988285858787093, -0.027931816109720765, -0.7469603005857995, 0.800916559265075, 0.026978129339637717]], "inverted": false, "swapped": false, "error_lsq": 0.07382728993284109, "error_max": 0.4734559136021118, "target": "139.xyz", "model": "15.xyz", "model_rescale": 4.510870436145588, "target_rescale": 4.156650684282271},
{"mapping": [2, 3, 6, 7, 9, 4, 10, 5, 8, 0, 1, 11], "R": [[0.7369200964194939, 0.673231757912364, -0.06089147420872894], [-0.6687563253958669, 0.7129479618192319, -0.2108795413993983], [-0.09855835193478842, 0.19612293052070995, 0.9756136773271823]], "T": [0.007883697399028698, 0.10355538898924661, 0.005114828477811915], "aligned_model": [[-0.3718506613661663, -0.42015487546252595, -0.2951031923841659, -0.34340740648052553, 0.6431229583714775, 0.4050816688982001, 0.5948187442751178, 0.3567774548018404, -0.5808618266233977, 0.1781186755547562, 0.08151024736203691, 0.12981446145839656], [0.6936933532639258, 0.5264060499317553, -0.18792757835838086, -0.3552148816905513, 0.30464219159291284, -0.3519552640349973, 0.13735488826074244, -0.5192425673671677, 0.120668592186678, 0.3367836142575482, 0.002209007593207357, 0.1694963109253778], [-0.2975832779932594, 0.47635515193217787, -0.48335614632476603, 0.29058228360067123, -0.31832887744071753, -0.47510984404672807, 0.45560955248471974, 0.2988285858787092, -0.0279318161097208, -0.7469603005857997, 0.8009165592650752, 0.026978129339637683]], "inverted": false, "swapped": false, "error_lsq": 0.07382728993284109, "error_max": 0.47345591360211176, "target": "139.xyz", "model": "16.xyz", "model_rescale": 4.510870436145588, "target_rescale": 4.156650684282271},
{"mapping": [2, 3, 6, 7, 9, 4, 10, 5, 8, 0, 1, 11], "R": [[0.7369200964194935, 0.6732317579123641, -0.060891474208729035], [-0.668756325395867, 0.7129479618192316, -0.21087954139939832], [-0.09855835193478843, 0.19612293052071003, 0.9756136773271822]], "T": [0.007883697399028722, 0.10355538898924663, 0.005114828477811803], "aligned_model": [[-0.37185066136616607, -0.4201548754625258, -0.29510319238416594, -0.34340740648052565, 0.6431229583714774, 0.40508166889819985, 0.5948187442751177, 0.35677745480184014, -0.5808618266233976, 0.17811867555475627, 0.08151024736203688, 0.12981446145839656], [0.6936933532639258, 0.5264060499317553, -0.18792757835838067, -0.35521488169055115, 0.3046421915929127, -0.35195526403499733, 0.13735488826074221, -0.5192425673671678, 0.12066859218667816, 0.3367836142575482, 0.002209007593207357, 0.16949631092537773], [-0.29758327799325945, 0.47635515193217787, -0.4833561463247661, 0.29058228360067123, -0.31832887744071753, -0.4751098440467281, 0.4556095524847198, 0.29882858587870914, -0.027931816109720568, -0.7469603005857995, 0.8009165592650748, 0.02697812933963796]], "inverted": false, "swapped": false, "error_lsq": 0.07382728993284109, "error_max": 0.47345591360211187, "target": "139.xyz", "model": "17.xyz", "model_rescale": 4.510870436145588, "target_rescale": 4.156650684282271},
{"mapping": [3, 11, 6, 2, 9, 7, 10, 8, 4, 5, 1, 12], "R": [[0.07020347051246958, -0.9064586518184222, -0.4164182816250188], [0.592784760517994, 0.373654758439395, -0.7134341940173756], [0.8022952701004973, -0.196760854946115, 0.5635667356535909]], "T": [-0.02149779234594932, 0.04512211346470424, 0.10317969593893193], "aligned_model": [[-0.2933162249115236, -0.32031987000525375, -0.3452842553325712, -0.2086290269933578, 0.7606768167447223, 0.6116374015859203, 0.42702045856459975, 0.2779810434057977, -0.626972583091646, -0.011627897152448642, -0.018326945595960147, 0.12502733118676476], [0.676621839478964, 0.6231867399065074, -0.4035294377499767, -0.4370035108947527, 0.35443846446753263, 0.08648356513771849, -0.21720275658568516, -0.48515765591549925, 0.10498061842574624, 0.1681117833032411, 0.2713463568287891, 0.1346377101584652], [-0.36454902051162746, 0.25872980698903025, -0.3485870919298594, 0.4208881315544473, 0.006383686387235507, -0.4429524947085437, 0.4579431709416703, 0.008606989845891005, 0.0870104640428073, -0.8001465764842942, 0.7473442868732303, -0.030671352999987536]], "inverted": false, "swapped": false, "error_lsq": 0.05432912141975485, "error_max": 0.3576341703306802, "target": "139.xyz", "model": "18.xyz", "model_rescale": 4.466005644533647, "target_rescale": 4.156650684282271},
{"mapping": [0, 1, 4, 5, 10, 8, 9, 7, 12, 2, 3, 13], "R": [[-0.5547463678015099, -0.8316409114918011, -0.02509704652181922], [0.8269886596966283, -0.5478290809417177, -0.1263845513016835], [0.0913576715126146, -0.09086634364625569, 0.9916637955719438]], "T": [0.049749557790253016, 0.05088622705399169, -0.00236589543244964], "aligned_model": [[-0.2608648615314034, -0.2807786310349305, -0.40235187799904926, -0.42226564750257634, 0.44451691244069363, 0.6339513714542, 0.6140376019506728, 0.22064031832911485, -0.571290926599109, 0.15400443246933754, 0.11417689346228331, 0.1340906629658104], [0.6587408712456614, 0.5584584407516852, -0.22695717381098302, -0.32723960430495913, 0.5441693630391388, 0.04334524535707582, -0.05693718513690031, -0.6490089631462749, 0.16901440290282496, 0.15472520371523663, -0.04583965727271562, 0.05444277322126049], [-0.3328280826095585, 0.45402802146802385, -0.44928837566802937, 0.33756772840955296, -0.3295780592097189, -0.3886123672332836, 0.39824373684429876, 0.31282987348765545, -0.0030281213106596538, -0.7866342221370096, 0.787077986018155, 0.0002218819405728728]], "inverted": false, "swapped": false, "error_lsq": 0.05296762066650876, "error_max": 0.3590638602555486, "target": "139.xyz", "model": "19.xyz", "model_rescale": 4.509807711582247, "target_rescale": 4.156650684282271},
{"mapping": [5, 4, 1, 0, 6, 9, 8, 11, 12, 3, 2, 13], "R": [[-0.823167034015096, -0.5673309504647659, -0.02305703266978465], [-0.5605099022393039, 0.818414930307575, -0.12659246162917304], [0.0906900413632944, -0.09128304604028677, -0.991686806357295]], "T": [0.05670837303845358, 0.08685719265130185, -0.0023455633895395826], "aligned_model": [[-0.2588410077777501, -0.24054592936594563, -0.4578932382049089, -0.43959815979310446, 0.47599293693085865, 0.6018965346177966, 0.6201916130296009, 0.2393375281898144, -0.5635914877518476, 0.11534407443170551, 0.1519342312553143, 0.1336391528435099], [0.5132525400335491, 0.6136999412676254, -0.3613339827963804, -0.26088658156230426, 0.672549935043202, -0.12395928801432687, -0.02351188678025068, -0.5180359727408083, 0.20881110938016012, -0.04833810032388133, 0.15255670214427097, 0.05210930091019485], [-0.44950097595229593, 0.33737338650780885, -0.333228767959293, 0.45364559450081177, 0.3132012129197183, -0.38817096745889995, 0.39870339500120483, -0.3294360200211322, -0.0034912601573465893, -0.7865728949202967, 0.7871758299999124, 0.00030146753980796366]], "inverted": false, "swapped": false, "error_lsq": 0.05274246584950746, "error_max": 0.3620291482770176, "target": "139.xyz", "model": "20.xyz", "model_rescale": 4.509807711582248, "target_rescale": 4.156650684282271},
{"mapping": [11, 4, 2, 5, 10, 9, 8, 7, 3, 0, 6, 12], "R": [[0.07020347051246917, -0.9064586518184223, 0.4164182816250185], [0.5927847605179937, 0.3736547584393945, 0.713434194017376], [-0.8022952701004973, 0.19676085494611506, 0.5635667356535907]], "T": [-0.021497792345949333, 0.04512211346470414, -0.10317969593893205], "aligned_model": [[-0.32031987000525414, -0.2933162249115239, -0.20862902699335756, -0.34528425533257084, 0.7606768167447222, 0.4270204585646, 0.6116374015859204, 0.27798104340579816, -0.626972583091646, -0.018326945595960258, -0.011627897152448712, 0.1250273311867648], [0.6231867399065072, 0.6766218394789639, -0.437003510894753, -0.4035294377499766, 0.35443846446753297, -0.217202756585685, 0.08648356513771889, -0.48515765591549914, 0.10498061842574595, 0.27134635682878905, 0.16811178330324134, 0.13463771015846532], [-0.2587298069890304, 0.36454902051162724, -0.42088813155444726, 0.3485870919298595, -0.006383686387235868, -0.45794317094167036, 0.4429524947085435, -0.008606989845890978, -0.08701046404280721, -0.7473442868732304, 0.800146576484294, 0.030671352999987425]], "inverted": false, "swapped": false, "error_lsq": 0.05432912141975486, "error_max": 0.35763417033067985, "target": "139.xyz", "model": "21.xyz", "model_rescale": 4.466005644533646, "target_rescale": 4.156650684282271},
{"mapping": [11, 3, 2, 6, 9, 10, 7, 8, 4, 1, 5, 12], "R": [[-0.07020358402480012, 0.9064586404945547, 0.41641828713786877], [-0.5927847168222684, -0.3736548362512781, 0.7134341895704002], [0.8022952924528575, -0.19676075934696474, 0.5635667372097025]], "T": [-0.021497786035247962, 0.045122112299523204, -0.10317969997388701], "aligned_model": [[-0.32032011359856916, -0.29331611175579975, -0.20862913281108483, -0.3452842227266807, 0.7606767429032474, 0.42702037762183664, 0.6116374707720885, 0.2779811054906778, -0.6269724770372106, -0.01832676547851772, -0.011627857445269868, 0.12502723247032602], [0.6231868839933721, 0.6766218444560631, -0.43700347519147853, -0.40352943830498744, 0.354438453239485, -0.2172027688491531, 0.08648350083877174, -0.48515772124986634, 0.10498062236742497, 0.27134628458060905, 0.16811178378365058, 0.13463774689715963], [-0.2587297994755712, 0.36454894468189203, -0.4208881090852421, 0.3485870632133714, -0.006383615358898614, -0.45794310479274614, 0.4429525253407661, -0.008606964093081412, -0.08701054475195545, -0.7473443286743596, 0.8001465526472189, 0.03067138034860553]], "inverted": true, "swapped": false, "error_lsq": 0.05432911594230356, "error_max": 0.3576341342061438, "target": "139.xyz", "model": "22.xyz", "model_rescale": 4.46600560860683, "target_rescale": 4.156650684282271},
{"mapping": [0, 1, 4, 5, 10, 8, 9, 7, 12, 2, 3, 13], "R": [[-0.5547463077838861, -0.8316409515116148, -0.025097047017575126], [0.8269886989699755, -0.5478290209236845, -0.1263845544746068], [0.09135768044391962, -0.09086633921675229, 0.9916637951550178]], "T": [0.04974955633124663, 0.05088622557492934, -0.0023658957207407546], "aligned_model": [[-0.26086473266585153, -0.28077850272704574, -0.40235181473984655, -0.42226558480104076, 0.44451685454120005, 0.63395146314618, 0.6140376930849858, 0.22064036307622942, -0.5712912013381215, 0.15400434033731236, 0.11417680021492398, 0.13409057027611818], [0.658740959421955, 0.5584585255829732, -0.22695708222507405, -0.32723951606405577, 0.5441692782589933, 0.043345264648378595, -0.05693716919060316, -0.6490089234814417, 0.16901426466843017, 0.15472513881948016, -0.04583972885848333, 0.0544427049804984], [-0.332828069823416, 0.45402804041533484, -0.4492883670612804, 0.33756774317747046, -0.32957807320558474, -0.38861236571224567, 0.3982437445265052, 0.31282988089178, -0.0030281458769691625, -0.7866342393492824, 0.7870779811282191, 0.000221870889468412]], "inverted": false, "swapped": false, "error_lsq": 0.052967620813518246, "error_max": 0.3590639129072363, "target": "139.xyz", "model": "23.xyz", "model_rescale": 4.509807674373902, "target_rescale": 4.156650684282271},
{"mapping": [5, 4, 1, 0, 6, 9, 8, 11, 12, 3, 2, 13], "R": [[-0.8231669958168544, -0.5673310058488389, -0.023057033642679567], [-0.5605099569449498, 0.8184148923850699, -0.12659246457789292], [0.09069004996925203, -0.09128304182529907, -0.9916868059582599]], "T": [0.056708372306263924, 0.08685719444164652, -0.0023455636677225554], "aligned_model": [[-0.25884098085891355, -0.24054590152420136, -0.4578931535654307, -0.43959807423071845, 0.4759929665349069, 0.6018966116674097, 0.620191691002122, 0.23933750325703657, -0.5635916904356768, 0.1153440128514575, 0.15193417152088196, 0.1336390921861697], [0.5132524329474657, 0.6136998373500097, -0.3613341101923889, -0.26088670578984485, 0.6725498793085615, -0.1239593429327896, -0.023511938530245524, -0.5180358735041654, 0.20881134306578625, -0.04833800612299005, 0.15255680268209798, 0.052109398279553965], [-0.4495009674138348, 0.3373734012217852, -0.33322875532762325, 0.45364561330799674, 0.31320122055431265, -0.38817096567042253, 0.39870340296519746, -0.3294360339889121, -0.0034912850969124076, -0.7865729121528154, 0.7871758251184239, 0.0003014564828042669]], "inverted": false, "swapped": false, "error_lsq": 0.05274246484771066, "error_max": 0.3620292007973115, "target": "139.xyz", "model": "24.xyz", "model_rescale": 4.509807674373903, "target_rescale": 4.156650684282271},
{"mapping": [11, 4, 2, 5, 10, 9, 8, 7, 3, 0, 6, 12], "R": [[0.0702035840247994, -0.9064586404945547, 0.416418287137869], [0.5927847168222684, 0.37365483625127793, 0.7134341895704004], [-0.8022952924528577, 0.1967607593469653, 0.5635667372097021]], "T": [-0.021497786035248052, 0.045122112299523134, -0.10317969997388701], "aligned_model": [[-0.32032011359856954, -0.2933161117557998, -0.20862913281108497, -0.3452842227266803, 0.7606767429032474, 0.4270203776218366, 0.6116374707720889, 0.27798110549067806, -0.6269724770372107, -0.018326765478518227, -0.011627857445269403, 0.12502723247032604], [0.6231868839933721, 0.676621844456063, -0.4370034751914787, -0.4035294383049876, 0.3544384532394851, -0.21720276884915302, 0.08648350083877178, -0.48515772124986634, 0.10498062236742493, 0.27134628458060917, 0.1681117837836505, 0.13463774689715968], [-0.2587297994755712, 0.36454894468189214, -0.42088810908524177, 0.34858706321337196, -0.0063836153588992806, -0.45794310479274636, 0.4429525253407657, -0.00860696409308137, -0.08701054475195491, -0.74734432867436, 0.8001465526472191, 0.030671380348605476]], "inverted": false, "swapped": false, "error_lsq": 0.05432911594230355, "error_max": 0.35763413420614376, "target": "139.xyz", "model": "25.xyz", "model_rescale": 4.466005608606829, "target_rescale": 4.156650684282271},
{"mapping": [11, 3, 2, 6, 9, 10, 7, 8, 4, 1, 5, 12], "R": [[-0.07020341726810461, 0.9064586580780715, 0.41641827697542555], [-0.5927847756771359, -0.3736547216253547, 0.7134342007028303], [0.8022952635590516, -0.19676089601945962, 0.5635667306258696]], "T": [-0.02149778908910597, 0.04512214750096737, -0.1031797347556178], "aligned_model": [[-0.3203198892160188, -0.2933162073378698, -0.20862901788899155, -0.34528421164455275, 0.7606767704881678, 0.4270204304958863, 0.6116373892261422, 0.27798104923386063, -0.6269725473301513, -0.018326968072448026, -0.011627871652271145, 0.12502732210329007], [0.6231866738309809, 0.6766218950781611, -0.43700352432351114, -0.40352946974881226, 0.3544384463278796, -0.21720275530427874, 0.08648354603883562, -0.48515765559332275, 0.10498069344600283, 0.27134645761712206, 0.16811173188334605, 0.13463767730864723], [-0.2587297285872493, 0.3645488920385562, -0.42088806704407683, 0.34858712892197774, -0.006383665139761949, -0.45794312609286647, 0.4429524980817807, -0.00860696287132369, -0.08701056891454827, -0.7473443841765987, 0.8001465898750821, 0.030671393909027747]], "inverted": true, "swapped": false, "error_lsq": 0.05432912393174477, "error_max": 0.3576341570458326, "target": "139.xyz", "model": "26.xyz", "model_rescale": 4.466005838112752, "target_rescale": 4.156650684282271},
{"mapping": [1, 0, 5, 4, 11, 9, 8, 6, 12, 3, 2, 13], "R": [[0.5547464150685965, 0.8316408798738212, -0.025097049452820958], [-0.8269886287841334, 0.5478291277216444, -0.12638455080222954], [-0.09135766432149793, 0.09086635099110774, 0.9916637955614199]], "T": [0.04974953782135131, 0.05088625952832967, -0.0023658917339439796], "aligned_model": [[-0.2608649612324795, -0.2807787322603099, -0.40235192119582236, -0.4222656922236528, 0.4445169137506455, 0.6339513938033989, 0.6140376227755686, 0.22064038902720448, -0.5712908666851892, 0.15400447190972372, 0.11417692985406294, 0.13409070088189334], [0.6587409529047878, 0.5584585268426316, -0.22695706466279778, -0.32723949072495406, 0.5441693054691724, 0.04334521844351357, -0.0569372076186427, -0.6490089840123501, 0.1690143041312363, 0.15472514465830745, -0.04583970746600511, 0.054442718596151185], [-0.33282805978874086, 0.4540280126162023, -0.4492883478871389, 0.33756772451780426, -0.3295780494342449, -0.38861235220676693, 0.3982437201981762, 0.3128298574441877, -0.003028134212449292, -0.7866341961539531, 0.7870779486559332, 0.00022187625098994213]], "inverted": true, "swapped": false, "error_lsq": 0.0529676272701338, "error_max": 0.35906386658884737, "target": "139.xyz", "model": "27.xyz", "model_rescale": 4.509807893063789, "target_rescale": 4.156650684282271},
{"mapping": [5, 4, 1, 0, 6, 9, 8, 11, 12, 3, 2, 13], "R": [[-0.823167068297763, -0.5673309008312653, -0.023057029991982447], [-0.5605098530767176, 0.8184149638750398, -0.1265924622927199], [0.09069003403893078, -0.09128305356090179, -0.9916868063348505]], "T": [0.05670834244630437, 0.08685716987694063, -0.002345559712206772], "aligned_model": [[-0.2588410869626996, -0.24054601141187434, -0.45789336261253616, -0.4395982870617109, 0.47599301232879476, 0.6018965647796695, 0.6201916403304948, 0.23933754889030953, -0.563591394850331, 0.1153441327741504, 0.15193428387580085, 0.13363920832497564], [0.5132524558136211, 0.6136998535320457, -0.3613340197398435, -0.26088662202141893, 0.6725499265443262, -0.12395927339094488, -0.023511875672520277, -0.5180359205672455, 0.20881118074560542, -0.04833806061261624, 0.15255673482423293, 0.05210933710580835], [-0.44950094834983223, 0.3373733824274402, -0.33322874529006735, 0.45364558548720507, 0.31320119695878396, -0.3881709522645368, 0.39870337851273563, -0.3294360101141977, -0.0034912731251633845, -0.7865728688580614, 0.7871757926964827, 0.00030146191921073817]], "inverted": false, "swapped": false, "error_lsq": 0.052742474020341816, "error_max": 0.362029152283195, "target": "139.xyz", "model": "28.xyz", "model_rescale": 4.5098078930637895, "target_rescale": 4.156650684282271},
{"mapping": [11, 4, 2, 5, 10, 9, 8, 7, 3, 0, 6, 12], "R": [[0.07020341726810489, -0.9064586580780714, 0.41641827697542616], [0.5927847756771354, 0.3736547216253553, 0.7134342007028303], [-0.8022952635590519, 0.1967608960194595, 0.5635667306258692]], "T": [-0.021497789089106052, 0.0451221475009673, -0.10317973475561783], "aligned_model": [[-0.3203198892160185, -0.2933162073378695, -0.20862901788899196, -0.34528421164455303, 0.7606767704881682, 0.42702043049588617, 0.6116373892261423, 0.27798104923386036, -0.6269725473301514, -0.01832696807244797, -0.01162787165227109, 0.12502732210329015], [0.623186673830981, 0.6766218950781614, -0.4370035243235112, -0.40352946974881165, 0.354438446327879, -0.21720275530427915, 0.08648354603883543, -0.4851576555933227, 0.10498069344600325, 0.27134645761712173, 0.16811173188334647, 0.1346376773086472], [-0.2587297285872495, 0.36454889203855584, -0.4208880670440765, 0.34858712892197813, -0.0063836651397623095, -0.45794312609286625, 0.4429524980817807, -0.008606962871323301, -0.08701056891454813, -0.7473443841765988, 0.8001465898750821, 0.03067139390902769]], "inverted": false, "swapped": false, "error_lsq": 0.05432912393174478, "error_max": 0.3576341570458333, "target": "139.xyz", "model": "29.xyz", "model_rescale": 4.466005838112752, "target_rescale": 4.156650684282271},
