[{"mapping": [3, 2, 5, 4, 9, 10, 6, 7, 8, 1, 0, 11], "R": [[0.736920064380179, 0.673231789504589, 0.060891512662782935], [-0.6687563596997885, 0.7129479186929879, 0.2108795784148472], [0.09855835872720202, -0.19612297884691046, 0.9756136669262145]], "T": [0.007883665428859297, 0.10355550271483495, -0.005114864951201025], "aligned_model": [[-0.42015501966101076, -0.371850779047316, -0.34340743431404475, -0.29510319370035, 0.6431230498440714, 0.5948188092303767, 0.40508145176203547, 0.3567772111483407, -0.5808616377447452, 0.08151035205073254, 0.17811883327812203, 0.1298145926644273], [0.5264061267246416, 0.6936934456105663, -0.3552148767154314, -0.1879275578295067, 0.30464227386912135, 0.1373549549831967, -0.3519554248070598, -0.5192427436929845, 0.12066843510327892, 0.0022087916661727852, 0.33678342943802203, 0.1694961105520974], [-0.4763551440515739, 0.29758321373234486, -0.29058223505456243, 0.48335612272935635, 0.3183287772791045, -0.4556095805048142, 0.47510985164718383, -0.29882850613673495, 0.027931847296497565, -0.8009164734295191, 0.7469602421383181, -0.02697811564560045]], "inverted": true, "swapped": false, "error_lsq": 0.07382730676362952, "error_max": 0.47345587983897636, "target": "140.xyz", "model": "0.xyz", "model_rescale": 4.5108708085295355, "target_rescale": 4.156650826124888},
{"mapping": [3, 2, 5, 4, 9, 10, 9, 7, 8, 1, 0, 11], "R": [[0.6492849099337562, 0.7600927766424409, 0.026231214769785908], [-0.7555459755813235, 0.6406851334829206, 0.13664859500499302], [0.08705966066543408, -0.10854275945431231, 0.9902722276499846]], "T": [-0.014813518719181636, 0.05361748958083629, 0.003911607783263334], "aligned_model": [[-0.3634265478033778, -0.34261775435384856, -0.3981818340425577, -0.37737304059302845, 0.6187357122159459, 0.5979269187664168, 0.6187357122159459, 0.2781706969230038, -0.5987516949605157, 0.09407389559802234, 0.13569148249708074, 0.11488268904755156], [0.5542211478334123, 0.6626222422387886, -0.34074786281278496, -0.2323467684074086, 0.15685766554459915, 0.048456571139222734, 0.15685766554459915, -0.5847371922466906, 0.1373243134916495, -0.002266033546467268, 0.21453615526428563, 0.1061350608589092], [-0.4564709506422537, 0.32909580350246354, -0.3320527070367337, 0.45351404710798354, 0.37342154377032066, -0.41214521037439655, 0.37342154377032066, -0.3163002198640637, 0.007828700200088835, -0.792337604289294, 0.778795904000141, -0.006770850144576403]], "inverted": true, "swapped": false, "error_lsq": 0.07088913566293369, "error_max": 0.6162650656445108, "target": "140.xyz", "model": "1.xyz", "model_rescale": 4.510870808529536, "target_rescale": 4.156650826124888},
{"mapping": [6, 0, 10, 3, 4, 5, 8, 1, 9, 7, 2, 11], "R": [[-0.2586038243825196, -0.9352231375828943, -0.2418299918214078], [0.3370492684010016, -0.321970745551032, 0.8847217809456613], [-0.905274462627266, 0.1472838142462361, 0.39847914045279165]], "T": [0.03499042659391367, 0.057970171055343585, 0.03566388075679083], "aligned_model": [[-0.08592405224554825, -0.292871996284406, -0.4383274569092344, 0.1987476864053444, 0.4086637001964246, 0.6005034755891098, 0.5146431432918293, 0.09080755450096399, -0.6301672323019194, 0.1059157231471368, 0.006907911012659362, -0.10103222089172094], [0.6749587037841934, 0.731553950011792, -0.33317911248482984, -0.5442688098535252, 0.5789904762144187, -0.12284483570576002, 0.03475453530676026, -0.6721166738285649, 0.3686561994353488, -0.026876608135985185, 0.1575665020666534, 0.029718638091613254], [-0.4121942488779341, 0.331946464232572, -0.3785258992798363, 0.4767749059402976, 0.1010354602239133, -0.21507152149234954, 0.37830111643819125, -0.30026749919995355, -0.062418917563573456, -0.7283012305941969, 0.7928818876565604, 0.015839482516309133]], "inverted": true, "swapped": false, "error_lsq": 0.07155017189472578, "error_max": 0.5697364428538177, "target": "140.xyz", "model": "2.xyz", "model_rescale": 4.5108708085295355, "target_rescale": 4.156650826124888},
{"mapping": [2, 3, 4, 5, 11, 9, 10, 7, 8, 0, 1, 13], "R": [[-0.5547462398497193, -0.8316409967491768, -0.025097049600176106], [0.8269887420951295, -0.5478289513605153, -0.12638457381798376], [0.09135770257900061, -0.09086634457968448, 0.991663792624402]], "T": [0.049749476302472145, 0.05088617731634888, -0.0023658962775885317], "aligned_model": [[-0.2608647611153525, -0.2807785329225212, -0.4023519139361216, -0.42226568574329026, 0.4445168060619793, 0.6339515550198145, 0.6140377832126458, 0.22064022599553262, -0.5712910779051441, 0.15400438408820094, 0.11417684047386364, 0.1340906122810323], [0.6587409342826271, 0.5584584866223281, -0.2269570798644388, -0.32723952752473795, 0.5441691974540507, 0.04334529881881626, -0.05693714884148286, -0.6490089817704339, 0.1690143865844858, 0.15472491404059924, -0.045839981279998984, 0.05444246638030011], [-0.33282804983164455, 0.45402804641702343, -0.4492883632972631, 0.33756773295140485, -0.32957806120464794, -0.3886123449323555, 0.39824375131631246, 0.3128298591177644, -0.0030281189112256576, -0.7866342467904572, 0.7870779457068784, 0.00022184945821056333]], "inverted": false, "swapped": false, "error_lsq": 0.052967636977672095, "error_max": 0.35906395930055945, "target": "140.xyz", "model": "3.xyz", "model_rescale": 4.509807743048502, "target_rescale": 4.156650826124888},
{"mapping": [5, 4, 3, 2, 6, 10, 9, 12, 8, 1, 0, 13], "R": [[-0.8231670157965266, -0.5673309766900032, -0.02305703781078805], [-0.5605099260016606, 0.8184149109195091, -0.12659248176027288], [0.09069005986465087, -0.09128305687573773, -0.9916868036679559]], "T": [0.056708294257075166, 0.08685714495028506, -0.0023455639064773586], "aligned_model": [[-0.2588410387752323, -0.24054595641184282, -0.4578932396171284, -0.43959815725373896, 0.4759929028386555, 0.6018966437437544, 0.6201917261071438, 0.2393374010096446, -0.5635916288988718, 0.11534411189269564, 0.1519342766194746, 0.13363919425608511], [0.5132523800759639, 0.6136997965826254, -0.3613341405506746, -0.26088672404401303, 0.6725498117042357, -0.12395959709607947, -0.02351218058941787, -0.5180359262221446, 0.2088111322988486, -0.048337945592404744, 0.1525568874209185, 0.05210947091425691], [-0.4495009686914733, 0.3373733861444657, -0.3332287425663913, 0.45364561226954775, 0.31320120502049653, -0.3881709357802628, 0.39870341905567624, -0.32943601820348284, -0.003491267502186699, -0.7865729180847357, 0.7871757915871429, 0.00030143675120376584]], "inverted": false, "swapped": false, "error_lsq": 0.05274247301309351, "error_max": 0.3620292233998348, "target": "140.xyz", "model": "4.xyz", "model_rescale": 4.509807743048502, "target_rescale": 4.156650826124888},
{"mapping": [4, 5, 2, 3, 7, 9, 10, 11, 8, 0, 1, 13], "R": [[0.8231670157965272, 0.5673309766900023, -0.02305703781078764], [0.5605099260016599, -0.8184149109195096, -0.12659248176027324], [-0.09069005986465065, 0.09128305687573836, -0.9916868036679558]], "T": [0.05670829425707517, 0.08685714495028501, -0.0023455639064774675], "aligned_model": [[-0.2588410387752316, -0.24054595641184245, -0.45789323961712874, -0.4395981572537396, 0.47599290283865586, 0.6018966437437544, 0.6201917261071436, 0.23933740100964418, -0.5635916288988716, 0.11534411189269592, 0.15193427661947423, 0.13363919425608506], [0.5132523800759639, 0.6136997965826259, -0.36133414055067437, -0.2608867240440125, 0.6725498117042354, -0.12395959709608012, -0.023512180589418202, -0.5180359262221448, 0.20881113229884912, -0.04833794559240509, 0.1525568874209187, 0.05210947091425683], [-0.4495009686914737, 0.33737338614446544, -0.33322874256639146, 0.4536456122695477, 0.3132012050204966, -0.38817093578026246, 0.3987034190556767, -0.32943601820348256, -0.0034912675021869944, -0.7865729180847354, 0.7871757915871427, 0.0003014367512039072]], "inverted": true, "swapped": false, "error_lsq": 0.05274247301309353, "error_max": 0.36202922339983457, "target": "140.xyz", "model": "5.xyz", "model_rescale": 4.509807743048502, "target_rescale": 4.156650826124888},
{"mapping": [2, 3, 4, 5, 11, 9, 10, 7, 8, 0, 1, 13], "R": [[-0.5547463000577431, -0.831640956497215, -0.025097052588742844], [0.826988702690545, -0.5478290110325801, -0.1263845730034907], [0.09135769367959146, -0.090866353219785, 0.991663792652572]], "T": [0.04974949391845168, 0.05088618796732773, -0.0023658944010030874], "aligned_model": [[-0.2608648859258674, -0.28077866079603103, -0.4023519789528762, -0.4222657538230399, 0.4445168983067736, 0.6339513215366588, 0.6140375466664951, 0.22064038794776847, -0.5712908136826489, 0.15400449961463242, 0.11417694987430509, 0.13409072474446876], [0.6587408822412985, 0.5584584317442159, -0.2269571730859124, -0.3272396235829949, 0.5441693133269189, 0.043345167729427585, -0.056937282767654904, -0.6490089216494075, 0.16901453916659054, 0.1547249944236268, -0.04583990657053813, 0.05444254392654434], [-0.3328280748709448, 0.4540280487295515, -0.44928839176721813, 0.33756773183327815, -0.32957805713073557, -0.38861237959265144, 0.3982437440078448, 0.3128298859283774, -0.00302809467344835, -0.7866342610885139, 0.7870779861124783, 0.0002218625119821591]], "inverted": false, "swapped": false, "error_lsq": 0.0529676296503088, "error_max": 0.35906389737421496, "target": "140.xyz", "model": "6.xyz", "model_rescale": 4.509807586411629, "target_rescale": 4.156650826124888},
{"mapping": [5, 4, 3, 2, 6, 10, 9, 12, 8, 1, 0, 13], "R": [[-0.8231670510951656, -0.5673309256170964, -0.023057034278890994], [-0.5605098754386741, 0.8184149453657843, -0.12659248294287712], [0.09069005197380454, -0.09128306546325676, -0.99168680359911]], "T": [0.05670830648548125, 0.08685712875809207, -0.0023455620505763103], "aligned_model": [[-0.2588410692555096, -0.24054598905914298, -0.45789333180207753, -0.4395982516057109, 0.47599302475054966, 0.6018964777054101, 0.6201915579017767, 0.23933744921724107, -0.5635914420470656, 0.11534418970535609, 0.15193435009808942, 0.13363926990172276], [0.5132524875536504, 0.6136999084874631, -0.3613340509761811, -0.26088663004236823, 0.67254970030842, -0.12395938273845011, -0.0235119618046373, -0.5180360661814111, 0.2088108860509696, -0.04833806285225975, 0.15255677901536596, 0.052109358081553134], [-0.4495009971879766, 0.33737338492344554, -0.33322876700072585, 0.4536456151106963, 0.31320123119117754, -0.3881709709389516, 0.39870341117247055, -0.32943601393083355, -0.0034912426935902606, -0.7865729323266598, 0.787175831896185, 0.00030144978476281383]], "inverted": false, "swapped": false, "error_lsq": 0.05274247002839313, "error_max": 0.36202916031418364, "target": "140.xyz", "model": "7.xyz", "model_rescale": 4.509807586411629, "target_rescale": 4.156650826124888},
{"mapping": [4, 5, 2, 3, 7, 9, 10, 11, 8, 0, 1, 13], "R": [[0.8231670510951656, 0.5673309256170962, -0.02305703427889131], [0.5605098754386739, -0.8184149453657844, -0.1265924829428773], [-0.09069005197380489, 0.09128306546325676, -0.9916868035991099]], "T": [0.05670830648548125, 0.08685712875809204, -0.0023455620505764374], "aligned_model": [[-0.25884106925550965, -0.2405459890591427, -0.45789333180207764, -0.43959825160571075, 0.4759930247505499, 0.6018964777054099, 0.6201915579017767, 0.23933744921724084, -0.5635914420470656, 0.11534418970535582, 0.15193435009808964, 0.13363926990172273], [0.5132524875536504, 0.6136999084874634, -0.3613340509761811, -0.26088663004236806, 0.67254970030842, -0.12395938273845036, -0.023511961804637355, -0.5180360661814112, 0.20881088605096976, -0.048338062852259944, 0.15255677901536607, 0.05210935808155311], [-0.4495009971879767, 0.33737338492344554, -0.3332287670007257, 0.45364561511069657, 0.3132012311911773, -0.38817097093895186, 0.3987034111724704, -0.3294360139308336, -0.00349124269359004, -0.7865729323266596, 0.7871758318961847, 0.0003014497847628676]], "inverted": true, "swapped": false, "error_lsq": 0.052742470028393135, "error_max": 0.3620291603141837, "target": "140.xyz", "model": "8.xyz", "model_rescale": 4.509807586411629, "target_rescale": 4.156650826124888},
{"mapping": [3, 2, 7, 6, 9, 12, 11, 4, 8, 1, 0, 13], "R": [[-0.5511934011594003, -0.8306472401680813, 0.07880987831155523], [0.8326371471241618, -0.5536820244813289, -0.012312473155068483], [0.053862934818570296, 0.05883347828750966, 0.9968136265547956]], "T": [0.0444336441053132, 0.05155464673443044, -0.06762318838437112], "aligned_model": [[-0.3051577170392538, -0.24262438978074752, -0.44839632401595614, -0.38586299675744984, 0.46051050494269485, 0.585669339737287, 0.6482026669957932, 0.2544684705688023, -0.5745871389678523, 0.06601461268393422, 0.19108126720094679, 0.12854793994244051], [0.6180564516188307, 0.6082868652463749, -0.27498611221890373, -0.2847556985913596, 0.49403926159631784, -0.000693730983362742, -0.010463317355818555, -0.6079709363740238, 0.1695356561489028, 0.06505776164417466, 0.04551858889926304, 0.05528817527171885], [-0.4309900570094761, 0.35995232306459635, -0.4306960656514548, 0.3602463144226177, 0.30295004648144075, -0.5090631439747506, 0.28187923609932186, 0.3056282569370674, -0.01722501037071837, -0.8651696800736203, 0.7167150800745244, -0.074227299999548]], "inverted": true, "swapped": false, "error_lsq": 0.05219956645467311, "error_max": 0.3483474669447938, "target": "140.xyz", "model": "9.xyz", "model_rescale": 4.509807504472865, "target_rescale": 4.156650826124888},
{"mapping": [3, 2, 7, 6, 10, 12, 11, 4, 8, 1, 0, 13], "R": [[-0.554746184725095, -0.8316410333365709, -0.02509705568052158], [0.826988778151813, -0.5478288953659112, -0.12638458059881041], [0.09135771091660694, -0.09086634730771388, 0.9916637916063245]], "T": [0.049749506541782146, 0.050886129106218966, -0.002365901698723249], "aligned_model": [[-0.2608647999206285, -0.2807785776058416, -0.40235183490047643, -0.4222656125856895, 0.444516796972518, 0.6339515225596527, 0.6140377448744395, 0.22064031174081927, -0.5712911648813084, 0.15400439410426453, 0.11417683873383827, 0.1340906164190514], [0.6587408809310379, 0.5584584225852586, -0.22695704820906154, -0.32723950655484085, 0.5441690911767455, 0.043345153971659806, -0.056937304374119535, -0.6490090203005617, 0.16901432512846357, 0.1547251151949569, -0.045839801496601815, 0.05444265684917753], [-0.3328280769071299, 0.45402806015960073, -0.44928838359987955, 0.3375677534668511, -0.32957809072837607, -0.3886123822868052, 0.3982437547799254, 0.3128298740850301, -0.0030281319878260665, -0.7866342627271944, 0.7870780114062674, 0.00022187433953661014]], "inverted": true, "swapped": false, "error_lsq": 0.052967634356014835, "error_max": 0.35906401797645776, "target": "140.xyz", "model": "10.xyz", "model_rescale": 4.509807504472865, "target_rescale": 4.156650826124888},
{"mapping": [3, 2, 7, 6, 9, 12, 11, 5, 8, 1, 0, 13], "R": [[-0.5547461847250951, -0.8316410333365709, 0.02509705568052174], [0.826988778151813, -0.5478288953659112, 0.12638458059881047], [-0.09135771091660691, 0.09086634730771406, 0.9916637916063245]], "T": [0.04974950654178215, 0.05088612910621898, 0.002365901698723365], "aligned_model": [[-0.2807785776058418, -0.2608647999206285, -0.4222656125856896, -0.4023518349004763, 0.4445167969725181, 0.6140377448744395, 0.6339515225596527, 0.22064031174081927, -0.5712911648813084, 0.11417683873383816, 0.15400439410426467, 0.1340906164190514], [0.5584584225852587, 0.658740880931038, -0.3272395065548409, -0.22695704820906148, 0.5441690911767456, -0.05693730437411956, 0.04334515397165984, -0.6490090203005616, 0.16901432512846354, -0.04583980149660183, 0.15472511519495696, 0.054442656849177526], [-0.4540280601596008, 0.33282807690713, -0.33756775346685103, 0.44928838359987977, 0.32957809072837607, -0.3982437547799256, 0.3886123822868052, -0.31282987408503016, 0.003028131987826084, -0.7870780114062671, 0.7866342627271944, -0.00022187433953670468]], "inverted": true, "swapped": false, "error_lsq": 0.05296763435601484, "error_max": 0.3590640179764575, "target": "140.xyz", "model": "11.xyz", "model_rescale": 4.509807504472865, "target_rescale": 4.156650826124888},
{"mapping": [6, 7, 2, 3, 4, 11, 12, 10, 8, 0, 1, 13], "R": [[-0.8231670483408656, -0.567330929494591, 0.023057037203220783], [-0.560509879399737, 0.8184149432848361, 0.12659247885783342], [-0.09069005249242926, 0.09128306002146362, -0.9916868040525891]], "T": [0.05670841394189682, 0.08685706866173312, 0.002345556893978125], "aligned_model": [[-0.24054587083120807, -0.2588409526172955, -0.4395981212190135, -0.4578932030051009, 0.47599298822225256, 0.6201916447393631, 0.6018965629532756, 0.23933755086344558, -0.5635915619506601, 0.1519341479046141, 0.11534398433243932, 0.13363906611852672], [0.613699824624725, 0.5132524109438344, -0.26088668033281115, -0.36133409401370176, 0.6725497987866857, -0.023512016736296007, -0.12395943041718654, -0.5180360999458719, 0.2088111813414642, 0.1525567705646481, -0.04833805679713296, 0.052109356883757556], [-0.33737337977768833, 0.4495009712682209, -0.4536456023277477, 0.33322874871816155, -0.31320120450756156, -0.3987033978723048, 0.38817095317360445, 0.3294359989040054, 0.00349127528518786, -0.7871758053338683, 0.7865728967579498, -0.00030145428795917565]], "inverted": true, "swapped": false, "error_lsq": 0.052742456644899564, "error_max": 0.36202911130163956, "target": "140.xyz", "model": "12.xyz", "model_rescale": 4.509807766519439, "target_rescale": 4.156650826124888},
{"mapping": [2, 3, 6, 7, 10, 11, 12, 4, 8, 0, 1, 13], "R": [[0.5547462941492476, 0.831640960559513, 0.02509704857801289], [-0.8269887065604826, 0.5478290057445865, 0.12638457060226085], [0.09135769452594938, -0.0908663479212646, 0.9916637930601051]], "T": [0.04974961598686499, 0.05088620362119401, 0.0023658893358057434], "aligned_model": [[-0.28077851994488917, -0.2608647490524167, -0.4222656137402559, -0.4023518428477834, 0.44451700626860857, 0.6140376474442928, 0.6339514183367654, 0.22064031570157877, -0.5712910348491945, 0.11417676517217192, 0.15400430695711698, 0.13409053606464444], [0.5584584303391187, 0.658740874925924, -0.3272395889440806, -0.22695714435727526, 0.5441693059355942, -0.05693726563158801, 0.04334517895521735, -0.6490089999370815, 0.16901431125308697, -0.04583982379907247, 0.15472506537453834, 0.05444262078773291], [-0.45402803603861164, 0.3328280564606435, -0.33756772648133365, 0.4492883660179215, 0.3295780420385981, -0.39824373055976203, 0.3886123619394931, -0.312829858999757, 0.00302812711078015, -0.7870779596619127, 0.7866342253365981, -0.00022186716265746535]], "inverted": false, "swapped": false, "error_lsq": 0.052967618658920496, "error_max": 0.3590638543804493, "target": "140.xyz", "model": "13.xyz", "model_rescale": 4.509807766519439, "target_rescale": 4.156650826124888},
{"mapping": [3, 2, 7, 6, 9, 12, 11, 5, 8, 1, 0, 13], "R": [[-0.5547462941492474, -0.8316409605595131, 0.025097048578012864], [0.8269887065604827, -0.5478290057445865, 0.12638457060226072], [-0.09135769452594933, 0.0908663479212645, 0.9916637930601052]], "T": [0.04974961598686499, 0.050886203621194025, 0.002365889335805859], "aligned_model": [[-0.28077851994488906, -0.2608647490524166, -0.42226561374025595, -0.40235184284778347, 0.4445170062686087, 0.6140376474442928, 0.6339514183367654, 0.22064031570157872, -0.5712910348491945, 0.11417676517217194, 0.15400430695711692, 0.13409053606464444], [0.5584584303391188, 0.6587408749259241, -0.3272395889440806, -0.2269571443572753, 0.5441693059355942, -0.056937265631588026, 0.04334517895521725, -0.6490089999370816, 0.16901431125308694, -0.045839823799072345, 0.1547250653745382, 0.0544426207877329], [-0.45402803603861175, 0.33282805646064373, -0.3375677264813339, 0.4492883660179216, 0.3295780420385983, -0.39824373055976214, 0.38861236193949333, -0.31282985899975724, 0.0030281271107800425, -0.7870779596619126, 0.7866342253365981, -0.00022186716265753994]], "inverted": true, "swapped": false, "error_lsq": 0.052967618658920496, "error_max": 0.35906385438044947, "target": "140.xyz", "model": "14.xyz", "model_rescale": 4.509807766519439, "target_rescale": 4.156650826124888},
{"mapping": [4, 0, 7, 8, 9, 10, 3, 1, 6, 5, 2, 11], "R": [[0.0025007537979715444, 0.9343430309291185, 0.3563661695288014], [0.428794960094925, 0.3209407204697652, -0.8444713945075581], [-0.9033983774767551, 0.1549198324893768, -0.3998389889365842]], "T": [0.037785435566123834, 0.05885649438462394, 0.03564415441715554], "aligned_model": [[-0.2435351982245596, -0.1201748547011172, -0.29508124904278515, -0.32831417121590445, 0.3716157041995794, 0.6543151785235423, 0.27630401699676876, 0.44522409394680856, -0.5777807233667481, 0.0391642760994033, -0.006395457327194182, 0.16252461962284565], [0.6216028555420848, 0.7902669954254138, -0.4305146604865986, -0.2560636868453617, 0.713449820942104, 0.04354442665462406, -0.5185920918307534, -0.5495437931495457, 0.23939073380088133, -0.04830253874539507, 0.15131330245672658, 0.12036160113793411], [-0.411622157404533, 0.3341061759064567, -0.21946937308840772, 0.37446946614390647, -0.05733745844811997, -0.374523211899562, 0.47581362218658535, -0.3002653309964272, 0.09771638036303432, -0.7288079108559751, 0.7929993756380274, 0.01692042245501477]], "inverted": false, "swapped": false, "error_lsq": 0.0673744171691524, "error_max": 0.5279946161953937, "target": "140.xyz", "model": "15.xyz", "model_rescale": 4.510870436145588, "target_rescale": 4.156650826124888},
{"mapping": [3, 2, 7, 6, 9, 10, 9, 5, 8, 1, 0, 11], "R": [[-0.6492849495681058, -0.7600927426134182, 0.026231219772526064], [0.7555459414620552, -0.6406851710939468, 0.13664860731283296], [-0.08705966117875141, 0.10854277574639593, 0.9902722258190971]], "T": [-0.01481348170953177, 0.0536173266466399, 0.003911629769355503], "aligned_model": [[-0.36342641448504626, -0.34261761534910545, -0.39818180032540157, -0.37737300118946077, 0.6187356445051408, 0.5979268453691999, 0.6187356445051408, 0.27817096762686544, -0.5987518420389986, 0.09407380316149422, 0.13569140143337582, 0.11488260229743504], [0.5542209905930052, 0.6626221037107795, -0.34074792683736055, -0.2323468137195863, 0.1568575603088965, 0.04845644719112227, 0.1568575603088965, -0.5847370996701879, 0.13732444995034804, -0.0022658820957071404, 0.21453634413984135, 0.10613523102206712], [-0.45647097037032974, 0.329095847172529, -0.3320527254604718, 0.4535140920823869, 0.3734215898333412, -0.4121452277095175, 0.3734215898333412, -0.31630026653009946, 0.007828687665821399, -0.7923376897151926, 0.7787959453705252, -0.006770872172333624]], "inverted": true, "swapped": false, "error_lsq": 0.07088913114973393, "error_max": 0.6162651686418089, "target": "140.xyz", "model": "16.xyz", "model_rescale": 4.510870436145588, "target_rescale": 4.156650826124888},
{"mapping": [4, 0, 7, 8, 9, 10, 3, 1, 6, 5, 2, 11], "R": [[0.0025007537979714334, 0.9343430309291187, 0.3563661695288006], [0.42879496009492557, 0.3209407204697644, -0.8444713945075583], [-0.9033983774767551, 0.15491983248937655, -0.39983898893658476]], "T": [0.03778543556612383, 0.05885649438462395, 0.035644154417155544], "aligned_model": [[-0.24353519822455946, -0.12017485470111658, -0.2950812490427856, -0.32831417121590434, 0.3716157041995798, 0.654315178523542, 0.27630401699676854, 0.44522409394680795, -0.577780723366748, 0.03916427609940288, -0.0063954573271938, 0.16252461962284578], [0.6216028555420854, 0.7902669954254139, -0.43051466048659814, -0.25606368684536185, 0.7134498209421039, 0.04354442665462391, -0.5185920918307537, -0.5495437931495458, 0.23939073380088183, -0.04830253874539456, 0.15131330245672625, 0.12036160113793379], [-0.4116221574045328, 0.3341061759064572, -0.21946937308840778, 0.3744694661439065, -0.057337458448119855, -0.3745232118995623, 0.4758136221865852, -0.3002653309964276, 0.09771638036303468, -0.7288079108559753, 0.7929993756380276, 0.016920422455014624]], "inverted": false, "swapped": false, "error_lsq": 0.06737441716915239, "error_max": 0.527994616195394, "target": "140.xyz", "model": "17.xyz", "model_rescale": 4.510870436145588, "target_rescale": 4.156650826124888},
{"mapping": [3, 11, 6, 2, 9, 7, 10, 8, 4, 5, 1, 12], "R": [[0.07020349665535133, -0.9064586360937704, -0.41641831144701563], [0.5927847660496629, 0.3736547950077801, -0.7134341702688065], [0.8022952637257735, -0.19676085794363524, 0.5635667436821268]], "T": [-0.02149779450190998, 0.04512205418273307, 0.10317969629287926], "aligned_model": [[-0.2933162006369929, -0.3203198473404916, -0.3452842771079781, -0.20862904937026044, 0.7606768276767858, 0.6116374006076287, 0.42702044560170177, 0.2779810185325447, -0.626972582712077, -0.011627895032894055, -0.01832693741215142, 0.1250273327048237], [0.676621786819285, 0.6231866950219018, -0.40352948802366145, -0.4370035588196197, 0.3544383707981883, 0.08648347304975079, -0.21720283122641948, -0.485157728974857, 0.10498058479467715, 0.16811171400094632, 0.27134630425693457, 0.13463764320498814], [-0.3645490265766116, 0.25872980152087705, -0.34858708646059616, 0.42088813723271257, 0.00638368261440303, -0.4429524954738844, 0.45794317360172543, 0.008606995513437979, 0.08701046441071082, -0.8001465774479186, 0.747344284819754, -0.030671353754609915]], "inverted": false, "swapped": false, "error_lsq": 0.05432913517208431, "error_max": 0.35763434229336966, "target": "140.xyz", "model": "18.xyz", "model_rescale": 4.466005644533647, "target_rescale": 4.156650826124888},
{"mapping": [0, 1, 4, 5, 11, 8, 9, 6, 12, 2, 3, 13], "R": [[-0.5547463195555445, -0.8316409435687124, 0.02509705002025772], [0.8269886899323751, -0.54782903089685, 0.12638457038164308], [-0.09135769077374843, 0.0908663517852454, 0.9916637930517219]], "T": [0.04974955542150362, 0.050886163407190835, 0.0023658959622746517], "aligned_model": [[-0.2807786022497844, -0.26086482997034904, -0.42226567046019314, -0.4023518981807578, 0.44451693737901177, 0.6140375948810511, 0.6339513671604865, 0.22064027664133254, -0.5712909221291715, 0.11417688853356914, 0.15400443309243977, 0.13409066081300447], [0.55845838679688, 0.6587408324302437, -0.32723964765429836, -0.22695720202093456, 0.5441692833051724, -0.05693728975873369, 0.04334515587463013, -0.6490090432164406, 0.16901437523647553, -0.04583974099699052, 0.1547251502697371, 0.05444270463637332], [-0.4540280327215557, 0.3328280693563045, -0.33756772186895345, 0.4492883802089067, 0.3295780510466765, -0.3982437319076334, 0.38861237017022676, -0.3128298578073232, 0.0030281170016022534, -0.7870779832372771, 0.7866342209184433, -0.00022188115941684274]], "inverted": false, "swapped": false, "error_lsq": 0.05296762509425681, "error_max": 0.35906388869362915, "target": "140.xyz", "model": "19.xyz", "model_rescale": 4.509807711582247, "target_rescale": 4.156650826124888},
{"mapping": [5, 4, 1, 0, 6, 9, 8, 11, 12, 3, 2, 13], "R": [[-0.8231670648898733, -0.5673309055445038, -0.023057035686417395], [-0.5605098556948945, 0.8184149594657907, -0.12659247920590352], [0.09069004878970957, -0.09128306379971005, -0.9916868040434231]], "T": [0.056708372723479256, 0.08685712859528885, -0.002345563552661135], "aligned_model": [[-0.2588409831272044, -0.2405459023217905, -0.45789326163089983, -0.43959818082548596, 0.47599296727393625, 0.601896524331839, 0.6201916051372529, 0.23933749621643016, -0.5635914814218402, 0.11534406982072, 0.15193423143154783, 0.1336391506261339], [0.5132524846679727, 0.6136998998486685, -0.3613340251153615, -0.2608866099346657, 0.6725498541490172, -0.12395938908318693, -0.023511973902491212, -0.5180360529526172, 0.20881107907828467, -0.048338182465197777, 0.1525566478961936, 0.05210923271549793], [-0.4495009854461606, 0.33737337517795485, -0.333228761622777, 0.45364559900133844, 0.31320120327320544, -0.38817096148749325, 0.39870339913662217, -0.32943600798340084, -0.003491265061096698, -0.786572892286846, 0.7871758289613844, 0.0003014683372692356]], "inverted": false, "swapped": false, "error_lsq": 0.05274246371602475, "error_max": 0.36202914843710665, "target": "140.xyz", "model": "20.xyz", "model_rescale": 4.509807711582248, "target_rescale": 4.156650826124888},
{"mapping": [11, 4, 2, 5, 10, 9, 8, 7, 3, 0, 6, 12], "R": [[0.07020349665535214, -0.9064586360937701, 0.41641831144701635], [0.592784766049663, 0.37365479500778115, 0.7134341702688061], [-0.8022952637257736, 0.19676085794363524, 0.563566743682127]], "T": [-0.021497794501910014, 0.0451220541827331, -0.1031796962928793], "aligned_model": [[-0.320319847340491, -0.2933162006369925, -0.208629049370261, -0.34528427710797877, 0.7606768276767862, 0.42702044560170166, 0.6116374006076287, 0.2779810185325442, -0.6269725827120771, -0.018326937412150995, -0.011627895032894145, 0.1250273327048238], [0.6231866950219025, 0.6766217868192853, -0.4370035588196195, -0.4035294880236612, 0.3544383707981874, -0.21720283122641984, 0.08648347304974993, -0.4851577289748574, 0.10498058479467806, 0.27134630425693496, 0.16811171400094613, 0.13463764320498806], [-0.2587298015208771, 0.36454902657661176, -0.4208881372327128, 0.3485870864605963, -0.006383682614402961, -0.4579431736017255, 0.44295249547388466, -0.008606995513437896, -0.0870104644107108, -0.7473442848197541, 0.8001465774479188, 0.030671353754609956]], "inverted": false, "swapped": false, "error_lsq": 0.05432913517208431, "error_max": 0.3576343422933706, "target": "140.xyz", "model": "21.xyz", "model_rescale": 4.466005644533646, "target_rescale": 4.156650826124888},
{"mapping": [3, 11, 6, 2, 9, 7, 10, 8, 4, 5, 1, 12], "R": [[0.07020361016767371, -0.9064586247699036, -0.41641831695985776], [0.5927847223539366, 0.37365487281965337, -0.7134341658218332], [0.8022952860781319, -0.19676076234448736, 0.5635667452382411]], "T": [-0.02149778819120836, 0.04512205301755166, 0.1031797003278344], "aligned_model": [[-0.2933160874812753, -0.3203200909338068, -0.34528424450208256, -0.20862915518798053, 0.7606767538353075, 0.6116374697937942, 0.4270203646589413, 0.27798108061742793, -0.6269724766576417, -0.011627855325716266, -0.018326757294714113, 0.12502723398838578], [0.6766217917963752, 0.6231868391087743, -0.4035294885786788, -0.4370035231163423, 0.3544383595701509, 0.08648340875080526, -0.21720284348987876, -0.48515779430922434, 0.10498058873634561, 0.16811171448135073, 0.2713462320087497, 0.1346376799436874], [-0.3645489507468788, 0.2587297940074145, -0.34858705774410653, 0.420888114763509, 0.006383611586065194, -0.44295252610610636, 0.45794310745280264, 0.008606969760631092, 0.0870105451198586, -0.800146553610844, 0.7473443266208833, -0.030671381103228493]], "inverted": false, "swapped": false, "error_lsq": 0.05432912969463461, "error_max": 0.35763430616884107, "target": "140.xyz", "model": "22.xyz", "model_rescale": 4.46600560860683, "target_rescale": 4.156650826124888},
{"mapping": [4, 5, 0, 1, 7, 8, 9, 10, 12, 2, 3, 13], "R": [[0.8231670266916495, 0.5673309609285575, -0.023057036659313537], [0.5605099104005211, -0.8184149215433038, -0.12659248215462063], [-0.09069005739566535, 0.09128305958472141, -0.9916868036443881]], "T": [0.05670837199129007, 0.08685713038563292, -0.0023455638308440404], "aligned_model": [[-0.25884095620836134, -0.2405458744800386, -0.4578931769914393, -0.43959809526311655, 0.4759929968779965, 0.6018966013814451, 0.6201916831097678, 0.23933747128364324, -0.5635916841056533, 0.11534400824047583, 0.15193417169712126, 0.13363908996879853], [0.5132523775818967, 0.6136997959310582, -0.36133415251136086, -0.2608867341621994, 0.672549798414363, -0.12395944400166786, -0.023512025652506374, -0.518035953715978, 0.20881131276393688, -0.048338088264304024, 0.15255674843401895, 0.05210933008485748], [-0.44950097690769686, 0.3373733898919336, -0.33322874899110627, 0.4536456178085242, 0.31320121090780306, -0.38817095969901344, 0.398703407100617, -0.32943602195118327, -0.0034912900006687842, -0.7865729095193669, 0.787175824079894, 0.0003014572802636597]], "inverted": true, "swapped": false, "error_lsq": 0.05274246271421521, "error_max": 0.3620292009574097, "target": "140.xyz", "model": "23.xyz", "model_rescale": 4.509807674373902, "target_rescale": 4.156650826124888},
{"mapping": [5, 4, 1, 0, 6, 9, 8, 11, 12, 3, 2, 13], "R": [[-0.8231670266916497, -0.5673309609285573, -0.023057036659313728], [-0.5605099104005209, 0.8184149215433039, -0.12659248215462066], [0.09069005739566549, -0.09128305958472133, -0.9916868036443881]], "T": [0.056708371991290064, 0.0868571303856329, -0.002345563830844062], "aligned_model": [[-0.25884095620836123, -0.24054587448003842, -0.4578931769914394, -0.4395980952631165, 0.4759929968779966, 0.6018966013814447, 0.6201916831097677, 0.23933747128364297, -0.5635916841056531, 0.11534400824047564, 0.15193417169712137, 0.1336390899687985], [0.5132523775818966, 0.6136997959310582, -0.3613341525113607, -0.2608867341621991, 0.6725497984143628, -0.12395944400166801, -0.02351202565250647, -0.5180359537159779, 0.20881131276393702, -0.048338088264304066, 0.15255674843401895, 0.05210933008485745], [-0.44950097690769686, 0.3373733898919338, -0.33322874899110627, 0.45364561780852436, 0.31320121090780306, -0.3881709596990136, 0.398703407100617, -0.3294360219511834, -0.0034912900006687088, -0.7865729095193668, 0.7871758240798938, 0.000301457280263625]], "inverted": false, "swapped": false, "error_lsq": 0.05274246271421521, "error_max": 0.3620292009574099, "target": "140.xyz", "model": "24.xyz", "model_rescale": 4.509807674373903, "target_rescale": 4.156650826124888},
{"mapping": [4, 11, 5, 2, 10, 8, 9, 7, 3, 6, 0, 12], "R": [[-0.07020361016767365, 0.9064586247699035, -0.4164183169598581], [-0.5927847223539365, -0.37365487281965365, -0.713434165821833], [-0.802295286078132, 0.19676076234448758, 0.5635667452382409]], "T": [-0.021497788191208442, 0.045122053017551615, 0.10317970032783441], "aligned_model": [[-0.2933160874812752, -0.32032009093380687, -0.34528424450208267, -0.20862915518798086, 0.7606767538353078, 0.6116374697937944, 0.42702036465894117, 0.2779810806174278, -0.6269724766576417, -0.011627855325716127, -0.018326757294714224, 0.12502723398838583], [0.6766217917963753, 0.6231868391087743, -0.4035294885786787, -0.43700352311634233, 0.3544383595701506, 0.08648340875080501, -0.21720284348987878, -0.4851577943092244, 0.10498058873634591, 0.1681117144813507, 0.27134623200874974, 0.13463767994368733], [-0.3645489507468789, 0.2587297940074146, -0.3485870577441068, 0.4208881147635089, 0.006383611586065513, -0.44295252610610614, 0.4579431074528027, 0.008606969760630995, 0.08701054511985831, -0.800146553610844, 0.7473443266208832, -0.03067138110322848]], "inverted": true, "swapped": false, "error_lsq": 0.054329129694634624, "error_max": 0.35763430616884145, "target": "140.xyz", "model": "25.xyz", "model_rescale": 4.466005608606829, "target_rescale": 4.156650826124888},
{"mapping": [3, 11, 6, 2, 9, 7, 10, 8, 4, 5, 1, 12], "R": [[0.07020344341098653, -0.9064586423534211, -0.41641830679742337], [0.5927847812088152, 0.37365475819373795, -0.7134341769542558], [0.8022952571843222, -0.1967608990169839, 0.5635667386544123]], "T": [-0.02149779124506522, 0.04512208821899752, 0.10317973510956495], "aligned_model": [[-0.2933161830633362, -0.32031986655125966, -0.345284233419961, -0.2086290402658954, 0.7606767814202308, 0.6116373882478502, 0.4270204175329878, 0.27798102436060734, -0.6269725469505791, -0.011627869532718063, -0.01832695988863546, 0.1250273236213476], [0.6766218424184793, 0.6231866289463783, -0.40352952002250286, -0.43700357224837516, 0.35443835265853696, 0.08648345395086385, -0.21720282994500797, -0.48515772865268103, 0.10498065981493437, 0.16811166258104202, 0.271346405045277, 0.1346376103551698], [-0.3645488981035473, 0.2587297231190911, -0.34858712345271, 0.4208880727223471, 0.0063836613669274594, -0.4429524988471211, 0.4579431287529248, 0.008606968538876228, 0.08701056928245006, -0.8001465908387073, 0.7473443821231194, -0.03067139466365039]], "inverted": false, "swapped": false, "error_lsq": 0.05432913768406914, "error_max": 0.35763432900853287, "target": "140.xyz", "model": "26.xyz", "model_rescale": 4.466005838112752, "target_rescale": 4.156650826124888},
{"mapping": [0, 1, 4, 5, 11, 8, 9, 6, 12, 2, 3, 13], "R": [[-0.5547463668226406, -0.8316409119507302, 0.025097052951260367], [0.8269886590198783, -0.5478290776767855, 0.1263845698821903], [-0.0913576835826311, 0.09086635913010088, 0.9916637930411978]], "T": [0.04974953545260401, 0.05088619588153004, 0.002365892263768191], "aligned_model": [[-0.28077870347516415, -0.2608649296714249, -0.42226571518126016, -0.4023519413775209, 0.4445169386889568, 0.6140376157059458, 0.633951389509685, 0.22064034733942672, -0.5712908622152585, 0.11417692492534513, 0.15400447253282357, 0.13409069872908436], [0.558458472887829, 0.6587409140893734, -0.32723953407429485, -0.22695709287275057, 0.5441692257352095, -0.05693731224047241, 0.043345128961071865, -0.6490090640825186, 0.1690142764648785, -0.045839791190281504, 0.15472509121280706, 0.054442650011262785], [-0.4540280238697361, 0.33282804653548487, -0.33756771797720586, 0.4492883524280151, 0.32957804127120244, -0.3982437152615113, 0.3886123551437097, -0.31282984176385426, 0.0030281299033950737, -0.7870779458750542, 0.7866341949353878, -0.0002218754698330599]], "inverted": false, "swapped": false, "error_lsq": 0.0529676316978892, "error_max": 0.3590638950269574, "target": "140.xyz", "model": "27.xyz", "model_rescale": 4.509807893063789, "target_rescale": 4.156650826124888},
{"mapping": [5, 4, 1, 0, 6, 9, 8, 11, 12, 3, 2, 13], "R": [[-0.823167099172526, -0.5673308559110185, -0.02305703300861401], [-0.5605098065323239, 0.8184149930332412, -0.12659247986944913], [0.09069004146534498, -0.09128307132032318, -0.9916868040209788]], "T": [0.056708342131328505, 0.0868571058209299, -0.0023455598753280207], "aligned_model": [[-0.2588410623121684, -0.2405459843677347, -0.45789338603852053, -0.4395983080940868, 0.47599304267186016, 0.6018965544937162, 0.6201916324381499, 0.23933751691693994, -0.5635913885203226, 0.11534412816316839, 0.1519342840520358, 0.13363920610760208], [0.5132524004480445, 0.6136998121130871, -0.361334062058827, -0.26088665039378434, 0.6725498456501459, -0.12395937445979383, -0.023511962794751207, -0.5180360007790505, 0.20881115044371235, -0.048338142753932195, 0.15255668057615296, 0.05210926891111041], [-0.44950095784369426, 0.3373733710975889, -0.33322873895355115, 0.453645589987732, 0.3132011873122721, -0.3881709462931313, 0.39870338264815186, -0.32943599807646856, -0.0034912780289133977, -0.7865728662246116, 0.787175791657954, 0.000301462716671357]], "inverted": false, "swapped": false, "error_lsq": 0.05274247188685496, "error_max": 0.3620291524432857, "target": "140.xyz", "model": "28.xyz", "model_rescale": 4.5098078930637895, "target_rescale": 4.156650826124888},
{"mapping": [4, 11, 5, 2, 10, 8, 9, 7, 3, 6, 0, 12], "R": [[-0.07020344341098642, 0.9064586423534211, -0.4164183067974234], [-0.5927847812088152, -0.373654758193738, -0.7134341769542558], [-0.8022952571843223, 0.19676089901698407, 0.5635667386544121]], "T": [-0.021497791245065262, 0.045122088218997464, 0.10317973510956498], "aligned_model": [[-0.2933161830633362, -0.32031986655125966, -0.34528423341996084, -0.20862904026589543, 0.7606767814202308, 0.6116373882478503, 0.4270204175329879, 0.27798102436060745, -0.626972546950579, -0.011627869532718021, -0.01832695988863549, 0.12502732362134758], [0.6766218424184791, 0.6231866289463782, -0.40352952002250275, -0.43700357224837516, 0.35443835265853674, 0.08648345395086368, -0.21720282994500792, -0.48515772865268103, 0.10498065981493448, 0.1681116625810419, 0.2713464050452771, 0.1346376103551698], [-0.3645488981035472, 0.2587297231190911, -0.3485871234527102, 0.42088807272234685, 0.00638366136692782, -0.4429524988471209, 0.4579431287529248, 0.008606968538876103, 0.08701056928244982, -0.8001465908387072, 0.7473443821231195, -0.030671394663650334]], "inverted": true, "swapped": false, "error_lsq": 0.05432913768406914, "error_max": 0.3576343290085331, "target": "140.xyz", "model": "29.xyz", "model_rescale": 4.466005838112752, "target_rescale": 4.156650826124888},
