[{"mapping": [2, 3, 4, 5, 9, 6, 10, 7, 8, 0, 1, 11], "R": [[-0.7369200643801785, -0.6732317895045894, -0.06089151266278283], [0.668756359699789, -0.7129479186929875, -0.21087957841484722], [0.09855835872720224, -0.19612297884691038, 0.9756136669262144]], "T": [0.007883665428859318, 0.10355550271483496, 0.005114864951201005], "aligned_model": [[-0.3718507790473158, -0.42015501966101043, -0.2951031937003503, -0.34340743431404497, 0.6431230498440715, 0.4050814517620351, 0.5948188092303769, 0.35677721114834043, -0.5808616377447452, 0.178118833278122, 0.08151035205073269, 0.12981459266442735], [0.6936934456105666, 0.5264061267246418, -0.18792755782950646, -0.35521487671543117, 0.304642273869121, -0.35195542480706, 0.1373549549831963, -0.5192427436929847, 0.12066843510327932, 0.336783429438022, 0.002208791666172688, 0.16949611055209735], [-0.2975832137323447, 0.47635514405157403, -0.48335612272935624, 0.29058223505456243, -0.31832877727910464, -0.4751098516471839, 0.45560958050481404, 0.2988285061367348, -0.027931847296497447, -0.746960242138318, 0.800916473429519, 0.02697811564560041]], "inverted": false, "swapped": false, "error_lsq": 0.07382730676362952, "error_max": 0.47345587983897675, "target": "141.xyz", "model": "0.xyz", "model_rescale": 4.5108708085295355, "target_rescale": 4.156650826124888},
{"mapping": [3, 2, 5, 4, 9, 10, 9, 7, 8, 1, 0, 11], "R": [[0.6492849099337559, 0.760092776642441, 0.02623121476978597], [-0.7555459755813236, 0.6406851334829202, 0.13664859500499302], [0.08705966066543407, -0.10854275945431233, 0.9902722276499845]], "T": [-0.014813518719181636, 0.053617489580836314, 0.003911607783263289], "aligned_model": [[-0.3634265478033776, -0.34261775435384834, -0.3981818340425578, -0.37737304059302856, 0.6187357122159459, 0.5979269187664166, 0.6187357122159459, 0.27817069692300356, -0.5987516949605156, 0.09407389559802232, 0.13569148249708082, 0.11488268904755158], [0.5542211478334124, 0.6626222422387887, -0.3407478628127848, -0.2323467684074084, 0.156857665544599, 0.04845657113922259, 0.156857665544599, -0.5847371922466906, 0.1373243134916497, -0.0022660335464672957, 0.2145361552642856, 0.10613506085890917], [-0.45647095064225374, 0.32909580350246337, -0.3320527070367337, 0.45351404710798343, 0.37342154377032055, -0.41214521037439655, 0.37342154377032055, -0.31630021986406376, 0.007828700200088804, -0.792337604289294, 0.7787959040001408, -0.006770850144576449]], "inverted": true, "swapped": false, "error_lsq": 0.07088913566293369, "error_max": 0.6162650656445109, "target": "141.xyz", "model": "1.xyz", "model_rescale": 4.510870808529536, "target_rescale": 4.156650826124888},
{"mapping": [6, 0, 10, 3, 4, 5, 8, 1, 9, 7, 2, 11], "R": [[-0.25860382438251966, -0.935223137582894, -0.24182999182140769], [0.33704926840100125, -0.32197074555103194, 0.8847217809456611], [-0.9052744626272657, 0.1472838142462362, 0.39847914045279137]], "T": [0.03499042659391367, 0.0579701710553436, 0.03566388075679079], "aligned_model": [[-0.08592405224554832, -0.2928719962844059, -0.4383274569092343, 0.19874768640534446, 0.4086637001964245, 0.6005034755891095, 0.5146431432918291, 0.09080755450096396, -0.6301672323019193, 0.10591572314713665, 0.006907911012659501, -0.10103222089172088], [0.6749587037841932, 0.7315539500117919, -0.33317911248482984, -0.5442688098535248, 0.5789904762144186, -0.12284483570575991, 0.034754535306760384, -0.6721166738285648, 0.3686561994353486, -0.026876608135985282, 0.15756650206665365, 0.02971863809161326], [-0.41219424887793416, 0.3319464642325718, -0.37852589927983615, 0.47677490594029764, 0.10103546022391309, -0.2150715214923496, 0.3783011164381911, -0.3002674991999533, -0.0624189175635735, -0.7283012305941967, 0.7928818876565603, 0.015839482516309112]], "inverted": true, "swapped": false, "error_lsq": 0.07155017189472575, "error_max": 0.5697364428538175, "target": "141.xyz", "model": "2.xyz", "model_rescale": 4.5108708085295355, "target_rescale": 4.156650826124888},
{"mapping": [2, 3, 4, 5, 11, 9, 10, 7, 8, 0, 1, 13], "R": [[-0.5547462398497195, -0.8316409967491767, -0.025097049600176093], [0.8269887420951294, -0.5478289513605158, -0.12638457381798368], [0.0913577025790005, -0.09086634457968445, 0.9916637926244021]], "T": [0.04974947630247216, 0.05088617731634888, -0.0023658962775885747], "aligned_model": [[-0.2608647611153527, -0.28077853292252136, -0.4023519139361214, -0.4222656857432901, 0.4445168060619792, 0.6339515550198145, 0.6140377832126458, 0.22064022599553285, -0.5712910779051442, 0.15400438408820094, 0.11417684047386366, 0.1340906122810323], [0.6587409342826271, 0.5584584866223281, -0.22695707986443908, -0.3272395275247381, 0.5441691974540509, 0.04334529881881648, -0.056937148841482585, -0.6490089817704339, 0.1690143865844856, 0.15472491404059918, -0.04583998127999889, 0.05444246638030015], [-0.3328280498316447, 0.4540280464170234, -0.44928836329726324, 0.33756773295140485, -0.3295780612046481, -0.3886123449323556, 0.3982437513163125, 0.31282985911776445, -0.003028118911225742, -0.7866342467904573, 0.7870779457068785, 0.000221849458210523]], "inverted": false, "swapped": false, "error_lsq": 0.052967636977672095, "error_max": 0.3590639593005594, "target": "141.xyz", "model": "3.xyz", "model_rescale": 4.509807743048502, "target_rescale": 4.156650826124888},
{"mapping": [5, 4, 3, 2, 6, 10, 9, 12, 8, 1, 0, 13], "R": [[-0.8231670157965271, -0.5673309766900028, -0.023057037810787558], [-0.5605099260016602, 0.8184149109195095, -0.1265924817602728], [0.09069005986465037, -0.09128305687573801, -0.9916868036679559]], "T": [0.05670829425707518, 0.08685714495028504, -0.0023455639064773894], "aligned_model": [[-0.25884103877523185, -0.2405459564118428, -0.45789323961712874, -0.43959815725373963, 0.4759929028386557, 0.6018966437437545, 0.6201917261071437, 0.23933740100964457, -0.5635916288988718, 0.11534411189269603, 0.1519342766194742, 0.13363919425608511], [0.513252380075964, 0.6136997965826255, -0.36133414055067437, -0.2608867240440128, 0.6725498117042354, -0.12395959709607976, -0.023512180589418244, -0.5180359262221447, 0.20881113229884896, -0.04833794559240473, 0.15255688742091839, 0.052109470914256856], [-0.44950096869147355, 0.3373733861444655, -0.3332287425663916, 0.4536456122695474, 0.3132012050204967, -0.3881709357802625, 0.3987034190556765, -0.32943601820348284, -0.003491267502187077, -0.7865729180847357, 0.7871757915871429, 0.0003014367512037767]], "inverted": false, "swapped": false, "error_lsq": 0.05274247301309352, "error_max": 0.3620292233998345, "target": "141.xyz", "model": "4.xyz", "model_rescale": 4.509807743048502, "target_rescale": 4.156650826124888},
{"mapping": [4, 5, 2, 3, 7, 9, 10, 11, 8, 0, 1, 13], "R": [[0.8231670157965272, 0.5673309766900023, -0.02305703781078771], [0.5605099260016599, -0.8184149109195096, -0.12659248176027324], [-0.0906900598646507, 0.09128305687573832, -0.9916868036679558]], "T": [0.05670829425707517, 0.08685714495028501, -0.002345563906477515], "aligned_model": [[-0.2588410387752316, -0.24054595641184245, -0.45789323961712874, -0.4395981572537396, 0.47599290283865586, 0.6018966437437544, 0.6201917261071436, 0.23933740100964418, -0.5635916288988716, 0.11534411189269586, 0.15193427661947428, 0.13363919425608506], [0.5132523800759639, 0.6136997965826259, -0.36133414055067437, -0.2608867240440125, 0.6725498117042354, -0.12395959709608012, -0.023512180589418202, -0.5180359262221448, 0.20881113229884912, -0.04833794559240509, 0.1525568874209187, 0.05210947091425683], [-0.44950096869147377, 0.3373733861444654, -0.3332287425663915, 0.45364561226954764, 0.3132012050204965, -0.38817093578026257, 0.3987034190556766, -0.3294360182034826, -0.0034912675021870005, -0.7865729180847355, 0.7871757915871426, 0.00030143675120385344]], "inverted": true, "swapped": false, "error_lsq": 0.05274247301309353, "error_max": 0.3620292233998344, "target": "141.xyz", "model": "5.xyz", "model_rescale": 4.509807743048502, "target_rescale": 4.156650826124888},
{"mapping": [2, 3, 4, 5, 11, 9, 10, 7, 8, 0, 1, 13], "R": [[-0.5547463000577428, -0.8316409564972153, -0.025097052588742976], [0.8269887026905453, -0.5478290110325799, -0.12638457300349068], [0.09135769367959139, -0.09086635321978509, 0.9916637926525721]], "T": [0.04974949391845168, 0.05088618796732772, -0.0023658944010031308], "aligned_model": [[-0.2608648859258672, -0.280778660796031, -0.40235197895287633, -0.4222657538230401, 0.4445168983067739, 0.633951321536659, 0.6140375466664951, 0.22064038794776825, -0.5712908136826489, 0.15400449961463256, 0.11417694987430499, 0.13409072474446876], [0.6587408822412986, 0.558458431744216, -0.22695717308591237, -0.32723962358299485, 0.5441693133269188, 0.04334516772942742, -0.05693728276765504, -0.6490089216494075, 0.16901453916659073, 0.15472499442362675, -0.04583990657053813, 0.0544425439265443], [-0.3328280748709449, 0.45402804872955144, -0.44928839176721824, 0.3375677318332781, -0.3295780571307357, -0.3886123795926515, 0.39824374400784485, 0.31282988592837746, -0.0030280946734484557, -0.786634261088514, 0.7870779861124784, 0.00022186251198212442]], "inverted": false, "swapped": false, "error_lsq": 0.052967629650308816, "error_max": 0.3590638973742148, "target": "141.xyz", "model": "6.xyz", "model_rescale": 4.509807586411629, "target_rescale": 4.156650826124888},
{"mapping": [5, 4, 3, 2, 6, 10, 9, 12, 8, 1, 0, 13], "R": [[-0.8231670510951656, -0.5673309256170965, -0.02305703427889081], [-0.5605098754386743, 0.8184149453657843, -0.12659248294287706], [0.09069005197380436, -0.0912830654632568, -0.99168680359911]], "T": [0.05670830648548126, 0.08685712875809207, -0.002345562050576351], "aligned_model": [[-0.25884106925550954, -0.24054598905914304, -0.45789333180207753, -0.439598251605711, 0.4759930247505496, 0.6018964777054102, 0.6201915579017768, 0.2393374492172412, -0.5635914420470657, 0.11534418970535623, 0.15193435009808928, 0.13363926990172276], [0.5132524875536504, 0.6136999084874631, -0.3613340509761811, -0.26088663004236834, 0.6725497003084201, -0.12395938273845006, -0.023511961804637285, -0.5180360661814111, 0.20881088605096954, -0.048338062852259694, 0.15255677901536593, 0.052109358081553134], [-0.44950099718797665, 0.3373733849234455, -0.333228767000726, 0.4536456151106961, 0.3132012311911776, -0.3881709709389516, 0.39870341117247055, -0.3294360139308336, -0.0034912426935903985, -0.7865729323266598, 0.787175831896185, 0.00030144978476278434]], "inverted": false, "swapped": false, "error_lsq": 0.052742470028393135, "error_max": 0.3620291603141835, "target": "141.xyz", "model": "7.xyz", "model_rescale": 4.509807586411629, "target_rescale": 4.156650826124888},
{"mapping": [4, 5, 2, 3, 7, 9, 10, 11, 8, 0, 1, 13], "R": [[0.8231670510951657, 0.567330925617096, -0.02305703427889126], [0.5605098754386737, -0.8184149453657844, -0.1265924829428775], [-0.09069005197380495, 0.09128306546325697, -0.9916868035991099]], "T": [0.05670830648548125, 0.08685712875809204, -0.0023455620505764847], "aligned_model": [[-0.2588410692555094, -0.2405459890591426, -0.45789333180207764, -0.4395982516057108, 0.4759930247505499, 0.6018964777054099, 0.6201915579017767, 0.23933744921724073, -0.5635914420470656, 0.11534418970535586, 0.1519343500980896, 0.13363926990172273], [0.5132524875536503, 0.6136999084874634, -0.361334050976181, -0.26088663004236784, 0.6725497003084199, -0.12395938273845053, -0.023511961804637355, -0.5180360661814112, 0.20881088605096987, -0.04833806285226011, 0.15255677901536624, 0.0521093580815531], [-0.44950099718797687, 0.3373733849234454, -0.33322876700072573, 0.4536456151106965, 0.31320123119117715, -0.3881709709389518, 0.39870341117247043, -0.32943601393083355, -0.003491242693590156, -0.7865729323266596, 0.7871758318961847, 0.0003014497847628325]], "inverted": true, "swapped": false, "error_lsq": 0.052742470028393135, "error_max": 0.3620291603141835, "target": "141.xyz", "model": "8.xyz", "model_rescale": 4.509807586411629, "target_rescale": 4.156650826124888},
{"mapping": [3, 2, 7, 6, 9, 12, 11, 4, 8, 1, 0, 13], "R": [[-0.5511934011594003, -0.8306472401680813, 0.07880987831155524], [0.8326371471241618, -0.5536820244813289, -0.012312473155068464], [0.05386293481857029, 0.05883347828750969, 0.9968136265547956]], "T": [0.0444336441053132, 0.05155464673443044, -0.06762318838437117], "aligned_model": [[-0.3051577170392538, -0.24262438978074746, -0.44839632401595614, -0.3858629967574498, 0.4605105049426949, 0.585669339737287, 0.6482026669957932, 0.2544684705688023, -0.5745871389678523, 0.0660146126839342, 0.1910812672009468, 0.12854793994244051], [0.6180564516188307, 0.6082868652463749, -0.27498611221890373, -0.2847556985913596, 0.49403926159631784, -0.0006937309833627489, -0.010463317355818548, -0.6079709363740238, 0.1695356561489028, 0.06505776164417465, 0.04551858889926305, 0.05528817527171885], [-0.4309900570094761, 0.35995232306459635, -0.4306960656514549, 0.36024631442261756, 0.30295004648144064, -0.5090631439747507, 0.28187923609932175, 0.3056282569370674, -0.017225010370718413, -0.8651696800736205, 0.7167150800745242, -0.07422729999954805]], "inverted": true, "swapped": false, "error_lsq": 0.05219956645467314, "error_max": 0.3483474669447939, "target": "141.xyz", "model": "9.xyz", "model_rescale": 4.509807504472865, "target_rescale": 4.156650826124888},
{"mapping": [2, 3, 6, 7, 10, 11, 12, 4, 8, 0, 1, 13], "R": [[0.554746184725095, 0.831641033336571, 0.025097055680521237], [-0.8269887781518127, 0.5478288953659112, 0.12638458059881047], [0.09135771091660716, -0.09086634730771366, 0.9916637916063245]], "T": [0.049749506541782146, 0.05088612910621898, 0.0023659016987232287], "aligned_model": [[-0.28077857760584146, -0.2608647999206286, -0.4222656125856895, -0.40235183490047666, 0.444516796972518, 0.6140377448744399, 0.6339515225596526, 0.22064031174081938, -0.5712911648813084, 0.11417683873383855, 0.15400439410426425, 0.1340906164190514], [0.5584584225852585, 0.6587408809310378, -0.3272395065548409, -0.22695704820906148, 0.5441690911767456, -0.056937304374119424, 0.04334515397165995, -0.6490090203005616, 0.16901432512846343, -0.04583980149660183, 0.154725115194957, 0.05444265684917756], [-0.45402806015960084, 0.3328280769071298, -0.3375677534668512, 0.44928838359987944, 0.3295780907283761, -0.39824375477992524, 0.3886123822868054, -0.31282987408503, 0.003028131987825845, -0.7870780114062674, 0.7866342627271944, -0.0002218743395366045]], "inverted": false, "swapped": false, "error_lsq": 0.05296763435601484, "error_max": 0.3590640179764578, "target": "141.xyz", "model": "10.xyz", "model_rescale": 4.509807504472865, "target_rescale": 4.156650826124888},
{"mapping": [3, 2, 7, 6, 9, 12, 11, 5, 8, 1, 0, 13], "R": [[-0.554746184725095, -0.8316410333365708, 0.025097055680521643], [0.8269887781518129, -0.5478288953659112, 0.12638458059881044], [-0.09135771091660691, 0.09086634730771397, 0.9916637916063245]], "T": [0.049749506541782146, 0.05088612910621899, 0.0023659016987233193], "aligned_model": [[-0.2807785776058417, -0.2608647999206285, -0.4222656125856895, -0.4023518349004763, 0.444516796972518, 0.6140377448744395, 0.6339515225596527, 0.22064031174081927, -0.5712911648813083, 0.11417683873383823, 0.15400439410426459, 0.1340906164190514], [0.5584584225852587, 0.658740880931038, -0.3272395065548409, -0.22695704820906154, 0.5441690911767456, -0.056937304374119486, 0.04334515397165989, -0.6490090203005616, 0.1690143251284635, -0.045839801496601794, 0.15472511519495694, 0.05444265684917754], [-0.45402806015960084, 0.33282807690712995, -0.33756775346685114, 0.44928838359987966, 0.32957809072837607, -0.3982437547799256, 0.3886123822868052, -0.3128298740850302, 0.00302813198782599, -0.7870780114062672, 0.7866342627271943, -0.00022187433953674328]], "inverted": true, "swapped": false, "error_lsq": 0.05296763435601484, "error_max": 0.3590640179764577, "target": "141.xyz", "model": "11.xyz", "model_rescale": 4.509807504472865, "target_rescale": 4.156650826124888},
{"mapping": [6, 7, 2, 3, 4, 11, 12, 10, 8, 0, 1, 13], "R": [[-0.8231670483408658, -0.5673309294945909, 0.023057037203220485], [-0.5605098793997368, 0.8184149432848363, 0.1265924788578334], [-0.090690052492429, 0.09128306002146379, -0.9916868040525894]], "T": [0.056708413941896824, 0.08685706866173311, 0.002345556893978071], "aligned_model": [[-0.24054587083120807, -0.25884095261729523, -0.43959812121901365, -0.45789320300510084, 0.47599298822225256, 0.620191644739363, 0.6018965629532758, 0.23933755086344563, -0.5635915619506601, 0.15193414790461388, 0.11534398433243956, 0.13363906611852672], [0.6136998246247252, 0.5132524109438346, -0.26088668033281115, -0.3613340940137017, 0.6725497987866857, -0.0235120167362962, -0.12395943041718673, -0.518036099945872, 0.20881118134146437, 0.15255677056464803, -0.048338056797132975, 0.05210935688375752], [-0.33737337977768844, 0.4495009712682211, -0.4536456023277477, 0.33322874871816177, -0.31320120450756184, -0.39870339787230513, 0.38817095317360434, 0.3294359989040054, 0.0034912752851880007, -0.7871758053338686, 0.7865728967579501, -0.000301454287959252]], "inverted": true, "swapped": false, "error_lsq": 0.05274245664489957, "error_max": 0.3620291113016397, "target": "141.xyz", "model": "12.xyz", "model_rescale": 4.509807766519439, "target_rescale": 4.156650826124888},
{"mapping": [3, 2, 7, 6, 10, 12, 11, 4, 8, 1, 0, 13], "R": [[-0.5547462941492474, -0.8316409605595131, -0.02509704857801285], [0.8269887065604827, -0.5478290057445865, -0.1263845706022607], [0.0913576945259493, -0.09086634792126447, 0.9916637930601052]], "T": [0.04974961598686499, 0.050886203621194004, -0.0023658893358057694], "aligned_model": [[-0.2608647490524166, -0.28077851994488906, -0.40235184284778347, -0.42226561374025595, 0.4445170062686087, 0.6339514183367654, 0.6140376474442928, 0.22064031570157872, -0.5712910348491945, 0.15400430695711692, 0.11417676517217194, 0.13409053606464444], [0.658740874925924, 0.5584584303391189, -0.22695714435727532, -0.32723958894408056, 0.5441693059355941, 0.043345178955217216, -0.05693726563158802, -0.6490089999370815, 0.16901431125308697, 0.15472506537453817, -0.04583982379907234, 0.0544426207877329], [-0.3328280564606437, 0.4540280360386116, -0.4492883660179215, 0.33756772648133376, -0.32957804203859825, -0.3886123619394933, 0.398243730559762, 0.31282985899975707, -0.0030281271107801483, -0.7866342253365982, 0.7870779596619129, 0.00022186716265743239]], "inverted": true, "swapped": false, "error_lsq": 0.052967618658920496, "error_max": 0.35906385438044947, "target": "141.xyz", "model": "13.xyz", "model_rescale": 4.509807766519439, "target_rescale": 4.156650826124888},
{"mapping": [2, 3, 6, 7, 9, 11, 12, 5, 8, 0, 1, 13], "R": [[0.5547462941492476, 0.831640960559513, -0.025097048578012926], [-0.8269887065604826, 0.5478290057445865, -0.12638457060226083], [-0.09135769452594936, 0.09086634792126463, 0.9916637930601051]], "T": [0.04974961598686499, 0.05088620362119403, -0.0023658893358058874], "aligned_model": [[-0.26086474905241663, -0.2807785199448892, -0.40235184284778336, -0.42226561374025595, 0.4445170062686086, 0.6339514183367654, 0.6140376474442928, 0.22064031570157877, -0.5712910348491945, 0.15400430695711698, 0.11417676517217189, 0.13409053606464444], [0.658740874925924, 0.5584584303391187, -0.22695714435727524, -0.32723958894408056, 0.5441693059355942, 0.043345178955217355, -0.05693726563158802, -0.6490089999370815, 0.16901431125308697, 0.15472506537453828, -0.04583982379907241, 0.05444262078773291], [-0.33282805646064373, 0.45402803603861164, -0.44928836601792166, 0.3375677264813337, -0.32957804203859825, -0.3886123619394933, 0.3982437305597621, 0.31282985899975707, -0.0030281271107801197, -0.786634225336598, 0.7870779596619125, 0.00022186716265751956]], "inverted": false, "swapped": false, "error_lsq": 0.0529676186589205, "error_max": 0.35906385438044947, "target": "141.xyz", "model": "14.xyz", "model_rescale": 4.509807766519439, "target_rescale": 4.156650826124888},
{"mapping": [4, 0, 7, 8, 9, 10, 3, 1, 6, 5, 2, 11], "R": [[0.002500753797972266, 0.934343030929119, 0.35636616952880074], [0.4287949600949253, 0.3209407204697642, -0.8444713945075586], [-0.9033983774767553, 0.15491983248937716, -0.3998389889365843]], "T": [0.03778543556612381, 0.058856494384623925, 0.0356441544171555], "aligned_model": [[-0.24353519822455905, -0.12017485470111665, -0.2950812490427857, -0.328314171215905, 0.3716157041995801, 0.6543151785235426, 0.27630401699676804, 0.44522409394680806, -0.5777807233667481, 0.039164276099403414, -0.00639545732719439, 0.16252461962284573], [0.6216028555420853, 0.790266995425414, -0.43051466048659826, -0.2560636868453614, 0.7134498209421037, 0.04354442665462349, -0.5185920918307538, -0.5495437931495462, 0.239390733800882, -0.048302538745394946, 0.15131330245672647, 0.12036160113793397], [-0.41162215740453323, 0.3341061759064568, -0.21946937308840797, 0.3744694661439064, -0.05733745844811987, -0.37452321189956195, 0.4758136221865855, -0.3002653309964272, 0.09771638036303412, -0.7288079108559753, 0.7929993756380276, 0.01692042245501477]], "inverted": false, "swapped": false, "error_lsq": 0.0673744171691524, "error_max": 0.5279946161953943, "target": "141.xyz", "model": "15.xyz", "model_rescale": 4.510870436145588, "target_rescale": 4.156650826124888},
{"mapping": [3, 2, 7, 6, 9, 10, 9, 5, 8, 1, 0, 11], "R": [[-0.6492849495681058, -0.7600927426134182, 0.026231219772526095], [0.7555459414620552, -0.6406851710939468, 0.136648607312833], [-0.08705966117875139, 0.10854277574639595, 0.9902722258190971]], "T": [-0.01481348170953177, 0.0536173266466399, 0.003911629769355459], "aligned_model": [[-0.36342641448504626, -0.34261761534910545, -0.39818180032540157, -0.37737300118946077, 0.6187356445051408, 0.5979268453691999, 0.6187356445051408, 0.27817096762686544, -0.5987518420389986, 0.09407380316149419, 0.13569140143337588, 0.11488260229743504], [0.5542209905930052, 0.6626221037107795, -0.34074792683736055, -0.2323468137195863, 0.1568575603088965, 0.048456447191122264, 0.1568575603088965, -0.5847370996701879, 0.13732444995034804, -0.0022658820957071543, 0.21453634413984138, 0.10613523102206712], [-0.4564709703703298, 0.32909584717252893, -0.3320527254604719, 0.45351409208238685, 0.37342158983334117, -0.41214522770951756, 0.37342158983334117, -0.31630026653009957, 0.007828687665821383, -0.7923376897151927, 0.7787959453705251, -0.006770872172333671]], "inverted": true, "swapped": false, "error_lsq": 0.07088913114973393, "error_max": 0.616265168641809, "target": "141.xyz", "model": "16.xyz", "model_rescale": 4.510870436145588, "target_rescale": 4.156650826124888},
{"mapping": [4, 0, 7, 8, 9, 10, 3, 1, 6, 5, 2, 11], "R": [[0.0025007537979714334, 0.9343430309291187, 0.3563661695288006], [0.42879496009492557, 0.3209407204697644, -0.8444713945075583], [-0.9033983774767551, 0.15491983248937655, -0.39983898893658476]], "T": [0.03778543556612383, 0.05885649438462395, 0.0356441544171555], "aligned_model": [[-0.24353519822455946, -0.12017485470111658, -0.2950812490427856, -0.32831417121590434, 0.3716157041995798, 0.654315178523542, 0.27630401699676854, 0.44522409394680795, -0.577780723366748, 0.03916427609940288, -0.0063954573271938, 0.16252461962284578], [0.6216028555420854, 0.7902669954254139, -0.43051466048659814, -0.25606368684536185, 0.7134498209421039, 0.04354442665462391, -0.5185920918307537, -0.5495437931495458, 0.23939073380088183, -0.04830253874539456, 0.15131330245672625, 0.12036160113793379], [-0.4116221574045328, 0.33410617590645714, -0.2194693730884078, 0.37446946614390647, -0.057337458448119896, -0.37452321189956234, 0.47581362218658513, -0.30026533099642766, 0.09771638036303464, -0.7288079108559753, 0.7929993756380276, 0.016920422455014583]], "inverted": false, "swapped": false, "error_lsq": 0.0673744171691524, "error_max": 0.527994616195394, "target": "141.xyz", "model": "17.xyz", "model_rescale": 4.510870436145588, "target_rescale": 4.156650826124888},
{"mapping": [3, 11, 6, 2, 9, 7, 10, 8, 4, 5, 1, 12], "R": [[0.07020349665535149, -0.9064586360937703, -0.4164183114470162], [0.592784766049663, 0.3736547950077806, -0.7134341702688063], [0.8022952637257736, -0.19676085794363551, 0.563566743682127]], "T": [-0.021497794501910028, 0.04512205418273311, 0.10317969629287924], "aligned_model": [[-0.2933162006369925, -0.3203198473404914, -0.3452842771079784, -0.2086290493702609, 0.760676827676786, 0.611637400607629, 0.4270204456017015, 0.2779810185325444, -0.626972582712077, -0.011627895032893854, -0.018326937412151495, 0.12502733270482372], [0.6766217868192851, 0.623186695021902, -0.40352948802366134, -0.4370035588196196, 0.35443837079818796, 0.08648347304975043, -0.21720283122641967, -0.48515772897485715, 0.10498058479467753, 0.16811171400094624, 0.2713463042569348, 0.1346376432049881], [-0.3645490265766119, 0.2587298015208769, -0.3485870864605961, 0.4208881372327128, 0.006383682614403002, -0.4429524954738845, 0.45794317360172565, 0.008606995513438076, 0.08701046441071067, -0.8001465774479187, 0.7473442848197541, -0.03067135375460997]], "inverted": false, "swapped": false, "error_lsq": 0.05432913517208431, "error_max": 0.35763434229337004, "target": "141.xyz", "model": "18.xyz", "model_rescale": 4.466005644533647, "target_rescale": 4.156650826124888},
{"mapping": [0, 1, 4, 5, 11, 8, 9, 6, 12, 2, 3, 13], "R": [[-0.5547463195555442, -0.8316409435687128, 0.02509705002025784], [0.8269886899323754, -0.5478290308968496, 0.12638457038164308], [-0.09135769077374842, 0.09086635178524546, 0.991663793051722]], "T": [0.04974955542150361, 0.05088616340719082, 0.0023658959622746057], "aligned_model": [[-0.28077860224978424, -0.26086482997034877, -0.4222656704601934, -0.40235189818075795, 0.4445169373790121, 0.6140375948810511, 0.6339513671604865, 0.22064027664133218, -0.5712909221291715, 0.11417688853356903, 0.15400443309243989, 0.13409066081300447], [0.5584583867968802, 0.658740832430244, -0.32723964765429825, -0.22695720202093445, 0.5441692833051723, -0.05693728975873395, 0.043345155874629865, -0.6490090432164408, 0.16901437523647583, -0.04583974099699056, 0.15472515026973707, 0.05444270463637326], [-0.4540280327215558, 0.3328280693563045, -0.33756772186895356, 0.4492883802089067, 0.3295780510466764, -0.39824373190763357, 0.3886123701702267, -0.3128298578073233, 0.003028117001602249, -0.7870779832372772, 0.7866342209184434, -0.00022188115941689478]], "inverted": false, "swapped": false, "error_lsq": 0.05296762509425682, "error_max": 0.3590638886936293, "target": "141.xyz", "model": "19.xyz", "model_rescale": 4.509807711582247, "target_rescale": 4.156650826124888},
{"mapping": [5, 4, 1, 0, 6, 9, 8, 11, 12, 3, 2, 13], "R": [[-0.8231670648898735, -0.5673309055445033, -0.023057035686416892], [-0.560509855694894, 0.8184149594657908, -0.12659247920590339], [0.09069004878970904, -0.0912830637997103, -0.991686804043423]], "T": [0.056708372723479256, 0.08685712859528884, -0.002345563552661165], "aligned_model": [[-0.25884098312720394, -0.24054590232179038, -0.4578932616308997, -0.4395981808254863, 0.47599296727393625, 0.601896524331839, 0.6201916051372525, 0.23933749621643005, -0.56359148142184, 0.11534406982072037, 0.15193423143154738, 0.13363915062613388], [0.5132524846679729, 0.6136998998486685, -0.36133402511536106, -0.2608866099346655, 0.6725498541490168, -0.12395938908318714, -0.02351197390249153, -0.5180360529526171, 0.20881107907828492, -0.04833818246519771, 0.15255664789619344, 0.05210923271549788], [-0.44950098544616074, 0.33737337517795457, -0.3332287616227773, 0.453645599001338, 0.3132012032732056, -0.38817096148749297, 0.39870339913662234, -0.3294360079834008, -0.003491265061097075, -0.7865728922868459, 0.7871758289613843, 0.0003014683372692473]], "inverted": false, "swapped": false, "error_lsq": 0.05274246371602475, "error_max": 0.36202914843710643, "target": "141.xyz", "model": "20.xyz", "model_rescale": 4.509807711582248, "target_rescale": 4.156650826124888},
{"mapping": [11, 4, 2, 5, 10, 9, 8, 7, 3, 0, 6, 12], "R": [[0.07020349665535132, -0.9064586360937701, 0.41641831144701597], [0.592784766049663, 0.3736547950077803, 0.7134341702688062], [-0.8022952637257734, 0.19676085794363551, 0.5635667436821268]], "T": [-0.02149779450191002, 0.04512205418273307, -0.10317969629287933], "aligned_model": [[-0.3203198473404915, -0.2933162006369926, -0.20862904937026072, -0.34528427710797815, 0.7606768276767859, 0.4270204456017016, 0.611637400607629, 0.2779810185325446, -0.6269725827120769, -0.01832693741215146, -0.011627895032893847, 0.12502733270482375], [0.623186695021902, 0.676621786819285, -0.4370035588196196, -0.4035294880236614, 0.354438370798188, -0.21720283122641937, 0.0864834730497504, -0.485157728974857, 0.1049805847946775, 0.27134630425693496, 0.16811171400094604, 0.1346376432049881], [-0.25872980152087693, 0.36454902657661176, -0.4208881372327127, 0.3485870864605963, -0.006383682614403266, -0.4579431736017256, 0.4429524954738843, -0.008606995513438062, -0.0870104644107106, -0.7473442848197541, 0.8001465774479185, 0.030671353754609873]], "inverted": false, "swapped": false, "error_lsq": 0.0543291351720843, "error_max": 0.3576343422933699, "target": "141.xyz", "model": "21.xyz", "model_rescale": 4.466005644533646, "target_rescale": 4.156650826124888},
{"mapping": [3, 11, 6, 2, 9, 7, 10, 8, 4, 5, 1, 12], "R": [[0.07020361016767411, -0.9064586247699034, -0.41641831695985787], [0.5927847223539364, 0.37365487281965387, -0.713434165821833], [0.802295286078132, -0.19676076234448714, 0.5635667452382411]], "T": [-0.021497788191208345, 0.04512205301755165, 0.10317970032783436], "aligned_model": [[-0.29331608748127513, -0.32032009093380653, -0.3452842445020828, -0.20862915518798064, 0.7606767538353074, 0.6116374697937941, 0.42702036465894117, 0.2779810806174277, -0.6269724766576414, -0.01162785532571639, -0.018326757294713877, 0.1250272339883858], [0.6766217917963754, 0.6231868391087744, -0.40352948857867854, -0.4370035231163423, 0.35443835957015046, 0.08648340875080504, -0.21720284348987903, -0.48515779430922445, 0.10498058873634589, 0.16811171448135095, 0.2713462320087495, 0.13463767994368733], [-0.36454895074687876, 0.2587297940074147, -0.3485870577441066, 0.42088811476350896, 0.006383611586065069, -0.4429525261061065, 0.4579431074528025, 0.008606969760630911, 0.08701054511985867, -0.8001465536108441, 0.7473443266208832, -0.030671381103228562]], "inverted": false, "swapped": false, "error_lsq": 0.054329129694634624, "error_max": 0.35763430616884134, "target": "141.xyz", "model": "22.xyz", "model_rescale": 4.46600560860683, "target_rescale": 4.156650826124888},
{"mapping": [4, 5, 0, 1, 7, 8, 9, 10, 12, 2, 3, 13], "R": [[0.8231670266916497, 0.5673309609285573, -0.023057036659313405], [0.5605099104005209, -0.8184149215433038, -0.12659248215462102], [-0.09069005739566544, 0.09128305958472181, -0.9916868036443881]], "T": [0.05670837199129008, 0.08685713038563292, -0.0023455638308440877], "aligned_model": [[-0.2588409562083612, -0.24054587448003856, -0.4578931769914393, -0.4395980952631166, 0.4759929968779965, 0.6018966013814451, 0.6201916831097677, 0.23933747128364316, -0.5635916841056531, 0.11534400824047594, 0.15193417169712117, 0.13363908996879856], [0.5132523775818965, 0.6136997959310583, -0.36133415251136086, -0.26088673416219904, 0.672549798414363, -0.12395944400166811, -0.02351202565250629, -0.5180359537159782, 0.20881131276393694, -0.04833808826430436, 0.15255674843401926, 0.052109330084857464], [-0.44950097690769714, 0.33737338989193333, -0.33322874899110627, 0.4536456178085242, 0.31320121090780284, -0.3881709596990134, 0.3987034071006171, -0.3294360219511831, -0.0034912900006689772, -0.7865729095193669, 0.787175824079894, 0.0003014572802636376]], "inverted": true, "swapped": false, "error_lsq": 0.05274246271421521, "error_max": 0.3620292009574093, "target": "141.xyz", "model": "23.xyz", "model_rescale": 4.509807674373902, "target_rescale": 4.156650826124888},
{"mapping": [5, 4, 1, 0, 6, 9, 8, 11, 12, 3, 2, 13], "R": [[-0.8231670266916495, -0.5673309609285573, -0.023057036659313863], [-0.5605099104005209, 0.8184149215433039, -0.12659248215462066], [0.0906900573956656, -0.09128305958472127, -0.9916868036443881]], "T": [0.05670837199129006, 0.0868571303856329, -0.0023455638308441116], "aligned_model": [[-0.25884095620836134, -0.24054587448003836, -0.4578931769914393, -0.43959809526311633, 0.47599299687799657, 0.6018966013814447, 0.6201916831097677, 0.23933747128364294, -0.5635916841056531, 0.11534400824047553, 0.15193417169712148, 0.1336390899687985], [0.5132523775818966, 0.6136997959310582, -0.3613341525113607, -0.2608867341621991, 0.6725497984143628, -0.12395944400166801, -0.02351202565250647, -0.5180359537159779, 0.20881131276393702, -0.048338088264304066, 0.15255674843401895, 0.05210933008485745], [-0.44950097690769686, 0.3373733898919338, -0.33322874899110627, 0.45364561780852436, 0.313201210907803, -0.3881709596990137, 0.3987034071006169, -0.32943602195118343, -0.003491290000668682, -0.7865729095193669, 0.7871758240798937, 0.00030145728026356603]], "inverted": false, "swapped": false, "error_lsq": 0.05274246271421521, "error_max": 0.36202920095740976, "target": "141.xyz", "model": "24.xyz", "model_rescale": 4.509807674373903, "target_rescale": 4.156650826124888},
{"mapping": [11, 4, 2, 5, 10, 9, 8, 7, 3, 0, 6, 12], "R": [[0.07020361016767371, -0.9064586247699036, 0.4164183169598578], [0.5927847223539364, 0.3736548728196536, 0.7134341658218333], [-0.8022952860781323, 0.1967607623444873, 0.5635667452382409]], "T": [-0.0214977881912084, 0.04512205301755158, -0.10317970032783445], "aligned_model": [[-0.32032009093380687, -0.2933160874812754, -0.20862915518798064, -0.34528424450208256, 0.7606767538353076, 0.4270203646589414, 0.6116374697937943, 0.277981080617428, -0.6269724766576417, -0.0183267572947141, -0.01162785532571628, 0.12502723398838583], [0.6231868391087743, 0.6766217917963753, -0.4370035231163425, -0.40352948857867865, 0.35443835957015063, -0.2172028434898789, 0.0864834087508052, -0.48515779430922434, 0.10498058873634579, 0.2713462320087496, 0.16811171448135087, 0.13463767994368736], [-0.25872979400741486, 0.36454895074687865, -0.42088811476350896, 0.348587057744107, -0.006383611586065471, -0.4579431074528027, 0.4429525261061063, -0.008606969760630842, -0.08701054511985852, -0.7473443266208835, 0.8001465536108442, 0.030671381103228493]], "inverted": false, "swapped": false, "error_lsq": 0.054329129694634624, "error_max": 0.35763430616884134, "target": "141.xyz", "model": "25.xyz", "model_rescale": 4.466005608606829, "target_rescale": 4.156650826124888},
{"mapping": [11, 3, 2, 6, 9, 10, 7, 8, 4, 1, 5, 12], "R": [[-0.07020344341098697, 0.9064586423534211, 0.4164183067974236], [-0.5927847812088152, -0.37365475819373833, 0.7134341769542557], [0.8022952571843223, -0.19676089901698388, 0.5635667386544125]], "T": [-0.021497791245065234, 0.04512208821899755, -0.103179735109565], "aligned_model": [[-0.3203198665512594, -0.293316183063336, -0.20862904026589557, -0.34528423341996134, 0.760676781420231, 0.4270204175329879, 0.6116373882478502, 0.2779810243606071, -0.6269725469505791, -0.01832695988863521, -0.011627869532718188, 0.1250273236213476], [0.6231866289463784, 0.6766218424184794, -0.4370035722483751, -0.4035295200225027, 0.3544383526585367, -0.2172028299450081, 0.08648345395086371, -0.48515772865268114, 0.10498065981493465, 0.271346405045277, 0.1681116625810421, 0.13463761035516977], [-0.25872972311909115, 0.36454889810354735, -0.42088807272234724, 0.3485871234527099, -0.006383661366927404, -0.457943128752925, 0.4429524988471213, -0.008606968538876256, -0.08701056928245017, -0.7473443821231196, 0.8001465908387074, 0.03067139466365036]], "inverted": true, "swapped": false, "error_lsq": 0.054329137684069155, "error_max": 0.35763432900853326, "target": "141.xyz", "model": "26.xyz", "model_rescale": 4.466005838112752, "target_rescale": 4.156650826124888},
{"mapping": [1, 0, 5, 4, 11, 9, 8, 6, 12, 3, 2, 13], "R": [[0.5547463668226416, 0.8316409119507293, -0.025097052951259934], [-0.8269886590198774, 0.5478290776767867, -0.12638456988219035], [-0.09135768358263127, 0.09086635913010066, 0.9916637930411977]], "T": [0.049749535452604035, 0.050886195881530066, -0.0023658922637682244], "aligned_model": [[-0.2608649296714257, -0.28077870347516465, -0.4023519413775205, -0.42226571518125944, 0.444516938688956, 0.633951389509685, 0.6140376157059461, 0.22064034733942772, -0.5712908622152584, 0.15400447253282323, 0.11417692492534547, 0.13409069872908436], [0.658740914089373, 0.5584584728878286, -0.22695709287275126, -0.3272395340742956, 0.5441692257352102, 0.04334512896107281, -0.05693731224047152, -0.6490090640825181, 0.1690142764648776, 0.15472509121280725, -0.04583979119028142, 0.05444265001126293], [-0.3328280465354847, 0.4540280238697362, -0.44928835242801496, 0.3375677179772059, -0.3295780412712025, -0.3886123551437098, 0.3982437152615111, 0.31282984176385414, -0.0030281299033949405, -0.7866341949353878, 0.787077945875054, 0.00022187546983300221]], "inverted": true, "swapped": false, "error_lsq": 0.0529676316978892, "error_max": 0.35906389502695746, "target": "141.xyz", "model": "27.xyz", "model_rescale": 4.509807893063789, "target_rescale": 4.156650826124888},
{"mapping": [5, 4, 1, 0, 6, 9, 8, 11, 12, 3, 2, 13], "R": [[-0.8231670991725267, -0.5673308559110175, -0.023057033008613784], [-0.5605098065323229, 0.8184149930332419, -0.12659247986944894], [0.09069004146534458, -0.09128307132032326, -0.9916868040209789]], "T": [0.056708342131328526, 0.08685710582092987, -0.002345559875328055], "aligned_model": [[-0.2588410623121677, -0.24054598436773417, -0.4578933860385211, -0.43959830809408756, 0.4759930426718608, 0.6018965544937163, 0.6201916324381498, 0.2393375169169393, -0.5635913885203225, 0.11534412816316852, 0.15193428405203557, 0.13363920610760205], [0.513252400448045, 0.6136998121130876, -0.36133406205882623, -0.2608866503937838, 0.6725498456501452, -0.12395937445979446, -0.02351196279475201, -0.5180360007790507, 0.20881115044371312, -0.04833814275393217, 0.15255668057615268, 0.052109268911110285], [-0.44950095784369437, 0.3373733710975889, -0.33322873895355143, 0.45364558998773186, 0.31320118731227237, -0.3881709462931312, 0.3987033826481521, -0.3294359980764686, -0.003491278028913647, -0.7865728662246116, 0.7871757916579543, 0.000301462716671347]], "inverted": false, "swapped": false, "error_lsq": 0.05274247188685497, "error_max": 0.36202915244328565, "target": "141.xyz", "model": "28.xyz", "model_rescale": 4.5098078930637895, "target_rescale": 4.156650826124888},
{"mapping": [4, 11, 5, 2, 10, 8, 9, 7, 3, 6, 0, 12], "R": [[-0.07020344341098697, 0.9064586423534211, -0.41641830679742364], [-0.5927847812088152, -0.3736547581937384, -0.7134341769542557], [-0.8022952571843223, 0.19676089901698388, 0.5635667386544125]], "T": [-0.021497791245065262, 0.045122088218997485, 0.10317973510956498], "aligned_model": [[-0.29331618306333607, -0.3203198665512593, -0.3452842334199613, -0.2086290402658956, 0.760676781420231, 0.6116373882478502, 0.4270204175329879, 0.2779810243606071, -0.626972546950579, -0.011627869532718216, -0.01832695988863517, 0.1250273236213476], [0.6766218424184792, 0.6231866289463784, -0.4035295200225026, -0.43700357224837505, 0.35443835265853646, 0.08648345395086349, -0.21720282994500806, -0.4851577286526811, 0.10498065981493476, 0.16811166258104193, 0.2713464050452771, 0.13463761035516977], [-0.36454889810354735, 0.2587297231190911, -0.3485871234527101, 0.42088807272234713, 0.006383661366927432, -0.44295249884712123, 0.4579431287529248, 0.008606968538876117, 0.08701056928245003, -0.8001465908387074, 0.7473443821231195, -0.030671394663650445]], "inverted": true, "swapped": false, "error_lsq": 0.054329137684069155, "error_max": 0.3576343290085334, "target": "141.xyz", "model": "29.xyz", "model_rescale": 4.466005838112752, "target_rescale": 4.156650826124888},
