[{"mapping": [5, 4, 3, 2, 8, 7, 11, 10, 9, 1, 0, 12], "R": [[-0.8645986425426888, 0.502463120351474, -7.12143475632596e-18], [0.502463120351474, 0.8645986425426888, -2.642704915400216e-17], [-7.12143475632596e-18, -2.642704915400216e-17, -1.0]], "T": [-0.013582972167217884, -0.07479133052968233, 1.130037239962653e-16], "aligned_model": [[-0.08964352235124881, -0.08964352235124881, 0.5822831089800526, 0.5822831089800526, 0.026383039211768426, 0.026383039211768426, -0.5539974439678316, -0.5539974439678316, 0.49073684791138633, -0.39526718375248115, -0.39526718375248115, -0.08964352235124881], [-0.04122545400009211, -0.04122545400009207, -0.0976572310468527, -0.09765723104685267, 0.5270280058192012, 0.5270280058192012, 0.09151392214878508, 0.09151392214878508, 0.39428843537177644, -0.6151410099814892, -0.6151410099814892, -0.04122545400009209], [-0.8041626345314968, 0.8041626345314971, -0.40208131726574853, 0.4020813172657486, -0.40208131726574853, 0.4020813172657486, -0.40208131726574853, 0.4020813172657486, 9.701584927062779e-17, -0.40208131726574853, 0.4020813172657486, 1.1265833717298648e-16]], "inverted": false, "swapped": true, "error_lsq": 0.025843784445923775, "error_max": 0.11171846483972411, "target": "50.xyz", "model": "0.xyz", "model_rescale": 4.5108708085295355, "target_rescale": 4.44984614596619},
{"mapping": [5, 4, 3, 2, 8, 7, 11, 10, 9, 1, 0, 12], "R": [[-0.8645986425426888, 0.502463120351474, -1.754578966192051e-17], [0.502463120351474, 0.8645986425426888, -4.040948097086774e-17], [-5.134207976369699e-18, -4.375409461582607e-17, -1.0]], "T": [-0.013582972167217863, -0.07479133052968233, 5.0172467274208555e-17], "aligned_model": [[-0.0896435223512488, -0.08964352235124877, 0.5822831089800528, 0.5822831089800528, 0.02638303921176844, 0.026383039211768454, -0.5539974439678315, -0.5539974439678315, 0.49073684791138633, -0.39526718375248115, -0.39526718375248115, -0.08964352235124878], [-0.04122545400009212, -0.04122545400009205, -0.0976572310468527, -0.09765723104685267, 0.5270280058192012, 0.5270280058192012, 0.09151392214878505, 0.0915139221487851, 0.39428843537177644, -0.6151410099814892, -0.6151410099814892, -0.04122545400009209], [-0.804162634531497, 0.804162634531497, -0.4020813172657486, 0.40208131726574853, -0.4020813172657486, 0.40208131726574853, -0.4020813172657486, 0.40208131726574853, 2.2368507914757683e-17, -0.40208131726574853, 0.4020813172657486, 5.0150630040414536e-17]], "inverted": false, "swapped": true, "error_lsq": 0.025843784445923775, "error_max": 0.11171846483972425, "target": "50.xyz", "model": "1.xyz", "model_rescale": 4.510870808529536, "target_rescale": 4.44984614596619},
{"mapping": [5, 4, 3, 2, 8, 7, 11, 10, 9, 1, 0, 12], "R": [[-0.8645986425426889, 0.5024631203514742, 5.063235171469368e-18], [0.5024631203514742, 0.8645986425426889, -8.590444943126372e-17], [-4.7541483969435e-17, -7.172878142331783e-17, -1.0000000000000002]], "T": [-0.013582972167217891, -0.07479133052968236, 1.6590180862795874e-16], "aligned_model": [[-0.08964352235124881, -0.08964352235124881, 0.5822831089800528, 0.5822831089800528, 0.026383039211768475, 0.026383039211768475, -0.5539974439678317, -0.5539974439678317, 0.49073684791138644, -0.39526718375248127, -0.39526718375248127, -0.08964352235124881], [-0.04122545400009217, -0.04122545400009203, -0.09765723104685284, -0.09765723104685275, 0.5270280058192014, 0.5270280058192014, 0.0915139221487851, 0.09151392214878516, 0.3942884353717765, -0.6151410099814894, -0.6151410099814894, -0.0412254540000921], [-0.8041626345314971, 0.8041626345314973, -0.4020813172657486, 0.40208131726574875, -0.40208131726574864, 0.4020813172657487, -0.4020813172657486, 0.40208131726574875, 1.2815925944953896e-16, -0.40208131726574853, 0.4020813172657488, 1.6263323803215341e-16]], "inverted": false, "swapped": true, "error_lsq": 0.02584378444592378, "error_max": 0.11171846483972427, "target": "50.xyz", "model": "2.xyz", "model_rescale": 4.5108708085295355, "target_rescale": 4.44984614596619},
{"mapping": [10, 9, 5, 4, 1, 0, 7, 3, 2, 8, 12, 11, 13], "R": [[-0.529683417658197, 0.8464503833818293, 0.05438037817711558], [-0.8461101338344821, -0.5317870496032084, 0.03605794360344988], [0.059440041054215534, -0.026912494255807152, 0.9978690290676449]], "T": [-0.03848302528741783, 0.015443937452192004, 0.03386244041614945], "aligned_model": [[0.1243269307016036, 0.16747616374129187, -0.5520129423474749, -0.5088637093077867, -0.043512561246828445, 0.042785904832548086, -0.5816114236368777, 0.3192845364405464, 0.3624337694802347, -0.18673419362081406, 0.5056555193056611, 0.5488047523453494, -0.00036332820714018305], [-0.5457109960608979, -0.5171000767618493, 0.28686833237214876, 0.31547925167119734, -0.08852773103742229, -0.03130589243932517, -0.4313514177622234, 0.5229735855298595, 0.5515845048289081, 0.6298283891249941, -0.16677142771794173, -0.13816050841889316, -0.05991681173837373], [-0.35231538332489676, 0.43946438580599717, -0.3455424307572145, 0.4462373383736794, -0.757271562504717, 0.8262879757570705, -0.3179765848897301, -0.40155675195157425, 0.3902230171793197, 0.019740862433865147, -0.3867894209394346, 0.40499034819145935, 0.03450820662617668]], "inverted": true, "swapped": false, "error_lsq": 0.03619558096919368, "error_max": 0.32527686506747794, "target": "50.xyz", "model": "3.xyz", "model_rescale": 4.509807743048502, "target_rescale": 4.44984614596619},
{"mapping": [9, 10, 4, 5, 0, 1, 7, 2, 3, 8, 11, 12, 13], "R": [[0.5296834176581969, -0.8464503833818295, -0.05438037817711578], [0.8461101338344823, 0.5317870496032083, -0.036057943603449924], [0.059440041054215666, -0.02691249425580731, 0.997869029067645]], "T": [-0.03848302528741783, 0.01544393745219198, -0.033862440416149296], "aligned_model": [[0.1674761637412921, 0.12432693070160368, -0.5088637093077867, -0.5520129423474751, 0.04278590483254828, -0.043512561246828584, -0.5816114236368776, 0.36243376948023465, 0.3192845364405462, -0.18673419362081423, 0.5488047523453496, 0.5056555193056613, -0.00036332820714014835], [-0.5171000767618492, -0.5457109960608979, 0.3154792516711972, 0.28686833237214865, -0.03130589243932516, -0.08852773103742237, -0.43135141776222363, 0.5515845048289083, 0.5229735855298596, 0.6298283891249941, -0.1381605084188931, -0.16677142771794168, -0.059916811738373765], [-0.439464385805997, 0.35231538332489676, -0.4462373383736793, 0.34554243075721447, -0.8262879757570705, 0.7572715625047176, 0.31797658488972996, -0.3902230171793194, 0.40155675195157436, -0.01974086243386511, -0.40499034819145907, 0.3867894209394347, -0.03450820662617662]], "inverted": false, "swapped": false, "error_lsq": 0.03619558096919368, "error_max": 0.3252768650674778, "target": "50.xyz", "model": "4.xyz", "model_rescale": 4.509807743048502, "target_rescale": 4.44984614596619},
{"mapping": [10, 9, 5, 4, 1, 0, 6, 3, 2, 8, 12, 11, 13], "R": [[-0.5296834176581968, 0.8464503833818298, -0.05438037817711555], [-0.8461101338344825, -0.5317870496032082, -0.036057943603449924], [-0.059440041054215534, 0.026912494255807135, 0.9978690290676451]], "T": [-0.03848302528741785, 0.01544393745219197, -0.033862440416149185], "aligned_model": [[0.16747616374129215, 0.12432693070160392, -0.5088637093077869, -0.5520129423474752, 0.04278590483254808, -0.04351256124682839, -0.5816114236368776, 0.3624337694802345, 0.3192845364405463, -0.1867341936208144, 0.5488047523453496, 0.5056555193056613, -0.0003633282071401414], [-0.5171000767618492, -0.5457109960608979, 0.31547925167119717, 0.2868683323721486, -0.031305892439325175, -0.08852773103742238, -0.43135141776222385, 0.5515845048289085, 0.5229735855298598, 0.6298283891249942, -0.138160508418893, -0.1667714277179416, -0.059916811738373765], [-0.4394643858059971, 0.35231538332489687, -0.4462373383736793, 0.3455424307572147, -0.8262879757570702, 0.7572715625047175, 0.3179765848897302, -0.3902230171793196, 0.40155675195157436, -0.01974086243386517, -0.4049903481914593, 0.3867894209394347, -0.03450820662617671]], "inverted": true, "swapped": false, "error_lsq": 0.03619558096919369, "error_max": 0.3252768650674781, "target": "50.xyz", "model": "5.xyz", "model_rescale": 4.509807743048502, "target_rescale": 4.44984614596619},
{"mapping": [10, 9, 5, 4, 1, 0, 6, 3, 2, 8, 12, 11, 13], "R": [[-0.529683334767487, 0.846450435373389, -0.05438037629324172], [-0.8461101859774487, -0.531786966635488, -0.03605794367172852], [-0.05944003747308316, 0.026912498450099027, 0.9978690291678421]], "T": [-0.03848301892064152, 0.015443927145545638, -0.033862441399756506], "aligned_model": [[0.1674759485033925, 0.1243267154598223, -0.5088638418032151, -0.5520130748467853, 0.0427860137479058, -0.04351245233923457, -0.5816112991492094, 0.36243364405168504, 0.31928441100811483, -0.18673397100805245, 0.548804888597562, 0.505655655553992, -0.00036321929566438677], [-0.5170999106700648, -0.545710831017019, 0.3154792625464386, 0.28686834219948426, -0.03130595954782167, -0.08852780024173026, -0.4313515538396849, 0.5515846094569032, 0.522973689109949, 0.6298282088484312, -0.13816052750648702, -0.1667714478534413, -0.05991687989477597], [-0.43946440668571346, 0.35231539002517165, -0.44623735901845263, 0.3455424376924325, -0.8262880008997963, 0.7572715925219736, 0.31797660056708166, -0.3902230356856109, 0.4015567610252742, -0.01974085745417132, -0.40499035730508115, 0.38678943940580396, -0.03450820418891137]], "inverted": true, "swapped": false, "error_lsq": 0.03619557806297323, "error_max": 0.3252768942099384, "target": "50.xyz", "model": "6.xyz", "model_rescale": 4.509807586411629, "target_rescale": 4.44984614596619},
{"mapping": [9, 10, 4, 5, 0, 1, 7, 2, 3, 8, 11, 12, 13], "R": [[0.5296833347674865, -0.8464504353733895, -0.05438037629324172], [0.8461101859774491, 0.5317869666354875, -0.03605794367172852], [0.05944003747308314, -0.02691249845009907, 0.9978690291678424]], "T": [-0.03848301892064152, 0.0154439271455456, -0.03386244139975655], "aligned_model": [[0.16747594850339287, 0.12432671545982271, -0.5088638418032153, -0.5520130748467855, 0.04278601374790585, -0.04351245233923452, -0.5816112991492092, 0.3624336440516848, 0.3192844110081146, -0.18673397100805286, 0.5488048885975622, 0.5056556555539921, -0.0003632192956643243], [-0.5170999106700649, -0.5457108310170191, 0.31547926254643827, 0.28686834219948393, -0.03130595954782168, -0.08852780024173029, -0.4313515538396854, 0.5515846094569035, 0.5229736891099492, 0.629828208848431, -0.1381605275064867, -0.16677144785344097, -0.05991687989477598], [-0.43946440668571324, 0.3523153900251717, -0.4462373590184525, 0.3455424376924324, -0.8262880008997966, 0.7572715925219738, 0.31797660056708166, -0.39022303568561073, 0.4015567610252742, -0.01974085745417148, -0.40499035730508093, 0.386789439405804, -0.03450820418891151]], "inverted": false, "swapped": false, "error_lsq": 0.03619557806297322, "error_max": 0.32527689420993844, "target": "50.xyz", "model": "7.xyz", "model_rescale": 4.509807586411629, "target_rescale": 4.44984614596619},
{"mapping": [10, 9, 5, 4, 1, 0, 6, 3, 2, 8, 12, 11, 13], "R": [[-0.529683334767487, 0.846450435373389, -0.05438037629324173], [-0.8461101859774487, -0.531786966635488, -0.0360579436717285], [-0.05944003747308316, 0.02691249845009905, 0.9978690291678421]], "T": [-0.03848301892064152, 0.015443927145545638, -0.033862441399756436], "aligned_model": [[0.1674759485033925, 0.1243267154598223, -0.5088638418032151, -0.5520130748467853, 0.0427860137479058, -0.04351245233923458, -0.5816112991492094, 0.36243364405168504, 0.31928441100811483, -0.18673397100805242, 0.548804888597562, 0.505655655553992, -0.0003632192956643729], [-0.5170999106700648, -0.545710831017019, 0.3154792625464386, 0.2868683421994843, -0.031305959547821685, -0.08852780024173025, -0.4313515538396848, 0.5515846094569032, 0.522973689109949, 0.6298282088484312, -0.13816052750648702, -0.1667714478534413, -0.059916879894775954], [-0.4394644066857133, 0.35231539002517176, -0.4462373590184525, 0.34554243769243254, -0.8262880008997963, 0.7572715925219736, 0.3179766005670817, -0.3902230356856108, 0.40155676102527427, -0.019740857454171555, -0.40499035730508104, 0.386789439405804, -0.034508204188911595]], "inverted": true, "swapped": false, "error_lsq": 0.03619557806297324, "error_max": 0.32527689420993844, "target": "50.xyz", "model": "8.xyz", "model_rescale": 4.509807586411629, "target_rescale": 4.44984614596619},
{"mapping": [11, 12, 6, 7, 0, 1, 4, 2, 3, 8, 9, 10, 13], "R": [[-0.5296834670779966, 0.8464503523068376, 0.05438038050495237], [-0.8461101027663858, -0.5317870991112876, 0.0360579424739909], [0.05944004290786593, -0.026912493352197957, 0.9978690289815989]], "T": [-0.038483048576690854, 0.015443892309865044, 0.03386244505154721], "aligned_model": [[0.12432678930930233, 0.1674760264787205, -0.5520128831842022, -0.508863646014784, -0.04351237975499455, 0.042786094583841805, -0.5816114079944339, 0.3192844677875084, 0.3624337049569266, -0.18673428270675443, 0.5056554202176705, 0.5488046573870887, -0.0003631425855763759], [-0.5457110222346346, -0.5171001023182178, 0.2868682718534525, 0.3154791917698693, -0.08852765435297619, -0.03130581452014241, -0.43135151449000797, 0.5229736043999409, 0.5515845243163577, 0.629828444075911, -0.16677145619461425, -0.13816053627819735, -0.059916734436559295], [-0.35231539501970255, 0.43946441592926366, -0.3455424496198187, 0.4462373613291475, -0.7572716156709846, 0.8262880062269476, -0.31797660081369505, -0.40155676848750366, 0.39022304246146255, 0.01974086807811557, -0.3867894353200896, 0.40499037562887663, 0.03450819527798152]], "inverted": false, "swapped": false, "error_lsq": 0.03619556634641964, "error_max": 0.3252768973549945, "target": "50.xyz", "model": "9.xyz", "model_rescale": 4.509807504472865, "target_rescale": 4.44984614596619},
{"mapping": [12, 11, 7, 6, 1, 0, 4, 3, 2, 8, 10, 9, 13], "R": [[0.5296834670779966, -0.8464503523068376, -0.05438038050495284], [0.8461101027663858, 0.5317870991112876, -0.03605794247399108], [0.059440042907866315, -0.026912493352198252, 0.9978690289815989]], "T": [-0.03848304857669084, 0.015443892309865051, -0.033862445051547174], "aligned_model": [[0.16747602647872067, 0.12432678930930215, -0.5088636460147838, -0.5520128831842023, 0.04278609458384221, -0.04351237975499492, -0.581611407994434, 0.3624337049569268, 0.31928446778750824, -0.1867342827067544, 0.548804657387089, 0.5056554202176703, -0.00036314258557636897], [-0.5171001023182177, -0.5457110222346347, 0.31547919176986944, 0.2868682718534524, -0.03130581452014225, -0.08852765435297633, -0.4313515144900081, 0.5515845243163578, 0.5229736043999408, 0.629828444075911, -0.1381605362781973, -0.1667714561946143, -0.05991673443655929], [-0.43946441592926344, 0.35231539501970255, -0.44623736132914743, 0.34554244961981856, -0.8262880062269478, 0.7572716156709847, 0.3179766008136947, -0.39022304246146206, 0.40155676848750393, -0.019740868078115398, -0.4049903756288762, 0.3867894353200898, -0.03450819527798138]], "inverted": true, "swapped": false, "error_lsq": 0.036195566346419634, "error_max": 0.3252768973549942, "target": "50.xyz", "model": "10.xyz", "model_rescale": 4.509807504472865, "target_rescale": 4.44984614596619},
{"mapping": [12, 11, 7, 6, 1, 0, 5, 3, 2, 8, 10, 9, 13], "R": [[0.5296834670779966, -0.8464503523068377, 0.054380380504952835], [0.8461101027663859, 0.5317870991112876, 0.03605794247399105], [-0.059440042907866295, 0.026912493352198277, 0.9978690289815989]], "T": [-0.03848304857669084, 0.015443892309865051, 0.03386244505154737], "aligned_model": [[0.1243267893093022, 0.16747602647872073, -0.5520128831842024, -0.5088636460147838, -0.043512379754994904, 0.04278609458384218, -0.5816114079944341, 0.31928446778750824, 0.3624337049569268, -0.18673428270675452, 0.5056554202176704, 0.548804657387089, -0.0003631425855763759], [-0.5457110222346349, -0.5171001023182178, 0.2868682718534524, 0.3154791917698694, -0.08852765435297631, -0.03130581452014229, -0.4313515144900081, 0.5229736043999408, 0.5515845243163578, 0.6298284440759111, -0.1667714561946143, -0.1381605362781973, -0.059916734436559316], [-0.35231539501970255, 0.43946441592926366, -0.3455424496198185, 0.4462373613291476, -0.7572716156709844, 0.8262880062269478, -0.3179766008136947, -0.4015567684875039, 0.3902230424614622, 0.01974086807811542, -0.3867894353200898, 0.4049903756288763, 0.03450819527798137]], "inverted": true, "swapped": false, "error_lsq": 0.036195566346419634, "error_max": 0.3252768973549942, "target": "50.xyz", "model": "11.xyz", "model_rescale": 4.509807504472865, "target_rescale": 4.44984614596619},
{"mapping": [11, 12, 6, 7, 0, 1, 4, 2, 3, 8, 9, 10, 13], "R": [[-0.5296833577212625, 0.8464504210915145, 0.05438037501826319], [-0.8461101715714285, -0.5317869895190179, 0.03605794422409145], [0.05944003799205394, -0.02691249546767853, 0.9978690292173645]], "T": [-0.03848295759403704, 0.015443831333030546, 0.033862440233583965], "aligned_model": [[0.12432675601953848, 0.16747598632820337, -0.5520129848364355, -0.5088637545277706, -0.04351246207366832, 0.042785998543661496, -0.5816114150805559, 0.3192844727155374, 0.3624337030242023, -0.18673426254082987, 0.5056556911823844, 0.5488049214910493, -0.00036323176500341336], [-0.5457109095911481, -0.517099989948542, 0.2868682486295453, 0.3154791682721515, -0.08852758783355932, -0.03130574854834701, -0.4313514999542025, 0.5229735624981449, 0.551584482140751, 0.6298283283048807, -0.1667715519155732, -0.13816063227296704, -0.05991666819095317], [-0.35231537426649784, 0.4394643908624392, -0.3455424254121369, 0.44623733971680013, -0.7572715691062744, 0.8262879611515994, -0.3179765820335976, -0.4015567450232585, 0.39022302010567855, 0.01974086721006202, -0.38678942217820633, 0.4049903429507307, 0.03450819602266246]], "inverted": false, "swapped": false, "error_lsq": 0.036195570380460236, "error_max": 0.32527687693214, "target": "50.xyz", "model": "12.xyz", "model_rescale": 4.509807766519439, "target_rescale": 4.44984614596619},
{"mapping": [11, 12, 6, 7, 0, 1, 4, 2, 3, 8, 9, 10, 13], "R": [[-0.5296833577212631, 0.8464504210915142, 0.054380375018263136], [-0.8461101715714283, -0.5317869895190185, 0.036057944224091476], [0.059440037992053954, -0.026912495467678432, 0.9978690292173646]], "T": [-0.038482957594037054, 0.015443831333030577, 0.03386244023358402], "aligned_model": [[0.12432675601953819, 0.16747598632820304, -0.5520129848364353, -0.5088637545277704, -0.04351246207366833, 0.04278599854366141, -0.5816114150805561, 0.3192844727155376, 0.3624337030242025, -0.1867342625408296, 0.5056556911823844, 0.5488049214910493, -0.0003632317650034689], [-0.545710909591148, -0.5170999899485419, 0.2868682486295456, 0.3154791682721518, -0.08852758783355934, -0.03130574854834697, -0.4313514999542022, 0.5229735624981448, 0.5515844821407508, 0.629828328304881, -0.16677155191557347, -0.13816063227296732, -0.05991666819095316], [-0.3523153742664977, 0.43946439086243905, -0.34554242541213687, 0.4462373397167999, -0.7572715691062745, 0.8262879611515996, -0.3179765820335975, -0.4015567450232584, 0.3902230201056784, 0.01974086721006193, -0.38678942217820617, 0.4049903429507306, 0.034508196022662425]], "inverted": false, "swapped": false, "error_lsq": 0.036195570380460236, "error_max": 0.32527687693213997, "target": "50.xyz", "model": "13.xyz", "model_rescale": 4.509807766519439, "target_rescale": 4.44984614596619},
{"mapping": [12, 11, 7, 6, 1, 0, 4, 3, 2, 8, 10, 9, 13], "R": [[0.529683357721263, -0.8464504210915145, -0.05438037501826323], [0.8461101715714285, 0.5317869895190184, -0.03605794422409154], [0.05944003799205405, -0.026912495467678495, 0.9978690292173646]], "T": [-0.038482957594037054, 0.015443831333030563, -0.03386244023358381], "aligned_model": [[0.16747598632820324, 0.12432675601953827, -0.5088637545277706, -0.5520129848364355, 0.042785998543661496, -0.04351246207366838, -0.5816114150805561, 0.3624337030242025, 0.3192844727155376, -0.18673426254082967, 0.5488049214910494, 0.5056556911823845, -0.00036323176500342724], [-0.517099989948542, -0.5457109095911483, 0.3154791682721517, 0.2868682486295455, -0.031305748548346946, -0.0885275878335594, -0.4313514999542024, 0.5515844821407511, 0.5229735624981448, 0.6298283283048809, -0.13816063227296718, -0.1667715519155734, -0.05991666819095316], [-0.4394643908624391, 0.3523153742664979, -0.44623733971679996, 0.34554242541213703, -0.8262879611515992, 0.7572715691062746, 0.31797658203359763, -0.3902230201056783, 0.4015567450232587, -0.019740867210062095, -0.40499034295073055, 0.38678942217820644, -0.03450819602266261]], "inverted": true, "swapped": false, "error_lsq": 0.03619557038046024, "error_max": 0.3252768769321401, "target": "50.xyz", "model": "14.xyz", "model_rescale": 4.509807766519439, "target_rescale": 4.44984614596619},
{"mapping": [5, 4, 3, 2, 11, 10, 8, 7, 9, 1, 0, 12], "R": [[0.8645986380501758, -0.5024631280818339, -2.085479862746498e-16], [-0.5024631280818339, -0.8645986380501758, 8.282426600182404e-17], [-2.2192644467752736e-16, 3.3177925956045357e-17, -1.0000000000000002]], "T": [0.013582828266283719, 0.07479144102907954, 1.2293454016570798e-16], "aligned_model": [[0.08964337815020262, 0.08964337815020296, -0.5822832526765434, -0.5822832526765431, 0.5539972985799653, 0.5539972985799655, -0.02638318849355777, -0.026383188493557603, -0.49073699600635373, 0.39526704468280305, 0.39526704468280327, 0.08964337815020279], [0.04122556381943345, 0.04122556381943331, 0.09765734687387712, 0.09765734687387703, -0.09151381648122324, -0.0915138164812233, -0.5270278949624687, -0.5270278949624687, -0.3942883203632655, 0.6151411170682554, 0.6151411170682554, 0.04122556381943338], [-0.8041626345314971, 0.8041626345314973, -0.40208131726574853, 0.4020813172657488, -0.40208131726574875, 0.4020813172657486, -0.4020813172657487, 0.40208131726574864, 1.8925823702252e-16, -0.4020813172657487, 0.40208131726574864, 1.0429219650987781e-16]], "inverted": false, "swapped": true, "error_lsq": 0.025843788931502108, "error_max": 0.11171861715136393, "target": "50.xyz", "model": "15.xyz", "model_rescale": 4.510870436145588, "target_rescale": 4.44984614596619},
{"mapping": [4, 5, 2, 3, 10, 11, 7, 8, 9, 0, 1, 12], "R": [[-0.8645986380501756, 0.5024631280818341, -2.2097151902214184e-19], [0.5024631280818341, 0.8645986380501756, -5.46225195166634e-17], [-2.72547503456593e-17, -4.733758602164116e-17, -1.0]], "T": [0.01358282826628374, 0.07479144102907954, -6.816874691334957e-17], "aligned_model": [[0.08964337815020278, 0.08964337815020278, -0.5822832526765432, -0.5822832526765432, 0.5539972985799653, 0.5539972985799653, -0.026383188493557887, -0.026383188493557887, -0.4907369960063537, 0.39526704468280327, 0.39526704468280327, 0.08964337815020278], [0.04122556381943333, 0.04122556381943341, 0.09765734687387723, 0.09765734687387725, -0.09151381648122343, -0.09151381648122338, -0.5270278949624687, -0.5270278949624687, -0.39428832036326533, 0.6151411170682552, 0.6151411170682552, 0.04122556381943337], [-0.8041626345314971, 0.8041626345314968, -0.40208131726574853, 0.4020813172657486, -0.40208131726574853, 0.4020813172657486, -0.4020813172657485, 0.40208131726574864, -4.24349881741819e-17, -0.4020813172657486, 0.40208131726574853, -6.635210134561725e-17]], "inverted": true, "swapped": true, "error_lsq": 0.025843788931502104, "error_max": 0.11171861715136383, "target": "50.xyz", "model": "16.xyz", "model_rescale": 4.510870436145588, "target_rescale": 4.44984614596619},
{"mapping": [5, 4, 3, 2, 11, 10, 8, 7, 9, 1, 0, 12], "R": [[0.8645986380501756, -0.5024631280818338, 2.407412595217203e-16], [-0.5024631280818338, -0.8645986380501756, -8.83380402581825e-17], [2.525311731417086e-16, -4.458665702239797e-17, -1.0]], "T": [0.013582828266283719, 0.07479144102907952, 1.4560661331955497e-16], "aligned_model": [[0.08964337815020296, 0.08964337815020257, -0.582283252676543, -0.5822832526765432, 0.5539972985799654, 0.5539972985799652, -0.02638318849355759, -0.026383188493557783, -0.4907369960063535, 0.3952670446828031, 0.3952670446828029, 0.08964337815020276], [0.0412255638194333, 0.04122556381943344, 0.097657346873877, 0.09765734687387709, -0.09151381648122324, -0.09151381648122318, -0.5270278949624686, -0.5270278949624686, -0.39428832036326544, 0.6151411170682552, 0.6151411170682552, 0.04122556381943337], [-0.8041626345314968, 0.8041626345314971, -0.40208131726574864, 0.4020813172657485, -0.4020813172657483, 0.4020813172657488, -0.4020813172657484, 0.4020813172657487, 6.563361046856322e-17, -0.4020813172657484, 0.4020813172657487, 1.6688266971077122e-16]], "inverted": false, "swapped": true, "error_lsq": 0.025843788931502104, "error_max": 0.11171861715136377, "target": "50.xyz", "model": "17.xyz", "model_rescale": 4.510870436145588, "target_rescale": 4.44984614596619},
{"mapping": [5, 3, 8, 9, 6, 0, 7, 2, 1, 10, 4, 11, 12], "R": [[0.3574591585041253, 0.8403613979219955, 0.4074502066315739], [0.4329584735488621, -0.5356737253013374, 0.7249831861526352], [0.8275082538463057, -0.08274286014138593, -0.5553230671526811]], "T": [0.09074686096395788, 0.11864635045020189, -0.07233280379831439], "aligned_model": [[-0.2063941789032797, 0.3214378225737187, -0.3386084895703395, -0.5793860848728963, 0.12007648312891626, 0.040755455295603635, -0.6650791516025355, 0.2584827851341542, 0.36722611732779964, -0.25291542284070034, 0.6479084846059148, 0.5521534751019995, -0.06798787689804188], [-0.713974276317864, -0.6333654838012474, 0.34561309487209474, 0.060196179474877265, -0.13307939175721273, -0.01095637237602426, -0.2352817896885565, 0.574373488410685, 0.569938512184627, 0.6410910640355285, -0.05247059924059602, -0.0776738280561638, -0.006521396149966413], [-0.29520568791644297, 0.19730991872227047, -0.45176433057093535, 0.4418156222286034, -0.7401599091300751, 0.8039334718792321, -0.006810109357303223, -0.4364472118832383, 0.3589792506656001, -0.0031385989850287455, -0.24764430249136163, 0.37062487750828566, 0.008507009330393889]], "inverted": false, "swapped": false, "error_lsq": 0.05034013988880547, "error_max": 0.33425174263244645, "target": "50.xyz", "model": "18.xyz", "model_rescale": 4.466005644533647, "target_rescale": 4.44984614596619},
{"mapping": [8, 9, 4, 5, 2, 3, 6, 0, 1, 12, 10, 11, 13], "R": [[0.5296833355232888, -0.8464504350090883, 0.05438037460194586], [0.8461101855348195, 0.5317869673043563, 0.03605794419360386], [-0.05944003703865304, 0.026912496691324696, 0.9978690292411541]], "T": [-0.038483015725032495, 0.015443866040424532, 0.03386244249642187], "aligned_model": [[0.12432671436858203, 0.167475944872543, -0.552013056534799, -0.508863826030838, -0.043512330269924335, 0.04278613073799758, -0.581611468308871, 0.31928440541589626, 0.36243363591985717, -0.18673415088995496, 0.5056556442309135, 0.5488048747348744, -0.0003630997659633678], [-0.5457108768911243, -0.517099956924179, 0.28686827374309937, 0.31547919371004457, -0.08852767128868153, -0.031305831354791085, -0.4313514844054184, 0.5229736133959121, 0.5515845333628574, 0.629828248715337, -0.1667715045590418, -0.1381605845920966, -0.0599167513217363], [-0.35231537761247866, 0.43946439718056995, -0.34554242710339944, 0.4462373476896492, -0.7572715825973085, 0.8262879669887887, -0.31797658442074017, -0.40155674751388737, 0.39022302727916125, 0.019740864307751606, -0.3867894255934473, 0.4049903491996013, 0.0345081921957402]], "inverted": false, "swapped": false, "error_lsq": 0.03619556664141081, "error_max": 0.32527688138105015, "target": "50.xyz", "model": "19.xyz", "model_rescale": 4.509807711582247, "target_rescale": 4.44984614596619},
{"mapping": [8, 9, 4, 5, 2, 3, 7, 0, 1, 12, 10, 11, 13], "R": [[0.5296833355232887, -0.8464504350090886, -0.054380374601945905], [0.8461101855348198, 0.5317869673043562, -0.03605794419360389], [0.059440037038653096, -0.026912496691324728, 0.9978690292411542]], "T": [-0.03848301572503247, 0.015443866040424525, -0.033862442496421744], "aligned_model": [[0.16747594487254316, 0.12432671436858214, -0.5088638260308379, -0.5520130565347988, 0.04278613073799765, -0.04351233026992433, -0.5816114683088707, 0.362433635919857, 0.319284405415896, -0.18673415088995507, 0.5488048747348745, 0.5056556442309136, -0.0003630997659633331], [-0.517099956924179, -0.5457108768911243, 0.31547919371004446, 0.28686827374309926, -0.03130583135479105, -0.08852767128868154, -0.4313514844054185, 0.5515845333628573, 0.522973613395912, 0.6298282487153368, -0.13816058459209646, -0.16677150455904172, -0.059916751321736295], [-0.43946439718057, 0.35231537761247883, -0.4462373476896492, 0.34554242710339966, -0.8262879669887886, 0.7572715825973086, 0.31797658442074034, -0.39022302727916125, 0.4015567475138876, -0.01974086430775147, -0.40499034919960125, 0.3867894255934476, -0.03450819219574008]], "inverted": false, "swapped": false, "error_lsq": 0.03619556664141081, "error_max": 0.3252768813810503, "target": "50.xyz", "model": "20.xyz", "model_rescale": 4.509807711582248, "target_rescale": 4.44984614596619},
{"mapping": [6, 4, 7, 10, 5, 1, 8, 2, 0, 9, 3, 11, 12], "R": [[-0.3574591585041256, -0.8403613979219955, 0.40745020663157394], [-0.43295847354886174, 0.5356737253013375, 0.7249831861526357], [-0.8275082538463061, 0.08274286014138649, -0.555323067152681]], "T": [0.09074686096395793, 0.118646350450202, -0.07233280379831444], "aligned_model": [[-0.2063941789032799, 0.32143782257371883, -0.33860848957033973, -0.5793860848728964, 0.12007648312891606, 0.04075545529560387, -0.6650791516025357, 0.25848278513415424, 0.36722611732779986, -0.25291542284070045, 0.6479084846059148, 0.5521534751019999, -0.06798787689804192], [-0.713974276317864, -0.6333654838012476, 0.345613094872095, 0.060196179474877154, -0.1330793917572125, -0.010956372376024481, -0.2352817896885565, 0.5743734884106854, 0.569938512184627, 0.6410910640355287, -0.05247059924059605, -0.07767382805616405, -0.006521396149966413], [-0.29520568791644364, 0.19730991872227002, -0.4517643305709351, 0.4418156222286036, -0.7401599091300756, 0.8039334718792327, -0.006810109357303223, -0.4364472118832383, 0.35897925066560077, -0.0031385989850283014, -0.2476443024913619, 0.37062487750828566, 0.008507009330393861]], "inverted": true, "swapped": false, "error_lsq": 0.05034013988880547, "error_max": 0.3342517426324468, "target": "50.xyz", "model": "21.xyz", "model_rescale": 4.466005644533646, "target_rescale": 4.44984614596619},
{"mapping": [5, 3, 8, 9, 6, 0, 7, 2, 1, 10, 4, 11, 12], "R": [[0.3574590952524522, 0.8403614391503978, 0.4074501770896301], [0.4329585117089142, -0.5356736670119567, 0.7249832064322359], [0.8275082612035367, -0.08274281877622902, -0.5553230623527747]], "T": [0.09074686503237936, 0.11864635082281047, -0.07233280356784658], "aligned_model": [[-0.20639420351740714, 0.32143777711239696, -0.3386085841996497, -0.5793860081980878, 0.12007643747051616, 0.040755339586152406, -0.665079225187573, 0.25848286665762366, 0.36722598057407574, -0.2529153672101645, 0.6479084181003204, 0.5521537616224099, -0.06798777433029973], [-0.7139742471875549, -0.6333654089751225, 0.3456131207283248, 0.06019607986643202, -0.1330793417048011, -0.010956303041445153, -0.23528178475442904, 0.5743734387262427, 0.5699386024413087, 0.6410909853491858, -0.0524705034923687, -0.07767396960908055, -0.006521466756511274], [-0.29520567900716066, 0.19730995111349767, -0.45176434453955594, 0.4418155918691523, -0.7401598999542915, 0.8039334884633649, -0.0068101235924250825, -0.43644722430614113, 0.358979267516234, -0.0031386290779786136, -0.24764426983363322, 0.3706248747079486, 0.008506996640989778]], "inverted": false, "swapped": false, "error_lsq": 0.05034013581173146, "error_max": 0.3342516927578621, "target": "50.xyz", "model": "22.xyz", "model_rescale": 4.46600560860683, "target_rescale": 4.44984614596619},
{"mapping": [9, 8, 5, 4, 3, 2, 6, 1, 0, 12, 11, 10, 13], "R": [[-0.5296833943924547, 0.8464503980220326, -0.05438037691327933], [-0.8461101484984126, -0.5317870262716541, -0.03605794360672631], [-0.059440039644014, 0.026912494821071907, 0.9978690291364013]], "T": [-0.03848300963599541, 0.01544386526758739, -0.03386244256700591], "aligned_model": [[0.16747600938129606, 0.12432677668735545, -0.5088637091874025, -0.5520129418813431, 0.042786040243623286, -0.043512425144257974, -0.5816114038661326, 0.36243377638706853, 0.31928454369312786, -0.18673438481977284, 0.5488047810655048, 0.5056555483715641, -0.00036319245031733727], [-0.5171000340776788, -0.5457109538150093, 0.3154791704952645, 0.2868682507579339, -0.03130577666970468, -0.08852761614436594, -0.43135151116905923, 0.5515844513071486, 0.5229735315698181, 0.6298284401558162, -0.13816056733780802, -0.16677148707513867, -0.05991669640703531], [-0.43946439936008197, 0.3523153818824585, -0.4462373471249925, 0.3455424341175479, -0.8262879767468531, 0.7572715857382278, 0.3179765889130004, -0.3902230256681263, 0.4015567555744143, -0.019740871216152638, -0.4049903559238346, 0.38678942531870586, -0.03450819550431278]], "inverted": true, "swapped": false, "error_lsq": 0.03619557011346179, "error_max": 0.3252768847054482, "target": "50.xyz", "model": "23.xyz", "model_rescale": 4.509807674373902, "target_rescale": 4.44984614596619},
{"mapping": [8, 9, 4, 5, 2, 3, 7, 0, 1, 12, 10, 11, 13], "R": [[0.529683394392455, -0.8464503980220324, -0.05438037691327924], [0.8461101484984124, 0.5317870262716544, -0.036057943606726206], [0.05944003964401387, -0.02691249482107186, 0.9978690291364014]], "T": [-0.03848300963599541, 0.015443865267587401, -0.03386244256700589], "aligned_model": [[0.16747600938129573, 0.12432677668735517, -0.5088637091874023, -0.5520129418813429, 0.042786040243623175, -0.04351242514425793, -0.5816114038661327, 0.36243377638706864, 0.3192845436931281, -0.18673438481977253, 0.5488047810655046, 0.5056555483715639, -0.00036319245031737196], [-0.5171000340776787, -0.5457109538150092, 0.3154791704952647, 0.28686825075793415, -0.03130577666970476, -0.08852761614436584, -0.43135151116905895, 0.5515844513071485, 0.522973531569818, 0.6298284401558163, -0.13816056733780832, -0.16677148707513886, -0.0599166964070353], [-0.4394643993600821, 0.3523153818824586, -0.44623734712499263, 0.34554243411754804, -0.826287976746853, 0.7572715857382277, 0.3179765889130006, -0.39022302566812644, 0.4015567555744142, -0.019740871216152662, -0.40499035592383476, 0.3867894253187059, -0.034508195504312764]], "inverted": false, "swapped": false, "error_lsq": 0.036195570113461806, "error_max": 0.32527688470544835, "target": "50.xyz", "model": "24.xyz", "model_rescale": 4.509807674373903, "target_rescale": 4.44984614596619},
{"mapping": [6, 4, 7, 10, 5, 1, 8, 2, 0, 9, 3, 11, 12], "R": [[-0.35745909525245234, -0.8403614391503977, 0.4074501770896298], [-0.4329585117089141, 0.5356736670119566, 0.7249832064322357], [-0.8275082612035366, 0.08274281877622924, -0.5553230623527747]], "T": [0.09074686503237937, 0.11864635082281055, -0.07233280356784663], "aligned_model": [[-0.20639420351740712, 0.3214377771123972, -0.3386085841996499, -0.5793860081980876, 0.1200764374705159, 0.04075533958615278, -0.6650792251875729, 0.25848286665762343, 0.3672259805740758, -0.2529153672101646, 0.6479084181003202, 0.5521537616224101, -0.06798777433029969], [-0.7139742471875548, -0.6333654089751224, 0.34561312072832473, 0.06019607986643222, -0.13307934170480112, -0.01095630304144496, -0.2352817847544288, 0.5743734387262427, 0.5699386024413087, 0.6410909853491857, -0.052470503492368786, -0.07767396960908049, -0.006521466756511218], [-0.29520567900716066, 0.1973099511134975, -0.45176434453955583, 0.4418155918691523, -0.7401598999542915, 0.803933488463365, -0.006810123592425027, -0.43644722430614125, 0.3589792675162341, -0.003138629077978433, -0.24764426983363333, 0.37062487470794847, 0.008506996640989778]], "inverted": true, "swapped": false, "error_lsq": 0.050340135811731454, "error_max": 0.3342516927578624, "target": "50.xyz", "model": "25.xyz", "model_rescale": 4.466005608606829, "target_rescale": 4.44984614596619},
{"mapping": [5, 3, 8, 9, 6, 0, 7, 2, 1, 10, 4, 11, 12], "R": [[0.35745918463847093, 0.8403613809240593, 0.40745021876176224], [0.43295843003305695, -0.5356737465452135, 0.7249831964435625], [0.8275082653248306, -0.08274289524559003, -0.5553230448175794]], "T": [0.09074687463248564, 0.11864636572805251, -0.07233276252749], "aligned_model": [[-0.2063942203319541, 0.32143784868749326, -0.33860849686412897, -0.579386075506144, 0.12007643726871332, 0.04075552164494749, -0.6650791544647964, 0.2584827588921972, 0.36722617924561496, -0.2529154179054765, 0.6479085062881608, 0.5521534302341571, -0.06798789870847032], [-0.7139742558343695, -0.6333654049710382, 0.345613079547476, 0.06019614784244645, -0.13307938820698265, -0.010956336568862274, -0.23528178807991088, 0.5743734451144763, 0.5699385310585245, 0.6410910154698333, -0.05247053734365134, -0.07767388392485014, -0.006521422512910602], [-0.2952057580651033, 0.19731000713573177, -0.4517643494306988, 0.44181555715330234, -0.7401599420961221, 0.8039335634484078, -0.006810165399679949, -0.43644723199472596, 0.35897937941738894, -0.003138626877716613, -0.24764417689528717, 0.37062479156821104, 0.008506952036293008]], "inverted": false, "swapped": false, "error_lsq": 0.05034014216924161, "error_max": 0.3342517150486042, "target": "50.xyz", "model": "26.xyz", "model_rescale": 4.466005838112752, "target_rescale": 4.44984614596619},
{"mapping": [8, 9, 4, 5, 2, 3, 6, 0, 1, 12, 10, 11, 13], "R": [[0.5296832697866358, -0.8464504761183548, 0.054380375018463746], [0.8461102269614961, 0.5317869015542427, 0.03605794179517491], [-0.05944003313680029, 0.02691250293727918, 0.9978690293051224]], "T": [-0.03848299011129866, 0.015443898130429366, 0.03386243870701114], "aligned_model": [[0.12432671693355987, 0.16747594603162472, -0.5520129737769297, -0.5088637446788649, -0.04351235766997687, 0.04278610052615288, -0.5816114460844629, 0.31928443464092027, 0.3624336637389851, -0.1867342256758889, 0.5056556019845204, 0.5488048310825853, -0.0003631285719119873], [-0.5457109008563238, -0.5170999839438085, 0.2868683514504731, 0.31547926836298845, -0.08852772397066097, -0.03130589014563032, -0.4313515678868899, 0.5229737494697815, 0.5515846663822968, 0.6298281508828031, -0.1667715140046091, -0.13816059709209377, -0.05991680705814565], [-0.35231536351289916, 0.4394643794684818, -0.34554241876496383, 0.44623732421641715, -0.7572715486328525, 0.8262879373299095, -0.3179765686745827, -0.4015567381597728, 0.3902230048216082, 0.01974087222400609, -0.38678940882263035, 0.40499033415875063, 0.03450819434852857]], "inverted": false, "swapped": false, "error_lsq": 0.03619556988044556, "error_max": 0.3252768795931283, "target": "50.xyz", "model": "27.xyz", "model_rescale": 4.509807893063789, "target_rescale": 4.44984614596619},
{"mapping": [8, 9, 4, 5, 2, 3, 7, 0, 1, 12, 10, 11, 13], "R": [[0.5296832697866362, -0.8464504761183543, -0.05438037501846379], [0.8461102269614956, 0.531786901554243, -0.03605794179517489], [0.05944003313680032, -0.026912502937279197, 0.9978690293051222]], "T": [-0.03848299011129863, 0.015443898130429404, -0.033862438707011014], "aligned_model": [[0.16747594603162438, 0.12432671693355948, -0.5088637446788644, -0.5520129737769294, 0.042786100526152865, -0.043512357669976916, -0.5816114460844629, 0.3624336637389854, 0.31928443464092043, -0.1867342256758885, 0.5488048310825849, 0.5056556019845201, -0.00036312857191201503], [-0.5170999839438082, -0.5457109008563235, 0.3154792683629887, 0.2868683514504734, -0.03130589014563029, -0.08852772397066092, -0.4313515678868894, 0.5515846663822965, 0.5229737494697813, 0.629828150882803, -0.13816059709209397, -0.1667715140046093, -0.0599168070581456], [-0.4394643794684817, 0.35231536351289927, -0.4462373242164171, 0.3455424187649639, -0.826287937329909, 0.7572715486328523, 0.3179765686745828, -0.39022300482160815, 0.40155673815977283, -0.01974087222400597, -0.4049903341587505, 0.38678940882263046, -0.03450819434852845]], "inverted": false, "swapped": false, "error_lsq": 0.036195569880445574, "error_max": 0.3252768795931283, "target": "50.xyz", "model": "28.xyz", "model_rescale": 4.5098078930637895, "target_rescale": 4.44984614596619},
