[{"mapping": [5, 4, 3, 2, 8, 7, 11, 10, 9, 1, 0, 12], "R": [[-0.8645986425426888, 0.5024631203514739, -1.1628986343010125e-17], [0.5024631203514739, 0.8645986425426888, 2.5084179968396477e-17], [2.2658281144692452e-17, 1.584461118553856e-17, -1.0]], "T": [-0.01358297216721788, -0.07479133052968233, 4.4859659590153624e-17], "aligned_model": [[-0.08964352235124881, -0.08964352235124878, 0.5822831089800525, 0.5822831089800525, 0.026383039211768367, 0.02638303921176838, -0.5539974439678316, -0.5539974439678316, 0.4907368479113862, -0.39526718375248104, -0.39526718375248104, -0.0896435223512488], [-0.04122545400009208, -0.04122545400009212, -0.09765723104685262, -0.09765723104685264, 0.5270280058192012, 0.5270280058192012, 0.09151392214878497, 0.09151392214878497, 0.3942884353717765, -0.6151410099814892, -0.6151410099814892, -0.0412254540000921], [-0.8041626345314972, 0.8041626345314971, -0.40208131726574836, 0.4020813172657485, -0.40208131726574836, 0.4020813172657485, -0.40208131726574836, 0.4020813172657485, 1.505601910505474e-16, -0.40208131726574836, 0.4020813172657485, 1.4638491767034248e-16]], "inverted": false, "swapped": true, "error_lsq": 0.025843784445923775, "error_max": 0.11171846483972407, "target": "51.xyz", "model": "0.xyz", "model_rescale": 4.5108708085295355, "target_rescale": 4.44984614596619},
{"mapping": [5, 4, 3, 2, 8, 7, 11, 10, 9, 1, 0, 12], "R": [[-0.8645986425426888, 0.502463120351474, -1.7545789661920513e-17], [0.502463120351474, 0.8645986425426888, -4.040948097086775e-17], [-5.134207976369702e-18, -4.375409461582608e-17, -1.0]], "T": [-0.013582972167217863, -0.07479133052968233, -1.3655248831481913e-17], "aligned_model": [[-0.0896435223512488, -0.08964352235124877, 0.5822831089800528, 0.5822831089800528, 0.02638303921176844, 0.026383039211768454, -0.5539974439678315, -0.5539974439678315, 0.49073684791138633, -0.39526718375248115, -0.39526718375248115, -0.08964352235124878], [-0.04122545400009212, -0.04122545400009205, -0.0976572310468527, -0.09765723104685267, 0.5270280058192012, 0.5270280058192012, 0.09151392214878505, 0.0915139221487851, 0.39428843537177644, -0.6151410099814892, -0.6151410099814892, -0.04122545400009209], [-0.8041626345314972, 0.8041626345314971, -0.4020813172657484, 0.4020813172657484, -0.4020813172657484, 0.4020813172657484, -0.4020813172657484, 0.4020813172657484, 5.833957030225891e-17, -0.40208131726574836, 0.4020813172657485, 8.612169242791577e-17]], "inverted": false, "swapped": true, "error_lsq": 0.025843784445923775, "error_max": 0.11171846483972425, "target": "51.xyz", "model": "1.xyz", "model_rescale": 4.510870808529536, "target_rescale": 4.44984614596619},
{"mapping": [4, 5, 2, 3, 7, 8, 10, 11, 9, 0, 1, 12], "R": [[0.8645986425426889, -0.5024631203514742, -2.0274195391116072e-16], [-0.5024631203514742, -0.8645986425426889, 1.0831449349952119e-16], [-2.297144565211008e-16, 8.221790740971667e-18, -1.0000000000000002]], "T": [-0.013582972167217891, -0.07479133052968236, 9.771985499759601e-17], "aligned_model": [[-0.08964352235124898, -0.08964352235124864, 0.5822831089800526, 0.5822831089800529, 0.02638303921176839, 0.026383039211768558, -0.5539974439678318, -0.5539974439678316, 0.49073684791138644, -0.3952671837524813, -0.3952671837524812, -0.08964352235124881], [-0.04122545400009201, -0.04122545400009219, -0.09765723104685275, -0.09765723104685284, 0.5270280058192014, 0.5270280058192014, 0.09151392214878519, 0.09151392214878508, 0.3942884353717765, -0.6151410099814894, -0.6151410099814894, -0.0412254540000921], [-0.8041626345314972, 0.8041626345314975, -0.40208131726574853, 0.40208131726574853, -0.40208131726574836, 0.4020813172657487, -0.4020813172657483, 0.40208131726574875, -5.3517571959966505e-17, -0.4020813172657484, 0.40208131726574864, 1.6977411979442637e-17]], "inverted": true, "swapped": true, "error_lsq": 0.025843784445923775, "error_max": 0.11171846483972427, "target": "51.xyz", "model": "2.xyz", "model_rescale": 4.5108708085295355, "target_rescale": 4.44984614596619},
{"mapping": [10, 9, 5, 4, 1, 0, 7, 3, 2, 8, 12, 11, 13], "R": [[-0.529683417658197, 0.8464503833818293, 0.05438037817711558], [-0.8461101338344821, -0.5317870496032084, 0.03605794360344988], [0.059440041054215534, -0.026912494255807152, 0.9978690290676449]], "T": [-0.03848302528741783, 0.015443937452192004, 0.033862440416149386], "aligned_model": [[0.1243269307016036, 0.16747616374129187, -0.5520129423474749, -0.5088637093077867, -0.043512561246828445, 0.042785904832548086, -0.5816114236368777, 0.3192845364405464, 0.3624337694802347, -0.18673419362081406, 0.5056555193056611, 0.5488047523453494, -0.00036332820714018305], [-0.5457109960608979, -0.5171000767618493, 0.28686833237214876, 0.31547925167119734, -0.08852773103742229, -0.03130589243932517, -0.4313514177622234, 0.5229735855298595, 0.5515845048289081, 0.6298283891249941, -0.16677142771794173, -0.13816050841889316, -0.05991681173837373], [-0.3523153833248968, 0.4394643858059971, -0.3455424307572146, 0.44623733837367935, -0.7572715625047172, 0.8262879757570704, -0.31797658488973013, -0.4015567519515743, 0.3902230171793196, 0.019740862433865084, -0.38678942093943464, 0.4049903481914593, 0.03450820662617662]], "inverted": true, "swapped": false, "error_lsq": 0.03619558096919368, "error_max": 0.3252768650674779, "target": "51.xyz", "model": "3.xyz", "model_rescale": 4.509807743048502, "target_rescale": 4.44984614596619},
{"mapping": [9, 10, 4, 5, 0, 1, 7, 2, 3, 8, 11, 12, 13], "R": [[0.5296834176581969, -0.8464503833818295, -0.05438037817711578], [0.8461101338344823, 0.5317870496032083, -0.036057943603449924], [0.059440041054215666, -0.02691249425580731, 0.997869029067645]], "T": [-0.03848302528741783, 0.01544393745219198, -0.03386244041614936], "aligned_model": [[0.1674761637412921, 0.12432693070160368, -0.5088637093077867, -0.5520129423474751, 0.04278590483254828, -0.043512561246828584, -0.5816114236368776, 0.36243376948023465, 0.3192845364405462, -0.18673419362081423, 0.5488047523453496, 0.5056555193056613, -0.00036332820714014835], [-0.5171000767618492, -0.5457109960608979, 0.3154792516711972, 0.28686833237214865, -0.03130589243932516, -0.08852773103742237, -0.43135141776222363, 0.5515845048289083, 0.5229735855298596, 0.6298283891249941, -0.1381605084188931, -0.16677142771794168, -0.059916811738373765], [-0.4394643858059971, 0.35231538332489665, -0.4462373383736794, 0.34554243075721436, -0.8262879757570706, 0.7572715625047175, 0.3179765848897299, -0.3902230171793195, 0.40155675195157425, -0.01974086243386517, -0.4049903481914592, 0.3867894209394346, -0.03450820662617668]], "inverted": false, "swapped": false, "error_lsq": 0.03619558096919368, "error_max": 0.3252768650674779, "target": "51.xyz", "model": "4.xyz", "model_rescale": 4.509807743048502, "target_rescale": 4.44984614596619},
{"mapping": [10, 9, 5, 4, 1, 0, 6, 3, 2, 8, 12, 11, 13], "R": [[-0.5296834176581968, 0.8464503833818298, -0.05438037817711553], [-0.8461101338344825, -0.5317870496032082, -0.03605794360344991], [-0.05944004105421551, 0.026912494255807128, 0.9978690290676451]], "T": [-0.03848302528741785, 0.01544393745219197, -0.03386244041614925], "aligned_model": [[0.16747616374129215, 0.12432693070160392, -0.5088637093077869, -0.5520129423474752, 0.042785904832548065, -0.043512561246828375, -0.5816114236368776, 0.3624337694802345, 0.3192845364405463, -0.1867341936208144, 0.5488047523453496, 0.5056555193056613, -0.0003633282071401414], [-0.5171000767618492, -0.5457109960608979, 0.31547925167119717, 0.2868683323721486, -0.03130589243932519, -0.08852773103742237, -0.43135141776222385, 0.5515845048289085, 0.5229735855298598, 0.6298283891249942, -0.13816050841889302, -0.1667714277179416, -0.059916811738373765], [-0.4394643858059972, 0.35231538332489676, -0.4462373383736794, 0.3455424307572146, -0.8262879757570704, 0.7572715625047174, 0.31797658488973013, -0.39022301717931973, 0.40155675195157425, -0.01974086243386524, -0.4049903481914594, 0.3867894209394346, -0.03450820662617677]], "inverted": true, "swapped": false, "error_lsq": 0.036195580969193696, "error_max": 0.32527686506747816, "target": "51.xyz", "model": "5.xyz", "model_rescale": 4.509807743048502, "target_rescale": 4.44984614596619},
{"mapping": [10, 9, 5, 4, 1, 0, 7, 3, 2, 8, 12, 11, 13], "R": [[-0.529683334767487, 0.846450435373389, 0.05438037629324173], [-0.8461101859774487, -0.531786966635488, 0.036057943671728494], [0.05944003747308314, -0.026912498450099055, 0.9978690291678421]], "T": [-0.038483018920641515, 0.015443927145545645, 0.03386244139975666], "aligned_model": [[0.1243267154598223, 0.1674759485033925, -0.5520130748467853, -0.5088638418032151, -0.04351245233923457, 0.042786013747905804, -0.5816112991492095, 0.3192844110081149, 0.3624336440516851, -0.18673397100805245, 0.505655655553992, 0.548804888597562, -0.0003632192956643798], [-0.545710831017019, -0.5170999106700648, 0.28686834219948426, 0.31547926254643854, -0.08852780024173025, -0.031305959547821685, -0.4313515538396849, 0.522973689109949, 0.5515846094569032, 0.6298282088484312, -0.16677144785344128, -0.138160527506487, -0.05991687989477597], [-0.35231539002517176, 0.43946440668571335, -0.34554243769243254, 0.4462373590184526, -0.7572715925219734, 0.8262880008997965, -0.3179766005670817, -0.40155676102527427, 0.39022303568561084, 0.019740857454171486, -0.38678943940580407, 0.4049903573050811, 0.034508204188911526]], "inverted": true, "swapped": false, "error_lsq": 0.03619557806297323, "error_max": 0.3252768942099383, "target": "51.xyz", "model": "6.xyz", "model_rescale": 4.509807586411629, "target_rescale": 4.44984614596619},
{"mapping": [10, 9, 5, 4, 1, 0, 7, 3, 2, 8, 12, 11, 13], "R": [[-0.5296833347674866, 0.8464504353733893, 0.05438037629324172], [-0.8461101859774489, -0.5317869666354876, 0.03605794367172853], [0.05944003747308316, -0.02691249845009906, 0.9978690291678423]], "T": [-0.038483018920641515, 0.01544392714554561, 0.03386244139975658], "aligned_model": [[0.12432671545982257, 0.16747594850339273, -0.5520130748467854, -0.5088638418032152, -0.04351245233923453, 0.04278601374790586, -0.5816112991492092, 0.31928441100811467, 0.3624336440516849, -0.1867339710080527, 0.505655655553992, 0.548804888597562, -0.00036321929566433125], [-0.545710831017019, -0.5170999106700648, 0.28686834219948404, 0.3154792625464384, -0.08852780024173028, -0.03130595954782166, -0.43135155383968515, 0.5229736891099492, 0.5515846094569035, 0.6298282088484312, -0.1667714478534411, -0.13816052750648683, -0.05991687989477597], [-0.35231539002517165, 0.4394644066857133, -0.3455424376924324, 0.4462373590184525, -0.7572715925219738, 0.8262880008997966, -0.3179766005670816, -0.40155676102527416, 0.3902230356856108, 0.019740857454171507, -0.3867894394058039, 0.40499035730508104, 0.03450820418891155]], "inverted": true, "swapped": false, "error_lsq": 0.036195578062973216, "error_max": 0.32527689420993827, "target": "51.xyz", "model": "7.xyz", "model_rescale": 4.509807586411629, "target_rescale": 4.44984614596619},
{"mapping": [10, 9, 5, 4, 1, 0, 6, 3, 2, 8, 12, 11, 13], "R": [[-0.529683334767487, 0.846450435373389, -0.054380376293241696], [-0.8461101859774487, -0.531786966635488, -0.0360579436717285], [-0.05944003747308312, 0.02691249845009902, 0.9978690291678421]], "T": [-0.03848301892064153, 0.015443927145545638, -0.0338624413997565], "aligned_model": [[0.16747594850339248, 0.12432671545982231, -0.5088638418032151, -0.5520130748467853, 0.04278601374790576, -0.04351245233923456, -0.5816112991492094, 0.36243364405168504, 0.3192844110081149, -0.18673397100805245, 0.548804888597562, 0.505655655553992, -0.0003632192956643798], [-0.5170999106700648, -0.545710831017019, 0.3154792625464386, 0.2868683421994843, -0.031305959547821685, -0.08852780024173025, -0.4313515538396848, 0.5515846094569032, 0.522973689109949, 0.6298282088484312, -0.13816052750648702, -0.1667714478534413, -0.059916879894775954], [-0.4394644066857134, 0.35231539002517165, -0.44623735901845263, 0.3455424376924324, -0.8262880008997963, 0.7572715925219736, 0.31797660056708166, -0.3902230356856109, 0.40155676102527416, -0.019740857454171618, -0.40499035730508115, 0.3867894394058039, -0.034508204188911665]], "inverted": true, "swapped": false, "error_lsq": 0.03619557806297324, "error_max": 0.3252768942099385, "target": "51.xyz", "model": "8.xyz", "model_rescale": 4.509807586411629, "target_rescale": 4.44984614596619},
{"mapping": [11, 12, 6, 7, 0, 1, 4, 2, 3, 8, 9, 10, 13], "R": [[-0.5296834670779966, 0.8464503523068376, 0.054380380504952364], [-0.8461101027663858, -0.5317870991112876, 0.036057942473990925], [0.059440042907865934, -0.02691249335219794, 0.9978690289815989]], "T": [-0.038483048576690854, 0.015443892309865044, 0.03386244505154714], "aligned_model": [[0.12432678930930233, 0.16747602647872048, -0.5520128831842022, -0.508863646014784, -0.04351237975499454, 0.04278609458384179, -0.5816114079944339, 0.3192844677875084, 0.3624337049569266, -0.18673428270675443, 0.5056554202176705, 0.5488046573870887, -0.0003631425855763759], [-0.5457110222346346, -0.5171001023182178, 0.28686827185345243, 0.3154791917698694, -0.08852765435297621, -0.03130581452014238, -0.431351514490008, 0.5229736043999409, 0.5515845243163577, 0.629828444075911, -0.16677145619461425, -0.13816053627819735, -0.059916734436559295], [-0.35231539501970266, 0.43946441592926355, -0.34554244961981884, 0.4462373613291474, -0.7572716156709847, 0.8262880062269475, -0.31797660081369516, -0.40155676848750377, 0.39022304246146244, 0.019740868078115495, -0.3867894353200897, 0.4049903756288765, 0.03450819527798145]], "inverted": false, "swapped": false, "error_lsq": 0.036195566346419634, "error_max": 0.3252768973549945, "target": "51.xyz", "model": "9.xyz", "model_rescale": 4.509807504472865, "target_rescale": 4.44984614596619},
{"mapping": [12, 11, 7, 6, 1, 0, 4, 3, 2, 8, 10, 9, 13], "R": [[0.5296834670779966, -0.8464503523068376, -0.05438038050495284], [0.8461101027663858, 0.5317870991112876, -0.03605794247399108], [0.059440042907866315, -0.026912493352198252, 0.9978690289815989]], "T": [-0.03848304857669084, 0.015443892309865051, -0.03386244505154724], "aligned_model": [[0.16747602647872067, 0.12432678930930215, -0.5088636460147838, -0.5520128831842023, 0.04278609458384221, -0.04351237975499492, -0.581611407994434, 0.3624337049569268, 0.31928446778750824, -0.1867342827067544, 0.548804657387089, 0.5056554202176703, -0.00036314258557636897], [-0.5171001023182177, -0.5457110222346347, 0.31547919176986944, 0.2868682718534524, -0.03130581452014225, -0.08852765435297633, -0.4313515144900081, 0.5515845243163578, 0.5229736043999408, 0.629828444075911, -0.1381605362781973, -0.1667714561946143, -0.05991673443655929], [-0.4394644159292635, 0.3523153950197025, -0.4462373613291475, 0.3455424496198185, -0.8262880062269479, 0.7572716156709847, 0.31797660081369467, -0.3902230424614621, 0.4015567684875039, -0.01974086807811546, -0.40499037562887624, 0.38678943532008975, -0.03450819527798144]], "inverted": true, "swapped": false, "error_lsq": 0.036195566346419634, "error_max": 0.3252768973549942, "target": "51.xyz", "model": "10.xyz", "model_rescale": 4.509807504472865, "target_rescale": 4.44984614596619},
{"mapping": [12, 11, 7, 6, 1, 0, 5, 3, 2, 8, 10, 9, 13], "R": [[0.5296834670779966, -0.8464503523068376, 0.05438038050495284], [0.8461101027663858, 0.5317870991112876, 0.03605794247399103], [-0.05944004290786629, 0.026912493352198287, 0.9978690289815989]], "T": [-0.03848304857669084, 0.015443892309865051, 0.033862445051547306], "aligned_model": [[0.12432678930930215, 0.16747602647872067, -0.5520128831842024, -0.5088636460147838, -0.04351237975499491, 0.04278609458384218, -0.5816114079944341, 0.31928446778750824, 0.3624337049569268, -0.18673428270675446, 0.5056554202176703, 0.548804657387089, -0.0003631425855763759], [-0.5457110222346347, -0.5171001023182177, 0.28686827185345243, 0.3154791917698694, -0.08852765435297628, -0.03130581452014229, -0.431351514490008, 0.5229736043999408, 0.5515845243163578, 0.629828444075911, -0.1667714561946143, -0.1381605362781973, -0.0599167344365593], [-0.3523153950197026, 0.43946441592926355, -0.3455424496198186, 0.44623736132914754, -0.7572716156709844, 0.8262880062269478, -0.3179766008136948, -0.401556768487504, 0.39022304246146217, 0.019740868078115363, -0.3867894353200899, 0.40499037562887624, 0.03450819527798131]], "inverted": true, "swapped": false, "error_lsq": 0.036195566346419634, "error_max": 0.3252768973549941, "target": "51.xyz", "model": "11.xyz", "model_rescale": 4.509807504472865, "target_rescale": 4.44984614596619},
{"mapping": [11, 12, 6, 7, 0, 1, 4, 2, 3, 8, 9, 10, 13], "R": [[-0.5296833577212625, 0.8464504210915145, 0.05438037501826319], [-0.8461101715714285, -0.5317869895190179, 0.03605794422409145], [0.05944003799205394, -0.02691249546767853, 0.9978690292173645]], "T": [-0.03848295759403704, 0.015443831333030546, 0.0338624402335839], "aligned_model": [[0.12432675601953848, 0.16747598632820337, -0.5520129848364355, -0.5088637545277706, -0.04351246207366832, 0.042785998543661496, -0.5816114150805559, 0.3192844727155374, 0.3624337030242023, -0.18673426254082987, 0.5056556911823844, 0.5488049214910493, -0.00036323176500341336], [-0.5457109095911481, -0.517099989948542, 0.2868682486295453, 0.3154791682721515, -0.08852758783355932, -0.03130574854834701, -0.4313514999542025, 0.5229735624981449, 0.551584482140751, 0.6298283283048807, -0.1667715519155732, -0.13816063227296704, -0.05991666819095317], [-0.3523153742664979, 0.43946439086243916, -0.345542425412137, 0.4462373397168001, -0.7572715691062745, 0.8262879611515993, -0.31797658203359763, -0.40155674502325855, 0.3902230201056785, 0.019740867210061956, -0.3867894221782064, 0.40499034295073066, 0.0345081960226624]], "inverted": false, "swapped": false, "error_lsq": 0.036195570380460236, "error_max": 0.32527687693213997, "target": "51.xyz", "model": "12.xyz", "model_rescale": 4.509807766519439, "target_rescale": 4.44984614596619},
{"mapping": [11, 12, 6, 7, 0, 1, 4, 2, 3, 8, 9, 10, 13], "R": [[-0.5296833577212631, 0.8464504210915142, 0.054380375018263136], [-0.8461101715714283, -0.5317869895190185, 0.036057944224091476], [0.059440037992053954, -0.026912495467678432, 0.9978690292173646]], "T": [-0.038482957594037054, 0.015443831333030577, 0.03386244023358396], "aligned_model": [[0.12432675601953819, 0.16747598632820304, -0.5520129848364353, -0.5088637545277704, -0.04351246207366833, 0.04278599854366141, -0.5816114150805561, 0.3192844727155376, 0.3624337030242025, -0.1867342625408296, 0.5056556911823844, 0.5488049214910493, -0.0003632317650034689], [-0.545710909591148, -0.5170999899485419, 0.2868682486295456, 0.3154791682721518, -0.08852758783355934, -0.03130574854834697, -0.4313514999542022, 0.5229735624981448, 0.5515844821407508, 0.629828328304881, -0.16677155191557347, -0.13816063227296732, -0.05991666819095316], [-0.3523153742664978, 0.439464390862439, -0.3455424254121369, 0.44623733971679985, -0.7572715691062745, 0.8262879611515996, -0.3179765820335976, -0.40155674502325844, 0.39022302010567833, 0.019740867210061866, -0.3867894221782062, 0.40499034295073055, 0.03450819602266236]], "inverted": false, "swapped": false, "error_lsq": 0.036195570380460236, "error_max": 0.3252768769321399, "target": "51.xyz", "model": "13.xyz", "model_rescale": 4.509807766519439, "target_rescale": 4.44984614596619},
{"mapping": [12, 11, 7, 6, 1, 0, 5, 3, 2, 8, 10, 9, 13], "R": [[0.5296833577212631, -0.8464504210915142, 0.05438037501826321], [0.8461101715714283, 0.5317869895190185, 0.036057944224091386], [-0.05944003799205392, 0.026912495467678554, 0.9978690292173646]], "T": [-0.03848295759403704, 0.015443831333030577, 0.03386244023358408], "aligned_model": [[0.12432675601953815, 0.1674759863282031, -0.5520129848364353, -0.5088637545277704, -0.04351246207366837, 0.04278599854366148, -0.5816114150805561, 0.31928447271553767, 0.3624337030242026, -0.1867342625408296, 0.5056556911823844, 0.5488049214910493, -0.00036323176500346194], [-0.545710909591148, -0.5170999899485419, 0.28686824862954563, 0.3154791682721517, -0.08852758783355927, -0.03130574854834706, -0.43135149995420213, 0.5229735624981448, 0.5515844821407508, 0.629828328304881, -0.16677155191557347, -0.13816063227296735, -0.059916668190953176], [-0.35231537426649795, 0.43946439086243905, -0.345542425412137, 0.4462373397168, -0.7572715691062744, 0.8262879611515994, -0.3179765820335977, -0.40155674502325855, 0.39022302010567844, 0.01974086721006186, -0.3867894221782064, 0.4049903429507306, 0.03450819602266228]], "inverted": true, "swapped": false, "error_lsq": 0.03619557038046024, "error_max": 0.32527687693213997, "target": "51.xyz", "model": "14.xyz", "model_rescale": 4.509807766519439, "target_rescale": 4.44984614596619},
{"mapping": [5, 4, 3, 2, 11, 10, 8, 7, 9, 1, 0, 12], "R": [[0.8645986380501754, -0.5024631280818345, 2.1671036458126344e-16], [-0.5024631280818345, -0.8645986380501754, -8.904347111772637e-17], [2.321085471013946e-16, -3.1902103819610086e-17, -1.0000000000000002]], "T": [0.013582828266283764, 0.07479144102907956, 3.4573049239422876e-17], "aligned_model": [[0.089643378150203, 0.08964337815020264, -0.5822832526765431, -0.5822832526765434, 0.5539972985799654, 0.5539972985799652, -0.026383188493557995, -0.026383188493558175, -0.4907369960063539, 0.3952670446828036, 0.3952670446828034, 0.08964337815020282], [0.041225563819433285, 0.041225563819433424, 0.09765734687387748, 0.09765734687387753, -0.09151381648122359, -0.09151381648122353, -0.5270278949624687, -0.5270278949624687, -0.3942883203632651, 0.6151411170682551, 0.6151411170682551, 0.041225563819433354], [-0.8041626345314974, 0.8041626345314973, -0.4020813172657486, 0.4020813172657485, -0.40208131726574836, 0.4020813172657487, -0.4020813172657484, 0.40208131726574864, 6.684898493438179e-17, -0.4020813172657484, 0.40208131726574864, 1.5384375944606835e-16]], "inverted": false, "swapped": true, "error_lsq": 0.025843788931502108, "error_max": 0.1117186171513638, "target": "51.xyz", "model": "15.xyz", "model_rescale": 4.510870436145588, "target_rescale": 4.44984614596619},
{"mapping": [5, 4, 3, 2, 11, 10, 8, 7, 9, 1, 0, 12], "R": [[0.8645986380501756, -0.5024631280818341, 2.185419806343173e-16], [-0.5024631280818341, -0.8645986380501756, -8.95370462564622e-17], [2.3394016315444845e-16, -3.23956789583459e-17, -1.0]], "T": [0.01358282826628374, 0.07479144102907954, -2.9227690249012054e-17], "aligned_model": [[0.08964337815020296, 0.0896433781502026, -0.5822832526765431, -0.5822832526765434, 0.5539972985799654, 0.5539972985799652, -0.026383188493557797, -0.026383188493557978, -0.4907369960063537, 0.3952670446828034, 0.39526704468280316, 0.08964337815020278], [0.0412255638194333, 0.04122556381943344, 0.0976573468738772, 0.09765734687387728, -0.09151381648122343, -0.09151381648122338, -0.5270278949624687, -0.5270278949624687, -0.39428832036326533, 0.6151411170682552, 0.6151411170682552, 0.04122556381943337], [-0.8041626345314972, 0.8041626345314971, -0.4020813172657486, 0.40208131726574825, -0.40208131726574836, 0.4020813172657485, -0.4020813172657484, 0.4020813172657484, 2.3560512682432393e-18, -0.4020813172657484, 0.4020813172657484, 9.019890096430544e-17]], "inverted": false, "swapped": true, "error_lsq": 0.025843788931502108, "error_max": 0.11171861715136384, "target": "51.xyz", "model": "16.xyz", "model_rescale": 4.510870436145588, "target_rescale": 4.44984614596619},
{"mapping": [5, 4, 3, 2, 11, 10, 8, 7, 9, 1, 0, 12], "R": [[0.8645986380501756, -0.5024631280818338, 2.407412595217203e-16], [-0.5024631280818338, -0.8645986380501756, -8.83380402581825e-17], [2.525311731417086e-16, -4.458665702239797e-17, -1.0]], "T": [0.013582828266283719, 0.07479144102907952, 8.177889721386449e-17], "aligned_model": [[0.08964337815020296, 0.08964337815020257, -0.582283252676543, -0.5822832526765432, 0.5539972985799654, 0.5539972985799652, -0.02638318849355759, -0.026383188493557783, -0.4907369960063535, 0.3952670446828031, 0.3952670446828029, 0.08964337815020276], [0.0412255638194333, 0.04122556381943344, 0.097657346873877, 0.09765734687387709, -0.09151381648122324, -0.09151381648122318, -0.5270278949624686, -0.5270278949624686, -0.39428832036326544, 0.6151411170682552, 0.6151411170682552, 0.04122556381943337], [-0.8041626345314971, 0.8041626345314972, -0.40208131726574853, 0.4020813172657483, -0.4020813172657482, 0.40208131726574864, -0.4020813172657483, 0.40208131726574853, 1.0160467285606445e-16, -0.4020813172657483, 0.40208131726574853, 2.0285373209827244e-16]], "inverted": false, "swapped": true, "error_lsq": 0.025843788931502104, "error_max": 0.11171861715136377, "target": "51.xyz", "model": "17.xyz", "model_rescale": 4.510870436145588, "target_rescale": 4.44984614596619},
{"mapping": [5, 3, 8, 9, 6, 0, 7, 2, 1, 10, 4, 11, 12], "R": [[0.35745915850412535, 0.8403613979219957, 0.40745020663157394], [0.4329584735488623, -0.5356737253013375, 0.7249831861526355], [0.8275082538463059, -0.08274286014138593, -0.5553230671526812]], "T": [0.0907468609639579, 0.11864635045020192, -0.07233280379831447], "aligned_model": [[-0.20639417890327977, 0.3214378225737189, -0.33860848957033957, -0.5793860848728966, 0.12007648312891629, 0.04075545529560362, -0.6650791516025356, 0.25848278513415424, 0.3672261173277997, -0.25291542284070045, 0.6479084846059149, 0.5521534751019997, -0.06798787689804192], [-0.7139742763178644, -0.6333654838012476, 0.34561309487209474, 0.06019617947487724, -0.13307939175721287, -0.010956372376024232, -0.2352817896885567, 0.5743734884106851, 0.5699385121846272, 0.6410910640355286, -0.05247059924059602, -0.07767382805616377, -0.0065213961499664685], [-0.29520568791644325, 0.19730991872227044, -0.45176433057093546, 0.4418156222286033, -0.7401599091300755, 0.8039334718792324, -0.006810109357303307, -0.4364472118832385, 0.35897925066560027, -0.003138598985028815, -0.24764430249136174, 0.3706248775082856, 0.008507009330393805]], "inverted": false, "swapped": false, "error_lsq": 0.05034013988880547, "error_max": 0.33425174263244645, "target": "51.xyz", "model": "18.xyz", "model_rescale": 4.466005644533647, "target_rescale": 4.44984614596619},
{"mapping": [8, 9, 4, 5, 2, 3, 6, 0, 1, 12, 10, 11, 13], "R": [[0.5296833355232888, -0.8464504350090883, 0.05438037460194586], [0.8461101855348195, 0.5317869673043563, 0.03605794419360386], [-0.05944003703865304, 0.026912496691324696, 0.9978690292411541]], "T": [-0.038483015725032495, 0.015443866040424532, 0.033862442496421806], "aligned_model": [[0.12432671436858203, 0.167475944872543, -0.552013056534799, -0.508863826030838, -0.043512330269924335, 0.04278613073799758, -0.581611468308871, 0.31928440541589626, 0.36243363591985717, -0.18673415088995496, 0.5056556442309135, 0.5488048747348744, -0.0003630997659633678], [-0.5457108768911243, -0.517099956924179, 0.28686827374309937, 0.31547919371004457, -0.08852767128868153, -0.031305831354791085, -0.4313514844054184, 0.5229736133959121, 0.5515845333628574, 0.629828248715337, -0.1667715045590418, -0.1381605845920966, -0.0599167513217363], [-0.3523153776124787, 0.4394643971805699, -0.34554242710339955, 0.44623734768964907, -0.7572715825973086, 0.8262879669887886, -0.3179765844207403, -0.4015567475138874, 0.3902230272791612, 0.019740864307751543, -0.3867894255934474, 0.4049903491996012, 0.03450819219574014]], "inverted": false, "swapped": false, "error_lsq": 0.03619556664141081, "error_max": 0.32527688138105015, "target": "51.xyz", "model": "19.xyz", "model_rescale": 4.509807711582247, "target_rescale": 4.44984614596619},
{"mapping": [8, 9, 4, 5, 2, 3, 7, 0, 1, 12, 10, 11, 13], "R": [[0.5296833355232886, -0.8464504350090888, -0.054380374601945905], [0.84611018553482, 0.531786967304356, -0.03605794419360389], [0.059440037038653096, -0.02691249669132474, 0.9978690292411543]], "T": [-0.038483015725032474, 0.015443866040424505, -0.033862442496421806], "aligned_model": [[0.16747594487254325, 0.12432671436858224, -0.508863826030838, -0.552013056534799, 0.042786130737997655, -0.043512330269924314, -0.5816114683088707, 0.36243363591985694, 0.3192844054158959, -0.1867341508899552, 0.5488048747348746, 0.5056556442309137, -0.0003630997659633192], [-0.517099956924179, -0.5457108768911243, 0.3154791937100444, 0.2868682737430992, -0.03130583135479107, -0.08852767128868155, -0.43135148440541865, 0.5515845333628575, 0.5229736133959122, 0.6298282487153369, -0.1381605845920964, -0.16677150455904166, -0.059916751321736315], [-0.4394643971805701, 0.35231537761247883, -0.4462373476896493, 0.34554242710339966, -0.8262879669887887, 0.7572715825973088, 0.31797658442074034, -0.39022302727916136, 0.4015567475138876, -0.019740864307751536, -0.40499034919960136, 0.3867894255934476, -0.03450819219574014]], "inverted": false, "swapped": false, "error_lsq": 0.03619556664141082, "error_max": 0.32527688138105043, "target": "51.xyz", "model": "20.xyz", "model_rescale": 4.509807711582248, "target_rescale": 4.44984614596619},
{"mapping": [6, 4, 7, 10, 5, 1, 8, 2, 0, 9, 3, 11, 12], "R": [[-0.35745915850412535, -0.8403613979219957, 0.40745020663157394], [-0.43295847354886174, 0.5356737253013375, 0.7249831861526357], [-0.8275082538463061, 0.08274286014138621, -0.5553230671526808]], "T": [0.09074686096395793, 0.118646350450202, -0.07233280379831447], "aligned_model": [[-0.20639417890327974, 0.32143782257371895, -0.3386084895703396, -0.5793860848728966, 0.12007648312891625, 0.04075545529560373, -0.6650791516025356, 0.25848278513415424, 0.36722611732779975, -0.25291542284070057, 0.6479084846059149, 0.5521534751019999, -0.06798787689804192], [-0.713974276317864, -0.6333654838012476, 0.345613094872095, 0.060196179474877154, -0.1330793917572125, -0.010956372376024481, -0.2352817896885565, 0.5743734884106854, 0.569938512184627, 0.6410910640355287, -0.05247059924059605, -0.07767382805616405, -0.006521396149966413], [-0.2952056879164438, 0.19730991872227005, -0.4517643305709353, 0.4418156222286033, -0.7401599091300755, 0.8039334718792326, -0.006810109357303529, -0.4364472118832382, 0.35897925066560077, -0.0031385989850284124, -0.24764430249136174, 0.37062487750828566, 0.008507009330393778]], "inverted": true, "swapped": false, "error_lsq": 0.05034013988880547, "error_max": 0.3342517426324467, "target": "51.xyz", "model": "21.xyz", "model_rescale": 4.466005644533646, "target_rescale": 4.44984614596619},
{"mapping": [5, 3, 8, 9, 6, 0, 7, 2, 1, 10, 4, 11, 12], "R": [[0.357459095252452, 0.8403614391503977, 0.40745017708962966], [0.43295851170891364, -0.5356736670119563, 0.724983206432236], [0.8275082612035367, -0.08274281877622941, -0.5553230623527742]], "T": [0.09074686503237929, 0.1186463508228105, -0.07233280356784658], "aligned_model": [[-0.20639420351740695, 0.3214377771123971, -0.3386085841996498, -0.5793860081980877, 0.12007643747051605, 0.0407553395861525, -0.6650792251875728, 0.2584828666576233, 0.36722598057407546, -0.2529153672101647, 0.6479084181003201, 0.5521537616224099, -0.06798777433029972], [-0.7139742471875545, -0.6333654089751223, 0.34561312072832484, 0.06019607986643155, -0.13307934170480057, -0.01095630304144557, -0.23528178475442907, 0.5743734387262428, 0.5699386024413085, 0.6410909853491855, -0.052470503492368314, -0.07767396960908057, -0.006521466756511274], [-0.295205679007161, 0.1973099511134971, -0.4517643445395557, 0.4418155918691522, -0.7401598999542914, 0.8039334884633647, -0.006810123592425249, -0.4364472243061408, 0.3589792675162342, -0.0031386290779782805, -0.24764426983363333, 0.37062487470794836, 0.008506996640989695]], "inverted": false, "swapped": false, "error_lsq": 0.05034013581173144, "error_max": 0.33425169275786243, "target": "51.xyz", "model": "22.xyz", "model_rescale": 4.46600560860683, "target_rescale": 4.44984614596619},
{"mapping": [9, 8, 5, 4, 3, 2, 6, 1, 0, 12, 11, 10, 13], "R": [[-0.5296833943924547, 0.8464503980220326, -0.05438037691327933], [-0.8461101484984126, -0.5317870262716541, -0.03605794360672631], [-0.059440039644014, 0.026912494821071907, 0.9978690291364013]], "T": [-0.03848300963599541, 0.01544386526758739, -0.03386244256700597], "aligned_model": [[0.16747600938129606, 0.12432677668735545, -0.5088637091874025, -0.5520129418813431, 0.042786040243623286, -0.043512425144257974, -0.5816114038661326, 0.36243377638706853, 0.31928454369312786, -0.18673438481977284, 0.5488047810655048, 0.5056555483715641, -0.00036319245031733727], [-0.5171000340776788, -0.5457109538150093, 0.3154791704952645, 0.2868682507579339, -0.03130577666970468, -0.08852761614436594, -0.43135151116905923, 0.5515844513071486, 0.5229735315698181, 0.6298284401558162, -0.13816056733780802, -0.16677148707513867, -0.05991669640703531], [-0.4394643993600821, 0.3523153818824584, -0.44623734712499263, 0.3455424341175478, -0.8262879767468532, 0.7572715857382277, 0.31797658891300035, -0.39022302566812633, 0.40155675557441417, -0.0197408712161527, -0.4049903559238347, 0.3867894253187058, -0.03450819550431284]], "inverted": true, "swapped": false, "error_lsq": 0.0361955701134618, "error_max": 0.32527688470544824, "target": "51.xyz", "model": "23.xyz", "model_rescale": 4.509807674373902, "target_rescale": 4.44984614596619},
{"mapping": [8, 9, 4, 5, 2, 3, 7, 0, 1, 12, 10, 11, 13], "R": [[0.5296833943924547, -0.8464503980220326, -0.05438037691327929], [0.8461101484984126, 0.5317870262716541, -0.036057943606726234], [0.059440039644013905, -0.026912494821071914, 0.9978690291364014]], "T": [-0.03848300963599541, 0.01544386526758738, -0.033862442567005956], "aligned_model": [[0.167476009381296, 0.1243267766873554, -0.5088637091874024, -0.552012941881343, 0.04278604024362323, -0.04351242514425794, -0.5816114038661326, 0.3624337763870684, 0.31928454369312786, -0.1867343848197728, 0.5488047810655047, 0.505655548371564, -0.0003631924503173442], [-0.5171000340776788, -0.5457109538150093, 0.3154791704952644, 0.2868682507579339, -0.031305776669704743, -0.08852761614436587, -0.4313515111690591, 0.5515844513071486, 0.5229735315698181, 0.629828440155816, -0.13816056733780804, -0.16677148707513864, -0.0599166964070353], [-0.43946439936008214, 0.35231538188245853, -0.4462373471249927, 0.345542434117548, -0.8262879767468531, 0.7572715857382276, 0.3179765889130005, -0.39022302566812644, 0.4015567555744142, -0.019740871216152735, -0.4049903559238348, 0.38678942531870586, -0.03450819550431282]], "inverted": false, "swapped": false, "error_lsq": 0.0361955701134618, "error_max": 0.32527688470544835, "target": "51.xyz", "model": "24.xyz", "model_rescale": 4.509807674373903, "target_rescale": 4.44984614596619},
{"mapping": [6, 4, 7, 10, 5, 1, 8, 2, 0, 9, 3, 11, 12], "R": [[-0.35745909525245234, -0.8403614391503977, 0.4074501770896298], [-0.4329585117089141, 0.5356736670119566, 0.7249832064322357], [-0.8275082612035366, 0.08274281877622924, -0.5553230623527747]], "T": [0.09074686503237937, 0.11864635082281055, -0.0723328035678467], "aligned_model": [[-0.20639420351740712, 0.3214377771123972, -0.3386085841996499, -0.5793860081980876, 0.1200764374705159, 0.04075533958615278, -0.6650792251875729, 0.25848286665762343, 0.3672259805740758, -0.2529153672101646, 0.6479084181003202, 0.5521537616224101, -0.06798777433029969], [-0.7139742471875548, -0.6333654089751224, 0.34561312072832473, 0.06019607986643222, -0.13307934170480112, -0.01095630304144496, -0.2352817847544288, 0.5743734387262427, 0.5699386024413087, 0.6410909853491857, -0.052470503492368786, -0.07767396960908049, -0.006521466756511218], [-0.29520567900716077, 0.19730995111349742, -0.4517643445395559, 0.44181559186915226, -0.7401598999542915, 0.803933488463365, -0.006810123592425096, -0.4364472243061413, 0.35897926751623405, -0.0031386290779785025, -0.2476442698336334, 0.3706248747079484, 0.008506996640989709]], "inverted": true, "swapped": false, "error_lsq": 0.050340135811731454, "error_max": 0.33425169275786226, "target": "51.xyz", "model": "25.xyz", "model_rescale": 4.466005608606829, "target_rescale": 4.44984614596619},
{"mapping": [5, 3, 8, 9, 6, 0, 7, 2, 1, 10, 4, 11, 12], "R": [[0.357459184638471, 0.8403613809240591, 0.4074502187617624], [0.4329584300330567, -0.5356737465452137, 0.7249831964435625], [0.8275082653248307, -0.08274289524559009, -0.5553230448175792]], "T": [0.09074687463248567, 0.11864636572805251, -0.07233276252749005], "aligned_model": [[-0.20639422033195431, 0.32143784868749303, -0.3386084968641289, -0.5793860755061438, 0.12007643726871331, 0.04075552164494743, -0.6650791544647965, 0.2584827588921973, 0.367226179245615, -0.2529154179054762, 0.6479085062881605, 0.5521534302341571, -0.06798789870847032], [-0.7139742558343694, -0.6333654049710382, 0.3456130795474762, 0.06019614784244651, -0.13307938820698254, -0.01095633656886244, -0.23528178807991065, 0.5743734451144764, 0.5699385310585244, 0.6410910154698334, -0.05247053734365145, -0.07767388392485039, -0.006521422512910574], [-0.2952057580651036, 0.19731000713573155, -0.4517643494306988, 0.4418155571533022, -0.7401599420961222, 0.8039335634484077, -0.0068101653996801015, -0.4364472319947259, 0.35897937941738906, -0.0031386268777165854, -0.24764417689528717, 0.37062479156821104, 0.008506952036292925]], "inverted": false, "swapped": false, "error_lsq": 0.050340142169241604, "error_max": 0.334251715048604, "target": "51.xyz", "model": "26.xyz", "model_rescale": 4.466005838112752, "target_rescale": 4.44984614596619},
{"mapping": [8, 9, 4, 5, 2, 3, 6, 0, 1, 12, 10, 11, 13], "R": [[0.5296832697866358, -0.8464504761183548, 0.05438037501846377], [0.8461102269614961, 0.5317869015542427, 0.036057941795174894], [-0.0594400331368003, 0.0269125029372792, 0.9978690293051224]], "T": [-0.03848299011129866, 0.015443898130429366, 0.03386243870701108], "aligned_model": [[0.12432671693355984, 0.16747594603162475, -0.5520129737769297, -0.5088637446788649, -0.04351235766997688, 0.04278610052615289, -0.5816114460844629, 0.31928443464092027, 0.3624336637389851, -0.1867342256758889, 0.5056556019845204, 0.5488048310825853, -0.0003631285719119873], [-0.5457109008563238, -0.5170999839438085, 0.2868683514504732, 0.31547926836298845, -0.08852772397066097, -0.03130589014563033, -0.43135156788688983, 0.5229737494697815, 0.5515846663822968, 0.6298281508828031, -0.1667715140046091, -0.13816059709209377, -0.05991680705814565], [-0.35231536351289927, 0.4394643794684817, -0.34554241876496383, 0.44623732421641715, -0.7572715486328525, 0.8262879373299095, -0.3179765686745828, -0.4015567381597728, 0.3902230048216082, 0.019740872224006042, -0.38678940882263046, 0.4049903341587505, 0.03450819434852852]], "inverted": false, "swapped": false, "error_lsq": 0.03619556988044556, "error_max": 0.3252768795931283, "target": "51.xyz", "model": "27.xyz", "model_rescale": 4.509807893063789, "target_rescale": 4.44984614596619},
{"mapping": [8, 9, 4, 5, 2, 3, 7, 0, 1, 12, 10, 11, 13], "R": [[0.5296832697866362, -0.8464504761183543, -0.05438037501846379], [0.8461102269614956, 0.531786901554243, -0.03605794179517489], [0.05944003313680032, -0.026912502937279197, 0.9978690293051222]], "T": [-0.03848299011129863, 0.015443898130429404, -0.033862438707011076], "aligned_model": [[0.16747594603162438, 0.12432671693355948, -0.5088637446788644, -0.5520129737769294, 0.042786100526152865, -0.043512357669976916, -0.5816114460844629, 0.3624336637389854, 0.31928443464092043, -0.1867342256758885, 0.5488048310825849, 0.5056556019845201, -0.00036312857191201503], [-0.5170999839438082, -0.5457109008563235, 0.3154792683629887, 0.2868683514504734, -0.03130589014563029, -0.08852772397066092, -0.4313515678868894, 0.5515846663822965, 0.5229737494697813, 0.629828150882803, -0.13816059709209397, -0.1667715140046093, -0.0599168070581456], [-0.43946437946848177, 0.3523153635128992, -0.44623732421641715, 0.34554241876496383, -0.8262879373299091, 0.7572715486328522, 0.31797656867458274, -0.3902230048216082, 0.4015567381597728, -0.019740872224006032, -0.4049903341587506, 0.3867894088226304, -0.03450819434852851]], "inverted": false, "swapped": false, "error_lsq": 0.03619556988044558, "error_max": 0.32527687959312834, "target": "51.xyz", "model": "28.xyz", "model_rescale": 4.5098078930637895, "target_rescale": 4.44984614596619},
