[{"mapping": [5, 4, 3, 2, 8, 7, 11, 10, 9, 1, 0, 12], "R": [[-0.8645986425426891, 0.5024631203514738, 2.327203597476099e-17], [0.5024631203514738, 0.8645986425426891, 7.192470309577281e-17], [1.601854003487233e-17, 7.387934047470127e-17, -1.0000000000000002]], "T": [-0.013582972167217853, -0.07479133052968233, 1.7230874435165917e-16], "aligned_model": [[-0.08964352235124878, -0.08964352235124881, 0.5822831089800529, 0.5822831089800529, 0.026383039211768242, 0.02638303921176823, -0.5539974439678317, -0.5539974439678317, 0.4907368479113862, -0.39526718375248104, -0.39526718375248104, -0.0896435223512488], [-0.04122545400009206, -0.04122545400009217, -0.09765723104685246, -0.09765723104685252, 0.5270280058192013, 0.5270280058192013, 0.09151392214878488, 0.09151392214878483, 0.3942884353717767, -0.6151410099814896, -0.6151410099814896, -0.041225454000092115], [-0.804162634531497, 0.8041626345314974, -0.4020813172657486, 0.4020813172657487, -0.40208131726574853, 0.40208131726574875, -0.4020813172657486, 0.4020813172657487, -8.161261924156468e-17, -0.40208131726574864, 0.40208131726574864, -1.2644345928451872e-16]], "inverted": false, "swapped": true, "error_lsq": 0.025843784445923782, "error_max": 0.1117184648397244, "target": "52.xyz", "model": "0.xyz", "model_rescale": 4.5108708085295355, "target_rescale": 4.44984614596619},
{"mapping": [4, 5, 2, 3, 7, 8, 10, 11, 9, 0, 1, 12], "R": [[0.8645986425426887, -0.5024631203514742, 2.4621925754328605e-16], [-0.5024631203514742, -0.8645986425426887, -9.455648884660136e-17], [2.603919842751365e-16, -4.1962684535448335e-17, -1.0]], "T": [-0.013582972167217884, -0.07479133052968233, -1.1649782615521404e-16], "aligned_model": [[-0.08964352235124859, -0.08964352235124898, 0.5822831089800528, 0.5822831089800525, 0.026383039211768662, 0.026383039211768468, -0.5539974439678315, -0.5539974439678317, 0.49073684791138644, -0.39526718375248115, -0.3952671837524814, -0.08964352235124878], [-0.04122545400009215, -0.041225454000092, -0.0976572310468529, -0.09765723104685281, 0.5270280058192012, 0.5270280058192012, 0.09151392214878516, 0.09151392214878522, 0.3942884353717764, -0.6151410099814892, -0.6151410099814892, -0.041225454000092074], [-0.8041626345314971, 0.8041626345314968, -0.40208131726574836, 0.4020813172657487, -0.4020813172657486, 0.4020813172657485, -0.4020813172657487, 0.40208131726574836, 2.62717225335851e-16, -0.4020813172657486, 0.4020813172657485, 1.6099706570001854e-16]], "inverted": true, "swapped": true, "error_lsq": 0.025843784445923775, "error_max": 0.11171846483972431, "target": "52.xyz", "model": "1.xyz", "model_rescale": 4.510870808529536, "target_rescale": 4.44984614596619},
{"mapping": [5, 4, 3, 2, 8, 7, 11, 10, 9, 1, 0, 12], "R": [[-0.8645986425426888, 0.502463120351474, 4.346777932838055e-17], [0.502463120351474, 0.8645986425426888, 9.013389087379449e-17], [7.706773056203057e-18, 9.977059573266096e-17, -1.0]], "T": [-0.013582972167217884, -0.07479133052968233, 2.190629137206854e-16], "aligned_model": [[-0.08964352235124876, -0.08964352235124884, 0.5822831089800526, 0.5822831089800526, 0.026383039211768447, 0.026383039211768405, -0.5539974439678316, -0.5539974439678316, 0.49073684791138633, -0.39526718375248115, -0.39526718375248115, -0.08964352235124881], [-0.04122545400009202, -0.04122545400009216, -0.09765723104685264, -0.09765723104685273, 0.5270280058192012, 0.5270280058192012, 0.0915139221487851, 0.09151392214878505, 0.39428843537177644, -0.6151410099814892, -0.6151410099814892, -0.04122545400009209], [-0.8041626345314967, 0.8041626345314972, -0.4020813172657484, 0.40208131726574864, -0.40208131726574836, 0.4020813172657487, -0.4020813172657484, 0.40208131726574864, -1.6131774677917217e-17, -0.4020813172657485, 0.4020813172657486, -8.061418191768302e-17]], "inverted": false, "swapped": true, "error_lsq": 0.025843784445923775, "error_max": 0.11171846483972411, "target": "52.xyz", "model": "2.xyz", "model_rescale": 4.5108708085295355, "target_rescale": 4.44984614596619},
{"mapping": [9, 10, 4, 5, 0, 1, 7, 2, 3, 8, 11, 12, 13], "R": [[0.5296834176581969, -0.8464503833818295, -0.054380378177115794], [0.8461101338344823, 0.5317870496032083, -0.03605794360344994], [0.05944004105421568, -0.02691249425580732, 0.997869029067645]], "T": [-0.03848302528741783, 0.015443937452191987, -0.03386244041614929], "aligned_model": [[0.1674761637412921, 0.12432693070160368, -0.5088637093077867, -0.5520129423474752, 0.04278590483254828, -0.043512561246828584, -0.5816114236368777, 0.36243376948023465, 0.3192845364405462, -0.18673419362081423, 0.5488047523453498, 0.5056555193056612, -0.0003633282071401553], [-0.5171000767618492, -0.5457109960608979, 0.3154792516711972, 0.28686833237214865, -0.03130589243932515, -0.08852773103742238, -0.43135141776222363, 0.5515845048289083, 0.5229735855298596, 0.6298283891249941, -0.13816050841889305, -0.16677142771794168, -0.059916811738373765], [-0.43946438580599706, 0.352315383324897, -0.44623733837367935, 0.3455424307572147, -0.8262879757570704, 0.7572715625047174, 0.3179765848897302, -0.39022301717931945, 0.4015567519515746, -0.019740862433864997, -0.4049903481914591, 0.3867894209394349, -0.03450820662617651]], "inverted": false, "swapped": false, "error_lsq": 0.03619558096919368, "error_max": 0.3252768650674778, "target": "52.xyz", "model": "3.xyz", "model_rescale": 4.509807743048502, "target_rescale": 4.44984614596619},
{"mapping": [9, 10, 4, 5, 0, 1, 7, 2, 3, 8, 11, 12, 13], "R": [[0.5296834176581969, -0.8464503833818295, -0.054380378177115773], [0.8461101338344823, 0.5317870496032083, -0.036057943603449924], [0.05944004105421566, -0.026912494255807305, 0.997869029067645]], "T": [-0.03848302528741783, 0.01544393745219198, -0.03386244041614921], "aligned_model": [[0.1674761637412921, 0.12432693070160368, -0.5088637093077867, -0.5520129423474751, 0.042785904832548266, -0.043512561246828584, -0.5816114236368776, 0.36243376948023465, 0.3192845364405462, -0.18673419362081423, 0.5488047523453496, 0.5056555193056613, -0.00036332820714014835], [-0.5171000767618492, -0.5457109960608979, 0.3154792516711972, 0.28686833237214865, -0.03130589243932516, -0.08852773103742237, -0.43135141776222363, 0.5515845048289083, 0.5229735855298596, 0.6298283891249941, -0.1381605084188931, -0.16677142771794168, -0.059916811738373765], [-0.43946438580599695, 0.3523153833248968, -0.44623733837367924, 0.3455424307572145, -0.8262879757570704, 0.7572715625047177, 0.31797658488973, -0.39022301717931934, 0.4015567519515744, -0.019740862433865025, -0.404990348191459, 0.38678942093943475, -0.034508206626176534]], "inverted": false, "swapped": false, "error_lsq": 0.03619558096919367, "error_max": 0.3252768650674776, "target": "52.xyz", "model": "4.xyz", "model_rescale": 4.509807743048502, "target_rescale": 4.44984614596619},
{"mapping": [10, 9, 5, 4, 1, 0, 6, 3, 2, 8, 12, 11, 13], "R": [[-0.5296834176581969, 0.8464503833818295, -0.054380378177115545], [-0.8461101338344823, -0.5317870496032083, -0.03605794360344993], [-0.05944004105421554, 0.026912494255807114, 0.9978690290676451]], "T": [-0.038483025287417844, 0.01544393745219198, -0.0338624404161491], "aligned_model": [[0.167476163741292, 0.12432693070160378, -0.5088637093077868, -0.5520129423474751, 0.04278590483254807, -0.0435125612468284, -0.5816114236368776, 0.36243376948023454, 0.31928453644054633, -0.18673419362081423, 0.5488047523453496, 0.5056555193056613, -0.0003633282071401553], [-0.5171000767618492, -0.5457109960608979, 0.3154792516711972, 0.28686833237214865, -0.03130589243932516, -0.08852773103742237, -0.43135141776222363, 0.5515845048289083, 0.5229735855298596, 0.6298283891249941, -0.13816050841889307, -0.16677142771794168, -0.05991681173837375], [-0.43946438580599706, 0.3523153833248969, -0.44623733837367924, 0.34554243075721475, -0.8262879757570701, 0.7572715625047176, 0.3179765848897303, -0.39022301717931956, 0.4015567519515744, -0.019740862433865074, -0.40499034819145924, 0.38678942093943475, -0.03450820662617663]], "inverted": true, "swapped": false, "error_lsq": 0.03619558096919368, "error_max": 0.3252768650674779, "target": "52.xyz", "model": "5.xyz", "model_rescale": 4.509807743048502, "target_rescale": 4.44984614596619},
{"mapping": [10, 9, 5, 4, 1, 0, 6, 3, 2, 8, 12, 11, 13], "R": [[-0.5296833347674866, 0.8464504353733893, -0.054380376293241724], [-0.8461101859774489, -0.5317869666354876, -0.03605794367172851], [-0.059440037473083136, 0.02691249845009907, 0.9978690291678423]], "T": [-0.038483018920641515, 0.01544392714554561, -0.03386244139975642], "aligned_model": [[0.16747594850339276, 0.12432671545982255, -0.5088638418032152, -0.5520130748467854, 0.04278601374790586, -0.04351245233923453, -0.5816112991492092, 0.3624336440516849, 0.31928441100811467, -0.1867339710080527, 0.548804888597562, 0.505655655553992, -0.0003632192956643382], [-0.5170999106700648, -0.545710831017019, 0.3154792625464384, 0.28686834219948404, -0.031305959547821685, -0.08852780024173025, -0.43135155383968515, 0.5515846094569035, 0.5229736891099492, 0.6298282088484312, -0.13816052750648683, -0.1667714478534411, -0.05991687989477597], [-0.43946440668571335, 0.35231539002517187, -0.44623735901845263, 0.3455424376924326, -0.8262880008997964, 0.7572715925219737, 0.3179766005670818, -0.39022303568561084, 0.4015567610252743, -0.01974085745417126, -0.40499035730508104, 0.3867894394058042, -0.03450820418891129]], "inverted": true, "swapped": false, "error_lsq": 0.03619557806297322, "error_max": 0.3252768942099383, "target": "52.xyz", "model": "6.xyz", "model_rescale": 4.509807586411629, "target_rescale": 4.44984614596619},
{"mapping": [9, 10, 4, 5, 0, 1, 7, 2, 3, 8, 11, 12, 13], "R": [[0.5296833347674865, -0.8464504353733895, -0.05438037629324168], [0.8461101859774491, 0.5317869666354875, -0.036057943671728494], [0.059440037473083095, -0.026912498450099052, 0.9978690291678424]], "T": [-0.03848301892064152, 0.0154439271455456, -0.033862441399756464], "aligned_model": [[0.16747594850339287, 0.12432671545982271, -0.5088638418032153, -0.5520130748467855, 0.042786013747905825, -0.0435124523392345, -0.5816112991492092, 0.36243364405168477, 0.31928441100811467, -0.18673397100805286, 0.5488048885975622, 0.5056556555539921, -0.0003632192956643243], [-0.5170999106700649, -0.5457108310170191, 0.3154792625464382, 0.286868342199484, -0.0313059595478217, -0.08852780024173026, -0.4313515538396853, 0.5515846094569035, 0.5229736891099492, 0.629828208848431, -0.1381605275064867, -0.16677144785344097, -0.05991687989477598], [-0.4394644066857132, 0.35231539002517176, -0.4462373590184524, 0.34554243769243254, -0.8262880008997965, 0.757271592521974, 0.31797660056708177, -0.39022303568561073, 0.4015567610252742, -0.019740857454171416, -0.40499035730508093, 0.386789439405804, -0.03450820418891143]], "inverted": false, "swapped": false, "error_lsq": 0.036195578062973216, "error_max": 0.32527689420993827, "target": "52.xyz", "model": "7.xyz", "model_rescale": 4.509807586411629, "target_rescale": 4.44984614596619},
{"mapping": [10, 9, 5, 4, 1, 0, 6, 3, 2, 8, 12, 11, 13], "R": [[-0.529683334767487, 0.846450435373389, -0.05438037629324173], [-0.8461101859774487, -0.531786966635488, -0.036057943671728536], [-0.059440037473083185, 0.026912498450099027, 0.9978690291678421]], "T": [-0.03848301892064152, 0.015443927145545638, -0.03386244139975636], "aligned_model": [[0.1674759485033925, 0.1243267154598223, -0.5088638418032151, -0.5520130748467853, 0.0427860137479058, -0.04351245233923458, -0.5816112991492094, 0.36243364405168504, 0.31928441100811483, -0.18673397100805242, 0.548804888597562, 0.505655655553992, -0.0003632192956643729], [-0.5170999106700648, -0.545710831017019, 0.3154792625464386, 0.28686834219948426, -0.03130595954782166, -0.08852780024173028, -0.4313515538396849, 0.5515846094569032, 0.522973689109949, 0.6298282088484312, -0.138160527506487, -0.1667714478534413, -0.059916879894775954], [-0.4394644066857133, 0.35231539002517176, -0.44623735901845246, 0.3455424376924326, -0.8262880008997961, 0.7572715925219737, 0.31797660056708177, -0.39022303568561073, 0.4015567610252743, -0.01974085745417145, -0.404990357305081, 0.38678943940580407, -0.034508204188911526]], "inverted": true, "swapped": false, "error_lsq": 0.03619557806297322, "error_max": 0.3252768942099382, "target": "52.xyz", "model": "8.xyz", "model_rescale": 4.509807586411629, "target_rescale": 4.44984614596619},
{"mapping": [11, 12, 6, 7, 0, 1, 5, 2, 3, 8, 9, 10, 13], "R": [[-0.5296834670779966, 0.8464503523068376, -0.054380380504952336], [-0.8461101027663858, -0.5317870991112876, -0.03605794247399097], [-0.05944004290786596, 0.02691249335219789, 0.9978690289815989]], "T": [-0.038483048576690854, 0.015443892309865051, -0.033862445051547105], "aligned_model": [[0.16747602647872048, 0.12432678930930233, -0.5088636460147841, -0.5520128831842022, 0.04278609458384178, -0.04351237975499452, -0.5816114079944339, 0.3624337049569265, 0.3192844677875084, -0.18673428270675443, 0.5488046573870887, 0.5056554202176705, -0.0003631425855763759], [-0.5171001023182178, -0.5457110222346346, 0.3154791917698694, 0.28686827185345243, -0.03130581452014235, -0.08852765435297623, -0.431351514490008, 0.5515845243163577, 0.5229736043999409, 0.629828444075911, -0.1381605362781973, -0.16677145619461425, -0.05991673443655929], [-0.4394644159292635, 0.3523153950197027, -0.4462373613291472, 0.345542449619819, -0.8262880062269475, 0.7572716156709847, 0.3179766008136953, -0.3902230424614623, 0.40155676848750393, -0.019740868078115422, -0.4049903756288764, 0.3867894353200898, -0.03450819527798142]], "inverted": false, "swapped": false, "error_lsq": 0.036195566346419634, "error_max": 0.32527689735499443, "target": "52.xyz", "model": "9.xyz", "model_rescale": 4.509807504472865, "target_rescale": 4.44984614596619},
{"mapping": [11, 12, 6, 7, 0, 1, 5, 2, 3, 8, 9, 10, 13], "R": [[-0.5296834670779964, 0.8464503523068377, -0.05438038050495251], [-0.8461101027663859, -0.5317870991112874, -0.03605794247399106], [-0.05944004290786612, 0.02691249335219801, 0.9978690289815989]], "T": [-0.03848304857669084, 0.01544389230986504, -0.033862445051547056], "aligned_model": [[0.16747602647872067, 0.12432678930930242, -0.508863646014784, -0.5520128831842022, 0.042786094583841944, -0.04351237975499465, -0.5816114079944338, 0.3624337049569265, 0.3192844677875082, -0.18673428270675457, 0.5488046573870887, 0.5056554202176705, -0.0003631425855763412], [-0.5171001023182177, -0.5457110222346347, 0.3154791917698693, 0.28686827185345226, -0.031305814520142264, -0.08852765435297631, -0.43135151449000814, 0.5515845243163578, 0.5229736043999408, 0.629828444075911, -0.1381605362781972, -0.1667714561946142, -0.05991673443655929], [-0.4394644159292634, 0.3523153950197026, -0.4462373613291472, 0.3455424496198188, -0.8262880062269475, 0.757271615670985, 0.317976600813695, -0.39022304246146206, 0.40155676848750393, -0.019740868078115457, -0.40499037562887624, 0.38678943532008975, -0.03450819527798147]], "inverted": false, "swapped": false, "error_lsq": 0.03619556634641962, "error_max": 0.32527689735499415, "target": "52.xyz", "model": "10.xyz", "model_rescale": 4.509807504472865, "target_rescale": 4.44984614596619},
{"mapping": [12, 11, 7, 6, 1, 0, 4, 3, 2, 8, 10, 9, 13], "R": [[0.5296834670779966, -0.8464503523068376, -0.05438038050495279], [0.8461101027663858, 0.5317870991112876, -0.03605794247399117], [0.05944004290786637, -0.026912493352198162, 0.9978690289815989]], "T": [-0.03848304857669085, 0.015443892309865051, -0.03386244505154699], "aligned_model": [[0.16747602647872067, 0.12432678930930216, -0.5088636460147838, -0.5520128831842023, 0.042786094583842145, -0.043512379754994876, -0.581611407994434, 0.3624337049569268, 0.31928446778750824, -0.1867342827067544, 0.5488046573870888, 0.5056554202176704, -0.0003631425855763551], [-0.5171001023182177, -0.5457110222346347, 0.31547919176986944, 0.2868682718534524, -0.03130581452014219, -0.0885276543529764, -0.4313515144900081, 0.5515845243163578, 0.5229736043999408, 0.629828444075911, -0.13816053627819724, -0.16677145619461436, -0.059916734436559274], [-0.43946441592926355, 0.3523153950197026, -0.4462373613291474, 0.3455424496198188, -0.8262880062269474, 0.7572716156709848, 0.3179766008136949, -0.390223042461462, 0.4015567684875041, -0.019740868078115544, -0.4049903756288762, 0.38678943532008997, -0.034508195277981595]], "inverted": true, "swapped": false, "error_lsq": 0.036195566346419634, "error_max": 0.3252768973549941, "target": "52.xyz", "model": "11.xyz", "model_rescale": 4.509807504472865, "target_rescale": 4.44984614596619},
{"mapping": [11, 12, 6, 7, 0, 1, 5, 2, 3, 8, 9, 10, 13], "R": [[-0.5296833577212625, 0.8464504210915145, -0.05438037501826316], [-0.8461101715714285, -0.5317869895190179, -0.0360579442240915], [-0.05944003799205397, 0.02691249546767848, 0.9978690292173645]], "T": [-0.03848295759403703, 0.015443831333030546, -0.033862440233583896], "aligned_model": [[0.16747598632820337, 0.12432675601953849, -0.5088637545277706, -0.5520129848364355, 0.042785998543661476, -0.04351246207366829, -0.5816114150805559, 0.3624337030242023, 0.3192844727155374, -0.18673426254082987, 0.5488049214910493, 0.5056556911823844, -0.0003632317650034064], [-0.517099989948542, -0.5457109095911482, 0.3154791682721515, 0.2868682486295453, -0.03130574854834697, -0.08852758783355938, -0.4313514999542025, 0.551584482140751, 0.5229735624981448, 0.6298283283048807, -0.13816063227296702, -0.16677155191557322, -0.05991666819095317], [-0.43946439086243894, 0.35231537426649806, -0.4462373397167999, 0.3455424254121372, -0.8262879611515993, 0.7572715691062745, 0.3179765820335978, -0.3902230201056782, 0.4015567450232588, -0.019740867210061915, -0.40499034295073044, 0.38678942217820655, -0.0345081960226624]], "inverted": false, "swapped": false, "error_lsq": 0.03619557038046022, "error_max": 0.32527687693213997, "target": "52.xyz", "model": "12.xyz", "model_rescale": 4.509807766519439, "target_rescale": 4.44984614596619},
{"mapping": [12, 11, 7, 6, 1, 0, 4, 3, 2, 8, 10, 9, 13], "R": [[0.5296833577212627, -0.8464504210915144, -0.054380375018263184], [0.8461101715714284, 0.5317869895190181, -0.03605794422409138], [0.05944003799205389, -0.026912495467678543, 0.9978690292173644]], "T": [-0.03848295759403704, 0.015443831333030563, -0.03386244023358383], "aligned_model": [[0.16747598632820326, 0.12432675601953834, -0.5088637545277704, -0.5520129848364353, 0.04278599854366148, -0.04351246207366834, -0.5816114150805559, 0.3624337030242024, 0.3192844727155375, -0.18673426254082975, 0.5488049214910493, 0.5056556911823844, -0.0003632317650034342], [-0.517099989948542, -0.5457109095911481, 0.31547916827215156, 0.28686824862954546, -0.03130574854834704, -0.08852758783355925, -0.4313514999542023, 0.5515844821407508, 0.5229735624981448, 0.6298283283048808, -0.13816063227296718, -0.16677155191557327, -0.05991666819095315], [-0.4394643908624387, 0.35231537426649795, -0.4462373397167997, 0.345542425412137, -0.8262879611515993, 0.7572715691062746, 0.3179765820335977, -0.3902230201056781, 0.40155674502325855, -0.019740867210061817, -0.4049903429507303, 0.3867894221782064, -0.03450819602266223]], "inverted": true, "swapped": false, "error_lsq": 0.03619557038046022, "error_max": 0.32527687693213986, "target": "52.xyz", "model": "13.xyz", "model_rescale": 4.509807766519439, "target_rescale": 4.44984614596619},
{"mapping": [12, 11, 7, 6, 1, 0, 4, 3, 2, 8, 10, 9, 13], "R": [[0.5296833577212631, -0.8464504210915142, -0.05438037501826317], [0.8461101715714283, 0.5317869895190185, -0.03605794422409149], [0.05944003799205399, -0.02691249546767846, 0.9978690292173646]], "T": [-0.038482957594037054, 0.01544383133303057, -0.03386244023358372], "aligned_model": [[0.16747598632820307, 0.12432675601953816, -0.5088637545277704, -0.5520129848364353, 0.04278599854366143, -0.04351246207366835, -0.5816114150805561, 0.3624337030242025, 0.3192844727155376, -0.18673426254082956, 0.5488049214910493, 0.5056556911823844, -0.00036323176500344806], [-0.5170999899485419, -0.545710909591148, 0.3154791682721518, 0.2868682486295456, -0.03130574854834699, -0.08852758783355937, -0.4313514999542022, 0.5515844821407508, 0.5229735624981448, 0.629828328304881, -0.1381606322729673, -0.1667715519155735, -0.05991666819095316], [-0.43946439086243894, 0.35231537426649806, -0.44623733971679985, 0.34554242541213714, -0.8262879611515992, 0.7572715691062746, 0.3179765820335978, -0.3902230201056782, 0.4015567450232588, -0.01974086721006202, -0.40499034295073044, 0.38678942217820655, -0.03450819602266252]], "inverted": true, "swapped": false, "error_lsq": 0.036195570380460236, "error_max": 0.32527687693213997, "target": "52.xyz", "model": "14.xyz", "model_rescale": 4.509807766519439, "target_rescale": 4.44984614596619},
{"mapping": [5, 4, 3, 2, 11, 10, 8, 7, 9, 1, 0, 12], "R": [[0.8645986380501758, -0.5024631280818341, 4.086540337631761e-17], [-0.5024631280818341, -0.8645986380501758, -4.0799480228149864e-17], [5.583240656208437e-17, 1.4741816627622957e-17, -1.0000000000000002]], "T": [0.013582828266283733, 0.07479144102907956, 1.7326542007665461e-16], "aligned_model": [[0.08964337815020283, 0.08964337815020278, -0.5822832526765434, -0.5822832526765434, 0.5539972985799654, 0.5539972985799654, -0.026383188493557825, -0.026383188493557853, -0.49073699600635384, 0.39526704468280327, 0.39526704468280327, 0.0896433781502028], [0.04122556381943335, 0.04122556381943342, 0.09765734687387718, 0.09765734687387721, -0.09151381648122339, -0.09151381648122334, -0.5270278949624688, -0.5270278949624688, -0.39428832036326544, 0.6151411170682554, 0.6151411170682554, 0.04122556381943338], [-0.804162634531497, 0.8041626345314974, -0.4020813172657486, 0.4020813172657487, -0.40208131726574853, 0.40208131726574875, -0.4020813172657486, 0.4020813172657487, -1.2760193800214326e-16, -0.4020813172657486, 0.4020813172657487, -1.2165320000733424e-16]], "inverted": false, "swapped": true, "error_lsq": 0.025843788931502108, "error_max": 0.11171861715136393, "target": "52.xyz", "model": "15.xyz", "model_rescale": 4.510870436145588, "target_rescale": 4.44984614596619},
{"mapping": [4, 5, 2, 3, 10, 11, 7, 8, 9, 0, 1, 12], "R": [[-0.8645986380501754, 0.5024631280818342, 2.3175206782284354e-18], [0.5024631280818342, 0.8645986380501754, -2.9070724788065137e-17], [-1.661069253466675e-17, -2.3970040369515597e-17, -1.0]], "T": [0.01358282826628375, 0.07479144102907954, -1.3272863624427804e-16], "aligned_model": [[0.0896433781502028, 0.0896433781502028, -0.5822832526765431, -0.5822832526765431, 0.5539972985799653, 0.5539972985799653, -0.026383188493557988, -0.026383188493557988, -0.4907369960063538, 0.3952670446828034, 0.3952670446828034, 0.0896433781502028], [0.041225563819433333, 0.041225563819433375, 0.09765734687387737, 0.0976573468738774, -0.09151381648122346, -0.09151381648122346, -0.5270278949624687, -0.5270278949624687, -0.3942883203632652, 0.6151411170682551, 0.6151411170682551, 0.041225563819433354], [-0.8041626345314971, 0.8041626345314968, -0.40208131726574853, 0.40208131726574853, -0.40208131726574853, 0.40208131726574853, -0.40208131726574853, 0.40208131726574853, 1.7913541626119283e-16, -0.40208131726574853, 0.40208131726574853, 1.678197555110821e-16]], "inverted": true, "swapped": true, "error_lsq": 0.025843788931502108, "error_max": 0.11171861715136375, "target": "52.xyz", "model": "16.xyz", "model_rescale": 4.510870436145588, "target_rescale": 4.44984614596619},
{"mapping": [4, 5, 2, 3, 10, 11, 7, 8, 9, 0, 1, 12], "R": [[-0.8645986380501761, 0.5024631280818336, -1.3597170374538949e-17], [0.5024631280818336, 0.8645986380501761, -4.8805611151757413e-17], [-1.2766925060095069e-17, -4.9029341690468406e-17, -1.0000000000000002]], "T": [0.013582828266283677, 0.07479144102907954, -2.2489545010643057e-17], "aligned_model": [[0.08964337815020276, 0.08964337815020279, -0.5822832526765435, -0.5822832526765435, 0.5539972985799655, 0.5539972985799655, -0.026383188493557485, -0.02638318849355747, -0.49073699600635357, 0.3952670446828029, 0.3952670446828029, 0.08964337815020278], [0.041225563819433375, 0.04122556381943346, 0.09765734687387678, 0.09765734687387681, -0.09151381648122305, -0.09151381648122299, -0.5270278949624688, -0.5270278949624688, -0.3942883203632658, 0.6151411170682556, 0.6151411170682556, 0.04122556381943342], [-0.8041626345314972, 0.8041626345314972, -0.40208131726574853, 0.40208131726574875, -0.40208131726574853, 0.40208131726574875, -0.4020813172657485, 0.4020813172657488, 3.066578374764987e-16, -0.4020813172657486, 0.4020813172657487, 2.7751078536444097e-16]], "inverted": true, "swapped": true, "error_lsq": 0.025843788931502104, "error_max": 0.11171861715136404, "target": "52.xyz", "model": "17.xyz", "model_rescale": 4.510870436145588, "target_rescale": 4.44984614596619},
{"mapping": [5, 3, 8, 9, 6, 0, 7, 2, 1, 10, 4, 11, 12], "R": [[0.35745915850412546, 0.8403613979219954, 0.4074502066315743], [0.43295847354886263, -0.5356737253013378, 0.7249831861526348], [0.8275082538463054, -0.0827428601413856, -0.5553230671526816]], "T": [0.09074686096395794, 0.11864635045020183, -0.07233280379831436], "aligned_model": [[-0.20639417890328005, 0.3214378225737185, -0.33860848957033934, -0.5793860848728964, 0.12007648312891625, 0.04075545529560358, -0.6650791516025357, 0.2584827851341545, 0.3672261173277999, -0.2529154228407001, 0.6479084846059148, 0.5521534751019995, -0.06798787689804188], [-0.7139742763178643, -0.6333654838012475, 0.3456130948720946, 0.060196179474877765, -0.13307939175721334, -0.010956372376023649, -0.2352817896885564, 0.5743734884106847, 0.5699385121846272, 0.6410910640355287, -0.05247059924059641, -0.07767382805616374, -0.006521396149966385], [-0.2952056879164424, 0.19730991872227105, -0.45176433057093546, 0.44181562222860343, -0.740159909130075, 0.8039334718792324, -0.006810109357302918, -0.43644721188323865, 0.35897925066559994, -0.0031385989850290785, -0.24764430249136152, 0.3706248775082858, 0.008507009330394014]], "inverted": false, "swapped": false, "error_lsq": 0.05034013988880547, "error_max": 0.33425174263244595, "target": "52.xyz", "model": "18.xyz", "model_rescale": 4.466005644533647, "target_rescale": 4.44984614596619},
{"mapping": [8, 9, 4, 5, 2, 3, 7, 0, 1, 12, 10, 11, 13], "R": [[0.5296833355232888, -0.8464504350090883, -0.05438037460194585], [0.8461101855348195, 0.5317869673043563, -0.03605794419360385], [0.05944003703865304, -0.026912496691324686, 0.9978690292411541]], "T": [-0.0384830157250325, 0.015443866040424532, -0.033862442496421646], "aligned_model": [[0.16747594487254297, 0.12432671436858202, -0.508863826030838, -0.552013056534799, 0.04278613073799757, -0.043512330269924335, -0.581611468308871, 0.36243363591985717, 0.31928440541589626, -0.186734150889955, 0.5488048747348744, 0.5056556442309135, -0.0003630997659633886], [-0.517099956924179, -0.5457108768911243, 0.31547919371004457, 0.28686827374309937, -0.031305831354791085, -0.08852767128868153, -0.4313514844054184, 0.5515845333628574, 0.5229736133959121, 0.629828248715337, -0.1381605845920966, -0.1667715045590418, -0.0599167513217363], [-0.43946439718056984, 0.3523153776124788, -0.44623734768964907, 0.34554242710339955, -0.8262879669887885, 0.7572715825973088, 0.3179765844207403, -0.39022302727916114, 0.4015567475138875, -0.01974086430775118, -0.4049903491996012, 0.3867894255934474, -0.034508192195739786]], "inverted": false, "swapped": false, "error_lsq": 0.0361955666414108, "error_max": 0.32527688138105, "target": "52.xyz", "model": "19.xyz", "model_rescale": 4.509807711582247, "target_rescale": 4.44984614596619},
{"mapping": [8, 9, 4, 5, 2, 3, 7, 0, 1, 12, 10, 11, 13], "R": [[0.5296833355232884, -0.8464504350090888, -0.05438037460194579], [0.84611018553482, 0.5317869673043558, -0.03605794419360397], [0.05944003703865309, -0.02691249669132461, 0.9978690292411541]], "T": [-0.038483015725032474, 0.015443866040424505, -0.033862442496421646], "aligned_model": [[0.1674759448725433, 0.12432671436858238, -0.5088638260308381, -0.5520130565347989, 0.042786130737997585, -0.04351233026992421, -0.5816114683088706, 0.3624336359198567, 0.3192844054158958, -0.18673415088995526, 0.5488048747348746, 0.5056556442309137, -0.00036309976596330534], [-0.5170999569241789, -0.5457108768911242, 0.3154791937100443, 0.286868273743099, -0.031305831354791, -0.08852767128868161, -0.43135148440541876, 0.5515845333628575, 0.5229736133959122, 0.6298282487153368, -0.1381605845920962, -0.16677150455904152, -0.0599167513217363], [-0.43946439718056995, 0.3523153776124788, -0.44623734768964896, 0.3455424271033998, -0.8262879669887885, 0.7572715825973085, 0.3179765844207404, -0.39022302727916114, 0.4015567475138876, -0.01974086430775132, -0.4049903491996012, 0.38678942559344753, -0.03450819219573999]], "inverted": false, "swapped": false, "error_lsq": 0.03619556664141081, "error_max": 0.32527688138105015, "target": "52.xyz", "model": "20.xyz", "model_rescale": 4.509807711582248, "target_rescale": 4.44984614596619},
{"mapping": [6, 4, 7, 10, 5, 1, 8, 2, 0, 9, 3, 11, 12], "R": [[-0.35745915850412546, -0.8403613979219956, 0.40745020663157394], [-0.43295847354886197, 0.5356737253013375, 0.7249831861526357], [-0.8275082538463061, 0.08274286014138627, -0.555323067152681]], "T": [0.09074686096395791, 0.118646350450202, -0.07233280379831435], "aligned_model": [[-0.20639417890327982, 0.3214378225737189, -0.3386084895703396, -0.5793860848728966, 0.12007648312891615, 0.040755455295603774, -0.6650791516025356, 0.25848278513415424, 0.36722611732779975, -0.25291542284070057, 0.6479084846059149, 0.5521534751019999, -0.06798787689804194], [-0.7139742763178643, -0.6333654838012476, 0.3456130948720949, 0.06019617947487721, -0.13307939175721267, -0.010956372376024315, -0.23528178968855662, 0.5743734884106854, 0.5699385121846272, 0.6410910640355287, -0.05247059924059605, -0.07767382805616396, -0.006521396149966441], [-0.2952056879164436, 0.19730991872227022, -0.4517643305709352, 0.44181562222860365, -0.7401599091300755, 0.8039334718792328, -0.006810109357303237, -0.4364472118832382, 0.3589792506656008, -0.0031385989850283152, -0.2476443024913617, 0.3706248775082858, 0.008507009330393944]], "inverted": true, "swapped": false, "error_lsq": 0.05034013988880547, "error_max": 0.3342517426324467, "target": "52.xyz", "model": "21.xyz", "model_rescale": 4.466005644533646, "target_rescale": 4.44984614596619},
{"mapping": [5, 3, 8, 9, 6, 0, 7, 2, 1, 10, 4, 11, 12], "R": [[0.35745909525245195, 0.8403614391503977, 0.40745017708963016], [0.43295851170891386, -0.5356736670119566, 0.7249832064322357], [0.8275082612035367, -0.08274281877622897, -0.5553230623527745]], "T": [0.09074686503237937, 0.11864635082281044, -0.07233280356784647], "aligned_model": [[-0.20639420351740712, 0.3214377771123969, -0.33860858419964956, -0.5793860081980878, 0.12007643747051629, 0.040755339586152226, -0.6650792251875729, 0.25848286665762377, 0.36722598057407563, -0.2529153672101645, 0.6479084181003203, 0.5521537616224098, -0.06798777433029969], [-0.7139742471875545, -0.6333654089751224, 0.34561312072832484, 0.060196079866431995, -0.1330793417048009, -0.010956303041445237, -0.2352817847544289, 0.5743734387262425, 0.5699386024413085, 0.6410909853491857, -0.05247050349236865, -0.07767396960908063, -0.006521466756511218], [-0.29520567900716066, 0.19730995111349767, -0.45176434453955583, 0.4418155918691523, -0.7401598999542913, 0.803933488463365, -0.0068101235924250825, -0.436447224306141, 0.3589792675162342, -0.0031386290779784887, -0.24764426983363305, 0.3706248747079487, 0.008506996640989833]], "inverted": false, "swapped": false, "error_lsq": 0.050340135811731454, "error_max": 0.33425169275786204, "target": "52.xyz", "model": "22.xyz", "model_rescale": 4.46600560860683, "target_rescale": 4.44984614596619},
{"mapping": [9, 8, 5, 4, 3, 2, 6, 1, 0, 12, 11, 10, 13], "R": [[-0.5296833943924547, 0.8464503980220325, -0.05438037691327931], [-0.8461101484984125, -0.5317870262716541, -0.036057943606726345], [-0.05944003964401402, 0.026912494821071865, 0.9978690291364013]], "T": [-0.0384830096359954, 0.015443865267587398, -0.033862442567005824], "aligned_model": [[0.167476009381296, 0.1243267766873554, -0.5088637091874024, -0.5520129418813431, 0.042786040243623265, -0.04351242514425796, -0.5816114038661326, 0.36243377638706853, 0.31928454369312786, -0.18673438481977278, 0.5488047810655047, 0.505655548371564, -0.0003631924503173442], [-0.5171000340776786, -0.5457109538150093, 0.3154791704952645, 0.2868682507579339, -0.031305776669704646, -0.08852761614436595, -0.4313515111690591, 0.5515844513071486, 0.5229735315698179, 0.6298284401558161, -0.13816056733780804, -0.1667714870751387, -0.0599166964070353], [-0.43946439936008197, 0.35231538188245853, -0.44623734712499247, 0.34554243411754804, -0.826287976746853, 0.757271585738228, 0.3179765889130005, -0.39022302566812617, 0.40155675557441434, -0.019740871216152527, -0.4049903559238346, 0.3867894253187059, -0.0345081955043127]], "inverted": true, "swapped": false, "error_lsq": 0.03619557011346179, "error_max": 0.32527688470544797, "target": "52.xyz", "model": "23.xyz", "model_rescale": 4.509807674373902, "target_rescale": 4.44984614596619},
{"mapping": [8, 9, 4, 5, 2, 3, 7, 0, 1, 12, 10, 11, 13], "R": [[0.5296833943924547, -0.8464503980220324, -0.0543803769132792], [0.8461101484984124, 0.5317870262716541, -0.0360579436067262], [0.059440039644013835, -0.02691249482107185, 0.9978690291364012]], "T": [-0.0384830096359954, 0.015443865267587387, -0.0338624425670058], "aligned_model": [[0.16747600938129587, 0.12432677668735531, -0.5088637091874023, -0.5520129418813429, 0.04278604024362317, -0.043512425144257884, -0.5816114038661324, 0.3624337763870684, 0.31928454369312786, -0.1867343848197727, 0.5488047810655045, 0.505655548371564, -0.00036319245031735115], [-0.5171000340776787, -0.5457109538150092, 0.31547917049526447, 0.28686825075793393, -0.03130577666970476, -0.08852761614436584, -0.431351511169059, 0.5515844513071484, 0.5229735315698179, 0.629828440155816, -0.1381605673378081, -0.16677148707513864, -0.0599166964070353], [-0.43946439936008197, 0.3523153818824586, -0.4462373471249925, 0.34554243411754804, -0.8262879767468527, 0.7572715857382277, 0.3179765889130006, -0.39022302566812633, 0.4015567555744142, -0.019740871216152582, -0.4049903559238347, 0.38678942531870586, -0.03450819550431267]], "inverted": false, "swapped": false, "error_lsq": 0.03619557011346179, "error_max": 0.325276884705448, "target": "52.xyz", "model": "24.xyz", "model_rescale": 4.509807674373903, "target_rescale": 4.44984614596619},
{"mapping": [6, 4, 7, 10, 5, 1, 8, 2, 0, 9, 3, 11, 12], "R": [[-0.35745909525245256, -0.840361439150398, 0.4074501770896297], [-0.4329585117089141, 0.5356736670119566, 0.724983206432236], [-0.8275082612035367, 0.08274281877622958, -0.5553230623527748]], "T": [0.09074686503237937, 0.11864635082281058, -0.07233280356784658], "aligned_model": [[-0.20639420351740717, 0.3214377771123974, -0.3386085841996502, -0.5793860081980877, 0.12007643747051577, 0.04075533958615295, -0.6650792251875731, 0.2584828666576234, 0.3672259805740759, -0.2529153672101648, 0.6479084181003204, 0.5521537616224104, -0.06798777433029975], [-0.7139742471875549, -0.6333654089751225, 0.34561312072832484, 0.06019607986643202, -0.13307934170480104, -0.010956303041445153, -0.23528178475442899, 0.5743734387262429, 0.5699386024413087, 0.641090985349186, -0.052470503492368675, -0.07767396960908052, -0.006521466756511246], [-0.29520567900716077, 0.1973099511134974, -0.4517643445395557, 0.44181559186915276, -0.7401598999542917, 0.8039334884633652, -0.006810123592424805, -0.43644722430614125, 0.3589792675162343, -0.0031386290779781834, -0.2476442698336335, 0.37062487470794847, 0.008506996640989889]], "inverted": true, "swapped": false, "error_lsq": 0.05034013581173146, "error_max": 0.3342516927578626, "target": "52.xyz", "model": "25.xyz", "model_rescale": 4.466005608606829, "target_rescale": 4.44984614596619},
{"mapping": [5, 3, 8, 9, 6, 0, 7, 2, 1, 10, 4, 11, 12], "R": [[0.3574591846384708, 0.8403613809240593, 0.40745021876176224], [0.4329584300330573, -0.5356737465452134, 0.7249831964435622], [0.8275082653248306, -0.08274289524558981, -0.5553230448175795]], "T": [0.09074687463248564, 0.11864636572805248, -0.07233276252748992], "aligned_model": [[-0.20639422033195398, 0.32143784868749326, -0.33860849686412897, -0.579386075506144, 0.1200764372687134, 0.040755521644947404, -0.6650791544647964, 0.2584827588921972, 0.36722617924561485, -0.2529154179054765, 0.6479085062881608, 0.5521534302341571, -0.06798789870847032], [-0.7139742558343696, -0.633365404971038, 0.3456130795474758, 0.060196147842446535, -0.1330793882069829, -0.010956336568861968, -0.2352817880799109, 0.5743734451144762, 0.5699385310585248, 0.6410910154698333, -0.05247053734365134, -0.07767388392484992, -0.006521422512910602], [-0.29520575806510313, 0.19731000713573205, -0.45176434943069893, 0.4418155571533024, -0.7401599420961221, 0.803933563448408, -0.0068101653996798656, -0.436447231994726, 0.35897937941738894, -0.0031386268777166687, -0.247644176895287, 0.37062479156821126, 0.008506952036293106]], "inverted": false, "swapped": false, "error_lsq": 0.05034014216924161, "error_max": 0.334251715048604, "target": "52.xyz", "model": "26.xyz", "model_rescale": 4.466005838112752, "target_rescale": 4.44984614596619},
{"mapping": [8, 9, 4, 5, 2, 3, 7, 0, 1, 12, 10, 11, 13], "R": [[0.5296832697866358, -0.8464504761183548, -0.05438037501846374], [0.8461102269614961, 0.5317869015542427, -0.036057941795174894], [0.05944003313680027, -0.026912502937279176, 0.9978690293051224]], "T": [-0.03848299011129866, 0.015443898130429366, -0.03386243870701092], "aligned_model": [[0.16747594603162472, 0.12432671693355987, -0.5088637446788649, -0.5520129737769297, 0.042786100526152865, -0.04351235766997686, -0.5816114460844629, 0.3624336637389851, 0.31928443464092027, -0.1867342256758889, 0.5488048310825853, 0.5056556019845204, -0.00036312857191200115], [-0.5170999839438085, -0.5457109008563238, 0.31547926836298845, 0.2868683514504732, -0.03130589014563033, -0.08852772397066097, -0.43135156788688983, 0.5515846663822968, 0.5229737494697815, 0.6298281508828031, -0.13816059709209377, -0.1667715140046091, -0.05991680705814565], [-0.4394643794684817, 0.35231536351289927, -0.44623732421641704, 0.34554241876496394, -0.8262879373299092, 0.7572715486328527, 0.3179765686745828, -0.3902230048216081, 0.4015567381597729, -0.01974087222400568, -0.4049903341587505, 0.38678940882263046, -0.03450819434852816]], "inverted": false, "swapped": false, "error_lsq": 0.03619556988044555, "error_max": 0.3252768795931281, "target": "52.xyz", "model": "27.xyz", "model_rescale": 4.509807893063789, "target_rescale": 4.44984614596619},
