[{"mapping": [5, 4, 3, 2, 8, 7, 11, 10, 9, 1, 0, 12], "R": [[-0.8645986811538675, 0.5024630539124174, -7.12143636192343e-18], [0.5024630539124174, 0.8645986811538675, -2.6427059153842138e-17], [-7.12143636192343e-18, -2.6427059153842138e-17, -1.0]], "T": [-0.013582983431984642, -0.07479136525095469, 1.130037257707266e-16], "aligned_model": [[-0.08964359660084256, -0.08964359660084256, 0.5822831868522153, 0.5822831868522153, 0.0263829273163906, 0.0263829273163906, -0.5539973266804861, -0.5539973266804861, 0.49073677031298996, -0.39526711684302246, -0.39526711684302246, -0.08964359660084256], [-0.04122558997359257, -0.041225589973592526, -0.09765712401680157, -0.09765712401680154, 0.5270279082500677, 0.5270279082500677, 0.09151414597795023, 0.09151414597795023, 0.3942883665970913, -0.6151410049239786, -0.6151410049239786, -0.04122558997359255], [-0.804162676262005, 0.8041626762620052, -0.4020813381310026, 0.40208133813100266, -0.4020813381310026, 0.40208133813100266, -0.4020813381310026, 0.40208133813100266, 9.701584691695415e-17, -0.4020813381310026, 0.40208133813100266, 1.1265834185825807e-16]], "inverted": false, "swapped": true, "error_lsq": 0.02584376769550564, "error_max": 0.1117184431714187, "target": "53.xyz", "model": "0.xyz", "model_rescale": 4.5108708085295355, "target_rescale": 4.449845915049802},
{"mapping": [5, 4, 3, 2, 8, 7, 11, 10, 9, 1, 0, 12], "R": [[-0.8645986811538675, 0.5024630539124174, -3.1043265121164242e-18], [0.5024630539124174, 0.8645986811538675, 1.1715059672922286e-17], [8.570381268269585e-18, 8.569015763228166e-18, -1.0]], "T": [-0.013582983431984622, -0.07479136525095469, 4.627408496036128e-17], "aligned_model": [[-0.08964359660084253, -0.08964359660084253, 0.5822831868522153, 0.5822831868522153, 0.026382927316390622, 0.026382927316390622, -0.5539973266804861, -0.5539973266804861, 0.49073677031299, -0.3952671168430224, -0.3952671168430224, -0.08964359660084253], [-0.04122558997359254, -0.041225589973592554, -0.09765712401680156, -0.09765712401680156, 0.5270279082500677, 0.5270279082500677, 0.09151414597795023, 0.09151414597795023, 0.3942883665970913, -0.6151410049239786, -0.6151410049239786, -0.04122558997359255], [-0.8041626762620051, 0.8041626762620051, -0.40208133813100266, 0.4020813381310026, -0.40208133813100266, 0.4020813381310026, -0.40208133813100266, 0.4020813381310026, 5.020380882818498e-17, -0.40208133813100266, 0.4020813381310026, 4.6903426998691394e-17]], "inverted": false, "swapped": true, "error_lsq": 0.02584376769550564, "error_max": 0.11171844317141882, "target": "53.xyz", "model": "1.xyz", "model_rescale": 4.510870808529536, "target_rescale": 4.449845915049802},
{"mapping": [4, 5, 2, 3, 7, 8, 10, 11, 9, 0, 1, 12], "R": [[0.8645986811538675, -0.5024630539124173, 4.1266761767512583e-16], [-0.5024630539124173, -0.8645986811538675, -1.1680411508139873e-16], [4.1548163037015927e-16, -1.0636154757508363e-16, -1.0]], "T": [-0.013582983431984635, -0.07479136525095469, 6.746959529532963e-17], "aligned_model": [[-0.08964359660084222, -0.08964359660084288, 0.5822831868522154, 0.5822831868522151, 0.02638292731639072, 0.026382927316390387, -0.553997326680486, -0.5539973266804862, 0.49073677031299, -0.3952671168430222, -0.3952671168430225, -0.08964359660084255], [-0.04122558997359266, -0.041225589973592464, -0.09765712401680154, -0.09765712401680146, 0.5270279082500677, 0.5270279082500677, 0.09151414597795011, 0.09151414597795023, 0.3942883665970913, -0.6151410049239786, -0.6151410049239786, -0.04122558997359256], [-0.804162676262005, 0.8041626762620052, -0.4020813381310023, 0.402081338131003, -0.40208133813100255, 0.4020813381310027, -0.4020813381310027, 0.40208133813100255, 2.2079558363864357e-16, -0.4020813381310026, 0.40208133813100266, 3.216122258173436e-17]], "inverted": true, "swapped": true, "error_lsq": 0.02584376769550564, "error_max": 0.1117184431714187, "target": "53.xyz", "model": "2.xyz", "model_rescale": 4.5108708085295355, "target_rescale": 4.449845915049802},
{"mapping": [9, 10, 4, 5, 0, 1, 7, 2, 3, 8, 11, 12, 13], "R": [[0.5296833560174826, -0.8464504219996201, -0.05438037747866202], [0.846110171826624, 0.5317869882898353, -0.036057956363993476], [0.05944004954218822, -0.026912491194455383, 0.9978690286446066]], "T": [-0.038483023722045866, 0.015443961085886304, -0.033862440605935906], "aligned_model": [[0.16747620481324102, 0.12432697232775514, -0.5088637287650003, -0.5520129612504862, 0.0427859113249292, -0.04351255364604254, -0.5816113902603541, 0.36243373274630414, 0.3192845002608183, -0.18673423675852507, 0.5488047657956999, 0.5056555333102141, -0.0003633211605566719], [-0.5171000345720931, -0.5457109639962583, 0.31547924473968203, 0.2868683153155169, -0.031305855902885815, -0.08852771475121612, -0.4313514367278817, 0.5515845607607333, 0.522973631336568, 0.6298284018537639, -0.13816043880450676, -0.16677136822867192, -0.05991678532705097], [-0.4394643902984655, 0.3523153784967599, -0.4462373368223884, 0.345542431972837, -0.8262879762027652, 0.7572715613876854, 0.3179765797100068, -0.3902230118648335, 0.40155675693039194, -0.01974085748748631, -0.40499034860471345, 0.386789420190512, -0.03450820740753996]], "inverted": false, "swapped": false, "error_lsq": 0.036195575063191696, "error_max": 0.3252768329453861, "target": "53.xyz", "model": "3.xyz", "model_rescale": 4.509807743048502, "target_rescale": 4.449845915049802},
{"mapping": [10, 9, 5, 4, 1, 0, 7, 3, 2, 8, 12, 11, 13], "R": [[-0.5296833560174832, 0.8464504219996198, 0.0543803774786625], [-0.8461101718266237, -0.5317869882898358, 0.03605795636399364], [0.05944004954218864, -0.026912491194455657, 0.9978690286446067]], "T": [-0.03848302372204587, 0.015443961085886332, 0.03386244060593596], "aligned_model": [[0.12432697232775466, 0.1674762048132409, -0.5520129612504863, -0.508863728765, -0.043512553646042985, 0.04278591132492954, -0.5816113902603546, 0.3192845002608184, 0.3624337327463047, -0.1867342367585247, 0.5056555333102137, 0.5488047657957, -0.00036332116055671354], [-0.5457109639962584, -0.5171000345720932, 0.28686831531551715, 0.3154792447396825, -0.08852771475121626, -0.031305855902885676, -0.43135143672788145, 0.5229736313365678, 0.551584560760733, 0.629828401853764, -0.16677136822867228, -0.138160438804507, -0.05991678532705097], [-0.3523153784967597, 0.43946439029846557, -0.34554243197283663, 0.44623733682238864, -0.7572715613876857, 0.8262879762027655, -0.31797657971000626, -0.401556756930392, 0.39022301186483327, 0.0197408574874864, -0.386789420190512, 0.4049903486047133, 0.034508207407540105]], "inverted": true, "swapped": false, "error_lsq": 0.03619557506319168, "error_max": 0.32527683294538556, "target": "53.xyz", "model": "4.xyz", "model_rescale": 4.509807743048502, "target_rescale": 4.449845915049802},
{"mapping": [10, 9, 5, 4, 1, 0, 6, 3, 2, 8, 12, 11, 13], "R": [[-0.5296833560174835, 0.8464504219996197, -0.05438037747866248], [-0.8461101718266236, -0.5317869882898362, -0.03605795636399365], [-0.059440049542188636, 0.02691249119445561, 0.9978690286446068]], "T": [-0.03848302372204588, 0.015443961085886353, -0.03386244060593577], "aligned_model": [[0.16747620481324071, 0.12432697232775447, -0.508863728765, -0.5520129612504863, 0.042785911324929475, -0.04351255364604299, -0.5816113902603549, 0.3624337327463049, 0.31928450026081867, -0.1867342367585245, 0.5488047657956999, 0.5056555333102136, -0.0003633211605567413], [-0.5171000345720933, -0.5457109639962585, 0.3154792447396827, 0.2868683153155174, -0.03130585590288568, -0.08852771475121626, -0.43135143672788123, 0.5515845607607329, 0.5229736313365677, 0.6298284018537641, -0.13816043880450718, -0.16677136822867247, -0.05991678532705096], [-0.43946439029846573, 0.35231537849675987, -0.44623733682238875, 0.34554243197283685, -0.8262879762027653, 0.7572715613876857, 0.3179765797100065, -0.3902230118648333, 0.4015567569303923, -0.01974085748748638, -0.4049903486047134, 0.3867894201905122, -0.03450820740754011]], "inverted": true, "swapped": false, "error_lsq": 0.0361955750631917, "error_max": 0.32527683294538573, "target": "53.xyz", "model": "5.xyz", "model_rescale": 4.509807743048502, "target_rescale": 4.449845915049802},
{"mapping": [9, 10, 4, 5, 0, 1, 7, 2, 3, 8, 11, 12, 13], "R": [[0.5296832731267753, -0.8464504739911697, -0.0543803755947878], [0.8461102239695805, 0.5317869053221176, -0.03605795643227221], [0.059440045961056384, -0.026912495388747203, 0.9978690287448039]], "T": [-0.03848301735526889, 0.015443950779240847, -0.03386244158954323], "aligned_model": [[0.16747598957532517, 0.12432675708595768, -0.5088638612604275, -0.552013093749795, 0.04278602024029089, -0.04351244473844409, -0.5816112657726794, 0.36243360731775087, 0.31928437482838334, -0.1867340141457457, 0.5488049020479122, 0.5056556695585448, -0.00036321224907659433], [-0.5170998684803249, -0.5457107989523963, 0.3154792556149181, 0.28686832514284677, -0.03130592301137383, -0.08852778395551647, -0.43135157280532976, 0.551584665388717, 0.5229737349166456, 0.6298282215772186, -0.13816045789209444, -0.16677138836416575, -0.05991685348344515], [-0.4394644111781812, 0.3523153851970354, -0.4462373574671613, 0.3455424389080553, -0.8262880013454917, 0.7572715914049412, 0.3179765953873575, -0.39022303037112394, 0.4015567660040927, -0.019740852507793318, -0.4049903577183356, 0.38678943865688103, -0.034508204970275305]], "inverted": false, "swapped": false, "error_lsq": 0.036195572156960405, "error_max": 0.3252768620878218, "target": "53.xyz", "model": "6.xyz", "model_rescale": 4.509807586411629, "target_rescale": 4.449845915049802},
{"mapping": [10, 9, 5, 4, 1, 0, 7, 3, 2, 8, 12, 11, 13], "R": [[-0.5296832731267759, 0.8464504739911692, 0.054380375594788075], [-0.84611022396958, -0.5317869053221184, 0.03605795643227222], [0.05944004596105655, -0.026912495388747376, 0.9978690287448039]], "T": [-0.0384830173552689, 0.015443950779240892, 0.03386244158954326], "aligned_model": [[0.12432675708595714, 0.16747598957532484, -0.5520130937497949, -0.5088638612604272, -0.04351244473844438, 0.04278602024029105, -0.5816112657726797, 0.31928437482838357, 0.3624336073177513, -0.18673401414574528, 0.5056556695585446, 0.5488049020479122, -0.00036321224907664984], [-0.5457107989523965, -0.5170998684803251, 0.2868683251428473, 0.31547925561491863, -0.08852778395551648, -0.03130592301137382, -0.4313515728053293, 0.5229737349166453, 0.5515846653887168, 0.6298282215772188, -0.16677138836416622, -0.1381604578920949, -0.05991685348344515], [-0.35231538519703515, 0.4394644111781812, -0.3455424389080549, 0.4462373574671614, -0.7572715914049414, 0.8262880013454919, -0.31797659538735706, -0.4015567660040925, 0.3902230303711238, 0.019740852507793456, -0.38678943865688087, 0.40499035771833547, 0.03450820497027543]], "inverted": true, "swapped": false, "error_lsq": 0.036195572156960384, "error_max": 0.3252768620878213, "target": "53.xyz", "model": "7.xyz", "model_rescale": 4.509807586411629, "target_rescale": 4.449845915049802},
{"mapping": [10, 9, 5, 4, 1, 0, 6, 3, 2, 8, 12, 11, 13], "R": [[-0.529683273126776, 0.8464504739911693, -0.05438037559478785], [-0.8461102239695801, -0.5317869053221183, -0.03605795643227217], [-0.059440045961056384, 0.026912495388747217, 0.997869028744804]], "T": [-0.03848301735526891, 0.015443950779240882, -0.033862441589543046], "aligned_model": [[0.16747598957532478, 0.12432675708595725, -0.5088638612604273, -0.5520130937497948, 0.04278602024029087, -0.0435124447384442, -0.5816112657726799, 0.3624336073177512, 0.3192843748283837, -0.18673401414574525, 0.5488049020479122, 0.5056556695585447, -0.00036321224907664984], [-0.5170998684803252, -0.5457107989523964, 0.3154792556149186, 0.28686832514284727, -0.03130592301137387, -0.08852778395551644, -0.4313515728053294, 0.5515846653887166, 0.5229737349166454, 0.6298282215772188, -0.13816045789209486, -0.16677138836416616, -0.05991685348344515], [-0.43946441117818125, 0.3523153851970354, -0.44623735746716137, 0.3455424389080553, -0.8262880013454916, 0.7572715914049415, 0.3179765953873575, -0.390223030371124, 0.4015567660040927, -0.019740852507793435, -0.40499035771833564, 0.38678943865688103, -0.034508204970275416]], "inverted": true, "swapped": false, "error_lsq": 0.036195572156960405, "error_max": 0.32527686208782175, "target": "53.xyz", "model": "8.xyz", "model_rescale": 4.509807586411629, "target_rescale": 4.449845915049802},
{"mapping": [11, 12, 6, 7, 0, 1, 4, 2, 3, 8, 9, 10, 13], "R": [[-0.5296834054373116, 0.846450390924615, 0.054380379806499464], [-0.8461101407585143, -0.5317870377979439, 0.036057955234535546], [0.05944005139584035, -0.026912490290843808, 0.9978690285585605]], "T": [-0.03848304701131594, 0.015443915943559497, 0.033862445241334194], "aligned_model": [[0.12432683093543773, 0.167476067550654, -0.5520129020872004, -0.5088636654719843, -0.04351237215421754, 0.042786101076215, -0.5816113746179179, 0.31928443160779507, 0.3624336682230114, -0.18673432584445013, 0.5056554342222195, 0.5488046708374357, -0.00036313553900126777], [-0.5457109901700101, -0.5171000601284752, 0.2868682547968419, 0.3154791848383767, -0.0885276380667574, -0.031305777983687694, -0.43135153345564703, 0.5229736502066333, 0.5515845802481683, 0.629828456804681, -0.16677139670536845, -0.13816046666383358, -0.059916708025222545], [-0.3523153901915636, 0.4394644204217341, -0.3455424508354418, 0.44623735977785595, -0.7572716145539535, 0.8262880066726417, -0.31797659563397007, -0.40155677346632246, 0.39022303714697526, 0.019740863131734804, -0.38678943457116577, 0.40499037604213195, 0.03450819605934406]], "inverted": false, "swapped": false, "error_lsq": 0.03619556044042517, "error_max": 0.32527686523287047, "target": "53.xyz", "model": "9.xyz", "model_rescale": 4.509807504472865, "target_rescale": 4.449845915049802},
{"mapping": [11, 12, 6, 7, 0, 1, 5, 2, 3, 8, 9, 10, 13], "R": [[-0.5296834054373112, 0.846450390924615, -0.05438037980649944], [-0.8461101407585143, -0.5317870377979435, -0.036057955234535574], [-0.059440051395840354, 0.026912490290843784, 0.9978690285585604]], "T": [-0.03848304701131592, 0.01544391594355948, -0.03386244524133411], "aligned_model": [[0.16747606755065417, 0.12432683093543792, -0.5088636654719843, -0.5520129020872004, 0.04278610107621505, -0.0435123721542175, -0.5816113746179177, 0.3624336682230111, 0.3192844316077948, -0.1867343258444503, 0.5488046708374357, 0.5056554342222195, -0.0003631355390012192], [-0.5171000601284751, -0.54571099017001, 0.31547918483837656, 0.28686825479684164, -0.03130577798368765, -0.08852763806675741, -0.43135153345564714, 0.5515845802481681, 0.5229736502066332, 0.6298284568046807, -0.13816046666383336, -0.16677139670536822, -0.05991670802522253], [-0.43946442042173384, 0.35231539019156355, -0.4462373597778556, 0.3455424508354418, -0.8262880066726416, 0.7572716145539538, 0.31797659563397007, -0.3902230371469749, 0.40155677346632246, -0.019740863131734808, -0.4049903760421316, 0.38678943457116577, -0.034508196059344076]], "inverted": false, "swapped": false, "error_lsq": 0.03619556044042517, "error_max": 0.32527686523287047, "target": "53.xyz", "model": "10.xyz", "model_rescale": 4.509807504472865, "target_rescale": 4.449845915049802},
{"mapping": [12, 11, 7, 6, 1, 0, 4, 3, 2, 8, 10, 9, 13], "R": [[0.5296834054373112, -0.846450390924615, -0.054380379806499506], [0.8461101407585143, 0.5317870377979435, -0.03605795523453569], [0.059440051395840486, -0.026912490290843773, 0.9978690285585605]], "T": [-0.03848304701131593, 0.01544391594355948, -0.033862445241334034], "aligned_model": [[0.1674760675506542, 0.12432683093543788, -0.5088636654719843, -0.5520129020872006, 0.04278610107621507, -0.04351237215421754, -0.5816113746179178, 0.3624336682230111, 0.3192844316077948, -0.18673432584445027, 0.5488046708374358, 0.5056554342222194, -0.0003631355390012192], [-0.5171000601284751, -0.54571099017001, 0.31547918483837656, 0.28686825479684164, -0.03130577798368757, -0.0885276380667575, -0.43135153345564714, 0.5515845802481681, 0.5229736502066332, 0.6298284568046807, -0.1381604666638333, -0.16677139670536828, -0.05991670802522252], [-0.439464420421734, 0.35231539019156366, -0.4462373597778558, 0.3455424508354419, -0.8262880066726416, 0.7572716145539536, 0.31797659563397007, -0.390223037146975, 0.4015567734663227, -0.019740863131734863, -0.4049903760421318, 0.3867894345711659, -0.0345081960593442]], "inverted": true, "swapped": false, "error_lsq": 0.03619556044042517, "error_max": 0.32527686523287047, "target": "53.xyz", "model": "11.xyz", "model_rescale": 4.509807504472865, "target_rescale": 4.449845915049802},
{"mapping": [11, 12, 6, 7, 0, 1, 4, 2, 3, 8, 9, 10, 13], "R": [[-0.5296832960805337, 0.8464504597093083, 0.054380374319808786], [-0.8461102095635735, -0.5317869282056303, 0.03605795698463575], [0.05944004648002685, -0.026912492406327017, 0.9978690287943263]], "T": [-0.03848295602865724, 0.015443854966729027, 0.03386244042337131], "aligned_model": [[0.12432679764569178, 0.16747602740015366, -0.5520130037394442, -0.5088637739849823, -0.043512454472891045, 0.04278600503603265, -0.58161138170402, 0.31928443653580413, 0.362433666290266, -0.18673430567854488, 0.505655705186949, 0.5488049349414108, -0.0003632247184291934], [-0.5457108775265196, -0.5170999477587963, 0.2868682315729024, 0.3154791613406257, -0.08852757154734694, -0.03130571201190044, -0.4313515189198684, 0.5229736083048528, 0.5515845380725761, 0.6298283410336428, -0.1667714924262841, -0.13816056265856083, -0.05991664177962369], [-0.3523153694383612, 0.43946439535490733, -0.34554242662775864, 0.4462373381655099, -0.757271567989244, 0.8262879615972928, -0.3179765768538736, -0.40155675000207575, 0.3902230147911928, 0.019740862263683774, -0.38678942142928274, 0.4049903433639858, 0.034508196804024394]], "inverted": false, "swapped": false, "error_lsq": 0.03619556447447426, "error_max": 0.32527684481002217, "target": "53.xyz", "model": "12.xyz", "model_rescale": 4.509807766519439, "target_rescale": 4.449845915049802},
{"mapping": [11, 12, 6, 7, 0, 1, 5, 2, 3, 8, 9, 10, 13], "R": [[-0.5296832960805337, 0.8464504597093083, -0.054380374319808814], [-0.8461102095635735, -0.5317869282056303, -0.036057956984635764], [-0.059440046480026876, 0.02691249240632703, 0.9978690287943263]], "T": [-0.038482956028657235, 0.015443854966729027, -0.03386244042337125], "aligned_model": [[0.16747602740015363, 0.1243267976456918, -0.5088637739849823, -0.5520130037394442, 0.042786005036032686, -0.04351245447289107, -0.58161138170402, 0.362433666290266, 0.31928443653580413, -0.18673430567854485, 0.5488049349414108, 0.505655705186949, -0.00036322471842917953], [-0.5170999477587963, -0.5457108775265196, 0.3154791613406257, 0.2868682315729024, -0.031305712011900425, -0.08852757154734696, -0.4313515189198684, 0.5515845380725761, 0.5229736083048528, 0.6298283410336428, -0.13816056265856083, -0.1667714924262841, -0.05991664177962369], [-0.439464395354907, 0.3523153694383613, -0.4462373381655096, 0.3455424266277587, -0.8262879615972929, 0.7572715679892442, 0.3179765768538736, -0.3902230147911925, 0.4015567500020758, -0.019740862263683802, -0.40499034336398554, 0.38678942142928274, -0.03450819680402443]], "inverted": false, "swapped": false, "error_lsq": 0.03619556447447426, "error_max": 0.32527684481002217, "target": "53.xyz", "model": "13.xyz", "model_rescale": 4.509807766519439, "target_rescale": 4.449845915049802},
{"mapping": [12, 11, 7, 6, 1, 0, 4, 3, 2, 8, 10, 9, 13], "R": [[0.5296832960805342, -0.8464504597093079, -0.05438037431980908], [0.8461102095635731, 0.5317869282056309, -0.03605795698463577], [0.05944004648002704, -0.026912492406327208, 0.9978690287943262]], "T": [-0.03848295602865724, 0.015443854966729058, -0.03386244042337116], "aligned_model": [[0.16747602740015338, 0.12432679764569128, -0.508863773984982, -0.5520130037394441, 0.04278600503603282, -0.043512454472891336, -0.5816113817040204, 0.36243366629026647, 0.31928443653580435, -0.18673430567854443, 0.5488049349414108, 0.5056557051869488, -0.000363224718429242], [-0.5170999477587964, -0.5457108775265197, 0.3154791613406261, 0.2868682315729028, -0.031305712011900404, -0.08852757154734694, -0.431351518919868, 0.5515845380725758, 0.5229736083048525, 0.6298283410336429, -0.13816056265856122, -0.1667714924262845, -0.05991664177962366], [-0.4394643953549071, 0.3523153694383613, -0.4462373381655098, 0.3455424266277586, -0.8262879615972926, 0.757271567989244, 0.3179765768538735, -0.3902230147911925, 0.4015567500020759, -0.019740862263683913, -0.4049903433639855, 0.3867894214292829, -0.03450819680402453]], "inverted": true, "swapped": false, "error_lsq": 0.03619556447447426, "error_max": 0.325276844810022, "target": "53.xyz", "model": "14.xyz", "model_rescale": 4.509807766519439, "target_rescale": 4.449845915049802},
{"mapping": [4, 5, 2, 3, 10, 11, 7, 8, 9, 0, 1, 12], "R": [[-0.8645986766613744, 0.5024630616427446, -1.3005667152767439e-17], [0.5024630616427446, 0.8645986766613744, -1.793023281492975e-18], [1.0343754641765349e-17, -8.085112892687863e-18, -1.0000000000000002]], "T": [0.013582839531047657, 0.07479147575035086, 1.7486457228948168e-19], "aligned_model": [[0.0896434523997959, 0.08964345239979593, -0.5822833305487108, -0.5822833305487108, 0.5539971812926211, 0.5539971812926211, -0.026383076598159125, -0.02638307659815911, -0.490736918407942, 0.3952669777733206, 0.3952669777733206, 0.08964345239979593], [0.041225699792935146, 0.041225699792935146, 0.09765723984380287, 0.09765723984380287, -0.09151404031036761, -0.09151404031036761, -0.5270277973933387, -0.5270277973933387, -0.39428825158860137, 0.615141112010759, 0.615141112010759, 0.041225699792935146], [-0.8041626762620053, 0.8041626762620053, -0.40208133813100266, 0.40208133813100283, -0.40208133813100266, 0.40208133813100283, -0.40208133813100266, 0.40208133813100283, 7.574950354603341e-18, -0.40208133813100266, 0.40208133813100283, -7.541702243639341e-19]], "inverted": true, "swapped": true, "error_lsq": 0.025843772181140538, "error_max": 0.11171859548311636, "target": "53.xyz", "model": "15.xyz", "model_rescale": 4.510870436145588, "target_rescale": 4.449845915049802},
{"mapping": [5, 4, 3, 2, 11, 10, 8, 7, 9, 1, 0, 12], "R": [[0.8645986766613744, -0.5024630616427447, 9.853978754665974e-19], [-0.5024630616427447, -0.8645986766613744, -1.8462969645136933e-18], [1.7796697246046057e-18, 1.1011798787992488e-18, -1.0000000000000002]], "T": [0.013582839531047664, 0.07479147575035087, 4.713203748271268e-17], "aligned_model": [[0.08964345239979593, 0.08964345239979593, -0.5822833305487108, -0.5822833305487108, 0.5539971812926212, 0.5539971812926212, -0.026383076598159166, -0.026383076598159166, -0.4907369184079421, 0.39526697777332065, 0.39526697777332065, 0.08964345239979593], [0.04122569979293515, 0.04122569979293515, 0.09765723984380299, 0.09765723984380299, -0.09151404031036765, -0.09151404031036765, -0.5270277973933387, -0.5270277973933387, -0.39428825158860126, 0.615141112010759, 0.615141112010759, 0.04122569979293515], [-0.8041626762620053, 0.8041626762620053, -0.4020813381310028, 0.4020813381310027, -0.4020813381310028, 0.4020813381310027, -0.4020813381310028, 0.4020813381310027, 4.750114234138459e-17, -0.4020813381310028, 0.4020813381310027, 4.726895983930195e-17]], "inverted": false, "swapped": true, "error_lsq": 0.025843772181140538, "error_max": 0.11171859548311638, "target": "53.xyz", "model": "16.xyz", "model_rescale": 4.510870436145588, "target_rescale": 4.449845915049802},
{"mapping": [5, 4, 3, 2, 11, 10, 8, 7, 9, 1, 0, 12], "R": [[0.8645986766613742, -0.5024630616427448, 2.0354686998482125e-16], [-0.5024630616427448, -0.8645986766613742, -7.989581293502725e-17], [2.1613104920721104e-16, -3.3196969345961715e-17, -1.0000000000000002]], "T": [0.013582839531047674, 0.07479147575035087, 1.472144627053186e-16], "aligned_model": [[0.0896434523997961, 0.08964345239979576, -0.5822833305487107, -0.582283330548711, 0.5539971812926212, 0.553997181292621, -0.026383076598159156, -0.026383076598159323, -0.4907369184079421, 0.39526697777332076, 0.39526697777332065, 0.08964345239979593], [0.04122569979293508, 0.04122569979293521, 0.09765723984380305, 0.0976572398438031, -0.09151404031036776, -0.09151404031036771, -0.5270277973933387, -0.5270277973933387, -0.39428825158860115, 0.6151411120107589, 0.6151411120107589, 0.041225699792935146], [-0.8041626762620052, 0.8041626762620054, -0.4020813381310028, 0.4020813381310027, -0.40208133813100255, 0.40208133813100294, -0.4020813381310026, 0.4020813381310029, 8.203926065242102e-17, -0.4020813381310026, 0.4020813381310029, 1.6537812734079224e-16]], "inverted": false, "swapped": true, "error_lsq": 0.025843772181140534, "error_max": 0.1117185954831163, "target": "53.xyz", "model": "17.xyz", "model_rescale": 4.510870436145588, "target_rescale": 4.449845915049802},
{"mapping": [5, 3, 8, 9, 6, 0, 7, 2, 1, 10, 4, 11, 12], "R": [[0.3574591216890727, 0.8403614436467018, 0.40745014462300533], [0.43295850888220483, -0.5356736540255, 0.724983217715739], [0.8275082512626534, -0.08274285718417074, -0.5553230714433045]], "T": [0.09074685376220518, 0.11864638371893754, -0.07233280435551985], "aligned_model": [[-0.20639411505074876, 0.3214378796351386, -0.3386085162231611, -0.5793860869877403, 0.12007649729690155, 0.04075545932392152, -0.6650791285708115, 0.2584827389507778, 0.36722607167157184, -0.25291547464009, 0.6479084919827889, 0.5521534847463204, -0.06798787339687257], [-0.7139742697170663, -0.6333654292667235, 0.34561308927323253, 0.06019615851116883, -0.13307935986638636, -0.010956338281918887, -0.2352818205774474, 0.5743735338853446, 0.569938571568761, 0.6410910683618487, -0.052470519416043526, -0.07767375281373495, -0.006521375965335363], [-0.2952056835778791, 0.1973099224937151, -0.4517643323674439, 0.4418156221362601, -0.7401599082293856, 0.8039334720847827, -0.006810107715937305, -0.43644721512104917, 0.3589792474332761, -0.003138602515246558, -0.24764430215779148, 0.3706248780062423, 0.008507009530457521]], "inverted": false, "swapped": false, "error_lsq": 0.05034013942277937, "error_max": 0.3342517937938849, "target": "53.xyz", "model": "18.xyz", "model_rescale": 4.466005644533647, "target_rescale": 4.449845915049802},
{"mapping": [8, 9, 4, 5, 2, 3, 7, 0, 1, 12, 10, 11, 13], "R": [[0.5296832738825796, -0.8464504736268676, -0.05438037390349203], [0.8461102235269495, 0.5317869059909883, -0.036057956954148325], [0.05944004552662717, -0.026912493629972327, 0.9978690288181156]], "T": [-0.038483014159655465, 0.015443889674120186, -0.03386244268620887], "aligned_model": [[0.16747598594447752, 0.12432675599471918, -0.5088638454880446, -0.5520130754378031, 0.04278613723037314, -0.043512322669143566, -0.5816114349323475, 0.3624335991859299, 0.31928436923617154, -0.18673419402764946, 0.5488048881852284, 0.50565565823547, -0.0003630927193852204], [-0.5170999147344395, -0.545710844826502, 0.31547918677852715, 0.28686825668646454, -0.031305794818334225, -0.08852765500245938, -0.4313515033710739, 0.5515845892946696, 0.5229736592026071, 0.6298282614441119, -0.1381605149777062, -0.16677144506976876, -0.0599167249103968], [-0.43946440167303874, 0.3523153727843413, -0.4462373461383581, 0.34554242831902193, -0.8262879674344825, 0.7572715814802775, 0.31797657924101574, -0.3902230219646744, 0.4015567524927056, -0.0197408593613725, -0.4049903496128564, 0.3867894248445236, -0.03450819297710239]], "inverted": false, "swapped": false, "error_lsq": 0.03619556073541287, "error_max": 0.32527684925892675, "target": "53.xyz", "model": "19.xyz", "model_rescale": 4.509807711582247, "target_rescale": 4.449845915049802},
{"mapping": [8, 9, 4, 5, 2, 3, 7, 0, 1, 12, 10, 11, 13], "R": [[0.52968327388258, -0.8464504736268675, -0.05438037390349193], [0.8461102235269494, 0.5317869059909887, -0.03605795695414847], [0.05944004552662724, -0.026912493629972143, 0.9978690288181157]], "T": [-0.03848301415965545, 0.015443889674120203, -0.033862442686208874], "aligned_model": [[0.16747598594447727, 0.12432675599471897, -0.5088638454880446, -0.5520130754378029, 0.04278613723037304, -0.0435123226691435, -0.5816114349323475, 0.36243359918593004, 0.3192843692361717, -0.18673419402764918, 0.5488048881852282, 0.50565565823547, -0.0003630927193852204], [-0.5170999147344393, -0.545710844826502, 0.3154791867785273, 0.2868682566864646, -0.03130579481833409, -0.08852765500245946, -0.4313515033710737, 0.5515845892946695, 0.5229736592026067, 0.629828261444112, -0.1381605149777063, -0.16677144506976896, -0.059916724910396776], [-0.43946440167303885, 0.3523153727843414, -0.4462373461383581, 0.34554242831902215, -0.8262879674344825, 0.7572715814802775, 0.3179765792410159, -0.39022302196467445, 0.4015567524927058, -0.01974085936137259, -0.4049903496128565, 0.3867894248445237, -0.034508192977102614]], "inverted": false, "swapped": false, "error_lsq": 0.036195560735412885, "error_max": 0.32527684925892686, "target": "53.xyz", "model": "20.xyz", "model_rescale": 4.509807711582248, "target_rescale": 4.449845915049802},
{"mapping": [6, 4, 7, 10, 5, 1, 8, 2, 0, 9, 3, 11, 12], "R": [[-0.35745912168907257, -0.8403614436467022, 0.4074501446230051], [-0.432958508882205, 0.5356736540254998, 0.7249832177157394], [-0.8275082512626535, 0.08274285718417085, -0.5553230714433046]], "T": [0.09074685376220518, 0.11864638371893765, -0.07233280435551993], "aligned_model": [[-0.20639411505074842, 0.32143787963513903, -0.33860851622316135, -0.5793860869877404, 0.12007649729690158, 0.04075545932392166, -0.6650791285708114, 0.25848273895077756, 0.36722607167157173, -0.25291547464009034, 0.647908491982789, 0.5521534847463206, -0.0679878733968726], [-0.7139742697170665, -0.6333654292667236, 0.3456130892732325, 0.06019615851116866, -0.13307935986638642, -0.010956338281918776, -0.23528182057744762, 0.5743735338853451, 0.5699385715687613, 0.6410910683618488, -0.052470519416043415, -0.07767375281373479, -0.006521375965335391], [-0.2952056835778793, 0.19730992249371504, -0.45176433236744395, 0.44181562213626013, -0.7401599082293858, 0.8039334720847829, -0.0068101077159373885, -0.4364472151210493, 0.3589792474332763, -0.003138602515246461, -0.24764430215779154, 0.3706248780062424, 0.008507009530457507]], "inverted": true, "swapped": false, "error_lsq": 0.05034013942277937, "error_max": 0.33425179379388525, "target": "53.xyz", "model": "21.xyz", "model_rescale": 4.466005644533646, "target_rescale": 4.449845915049802},
{"mapping": [5, 3, 8, 9, 6, 0, 7, 2, 1, 10, 4, 11, 12], "R": [[0.3574590584373866, 0.84036148487511, 0.4074501150810459], [0.43295854704226, -0.535673595736099, 0.724983237995344], [0.8275082586198836, -0.08274281581901222, -0.5553230666433988]], "T": [0.09074685783062482, 0.11864638409154779, -0.07233280412505211], "aligned_model": [[-0.20639413966486347, 0.3214378341738233, -0.33860861085247945, -0.5793860103129244, 0.12007645163850118, 0.040755343614464215, -0.665079202155844, 0.2584828204742409, 0.36722593491782884, -0.2529154190095597, 0.647908425477188, 0.5521537712667445, -0.06798777082912376], [-0.7139742405867638, -0.6333653544405958, 0.3456131151294465, 0.060196058902718924, -0.13307930981397778, -0.010956268947347664, -0.23528181564333964, 0.5743734842009132, 0.5699386618254385, 0.6410909896755052, -0.05247042366780963, -0.07767389436661593, -0.006521446571873146], [-0.2952056746685958, 0.1973099548849433, -0.4517643463360656, 0.44181559177680857, -0.7401598990536018, 0.8039334886689147, -0.006810121951059678, -0.43644722754395227, 0.35897926428390886, -0.003138632608197356, -0.24764426950006263, 0.3706248752059067, 0.008506996841053743]], "inverted": false, "swapped": false, "error_lsq": 0.050340135345706756, "error_max": 0.33425174391929857, "target": "53.xyz", "model": "22.xyz", "model_rescale": 4.46600560860683, "target_rescale": 4.449845915049802},
{"mapping": [9, 8, 5, 4, 3, 2, 6, 1, 0, 12, 11, 10, 13], "R": [[-0.5296833327517494, 0.8464504366398149, -0.05438037621482543], [-0.846110186490546, -0.53178696495829, -0.03605795636727063], [-0.059440048131987624, 0.02691249175971892, 0.9978690287133627]], "T": [-0.038483008070618316, 0.015443888901283558, -0.03386244275679303], "aligned_model": [[0.16747605045323516, 0.12432681831349719, -0.5088637286446068, -0.5520129607843448, 0.04278604673599466, -0.04351241754348127, -0.5816113704896076, 0.3624337396531479, 0.3192845075134099, -0.18673442795748008, 0.5488047945158568, 0.5056555623761189, -0.0003631854037432977], [-0.5170999918879347, -0.5457109217503826, 0.3154791635637563, 0.2868682337013084, -0.03130574013325454, -0.08852759985815045, -0.43135153013470906, 0.5515845072389706, 0.5229735773765226, 0.6298284528845743, -0.1381604977234253, -0.16677142758587327, -0.05991666999570249], [-0.43946440385255114, 0.35231537705432064, -0.4462373455737015, 0.3455424353331703, -0.8262879771925467, 0.7572715846211968, 0.317976583733276, -0.39022302035364, 0.4015567605532318, -0.01974086626977274, -0.4049903563370898, 0.386789424569782, -0.03450819628567498]], "inverted": true, "swapped": false, "error_lsq": 0.036195564207469264, "error_max": 0.3252768525833268, "target": "53.xyz", "model": "23.xyz", "model_rescale": 4.509807674373902, "target_rescale": 4.449845915049802},
{"mapping": [8, 9, 4, 5, 2, 3, 7, 0, 1, 12, 10, 11, 13], "R": [[0.5296833327517492, -0.846450436639815, -0.054380376214825485], [0.8461101864905461, 0.5317869649582898, -0.03605795636727079], [0.05944004813198778, -0.026912491759718903, 0.9978690287133627]], "T": [-0.0384830080706183, 0.015443888901283533, -0.033862442756793024], "aligned_model": [[0.16747605045323527, 0.12432681831349723, -0.5088637286446068, -0.5520129607843448, 0.042786046735994704, -0.04351241754348129, -0.5816113704896074, 0.36243373965314774, 0.31928450751340975, -0.1867344279574802, 0.5488047945158567, 0.5056555623761188, -0.00036318540374328384], [-0.5170999918879344, -0.5457109217503826, 0.3154791635637561, 0.28686823370130804, -0.03130574013325442, -0.08852759985815058, -0.4313515301347093, 0.5515845072389707, 0.5229735773765225, 0.6298284528845743, -0.1381604977234251, -0.16677142758587316, -0.0599166699957025], [-0.4394644038525513, 0.35231537705432064, -0.44623734557370154, 0.3455424353331704, -0.8262879771925465, 0.7572715846211967, 0.3179765837332759, -0.39022302035364004, 0.4015567605532319, -0.019740866269772662, -0.4049903563370899, 0.38678942456978205, -0.03450819628567498]], "inverted": false, "swapped": false, "error_lsq": 0.03619556420746927, "error_max": 0.3252768525833267, "target": "53.xyz", "model": "24.xyz", "model_rescale": 4.509807674373903, "target_rescale": 4.449845915049802},
{"mapping": [6, 4, 7, 10, 5, 1, 8, 2, 0, 9, 3, 11, 12], "R": [[-0.35745905843738707, -0.8403614848751096, 0.407450115081046], [-0.43295854704225956, 0.5356735957360993, 0.724983237995344], [-0.8275082586198838, 0.08274281581901266, -0.5553230666433988]], "T": [0.09074685783062489, 0.11864638409154787, -0.07233280412505215], "aligned_model": [[-0.20639413966486383, 0.32143783417382327, -0.3386086108524795, -0.5793860103129242, 0.12007645163850084, 0.040755343614464534, -0.6650792021558443, 0.2584828204742411, 0.3672259349178292, -0.2529154190095595, 0.647908425477188, 0.5521537712667446, -0.06798777082912374], [-0.7139742405867637, -0.6333653544405959, 0.3456131151294468, 0.06019605890271923, -0.1330793098139777, -0.010956268947347803, -0.23528181564333922, 0.5743734842009133, 0.5699386618254383, 0.6410909896755053, -0.052470423667809934, -0.07767389436661626, -0.006521446571873063], [-0.2952056746685961, 0.19730995488494296, -0.45176434633606544, 0.44181559177680885, -0.7401598990536019, 0.8039334886689149, -0.006810121951059608, -0.43644722754395227, 0.358979264283909, -0.003138632608196995, -0.24764426950006285, 0.3706248752059066, 0.008506996841053785]], "inverted": true, "swapped": false, "error_lsq": 0.05034013534570676, "error_max": 0.33425174391929874, "target": "53.xyz", "model": "25.xyz", "model_rescale": 4.466005608606829, "target_rescale": 4.449845915049802},
{"mapping": [5, 3, 8, 9, 6, 0, 7, 2, 1, 10, 4, 11, 12], "R": [[0.3574591478234232, 0.8403614266487671, 0.40745015675319274], [0.4329584653664005, -0.5356736752693784, 0.7249832280066681], [0.827508262741179, -0.08274289228837645, -0.5553230491082021]], "T": [0.09074686743073164, 0.11864639899678966, -0.07233276308469547], "aligned_model": [[-0.20639415647942566, 0.3214379057489061, -0.3386085235169496, -0.5793860776209846, 0.12007645143669748, 0.04075552567326317, -0.6650791314330726, 0.2584827127088244, 0.36722613358938627, -0.2529154697048615, 0.6479085136650292, 0.5521534398784831, -0.0679878952072988], [-0.7139742492335752, -0.6333653504365123, 0.3456130739486142, 0.06019612687873824, -0.13307935631615928, -0.010956302474752072, -0.2352818189688017, 0.5743734905891343, 0.5699385904426638, 0.6410910197961541, -0.0524704575190964, -0.0776738086824266, -0.006521402328281689], [-0.29520575372654057, 0.1973100109071745, -0.4517643512272065, 0.4418155570609599, -0.7401599411954333, 0.803933563653958, -0.006810163758313809, -0.4364472352325359, 0.35897937618506537, -0.003138630407932788, -0.24764417656171808, 0.3706247920661674, 0.008506952236356849]], "inverted": false, "swapped": false, "error_lsq": 0.05034014170321388, "error_max": 0.33425176621003677, "target": "53.xyz", "model": "26.xyz", "model_rescale": 4.466005838112752, "target_rescale": 4.449845915049802},
{"mapping": [8, 9, 4, 5, 2, 3, 7, 0, 1, 12, 10, 11, 13], "R": [[0.5296832081459252, -0.8464505147361281, -0.05438037432000998], [0.8461102649536205, 0.5317868402408733, -0.036057954555718495], [0.059440041624773864, -0.02691249987592775, 0.9978690288820842]], "T": [-0.03848298854592398, 0.015443921764126907, -0.0338624388967978], "aligned_model": [[0.16747598710356004, 0.1243267585596977, -0.5088637641360765, -0.5520129926799389, 0.0427861070185324, -0.043512350069192275, -0.5816114127079342, 0.36243362700504916, 0.3192843984611868, -0.18673426881357497, 0.5488048445329397, 0.5056556159890773, -0.0003631215253299472], [-0.5170999417540696, -0.5457108687917012, 0.31547926143147736, 0.2868683343938458, -0.03130585360917665, -0.08852770768443982, -0.43135158685254243, 0.55158472231411, 0.5229737952764785, 0.629828163611573, -0.13816052747770802, -0.1667714545153396, -0.05991678064680823], [-0.4394643839609504, 0.3523153586847621, -0.4462373226651255, 0.345542419980587, -0.8262879377756038, 0.7572715475158212, 0.31797656349485803, -0.3902229995071207, 0.4015567431385918, -0.019740867277628468, -0.40499033457200595, 0.38678940807370654, -0.03450819512989125]], "inverted": false, "swapped": false, "error_lsq": 0.036195563974446315, "error_max": 0.32527684747097896, "target": "53.xyz", "model": "27.xyz", "model_rescale": 4.509807893063789, "target_rescale": 4.449845915049802},
