[{"mapping": [5, 4, 3, 2, 8, 7, 11, 10, 9, 1, 0, 12], "R": [[-0.8645986811538675, 0.5024630539124173, -1.975412113319102e-17], [0.5024630539124173, 0.8645986811538675, -2.6835988330955112e-17], [3.595294427580999e-18, -3.312807615034335e-17, -1.0]], "T": [-0.013582983431984635, -0.07479136525095469, 4.8897369422431676e-17], "aligned_model": [[-0.08964359660084256, -0.08964359660084253, 0.5822831868522153, 0.5822831868522153, 0.026382927316390546, 0.02638292731639056, -0.5539973266804861, -0.5539973266804861, 0.49073677031299, -0.3952671168430224, -0.3952671168430224, -0.08964359660084255], [-0.04122558997359258, -0.04122558997359254, -0.09765712401680152, -0.09765712401680149, 0.5270279082500677, 0.5270279082500677, 0.09151414597795017, 0.09151414597795017, 0.3942883665970913, -0.6151410049239786, -0.6151410049239786, -0.04122558997359256], [-0.8041626762620053, 0.8041626762620052, -0.40208133813100244, 0.40208133813100255, -0.40208133813100244, 0.40208133813100255, -0.40208133813100244, 0.40208133813100255, 1.2614554137899237e-16, -0.40208133813100244, 0.40208133813100255, 1.4929789290683304e-16]], "inverted": false, "swapped": true, "error_lsq": 0.02584376769550564, "error_max": 0.11171844317141869, "target": "54.xyz", "model": "0.xyz", "model_rescale": 4.5108708085295355, "target_rescale": 4.449845915049802},
{"mapping": [5, 4, 3, 2, 8, 7, 11, 10, 9, 1, 0, 12], "R": [[-0.8645986811538675, 0.5024630539124174, -1.5737011283383996e-17], [0.5024630539124174, 0.8645986811538675, 1.1306130495809409e-17], [1.9287112057774046e-17, 1.8679987667270435e-18, -1.0]], "T": [-0.013582983431984622, -0.07479136525095469, -1.783227138793364e-17], "aligned_model": [[-0.08964359660084255, -0.08964359660084252, 0.5822831868522153, 0.5822831868522153, 0.026382927316390616, 0.02638292731639063, -0.5539973266804861, -0.5539973266804861, 0.49073677031299, -0.3952671168430224, -0.3952671168430224, -0.08964359660084253], [-0.04122558997359254, -0.041225589973592554, -0.09765712401680156, -0.09765712401680156, 0.5270279082500677, 0.5270279082500677, 0.09151414597795023, 0.09151414597795023, 0.3942883665970913, -0.6151410049239786, -0.6151410049239786, -0.04122558997359255], [-0.8041626762620053, 0.8041626762620052, -0.4020813381310025, 0.4020813381310025, -0.4020813381310025, 0.4020813381310025, -0.4020813381310025, 0.4020813381310025, 7.933350329022324e-17, -0.4020813381310025, 0.4020813381310025, 8.354297804726635e-17]], "inverted": false, "swapped": true, "error_lsq": 0.02584376769550564, "error_max": 0.11171844317141881, "target": "54.xyz", "model": "1.xyz", "model_rescale": 4.510870808529536, "target_rescale": 4.449845915049802},
{"mapping": [5, 4, 3, 2, 8, 7, 11, 10, 9, 1, 0, 12], "R": [[-0.8645986811538677, 0.5024630539124174, 2.0955594072015155e-17], [0.5024630539124174, 0.8645986811538677, 5.1410678903939927e-17], [7.713787728324232e-18, 5.497901697154511e-17, -1.0000000000000002]], "T": [-0.013582983431984628, -0.0747913652509547, 9.125718556743167e-17], "aligned_model": [[-0.08964359660084253, -0.08964359660084256, 0.5822831868522154, 0.5822831868522154, 0.02638292731639054, 0.026382927316390525, -0.5539973266804862, -0.5539973266804862, 0.4907367703129901, -0.3952671168430224, -0.3952671168430224, -0.08964359660084256], [-0.041225589973592526, -0.04122558997359261, -0.09765712401680149, -0.09765712401680154, 0.527027908250068, 0.527027908250068, 0.09151414597795018, 0.09151414597795013, 0.39428836659709143, -0.6151410049239787, -0.6151410049239787, -0.04122558997359257], [-0.8041626762620054, 0.8041626762620055, -0.4020813381310025, 0.4020813381310027, -0.40208133813100244, 0.4020813381310028, -0.4020813381310025, 0.4020813381310027, 2.257399967558579e-16, -0.40208133813100255, 0.40208133813100266, 1.9118771320000452e-16]], "inverted": false, "swapped": true, "error_lsq": 0.02584376769550564, "error_max": 0.1117184431714188, "target": "54.xyz", "model": "2.xyz", "model_rescale": 4.5108708085295355, "target_rescale": 4.449845915049802},
{"mapping": [9, 10, 4, 5, 0, 1, 7, 2, 3, 8, 11, 12, 13], "R": [[0.5296833560174826, -0.8464504219996201, -0.05438037747866199], [0.846110171826624, 0.5317869882898353, -0.036057956363993456], [0.05944004954218819, -0.026912491194455372, 0.9978690286446066]], "T": [-0.038483023722045866, 0.015443961085886304, -0.03386244060593597], "aligned_model": [[0.16747620481324102, 0.12432697232775516, -0.5088637287650003, -0.5520129612504862, 0.042785911324929184, -0.04351255364604252, -0.5816113902603541, 0.36243373274630414, 0.3192845002608183, -0.18673423675852507, 0.5488047657956999, 0.5056555333102141, -0.0003633211605566719], [-0.5171000345720931, -0.5457109639962583, 0.31547924473968203, 0.28686831531551693, -0.03130585590288583, -0.08852771475121611, -0.4313514367278816, 0.5515845607607333, 0.522973631336568, 0.6298284018537639, -0.13816043880450676, -0.16677136822867192, -0.05991678532705097], [-0.43946439029846557, 0.35231537849675987, -0.4462373368223885, 0.34554243197283696, -0.8262879762027653, 0.7572715613876853, 0.31797657971000676, -0.3902230118648336, 0.40155675693039183, -0.019740857487486375, -0.4049903486047135, 0.38678942019051193, -0.034508207407540015]], "inverted": false, "swapped": false, "error_lsq": 0.036195575063191696, "error_max": 0.3252768329453861, "target": "54.xyz", "model": "3.xyz", "model_rescale": 4.509807743048502, "target_rescale": 4.449845915049802},
{"mapping": [10, 9, 5, 4, 1, 0, 7, 3, 2, 8, 12, 11, 13], "R": [[-0.5296833560174836, 0.8464504219996195, 0.05438037747866231], [-0.8461101718266234, -0.5317869882898363, 0.03605795636399359], [0.05944004954218851, -0.02691249119445549, 0.9978690286446066]], "T": [-0.03848302372204587, 0.015443961085886363, 0.03386244060593588], "aligned_model": [[0.12432697232775441, 0.1674762048132405, -0.552012961250486, -0.508863728765, -0.04351255364604288, 0.04278591132492934, -0.5816113902603548, 0.3192845002608188, 0.36243373274630486, -0.1867342367585244, 0.5056555333102137, 0.5488047657956998, -0.0003633211605567552], [-0.5457109639962584, -0.5171000345720932, 0.2868683153155175, 0.3154792447396827, -0.08852771475121621, -0.031305855902885704, -0.43135143672788107, 0.5229736313365677, 0.5515845607607329, 0.6298284018537641, -0.16677136822867258, -0.13816043880450732, -0.059916785327050956], [-0.35231537849675965, 0.4394643902984655, -0.34554243197283674, 0.4462373368223884, -0.7572715613876855, 0.8262879762027654, -0.31797657971000637, -0.40155675693039194, 0.3902230118648332, 0.0197408574874863, -0.3867894201905119, 0.4049903486047133, 0.03450820740754003]], "inverted": true, "swapped": false, "error_lsq": 0.03619557506319168, "error_max": 0.3252768329453855, "target": "54.xyz", "model": "4.xyz", "model_rescale": 4.509807743048502, "target_rescale": 4.449845915049802},
{"mapping": [10, 9, 5, 4, 1, 0, 6, 3, 2, 8, 12, 11, 13], "R": [[-0.5296833560174835, 0.8464504219996197, -0.05438037747866249], [-0.8461101718266236, -0.5317869882898362, -0.036057956363993664], [-0.059440049542188664, 0.026912491194455622, 0.9978690286446068]], "T": [-0.03848302372204588, 0.015443961085886353, -0.03386244060593583], "aligned_model": [[0.16747620481324071, 0.12432697232775447, -0.508863728765, -0.5520129612504863, 0.04278591132492949, -0.043512553646043, -0.5816113902603549, 0.3624337327463049, 0.3192845002608186, -0.1867342367585245, 0.5488047657956999, 0.5056555333102136, -0.0003633211605567413], [-0.5171000345720933, -0.5457109639962585, 0.3154792447396827, 0.2868683153155174, -0.03130585590288567, -0.08852771475121629, -0.43135143672788123, 0.5515845607607329, 0.5229736313365677, 0.6298284018537641, -0.13816043880450718, -0.1667713682286725, -0.05991678532705096], [-0.4394643902984658, 0.3523153784967598, -0.4462373368223888, 0.3455424319728368, -0.8262879762027653, 0.7572715613876857, 0.3179765797100064, -0.39022301186483344, 0.40155675693039217, -0.019740857487486434, -0.40499034860471345, 0.38678942019051216, -0.034508207407540174]], "inverted": true, "swapped": false, "error_lsq": 0.0361955750631917, "error_max": 0.3252768329453858, "target": "54.xyz", "model": "5.xyz", "model_rescale": 4.509807743048502, "target_rescale": 4.449845915049802},
{"mapping": [10, 9, 5, 4, 1, 0, 7, 3, 2, 8, 12, 11, 13], "R": [[-0.5296832731267755, 0.8464504739911696, 0.05438037559478805], [-0.8461102239695804, -0.531786905322118, 0.036057956432272276], [0.059440045961056565, -0.026912495388747355, 0.997869028744804]], "T": [-0.03848301735526889, 0.015443950779240871, 0.03386244158954328], "aligned_model": [[0.12432675708595746, 0.16747598957532517, -0.552013093749795, -0.5088638612604274, -0.043512444738444296, 0.04278602024029109, -0.5816112657726796, 0.31928437482838334, 0.36243360731775104, -0.18673401414574553, 0.5056556695585447, 0.5488049020479123, -0.0003632122490766082], [-0.5457107989523965, -0.5170998684803251, 0.28686832514284705, 0.31547925561491846, -0.0885277839555165, -0.031305923011373776, -0.43135157280532954, 0.5229737349166456, 0.551584665388717, 0.6298282215772187, -0.166771388364166, -0.13816045789209463, -0.059916853483445144], [-0.3523153851970354, 0.4394644111781813, -0.3455424389080552, 0.44623735746716153, -0.7572715914049412, 0.826288001345492, -0.31797659538735734, -0.4015567660040928, 0.39022303037112394, 0.01974085250779336, -0.38678943865688115, 0.4049903577183356, 0.034508204970275354]], "inverted": true, "swapped": false, "error_lsq": 0.03619557215696039, "error_max": 0.32527686208782153, "target": "54.xyz", "model": "6.xyz", "model_rescale": 4.509807586411629, "target_rescale": 4.449845915049802},
{"mapping": [10, 9, 5, 4, 1, 0, 7, 3, 2, 8, 12, 11, 13], "R": [[-0.5296832731267757, 0.8464504739911693, 0.05438037559478807], [-0.8461102239695801, -0.5317869053221181, 0.03605795643227223], [0.059440045961056544, -0.026912495388747383, 0.9978690287448039]], "T": [-0.03848301735526889, 0.015443950779240885, 0.03386244158954319], "aligned_model": [[0.12432675708595729, 0.167475989575325, -0.5520130937497949, -0.5088638612604272, -0.043512444738444345, 0.04278602024029109, -0.5816112657726797, 0.3192843748283834, 0.36243360731775115, -0.18673401414574542, 0.5056556695585446, 0.5488049020479122, -0.0003632122490766221], [-0.5457107989523965, -0.5170998684803251, 0.28686832514284716, 0.31547925561491846, -0.08852778395551647, -0.03130592301137381, -0.4313515728053294, 0.5229737349166453, 0.5515846653887168, 0.6298282215772187, -0.16677138836416605, -0.13816045789209475, -0.059916853483445144], [-0.35231538519703526, 0.4394644111781811, -0.34554243890805497, 0.44623735746716137, -0.7572715914049414, 0.8262880013454919, -0.3179765953873571, -0.40155676600409257, 0.39022303037112377, 0.019740852507793394, -0.3867894386568809, 0.4049903577183354, 0.03450820497027536]], "inverted": true, "swapped": false, "error_lsq": 0.03619557215696038, "error_max": 0.32527686208782125, "target": "54.xyz", "model": "7.xyz", "model_rescale": 4.509807586411629, "target_rescale": 4.449845915049802},
{"mapping": [10, 9, 5, 4, 1, 0, 6, 3, 2, 8, 12, 11, 13], "R": [[-0.529683273126776, 0.8464504739911693, -0.05438037559478786], [-0.8461102239695801, -0.5317869053221183, -0.03605795643227215], [-0.05944004596105638, 0.026912495388747237, 0.997869028744804]], "T": [-0.03848301735526891, 0.015443950779240882, -0.03386244158954311], "aligned_model": [[0.1674759895753248, 0.12432675708595725, -0.5088638612604273, -0.5520130937497949, 0.04278602024029087, -0.043512444738444206, -0.5816112657726799, 0.3624336073177512, 0.3192843748283837, -0.18673401414574525, 0.5488049020479122, 0.5056556695585446, -0.00036321224907664984], [-0.5170998684803252, -0.5457107989523964, 0.3154792556149186, 0.28686832514284727, -0.03130592301137389, -0.08852778395551644, -0.4313515728053294, 0.5515846653887166, 0.5229737349166454, 0.6298282215772188, -0.13816045789209486, -0.16677138836416613, -0.05991685348344515], [-0.43946441117818125, 0.3523153851970354, -0.4462373574671615, 0.3455424389080552, -0.8262880013454917, 0.7572715914049414, 0.31797659538735745, -0.39022303037112405, 0.4015567660040926, -0.019740852507793512, -0.4049903577183357, 0.386789438656881, -0.03450820497027548]], "inverted": true, "swapped": false, "error_lsq": 0.036195572156960405, "error_max": 0.3252768620878218, "target": "54.xyz", "model": "8.xyz", "model_rescale": 4.509807586411629, "target_rescale": 4.449845915049802},
{"mapping": [11, 12, 6, 7, 0, 1, 4, 2, 3, 8, 9, 10, 13], "R": [[-0.5296834054373117, 0.8464503909246147, 0.054380379806499464], [-0.846110140758514, -0.531787037797944, 0.03605795523453554], [0.05944005139584035, -0.026912490290843784, 0.9978690285585603]], "T": [-0.03848304701131593, 0.01544391594355951, 0.033862445241334124], "aligned_model": [[0.12432683093543752, 0.1674760675506538, -0.5520129020872002, -0.508863665471984, -0.043512372154217556, 0.042786101076214986, -0.5816113746179179, 0.3192844316077951, 0.36243366822301143, -0.18673432584444993, 0.5056554342222194, 0.5488046708374356, -0.00036313553900128165], [-0.54571099017001, -0.5171000601284751, 0.28686825479684197, 0.3154791848383768, -0.08852763806675737, -0.03130577798368769, -0.4313515334556467, 0.5229736502066331, 0.551584580248168, 0.6298284568046808, -0.16677139670536853, -0.13816046666383366, -0.05991670802522253], [-0.35231539019156355, 0.43946442042173395, -0.3455424508354417, 0.4462373597778558, -0.7572716145539534, 0.8262880066726414, -0.31797659563397, -0.4015567734663224, 0.3902230371469751, 0.019740863131734725, -0.3867894345711657, 0.4049903760421318, 0.03450819605934399]], "inverted": false, "swapped": false, "error_lsq": 0.03619556044042516, "error_max": 0.32527686523287025, "target": "54.xyz", "model": "9.xyz", "model_rescale": 4.509807504472865, "target_rescale": 4.449845915049802},
{"mapping": [11, 12, 6, 7, 0, 1, 5, 2, 3, 8, 9, 10, 13], "R": [[-0.5296834054373112, 0.846450390924615, -0.05438037980649942], [-0.8461101407585143, -0.5317870377979435, -0.03605795523453558], [-0.05944005139584035, 0.02691249029084377, 0.9978690285585604]], "T": [-0.03848304701131592, 0.01544391594355948, -0.03386244524133417], "aligned_model": [[0.16747606755065417, 0.12432683093543792, -0.5088636654719843, -0.5520129020872004, 0.04278610107621502, -0.04351237215421748, -0.5816113746179177, 0.36243366822301104, 0.31928443160779485, -0.1867343258444503, 0.5488046708374357, 0.5056554342222195, -0.0003631355390012192], [-0.5171000601284751, -0.54571099017001, 0.31547918483837656, 0.28686825479684164, -0.03130577798368765, -0.08852763806675742, -0.43135153345564714, 0.5515845802481681, 0.5229736502066332, 0.6298284568046807, -0.13816046666383336, -0.16677139670536822, -0.05991670802522253], [-0.4394644204217339, 0.3523153901915635, -0.4462373597778557, 0.34554245083544166, -0.8262880066726417, 0.7572716145539536, 0.31797659563396996, -0.39022303714697504, 0.40155677346632235, -0.019740863131734863, -0.40499037604213173, 0.38678943457116566, -0.03450819605934414]], "inverted": false, "swapped": false, "error_lsq": 0.03619556044042517, "error_max": 0.32527686523287047, "target": "54.xyz", "model": "10.xyz", "model_rescale": 4.509807504472865, "target_rescale": 4.449845915049802},
{"mapping": [12, 11, 7, 6, 1, 0, 5, 3, 2, 8, 10, 9, 13], "R": [[0.5296834054373112, -0.846450390924615, 0.05438037980649953], [0.8461101407585143, 0.5317870377979435, 0.03605795523453564], [-0.05944005139584046, 0.026912490290843825, 0.9978690285585605]], "T": [-0.03848304701131591, 0.015443915943559487, 0.03386244524133427], "aligned_model": [[0.12432683093543787, 0.1674760675506542, -0.5520129020872006, -0.5088636654719843, -0.04351237215421755, 0.04278610107621511, -0.5816113746179178, 0.31928443160779485, 0.36243366822301115, -0.18673432584445032, 0.5056554342222194, 0.5488046708374358, -0.0003631355390012331], [-0.5457109901700099, -0.517100060128475, 0.28686825479684164, 0.31547918483837656, -0.08852763806675745, -0.03130577798368761, -0.43135153345564714, 0.5229736502066333, 0.5515845802481683, 0.6298284568046808, -0.16677139670536825, -0.13816046666383333, -0.059916708025222545], [-0.35231539019156366, 0.439464420421734, -0.3455424508354418, 0.4462373597778559, -0.7572716145539534, 0.8262880066726418, -0.31797659563397, -0.4015567734663226, 0.3902230371469751, 0.019740863131734544, -0.3867894345711658, 0.40499037604213184, 0.03450819605934385]], "inverted": true, "swapped": false, "error_lsq": 0.03619556044042516, "error_max": 0.3252768652328703, "target": "54.xyz", "model": "11.xyz", "model_rescale": 4.509807504472865, "target_rescale": 4.449845915049802},
{"mapping": [11, 12, 6, 7, 0, 1, 4, 2, 3, 8, 9, 10, 13], "R": [[-0.5296832960805338, 0.8464504597093081, 0.05438037431980882], [-0.8461102095635733, -0.5317869282056304, 0.03605795698463572], [0.05944004648002684, -0.02691249240632705, 0.9978690287943262]], "T": [-0.038482956028657235, 0.01544385496672904, 0.03386244042337125], "aligned_model": [[0.12432679764569166, 0.16747602740015355, -0.5520130037394441, -0.5088637739849822, -0.04351245447289109, 0.04278600503603266, -0.58161138170402, 0.3192844365358042, 0.3624336662902661, -0.18673430567854474, 0.5056557051869489, 0.5488049349414108, -0.0003632247184292142], [-0.5457108775265196, -0.5170999477587963, 0.28686823157290253, 0.3154791613406258, -0.08852757154734692, -0.03130571201190044, -0.43135151891986817, 0.5229736083048527, 0.551584538072576, 0.6298283410336428, -0.1667714924262842, -0.13816056265856097, -0.05991664177962368], [-0.3523153694383613, 0.4394643953549072, -0.3455424266277587, 0.4462373381655098, -0.7572715679892439, 0.8262879615972927, -0.3179765768538736, -0.4015567500020758, 0.3902230147911927, 0.01974086226368373, -0.38678942142928274, 0.40499034336398565, 0.03450819680402433]], "inverted": false, "swapped": false, "error_lsq": 0.036195564474474244, "error_max": 0.325276844810022, "target": "54.xyz", "model": "12.xyz", "model_rescale": 4.509807766519439, "target_rescale": 4.449845915049802},
{"mapping": [11, 12, 6, 7, 0, 1, 4, 2, 3, 8, 9, 10, 13], "R": [[-0.5296832960805338, 0.8464504597093081, 0.05438037431980882], [-0.8461102095635733, -0.5317869282056304, 0.03605795698463572], [0.05944004648002684, -0.02691249240632705, 0.9978690287943262]], "T": [-0.03848295602865723, 0.01544385496672904, 0.0338624404233713], "aligned_model": [[0.12432679764569166, 0.16747602740015355, -0.5520130037394441, -0.5088637739849822, -0.04351245447289109, 0.04278600503603269, -0.58161138170402, 0.3192844365358042, 0.3624336662902661, -0.18673430567854474, 0.5056557051869489, 0.5488049349414107, -0.0003632247184292142], [-0.5457108775265196, -0.5170999477587963, 0.28686823157290253, 0.3154791613406258, -0.08852757154734692, -0.03130571201190044, -0.43135151891986817, 0.5229736083048527, 0.551584538072576, 0.6298283410336428, -0.1667714924262842, -0.13816056265856097, -0.05991664177962368], [-0.35231536943836117, 0.439464395354907, -0.3455424266277586, 0.4462373381655096, -0.757271567989244, 0.8262879615972929, -0.31797657685387354, -0.4015567500020757, 0.3902230147911925, 0.019740862263683677, -0.3867894214292827, 0.4049903433639855, 0.03450819680402428]], "inverted": false, "swapped": false, "error_lsq": 0.036195564474474244, "error_max": 0.32527684481002195, "target": "54.xyz", "model": "13.xyz", "model_rescale": 4.509807766519439, "target_rescale": 4.449845915049802},
{"mapping": [12, 11, 7, 6, 1, 0, 5, 3, 2, 8, 10, 9, 13], "R": [[0.529683296080534, -0.8464504597093081, 0.054380374319809084], [0.8461102095635733, 0.5317869282056307, 0.036057956984635826], [-0.05944004648002708, 0.026912492406327194, 0.9978690287943264]], "T": [-0.03848295602865723, 0.015443854966729054, 0.03386244042337144], "aligned_model": [[0.12432679764569146, 0.16747602740015355, -0.5520130037394442, -0.5088637739849821, -0.0435124544728913, 0.04278600503603287, -0.5816113817040204, 0.3192844365358043, 0.3624336662902664, -0.18673430567854468, 0.5056557051869489, 0.5488049349414109, -0.0003632247184292281], [-0.5457108775265197, -0.5170999477587964, 0.2868682315729027, 0.315479161340626, -0.08852757154734699, -0.031305712011900355, -0.4313515189198681, 0.5229736083048527, 0.551584538072576, 0.6298283410336429, -0.1667714924262844, -0.13816056265856105, -0.05991664177962369], [-0.35231536943836134, 0.4394643953549073, -0.34554242662775864, 0.44623733816551, -0.7572715679892439, 0.8262879615972931, -0.31797657685387354, -0.401556750002076, 0.3902230147911926, 0.019740862263683587, -0.38678942142928296, 0.40499034336398565, 0.03450819680402423]], "inverted": true, "swapped": false, "error_lsq": 0.03619556447447426, "error_max": 0.32527684481002195, "target": "54.xyz", "model": "14.xyz", "model_rescale": 4.509807766519439, "target_rescale": 4.449845915049802},
{"mapping": [5, 4, 3, 2, 11, 10, 8, 7, 9, 1, 0, 12], "R": [[0.8645986766613744, -0.5024630616427446, 2.5996052569023524e-18], [-0.5024630616427446, -0.8645986766613744, 8.802276046907648e-19], [1.8053334077643443e-18, -2.067249238622176e-18, -1.0000000000000002]], "T": [0.013582839531047657, 0.07479147575035086, 4.7202232394913485e-17], "aligned_model": [[0.08964345239979593, 0.08964345239979593, -0.5822833305487108, -0.5822833305487108, 0.5539971812926211, 0.5539971812926211, -0.026383076598159118, -0.026383076598159118, -0.490736918407942, 0.3952669777733206, 0.3952669777733206, 0.08964345239979593], [0.041225699792935146, 0.041225699792935146, 0.09765723984380287, 0.09765723984380287, -0.09151404031036761, -0.09151404031036761, -0.5270277973933387, -0.5270277973933387, -0.39428825158860137, 0.615141112010759, 0.615141112010759, 0.041225699792935146], [-0.8041626762620055, 0.8041626762620054, -0.40208133813100255, 0.40208133813100266, -0.40208133813100255, 0.40208133813100266, -0.40208133813100255, 0.40208133813100266, 1.4527708684827272e-16, -0.40208133813100255, 0.40208133813100266, 1.4716919811346143e-16]], "inverted": false, "swapped": true, "error_lsq": 0.025843772181140538, "error_max": 0.11171859548311636, "target": "54.xyz", "model": "15.xyz", "model_rescale": 4.510870436145588, "target_rescale": 4.449845915049802},
{"mapping": [4, 5, 2, 3, 10, 11, 7, 8, 9, 0, 1, 12], "R": [[-0.8645986766613742, 0.5024630616427448, -6.04363835454184e-17], [0.5024630616427448, 0.8645986766613742, -2.5484193268606405e-16], [-7.579544049682598e-17, -2.507030480690441e-16, -1.0000000000000002]], "T": [0.013582839531047674, 0.07479147575035087, -1.919824591632945e-17], "aligned_model": [[0.08964345239979588, 0.08964345239979599, -0.5822833305487108, -0.5822833305487108, 0.5539971812926211, 0.5539971812926211, -0.026383076598159267, -0.02638307659815921, -0.4907369184079421, 0.3952669777733207, 0.3952669777733207, 0.08964345239979593], [0.04122569979293494, 0.041225699792935354, 0.09765723984380298, 0.09765723984380317, -0.09151404031036785, -0.09151404031036763, -0.5270277973933388, -0.5270277973933386, -0.39428825158860115, 0.6151411120107588, 0.615141112010759, 0.041225699792935146], [-0.8041626762620054, 0.8041626762620055, -0.40208133813100255, 0.40208133813100266, -0.4020813381310026, 0.4020813381310026, -0.40208133813100244, 0.4020813381310028, 3.102341703085264e-17, -0.4020813381310028, 0.40208133813100244, -1.150398907433312e-16]], "inverted": true, "swapped": true, "error_lsq": 0.025843772181140534, "error_max": 0.11171859548311638, "target": "54.xyz", "model": "16.xyz", "model_rescale": 4.510870436145588, "target_rescale": 4.449845915049802},
{"mapping": [4, 5, 2, 3, 10, 11, 7, 8, 9, 0, 1, 12], "R": [[-0.8645986766613744, 0.5024630616427447, -2.9657016982030126e-17], [0.5024630616427447, 0.8645986766613744, -6.211828489642954e-17], [-5.570725976669094e-18, -6.860894246990894e-17, -1.0000000000000002]], "T": [0.013582839531047664, 0.07479147575035087, 1.072311457584539e-16], "aligned_model": [[0.0896434523997959, 0.08964345239979596, -0.5822833305487108, -0.5822833305487108, 0.5539971812926212, 0.5539971812926212, -0.02638307659815918, -0.026383076598159153, -0.4907369184079421, 0.39526697777332065, 0.39526697777332065, 0.08964345239979593], [0.041225699792935104, 0.0412256997929352, 0.09765723984380296, 0.09765723984380302, -0.09151404031036768, -0.09151404031036763, -0.5270277973933387, -0.5270277973933387, -0.39428825158860126, 0.615141112010759, 0.615141112010759, 0.04122569979293515], [-0.8041626762620053, 0.8041626762620057, -0.4020813381310025, 0.4020813381310027, -0.4020813381310025, 0.4020813381310027, -0.40208133813100244, 0.4020813381310028, 5.152740985394263e-17, -0.40208133813100255, 0.40208133813100266, 7.261679632572564e-18]], "inverted": true, "swapped": true, "error_lsq": 0.025843772181140534, "error_max": 0.11171859548311637, "target": "54.xyz", "model": "17.xyz", "model_rescale": 4.510870436145588, "target_rescale": 4.449845915049802},
{"mapping": [5, 3, 8, 9, 6, 0, 7, 2, 1, 10, 4, 11, 12], "R": [[0.3574591216890728, 0.8403614436467016, 0.40745014462300566], [0.43295850888220466, -0.5356736540255005, 0.7249832177157389], [0.8275082512626533, -0.08274285718417068, -0.5553230714433044]], "T": [0.09074685376220522, 0.11864638371893751, -0.0723328043555199], "aligned_model": [[-0.20639411505074906, 0.3214378796351383, -0.33860851622316096, -0.5793860869877402, 0.12007649729690152, 0.04075545932392145, -0.6650791285708114, 0.258482738950778, 0.367226071671572, -0.25291547464008973, 0.6479084919827889, 0.5521534847463203, -0.06798787339687258], [-0.7139742697170662, -0.6333654292667237, 0.34561308927323275, 0.06019615851116908, -0.13307935986638644, -0.01095633828191897, -0.2352818205774471, 0.5743735338853446, 0.5699385715687609, 0.6410910683618489, -0.05247051941604386, -0.0776737528137352, -0.006521375965335308], [-0.2952056835778791, 0.19730992249371504, -0.451764332367444, 0.4418156221362598, -0.7401599082293856, 0.8039334720847825, -0.006810107715937472, -0.43644721512104917, 0.3589792474332759, -0.0031386025152466412, -0.24764430215779148, 0.3706248780062422, 0.008507009530457452]], "inverted": false, "swapped": false, "error_lsq": 0.050340139422779366, "error_max": 0.33425179379388453, "target": "54.xyz", "model": "18.xyz", "model_rescale": 4.466005644533647, "target_rescale": 4.449845915049802},
{"mapping": [8, 9, 4, 5, 2, 3, 6, 0, 1, 12, 10, 11, 13], "R": [[0.5296832738825796, -0.8464504736268676, 0.05438037390349199], [0.8461102235269495, 0.5317869059909883, 0.03605795695414832], [-0.059440045526627135, 0.026912493629972296, 0.9978690288181156]], "T": [-0.038483014159655465, 0.015443889674120186, 0.03386244268620894], "aligned_model": [[0.12432675599471918, 0.16747598594447752, -0.552013075437803, -0.5088638454880446, -0.04351232266914354, 0.04278613723037311, -0.5816114349323473, 0.31928436923617154, 0.3624335991859299, -0.18673419402764946, 0.5056556582354701, 0.5488048881852283, -0.00036309271938520654], [-0.545710844826502, -0.5170999147344395, 0.28686825668646454, 0.31547918677852715, -0.08852765500245938, -0.031305794818334225, -0.4313515033710739, 0.5229736592026071, 0.5515845892946696, 0.6298282614441119, -0.16677144506976876, -0.1381605149777062, -0.0599167249103968], [-0.35231537278434133, 0.4394644016730387, -0.34554242831902193, 0.4462373461383581, -0.7572715814802774, 0.8262879674344826, -0.31797657924101574, -0.4015567524927056, 0.3902230219646744, 0.01974085936137278, -0.3867894248445236, 0.4049903496128564, 0.03450819297710267]], "inverted": false, "swapped": false, "error_lsq": 0.036195560735412864, "error_max": 0.3252768492589266, "target": "54.xyz", "model": "19.xyz", "model_rescale": 4.509807711582247, "target_rescale": 4.449845915049802},
{"mapping": [8, 9, 4, 5, 2, 3, 7, 0, 1, 12, 10, 11, 13], "R": [[0.5296832738825796, -0.8464504736268676, -0.05438037390349191], [0.8461102235269495, 0.5317869059909883, -0.036057956954148464], [0.05944004552662722, -0.02691249362997215, 0.9978690288181156]], "T": [-0.03848301415965544, 0.015443889674120189, -0.033862442686208936], "aligned_model": [[0.16747598594447743, 0.12432675599471915, -0.5088638454880445, -0.5520130754378028, 0.042786137230373056, -0.04351232266914345, -0.5816114349323471, 0.36243359918592977, 0.31928436923617154, -0.1867341940276494, 0.5488048881852283, 0.5056556582354701, -0.0003630927193851857], [-0.5170999147344393, -0.545710844826502, 0.31547918677852715, 0.28686825668646443, -0.03130579481833408, -0.08852765500245945, -0.43135150337107386, 0.5515845892946695, 0.5229736592026067, 0.6298282614441117, -0.13816051497770612, -0.1667714450697688, -0.05991672491039676], [-0.43946440167303885, 0.3523153727843413, -0.4462373461383581, 0.34554242831902204, -0.8262879674344825, 0.7572715814802773, 0.3179765792410158, -0.39022302196467445, 0.40155675249270567, -0.019740859361372667, -0.40499034961285657, 0.38678942484452355, -0.03450819297710268]], "inverted": false, "swapped": false, "error_lsq": 0.03619556073541288, "error_max": 0.32527684925892686, "target": "54.xyz", "model": "20.xyz", "model_rescale": 4.509807711582248, "target_rescale": 4.449845915049802},
{"mapping": [6, 4, 7, 10, 5, 1, 8, 2, 0, 9, 3, 11, 12], "R": [[-0.35745912168907257, -0.8403614436467022, 0.4074501446230051], [-0.432958508882205, 0.5356736540254998, 0.7249832177157394], [-0.8275082512626535, 0.08274285718417085, -0.5553230714433046]], "T": [0.09074685376220518, 0.11864638371893765, -0.07233280435552], "aligned_model": [[-0.20639411505074842, 0.32143787963513903, -0.33860851622316135, -0.5793860869877404, 0.12007649729690158, 0.04075545932392166, -0.6650791285708114, 0.25848273895077756, 0.36722607167157173, -0.25291547464009034, 0.647908491982789, 0.5521534847463206, -0.0679878733968726], [-0.7139742697170665, -0.6333654292667236, 0.3456130892732325, 0.06019615851116866, -0.13307935986638642, -0.010956338281918776, -0.23528182057744762, 0.5743735338853451, 0.5699385715687613, 0.6410910683618488, -0.052470519416043415, -0.07767375281373479, -0.006521375965335391], [-0.29520568357787935, 0.19730992249371496, -0.45176433236744407, 0.44181562213626, -0.7401599082293859, 0.8039334720847828, -0.006810107715937458, -0.43644721512104934, 0.35897924743327625, -0.0031386025152465302, -0.24764430215779162, 0.37062487800624233, 0.008507009530457438]], "inverted": true, "swapped": false, "error_lsq": 0.05034013942277936, "error_max": 0.33425179379388514, "target": "54.xyz", "model": "21.xyz", "model_rescale": 4.466005644533646, "target_rescale": 4.449845915049802},
{"mapping": [5, 3, 8, 9, 6, 0, 7, 2, 1, 10, 4, 11, 12], "R": [[0.3574590584373867, 0.84036148487511, 0.4074501150810458], [0.43295854704226, -0.535673595736099, 0.724983237995344], [0.8275082586198836, -0.08274281581901222, -0.5553230666433988]], "T": [0.09074685783062482, 0.11864638409154779, -0.07233280412505218], "aligned_model": [[-0.20639413966486347, 0.3214378341738234, -0.33860861085247945, -0.5793860103129242, 0.12007645163850113, 0.0407553436144643, -0.6650792021558439, 0.25848282047424087, 0.36722593491782884, -0.25291541900955977, 0.647908425477188, 0.5521537712667446, -0.06798777082912376], [-0.7139742405867638, -0.6333653544405958, 0.3456131151294465, 0.060196058902718924, -0.13307930981397778, -0.010956268947347664, -0.23528181564333964, 0.5743734842009132, 0.5699386618254385, 0.6410909896755052, -0.05247042366780963, -0.07767389436661593, -0.006521446571873146], [-0.2952056746685959, 0.19730995488494324, -0.45176434633606566, 0.4418155917768085, -0.7401598990536018, 0.8039334886689147, -0.006810121951059747, -0.4364472275439523, 0.3589792642839088, -0.0031386326081974253, -0.24764426950006269, 0.37062487520590665, 0.008506996841053674]], "inverted": false, "swapped": false, "error_lsq": 0.050340135345706756, "error_max": 0.3342517439192985, "target": "54.xyz", "model": "22.xyz", "model_rescale": 4.46600560860683, "target_rescale": 4.449845915049802},
{"mapping": [9, 8, 5, 4, 3, 2, 6, 1, 0, 12, 11, 10, 13], "R": [[-0.5296833327517494, 0.8464504366398149, -0.05438037621482543], [-0.846110186490546, -0.53178696495829, -0.03605795636727063], [-0.059440048131987624, 0.02691249175971892, 0.9978690287133627]], "T": [-0.038483008070618316, 0.015443888901283558, -0.03386244275679309], "aligned_model": [[0.16747605045323516, 0.12432681831349719, -0.5088637286446068, -0.5520129607843448, 0.04278604673599466, -0.04351241754348127, -0.5816113704896076, 0.3624337396531479, 0.3192845075134099, -0.18673442795748008, 0.5488047945158568, 0.5056555623761189, -0.0003631854037432977], [-0.5170999918879347, -0.5457109217503826, 0.3154791635637563, 0.2868682337013084, -0.03130574013325454, -0.08852759985815045, -0.43135153013470906, 0.5515845072389706, 0.5229735773765226, 0.6298284528845743, -0.1381604977234253, -0.16677142758587327, -0.05991666999570249], [-0.43946440385255126, 0.3523153770543206, -0.44623734557370154, 0.3455424353331702, -0.8262879771925467, 0.7572715846211968, 0.31797658373327586, -0.3902230203536401, 0.40155676055323175, -0.019740866269772804, -0.4049903563370899, 0.38678942456978194, -0.034508196285675044]], "inverted": true, "swapped": false, "error_lsq": 0.03619556420746927, "error_max": 0.3252768525833268, "target": "54.xyz", "model": "23.xyz", "model_rescale": 4.509807674373902, "target_rescale": 4.449845915049802},
{"mapping": [8, 9, 4, 5, 2, 3, 7, 0, 1, 12, 10, 11, 13], "R": [[0.5296833327517492, -0.846450436639815, -0.05438037621482548], [0.8461101864905461, 0.5317869649582898, -0.03605795636727074], [0.05944004813198773, -0.02691249175971893, 0.9978690287133627]], "T": [-0.0384830080706183, 0.015443888901283533, -0.033862442756793086], "aligned_model": [[0.16747605045323527, 0.12432681831349723, -0.5088637286446068, -0.5520129607843448, 0.042786046735994704, -0.043512417543481285, -0.5816113704896074, 0.36243373965314774, 0.31928450751340975, -0.1867344279574802, 0.5488047945158567, 0.5056555623761188, -0.00036318540374328384], [-0.5170999918879345, -0.5457109217503825, 0.3154791635637561, 0.28686823370130804, -0.031305740133254475, -0.08852759985815054, -0.4313515301347093, 0.5515845072389706, 0.5229735773765226, 0.6298284528845743, -0.1381604977234251, -0.16677142758587316, -0.0599166699957025], [-0.43946440385255137, 0.3523153770543206, -0.44623734557370165, 0.3455424353331703, -0.8262879771925465, 0.7572715846211967, 0.3179765837332759, -0.3902230203536401, 0.40155676055323186, -0.019740866269772755, -0.40499035633708996, 0.386789424569782, -0.03450819628567504]], "inverted": false, "swapped": false, "error_lsq": 0.03619556420746927, "error_max": 0.32527685258332684, "target": "54.xyz", "model": "24.xyz", "model_rescale": 4.509807674373903, "target_rescale": 4.449845915049802},
{"mapping": [6, 4, 7, 10, 5, 1, 8, 2, 0, 9, 3, 11, 12], "R": [[-0.35745905843738685, -0.8403614848751098, 0.4074501150810461], [-0.43295854704225933, 0.5356735957360992, 0.7249832379953443], [-0.8275082586198839, 0.08274281581901255, -0.5553230666433984]], "T": [0.0907468578306249, 0.1186463840915479, -0.07233280412505215], "aligned_model": [[-0.2063941396648637, 0.32143783417382327, -0.33860861085247945, -0.5793860103129244, 0.12007645163850104, 0.040755343614464354, -0.6650792021558443, 0.25848282047424115, 0.3672259349178291, -0.25291541900955955, 0.647908425477188, 0.5521537712667446, -0.06798777082912376], [-0.7139742405867635, -0.6333653544405959, 0.3456131151294469, 0.06019605890271898, -0.13307930981397734, -0.010956268947348052, -0.2352818156433393, 0.5743734842009134, 0.5699386618254382, 0.6410909896755053, -0.05247042366780974, -0.07767389436661634, -0.006521446571873091], [-0.2952056746685965, 0.19730995488494274, -0.4517643463360655, 0.4418155917768085, -0.7401598990536019, 0.8039334886689147, -0.006810121951059997, -0.43644722754395204, 0.3589792642839092, -0.0031386326081969396, -0.24764426950006274, 0.3706248752059066, 0.008506996841053674]], "inverted": true, "swapped": false, "error_lsq": 0.05034013534570674, "error_max": 0.33425174391929874, "target": "54.xyz", "model": "25.xyz", "model_rescale": 4.466005608606829, "target_rescale": 4.449845915049802},
{"mapping": [5, 3, 8, 9, 6, 0, 7, 2, 1, 10, 4, 11, 12], "R": [[0.35745914782342264, 0.8403614266487669, 0.4074501567531932], [0.4329584653664007, -0.5356736752693784, 0.7249832280066676], [0.8275082627411787, -0.08274289228837561, -0.555323049108202]], "T": [0.09074686743073168, 0.11864639899678958, -0.07233276308469551], "aligned_model": [[-0.2063941564794255, 0.32143790574890585, -0.33860852351694926, -0.5793860776209848, 0.12007645143669791, 0.0407555256732626, -0.6650791314330726, 0.2584827127088247, 0.36722613358938605, -0.2529154697048614, 0.6479085136650293, 0.5521534398784829, -0.06798789520729878], [-0.713974249233575, -0.633365350436512, 0.34561307394861385, 0.06019612687873849, -0.13307935631615958, -0.0109563024747516, -0.23528181896880157, 0.5743734905891339, 0.5699385904426639, 0.6410910197961539, -0.0524704575190966, -0.07767380868242646, -0.006521402328281661], [-0.2952057537265404, 0.19731001090717487, -0.4517643512272068, 0.4418155570609592, -0.7401599411954329, 0.8039335636539577, -0.006810163758314294, -0.4364472352325358, 0.35897937618506526, -0.003138630407933371, -0.2476441765617176, 0.3706247920661676, 0.008506952236356738]], "inverted": false, "swapped": false, "error_lsq": 0.05034014170321387, "error_max": 0.3342517662100362, "target": "54.xyz", "model": "26.xyz", "model_rescale": 4.466005838112752, "target_rescale": 4.449845915049802},
{"mapping": [8, 9, 4, 5, 2, 3, 6, 0, 1, 12, 10, 11, 13], "R": [[0.5296832081459252, -0.8464505147361283, 0.054380374320009986], [0.8461102649536207, 0.5317868402408733, 0.036057954555718495], [-0.05944004162477386, 0.02691249987592776, 0.9978690288820842]], "T": [-0.03848298854592398, 0.0154439217641269, 0.033862438896797874], "aligned_model": [[0.12432675855969781, 0.16747598710356015, -0.552012992679939, -0.5088637641360766, -0.04351235006919227, 0.042786107018532415, -0.5816114127079342, 0.3192843984611868, 0.36243362700504916, -0.18673426881357508, 0.5056556159890774, 0.5488048445329398, -0.0003631215253299194], [-0.5457108687917013, -0.5170999417540697, 0.2868683343938458, 0.31547926143147736, -0.08852770768443982, -0.03130585360917667, -0.43135158685254255, 0.5229737952764786, 0.5515847223141102, 0.6298281636115731, -0.16677145451533956, -0.138160527477708, -0.05991678064680825], [-0.35231535868476216, 0.43946438396095033, -0.34554241998058705, 0.44623732266512545, -0.757271547515821, 0.8262879377756039, -0.3179765634948581, -0.40155674313859185, 0.39022299950712064, 0.01974086727762875, -0.38678940807370665, 0.40499033457200584, 0.03450819512989153]], "inverted": false, "swapped": false, "error_lsq": 0.03619556397444631, "error_max": 0.32527684747097896, "target": "54.xyz", "model": "27.xyz", "model_rescale": 4.509807893063789, "target_rescale": 4.449845915049802},
