[{"mapping": [4, 5, 2, 3, 7, 8, 10, 11, 9, 0, 1, 12], "R": [[0.864598681153868, -0.502463053912417, 2.4782684206257727e-16], [-0.502463053912417, -0.864598681153868, -9.498967087690109e-17], [2.6199956092077526e-16, -4.239588774082413e-17, -1.0]], "T": [-0.01358298343198459, -0.07479136525095469, -5.270755168451883e-17], "aligned_model": [[-0.08964359660084234, -0.08964359660084273, 0.5822831868522155, 0.5822831868522153, 0.02638292731639039, 0.026382927316390196, -0.5539973266804862, -0.5539973266804864, 0.4907367703129899, -0.395267116843022, -0.39526711684302224, -0.08964359660084253], [-0.041225589973592665, -0.04122558997359251, -0.09765712401680127, -0.09765712401680118, 0.527027908250068, 0.527027908250068, 0.09151414597794992, 0.09151414597794998, 0.3942883665970916, -0.6151410049239789, -0.6151410049239789, -0.04122558997359259], [-0.8041626762620051, 0.8041626762620051, -0.4020813381310024, 0.40208133813100283, -0.4020813381310026, 0.4020813381310026, -0.4020813381310027, 0.4020813381310025, 3.2711504194878895e-16, -0.4020813381310026, 0.4020813381310026, 2.2465053581836027e-16]], "inverted": true, "swapped": true, "error_lsq": 0.02584376769550564, "error_max": 0.11171844317141896, "target": "55.xyz", "model": "0.xyz", "model_rescale": 4.5108708085295355, "target_rescale": 4.449845915049802},
{"mapping": [4, 5, 2, 3, 7, 8, 10, 11, 9, 0, 1, 12], "R": [[0.8645986811538675, -0.5024630539124175, 2.462192603917402e-16], [-0.5024630539124175, -0.8645986811538675, -9.455646752654672e-17], [2.603919792499383e-16, -4.196268439046974e-17, -1.0]], "T": [-0.013582983431984628, -0.07479136525095469, -1.1649782861047655e-16], "aligned_model": [[-0.08964359660084234, -0.08964359660084273, 0.5822831868522154, 0.5822831868522151, 0.026382927316390768, 0.026382927316390574, -0.553997326680486, -0.5539973266804862, 0.4907367703129901, -0.3952671168430224, -0.3952671168430226, -0.08964359660084253], [-0.04122558997359261, -0.04122558997359246, -0.09765712401680166, -0.09765712401680157, 0.5270279082500677, 0.5270279082500677, 0.09151414597795025, 0.09151414597795031, 0.39428836659709127, -0.6151410049239786, -0.6151410049239786, -0.04122558997359253], [-0.8041626762620052, 0.804162676262005, -0.40208133813100244, 0.4020813381310028, -0.40208133813100266, 0.40208133813100255, -0.4020813381310028, 0.40208133813100244, 2.627172367418898e-16, -0.40208133813100266, 0.40208133813100255, 1.6099707334631284e-16]], "inverted": true, "swapped": true, "error_lsq": 0.025843767695505643, "error_max": 0.11171844317141887, "target": "55.xyz", "model": "1.xyz", "model_rescale": 4.510870808529536, "target_rescale": 4.449845915049802},
{"mapping": [5, 4, 3, 2, 8, 7, 11, 10, 9, 1, 0, 12], "R": [[-0.8645986811538675, 0.5024630539124173, 4.9994550196942225e-17], [0.5024630539124173, 0.8645986811538675, 6.935083721845787e-17], [-8.378988704987805e-18, 8.508105676692845e-17, -1.0]], "T": [-0.013582983431984635, -0.07479136525095469, 2.2092070257533348e-16], "aligned_model": [[-0.0896435966008425, -0.08964359660084259, 0.5822831868522153, 0.5822831868522153, 0.026382927316390574, 0.026382927316390532, -0.5539973266804861, -0.5539973266804861, 0.49073677031299, -0.3952671168430224, -0.3952671168430224, -0.08964359660084255], [-0.041225589973592505, -0.041225589973592616, -0.09765712401680147, -0.09765712401680153, 0.5270279082500677, 0.5270279082500677, 0.0915141459779502, 0.09151414597795014, 0.3942883665970913, -0.6151410049239786, -0.6151410049239786, -0.04122558997359256], [-0.8041626762620049, 0.8041626762620053, -0.40208133813100244, 0.4020813381310028, -0.40208133813100244, 0.4020813381310028, -0.4020813381310025, 0.4020813381310027, -2.0731337071067236e-17, -0.40208133813100255, 0.40208133813100266, -7.99504499665606e-17]], "inverted": false, "swapped": true, "error_lsq": 0.02584376769550564, "error_max": 0.11171844317141869, "target": "55.xyz", "model": "2.xyz", "model_rescale": 4.5108708085295355, "target_rescale": 4.449845915049802},
{"mapping": [9, 10, 4, 5, 0, 1, 7, 2, 3, 8, 11, 12, 13], "R": [[0.5296833560174827, -0.8464504219996197, -0.05438037747866196], [0.8461101718266236, 0.5317869882898354, -0.03605795636399343], [0.05944004954218816, -0.02691249119445533, 0.9978690286446064]], "T": [-0.03848302372204586, 0.015443961085886321, -0.03386244060593581], "aligned_model": [[0.16747620481324083, 0.12432697232775498, -0.5088637287650001, -0.5520129612504858, 0.04278591132492912, -0.04351255364604252, -0.5816113902603541, 0.3624337327463042, 0.31928450026081834, -0.18673423675852485, 0.5488047657956997, 0.5056555333102138, -0.00036332116055669966], [-0.517100034572093, -0.5457109639962582, 0.3154792447396821, 0.286868315315517, -0.03130585590288584, -0.08852771475121607, -0.43135143672788134, 0.551584560760733, 0.5229736313365678, 0.6298284018537638, -0.13816043880450687, -0.166771368228672, -0.059916785327050956], [-0.43946439029846535, 0.35231537849676, -0.44623733682238825, 0.34554243197283707, -0.826287976202765, 0.7572715613876854, 0.3179765797100069, -0.3902230118648334, 0.40155675693039194, -0.01974085748748621, -0.4049903486047133, 0.38678942019051205, -0.03450820740753986]], "inverted": false, "swapped": false, "error_lsq": 0.03619557506319169, "error_max": 0.3252768329453859, "target": "55.xyz", "model": "3.xyz", "model_rescale": 4.509807743048502, "target_rescale": 4.449845915049802},
{"mapping": [9, 10, 4, 5, 0, 1, 7, 2, 3, 8, 11, 12, 13], "R": [[0.5296833560174827, -0.8464504219996197, -0.05438037747866187], [0.8461101718266236, 0.5317869882898354, -0.03605795636399349], [0.05944004954218818, -0.026912491194455223, 0.9978690286446064]], "T": [-0.03848302372204586, 0.015443961085886321, -0.03386244060593573], "aligned_model": [[0.16747620481324077, 0.12432697232775504, -0.5088637287650001, -0.5520129612504858, 0.04278591132492905, -0.043512553646042465, -0.581611390260354, 0.36243373274630414, 0.3192845002608184, -0.18673423675852485, 0.5488047657956997, 0.5056555333102138, -0.0003633211605566927], [-0.517100034572093, -0.5457109639962582, 0.31547924473968214, 0.28686831531551693, -0.03130585590288579, -0.08852771475121614, -0.4313514367278814, 0.551584560760733, 0.5229736313365678, 0.6298284018537638, -0.13816043880450685, -0.166771368228672, -0.059916785327050956], [-0.4394643902984653, 0.35231537849675976, -0.4462373368223881, 0.34554243197283696, -0.8262879762027651, 0.7572715613876856, 0.31797657971000676, -0.39022301186483327, 0.4015567569303918, -0.019740857487486177, -0.4049903486047132, 0.3867894201905118, -0.03450820740753989]], "inverted": false, "swapped": false, "error_lsq": 0.03619557506319168, "error_max": 0.32527683294538573, "target": "55.xyz", "model": "4.xyz", "model_rescale": 4.509807743048502, "target_rescale": 4.449845915049802},
{"mapping": [10, 9, 5, 4, 1, 0, 6, 3, 2, 8, 12, 11, 13], "R": [[-0.5296833560174835, 0.8464504219996197, -0.054380377478662485], [-0.8461101718266236, -0.5317869882898362, -0.03605795636399367], [-0.05944004954218867, 0.026912491194455615, 0.9978690286446068]], "T": [-0.03848302372204588, 0.015443961085886353, -0.033862440605935684], "aligned_model": [[0.16747620481324071, 0.12432697232775447, -0.508863728765, -0.5520129612504863, 0.04278591132492949, -0.043512553646043, -0.5816113902603549, 0.3624337327463049, 0.31928450026081867, -0.1867342367585245, 0.5488047657956999, 0.5056555333102136, -0.0003633211605567413], [-0.5171000345720933, -0.5457109639962585, 0.3154792447396827, 0.2868683153155174, -0.03130585590288567, -0.08852771475121629, -0.43135143672788123, 0.551584560760733, 0.5229736313365677, 0.6298284018537641, -0.13816043880450718, -0.1667713682286725, -0.05991678532705096], [-0.4394643902984656, 0.35231537849676, -0.44623733682238864, 0.34554243197283696, -0.8262879762027652, 0.7572715613876858, 0.3179765797100066, -0.39022301186483327, 0.40155675693039233, -0.01974085748748628, -0.4049903486047133, 0.3867894201905123, -0.03450820740754003]], "inverted": true, "swapped": false, "error_lsq": 0.03619557506319169, "error_max": 0.3252768329453856, "target": "55.xyz", "model": "5.xyz", "model_rescale": 4.509807743048502, "target_rescale": 4.449845915049802},
{"mapping": [10, 9, 5, 4, 1, 0, 6, 3, 2, 8, 12, 11, 13], "R": [[-0.5296832731267755, 0.8464504739911696, -0.05438037559478805], [-0.8461102239695804, -0.531786905322118, -0.036057956432272276], [-0.059440045961056565, 0.026912495388747355, 0.997869028744804]], "T": [-0.038483017355268906, 0.015443950779240864, -0.033862441589543046], "aligned_model": [[0.16747598957532514, 0.12432675708595745, -0.5088638612604273, -0.552013093749795, 0.04278602024029107, -0.04351244473844431, -0.5816112657726796, 0.3624336073177511, 0.31928437482838334, -0.18673401414574553, 0.5488049020479123, 0.5056556695585447, -0.0003632122490766221], [-0.5170998684803251, -0.5457107989523965, 0.31547925561491846, 0.28686832514284705, -0.03130592301137378, -0.08852778395551651, -0.43135157280532954, 0.551584665388717, 0.5229737349166456, 0.6298282215772187, -0.13816045789209463, -0.166771388364166, -0.05991685348344515], [-0.43946441117818125, 0.3523153851970355, -0.4462373574671615, 0.34554243890805525, -0.8262880013454916, 0.7572715914049415, 0.3179765953873574, -0.3902230303711239, 0.40155676600409285, -0.019740852507793123, -0.4049903577183355, 0.3867894386568812, -0.03450820497027512]], "inverted": true, "swapped": false, "error_lsq": 0.036195572156960384, "error_max": 0.32527686208782136, "target": "55.xyz", "model": "6.xyz", "model_rescale": 4.509807586411629, "target_rescale": 4.449845915049802},
{"mapping": [10, 9, 5, 4, 1, 0, 6, 3, 2, 8, 12, 11, 13], "R": [[-0.5296832731267757, 0.8464504739911696, -0.05438037559478806], [-0.8461102239695804, -0.5317869053221181, -0.036057956432272234], [-0.05944004596105655, 0.02691249538874739, 0.997869028744804]], "T": [-0.038483017355268906, 0.015443950779240871, -0.033862441589543095], "aligned_model": [[0.16747598957532508, 0.12432675708595739, -0.5088638612604274, -0.552013093749795, 0.04278602024029107, -0.04351244473844434, -0.5816112657726797, 0.3624336073177511, 0.31928437482838334, -0.1867340141457455, 0.5488049020479123, 0.5056556695585447, -0.00036321224907663596], [-0.5170998684803251, -0.5457107989523965, 0.31547925561491846, 0.28686832514284716, -0.031305923011373825, -0.0885277839555165, -0.4313515728053295, 0.551584665388717, 0.5229737349166456, 0.6298282215772188, -0.1381604578920947, -0.16677138836416605, -0.05991685348344517], [-0.439464411178181, 0.3523153851970354, -0.4462373574671613, 0.34554243890805514, -0.826288001345492, 0.7572715914049415, 0.3179765953873573, -0.3902230303711237, 0.40155676600409274, -0.019740852507793095, -0.40499035771833536, 0.3867894386568811, -0.03450820497027507]], "inverted": true, "swapped": false, "error_lsq": 0.03619557215696038, "error_max": 0.32527686208782125, "target": "55.xyz", "model": "7.xyz", "model_rescale": 4.509807586411629, "target_rescale": 4.449845915049802},
{"mapping": [10, 9, 5, 4, 1, 0, 6, 3, 2, 8, 12, 11, 13], "R": [[-0.5296832731267755, 0.8464504739911696, -0.05438037559478804], [-0.8461102239695804, -0.531786905322118, -0.03605795643227229], [-0.05944004596105657, 0.026912495388747352, 0.997869028744804]], "T": [-0.038483017355268906, 0.015443950779240864, -0.03386244158954298], "aligned_model": [[0.16747598957532514, 0.12432675708595745, -0.5088638612604273, -0.552013093749795, 0.04278602024029106, -0.0435124447384443, -0.5816112657726796, 0.3624336073177511, 0.31928437482838334, -0.1867340141457455, 0.5488049020479123, 0.5056556695585447, -0.0003632122490766082], [-0.5170998684803251, -0.5457107989523965, 0.31547925561491846, 0.28686832514284705, -0.031305923011373776, -0.08852778395551653, -0.43135157280532954, 0.551584665388717, 0.5229737349166456, 0.6298282215772187, -0.13816045789209463, -0.166771388364166, -0.05991685348344514], [-0.4394644111781812, 0.3523153851970355, -0.4462373574671614, 0.34554243890805525, -0.8262880013454916, 0.7572715914049415, 0.3179765953873574, -0.3902230303711238, 0.40155676600409285, -0.019740852507793345, -0.40499035771833547, 0.3867894386568812, -0.03450820497027535]], "inverted": true, "swapped": false, "error_lsq": 0.036195572156960384, "error_max": 0.32527686208782136, "target": "55.xyz", "model": "8.xyz", "model_rescale": 4.509807586411629, "target_rescale": 4.449845915049802},
{"mapping": [12, 11, 7, 6, 1, 0, 4, 3, 2, 8, 10, 9, 13], "R": [[0.5296834054373112, -0.846450390924615, -0.05438037980649951], [0.8461101407585143, 0.5317870377979435, -0.03605795523453562], [0.05944005139584044, -0.02691249029084381, 0.9978690285585605]], "T": [-0.03848304701131592, 0.01544391594355948, -0.03386244524133401], "aligned_model": [[0.16747606755065422, 0.1243268309354379, -0.5088636654719843, -0.5520129020872006, 0.04278610107621509, -0.04351237215421754, -0.5816113746179178, 0.3624336682230111, 0.3192844316077948, -0.1867343258444503, 0.5488046708374358, 0.5056554342222194, -0.00036313553900122614], [-0.5171000601284751, -0.54571099017001, 0.31547918483837656, 0.28686825479684164, -0.031305777983687624, -0.08852763806675744, -0.43135153345564714, 0.5515845802481681, 0.5229736502066332, 0.6298284568046807, -0.13816046666383333, -0.16677139670536825, -0.05991670802522253], [-0.43946442042173395, 0.35231539019156377, -0.4462373597778558, 0.34554245083544194, -0.8262880066726415, 0.7572716145539538, 0.3179765956339702, -0.39022303714697504, 0.4015567734663227, -0.019740863131734586, -0.4049903760421318, 0.38678943457116594, -0.03450819605934388]], "inverted": true, "swapped": false, "error_lsq": 0.03619556044042516, "error_max": 0.3252768652328703, "target": "55.xyz", "model": "9.xyz", "model_rescale": 4.509807504472865, "target_rescale": 4.449845915049802},
{"mapping": [11, 12, 6, 7, 0, 1, 5, 2, 3, 8, 9, 10, 13], "R": [[-0.5296834054373116, 0.846450390924615, -0.05438037980649943], [-0.8461101407585143, -0.5317870377979439, -0.03605795523453561], [-0.05944005139584038, 0.026912490290843742, 0.9978690285585605]], "T": [-0.03848304701131594, 0.015443915943559497, -0.033862445241334034], "aligned_model": [[0.16747606755065397, 0.12432683093543773, -0.5088636654719843, -0.5520129020872004, 0.042786101076214986, -0.04351237215421753, -0.5816113746179179, 0.3624336682230113, 0.3192844316077951, -0.18673432584445013, 0.5488046708374357, 0.5056554342222195, -0.00036313553900126083], [-0.5171000601284752, -0.5457109901700101, 0.3154791848383768, 0.28686825479684186, -0.03130577798368764, -0.08852763806675745, -0.4313515334556471, 0.5515845802481683, 0.5229736502066333, 0.629828456804681, -0.13816046666383353, -0.16677139670536845, -0.059916708025222545], [-0.4394644204217338, 0.3523153901915637, -0.4462373597778556, 0.3455424508354419, -0.8262880066726417, 0.7572716145539539, 0.3179765956339702, -0.39022303714697487, 0.4015567734663226, -0.0197408631317347, -0.4049903760421317, 0.3867894345711658, -0.03450819605934401]], "inverted": false, "swapped": false, "error_lsq": 0.03619556044042516, "error_max": 0.3252768652328703, "target": "55.xyz", "model": "10.xyz", "model_rescale": 4.509807504472865, "target_rescale": 4.449845915049802},
{"mapping": [12, 11, 7, 6, 1, 0, 4, 3, 2, 8, 10, 9, 13], "R": [[0.5296834054373112, -0.846450390924615, -0.05438037980649947], [0.8461101407585143, 0.5317870377979435, -0.03605795523453564], [0.059440051395840424, -0.02691249029084377, 0.9978690285585605]], "T": [-0.03848304701131593, 0.01544391594355948, -0.03386244524133395], "aligned_model": [[0.1674760675506542, 0.12432683093543791, -0.5088636654719843, -0.5520129020872004, 0.04278610107621504, -0.043512372154217514, -0.5816113746179177, 0.3624336682230111, 0.3192844316077948, -0.18673432584445027, 0.5488046708374357, 0.5056554342222195, -0.0003631355390012192], [-0.5171000601284751, -0.54571099017001, 0.31547918483837656, 0.28686825479684164, -0.03130577798368761, -0.08852763806675745, -0.43135153345564714, 0.5515845802481681, 0.5229736502066332, 0.6298284568046807, -0.13816046666383333, -0.16677139670536825, -0.05991670802522252], [-0.43946442042173395, 0.3523153901915637, -0.4462373597778557, 0.34554245083544194, -0.8262880066726415, 0.7572716145539538, 0.3179765956339702, -0.390223037146975, 0.4015567734663227, -0.019740863131734808, -0.40499037604213173, 0.38678943457116594, -0.03450819605934412]], "inverted": true, "swapped": false, "error_lsq": 0.03619556044042516, "error_max": 0.3252768652328703, "target": "55.xyz", "model": "11.xyz", "model_rescale": 4.509807504472865, "target_rescale": 4.449845915049802},
{"mapping": [12, 11, 7, 6, 1, 0, 4, 3, 2, 8, 10, 9, 13], "R": [[0.5296832960805342, -0.8464504597093079, -0.054380374319809036], [0.8461102095635731, 0.5317869282056309, -0.03605795698463574], [0.05944004648002699, -0.026912492406327187, 0.9978690287943262]], "T": [-0.03848295602865724, 0.015443854966729065, -0.03386244042337114], "aligned_model": [[0.16747602740015333, 0.12432679764569128, -0.508863773984982, -0.5520130037394441, 0.04278600503603279, -0.04351245447289131, -0.5816113817040204, 0.36243366629026647, 0.3192844365358044, -0.18673430567854443, 0.5488049349414108, 0.5056557051869488, -0.00036322471842925586], [-0.5170999477587964, -0.5457108775265197, 0.3154791613406261, 0.2868682315729028, -0.03130571201190041, -0.08852757154734692, -0.431351518919868, 0.5515845380725758, 0.5229736083048525, 0.6298283410336429, -0.13816056265856122, -0.16677149242628447, -0.059916641779623664], [-0.439464395354907, 0.3523153694383614, -0.4462373381655098, 0.3455424266277587, -0.8262879615972926, 0.757271567989244, 0.3179765768538736, -0.3902230147911925, 0.401556750002076, -0.019740862263683615, -0.40499034336398543, 0.38678942142928296, -0.03450819680402421]], "inverted": true, "swapped": false, "error_lsq": 0.036195564474474244, "error_max": 0.32527684481002184, "target": "55.xyz", "model": "12.xyz", "model_rescale": 4.509807766519439, "target_rescale": 4.449845915049802},
{"mapping": [11, 12, 6, 7, 0, 1, 5, 2, 3, 8, 9, 10, 13], "R": [[-0.5296832960805334, 0.8464504597093082, -0.05438037431980876], [-0.8461102095635734, -0.5317869282056301, -0.03605795698463579], [-0.05944004648002686, 0.026912492406326982, 0.997869028794326]], "T": [-0.03848295602865723, 0.01544385496672902, -0.03386244042337116], "aligned_model": [[0.16747602740015366, 0.12432679764569182, -0.5088637739849823, -0.5520130037394441, 0.04278600503603265, -0.04351245447289103, -0.5816113817040198, 0.36243366629026585, 0.3192844365358041, -0.1867343056785449, 0.5488049349414107, 0.5056557051869489, -0.00036322471842917953], [-0.5170999477587962, -0.5457108775265195, 0.3154791613406256, 0.2868682315729023, -0.03130571201190038, -0.08852757154734697, -0.4313515189198684, 0.5515845380725761, 0.5229736083048528, 0.6298283410336427, -0.13816056265856078, -0.16677149242628406, -0.05991664177962368], [-0.43946439535490683, 0.3523153694383612, -0.44623733816550937, 0.3455424266277587, -0.8262879615972926, 0.7572715679892441, 0.3179765768538736, -0.3902230147911923, 0.40155675000207575, -0.019740862263683698, -0.4049903433639854, 0.3867894214292827, -0.034508196804024345]], "inverted": false, "swapped": false, "error_lsq": 0.036195564474474244, "error_max": 0.3252768448100219, "target": "55.xyz", "model": "13.xyz", "model_rescale": 4.509807766519439, "target_rescale": 4.449845915049802},
{"mapping": [12, 11, 7, 6, 1, 0, 4, 3, 2, 8, 10, 9, 13], "R": [[0.529683296080534, -0.8464504597093081, -0.05438037431980897], [0.8461102095635733, 0.5317869282056307, -0.03605795698463591], [0.05944004648002709, -0.026912492406327072, 0.9978690287943264]], "T": [-0.03848295602865724, 0.015443854966729047, -0.03386244042337108], "aligned_model": [[0.1674760274001535, 0.1243267976456915, -0.5088637739849821, -0.5520130037394441, 0.042786005036032776, -0.04351245447289123, -0.5816113817040204, 0.3624336662902663, 0.3192844365358043, -0.18673430567854465, 0.5488049349414109, 0.5056557051869489, -0.0003632247184292142], [-0.5170999477587963, -0.5457108775265197, 0.31547916134062604, 0.28686823157290264, -0.0313057120119003, -0.08852757154734706, -0.43135151891986817, 0.5515845380725761, 0.5229736083048527, 0.6298283410336429, -0.13816056265856105, -0.16677149242628445, -0.059916641779623664], [-0.4394643953549072, 0.3523153694383614, -0.4462373381655097, 0.3455424266277589, -0.8262879615972927, 0.7572715679892443, 0.3179765768538737, -0.3902230147911925, 0.40155675000207613, -0.019740862263683753, -0.40499034336398554, 0.3867894214292831, -0.03450819680402447]], "inverted": true, "swapped": false, "error_lsq": 0.036195564474474265, "error_max": 0.325276844810022, "target": "55.xyz", "model": "14.xyz", "model_rescale": 4.509807766519439, "target_rescale": 4.449845915049802},
{"mapping": [5, 4, 3, 2, 11, 10, 8, 7, 9, 1, 0, 12], "R": [[0.864598676661374, -0.502463061642745, -4.484143906252598e-16], [-0.502463061642745, -0.864598676661374, 1.2327545798310765e-16], [-4.496398527741199e-16, 1.1872786976121414e-16, -1.0]], "T": [0.013582839531047702, 0.07479147575035087, 1.987443492351854e-16], "aligned_model": [[0.08964345239979558, 0.0896434523997963, -0.5822833305487111, -0.5822833305487106, 0.5539971812926209, 0.5539971812926213, -0.02638307659815956, -0.026383076598159198, -0.49073691840794215, 0.39526697777332076, 0.3952669777733211, 0.08964345239979594], [0.04122569979293522, 0.04122569979293503, 0.09765723984380328, 0.0976572398438032, -0.09151404031036788, -0.09151404031036799, -0.5270277973933387, -0.5270277973933387, -0.394288251588601, 0.6151411120107588, 0.6151411120107588, 0.041225699792935125], [-0.8041626762620049, 0.8041626762620053, -0.4020813381310022, 0.402081338131003, -0.4020813381310028, 0.40208133813100244, -0.40208133813100255, 0.40208133813100266, 6.76662169371904e-17, -0.4020813381310026, 0.4020813381310026, -1.38896511554832e-16]], "inverted": false, "swapped": true, "error_lsq": 0.02584377218114053, "error_max": 0.11171859548311627, "target": "55.xyz", "model": "15.xyz", "model_rescale": 4.510870436145588, "target_rescale": 4.449845915049802},
{"mapping": [5, 4, 3, 2, 11, 10, 8, 7, 9, 1, 0, 12], "R": [[0.8645986766613745, -0.5024630616427442, 2.4048717678557143e-16], [-0.5024630616427442, -0.8645986766613745, -9.459257880001921e-17], [2.554541715553753e-16, -3.9051304681014725e-17, -1.0]], "T": [0.013582839531047629, 0.07479147575035085, 1.0022834937320876e-16], "aligned_model": [[0.08964345239979607, 0.08964345239979568, -0.5822833305487107, -0.582283330548711, 0.5539971812926213, 0.5539971812926211, -0.026383076598158854, -0.02638307659815905, -0.4907369184079419, 0.3952669777733204, 0.3952669777733202, 0.08964345239979588], [0.04122569979293509, 0.04122569979293524, 0.09765723984380262, 0.0976572398438027, -0.09151404031036749, -0.09151404031036743, -0.5270277973933387, -0.5270277973933387, -0.3942882515886014, 0.615141112010759, 0.615141112010759, 0.041225699792935167], [-0.804162676262005, 0.8041626762620052, -0.4020813381310028, 0.40208133813100244, -0.40208133813100244, 0.4020813381310028, -0.40208133813100255, 0.40208133813100266, -2.760789753551053e-16, -0.40208133813100255, 0.40208133813100266, -1.7770132628235515e-16]], "inverted": false, "swapped": true, "error_lsq": 0.025843772181140524, "error_max": 0.11171859548311631, "target": "55.xyz", "model": "16.xyz", "model_rescale": 4.510870436145588, "target_rescale": 4.449845915049802},
{"mapping": [5, 4, 3, 2, 11, 10, 8, 7, 9, 1, 0, 12], "R": [[0.864598676661374, -0.5024630616427447, -4.2571496477005307e-16], [-0.5024630616427447, -0.864598676661374, 1.171585261438407e-16], [-4.2694042691891713e-16, 1.126109379219324e-16, -1.0]], "T": [0.013582839531047684, 0.07479147575035085, 2.454261543826345e-16], "aligned_model": [[0.08964345239979557, 0.08964345239979626, -0.582283330548711, -0.5822833305487105, 0.5539971812926208, 0.5539971812926212, -0.026383076598159402, -0.026383076598159055, -0.490736918407942, 0.3952669777733205, 0.3952669777733208, 0.08964345239979593], [0.04122569979293522, 0.04122569979293503, 0.09765723984380309, 0.097657239843803, -0.09151404031036768, -0.09151404031036779, -0.5270277973933386, -0.5270277973933386, -0.3942882515886011, 0.6151411120107588, 0.6151411120107588, 0.041225699792935125], [-0.8041626762620049, 0.8041626762620053, -0.4020813381310022, 0.402081338131003, -0.4020813381310027, 0.4020813381310025, -0.40208133813100255, 0.40208133813100266, 1.0576958185130182e-16, -0.4020813381310026, 0.4020813381310026, -9.028285460140361e-17]], "inverted": false, "swapped": true, "error_lsq": 0.025843772181140534, "error_max": 0.11171859548311619, "target": "55.xyz", "model": "17.xyz", "model_rescale": 4.510870436145588, "target_rescale": 4.449845915049802},
{"mapping": [5, 3, 8, 9, 6, 0, 7, 2, 1, 10, 4, 11, 12], "R": [[0.3574591216890728, 0.8403614436467015, 0.4074501446230058], [0.43295850888220444, -0.5356736540255005, 0.7249832177157389], [0.8275082512626535, -0.08274285718417079, -0.5553230714433042]], "T": [0.09074685376220525, 0.11864638371893751, -0.07233280435551973], "aligned_model": [[-0.20639411505074912, 0.3214378796351382, -0.3386085162231608, -0.5793860869877402, 0.12007649729690155, 0.040755459323921425, -0.6650791285708114, 0.25848273895077817, 0.36722607167157206, -0.25291547464008957, 0.6479084919827889, 0.5521534847463203, -0.06798787339687258], [-0.7139742697170661, -0.6333654292667237, 0.34561308927323287, 0.06019615851116908, -0.13307935986638633, -0.010956338281919081, -0.23528182057744698, 0.5743735338853446, 0.5699385715687608, 0.6410910683618489, -0.05247051941604386, -0.07767375281373531, -0.006521375965335308], [-0.29520568357787935, 0.197309922493715, -0.45176433236744373, 0.44181562213626, -0.7401599082293856, 0.8039334720847827, -0.006810107715937458, -0.4364472151210488, 0.35897924743327636, -0.003138602515246336, -0.2476443021577913, 0.37062487800624244, 0.00850700953045759]], "inverted": false, "swapped": false, "error_lsq": 0.050340139422779366, "error_max": 0.3342517937938846, "target": "55.xyz", "model": "18.xyz", "model_rescale": 4.466005644533647, "target_rescale": 4.449845915049802},
{"mapping": [8, 9, 4, 5, 2, 3, 7, 0, 1, 12, 10, 11, 13], "R": [[0.52968327388258, -0.8464504736268675, -0.05438037390349197], [0.8461102235269494, 0.5317869059909887, -0.03605795695414828], [0.0594400455266271, -0.02691249362997227, 0.9978690288181157]], "T": [-0.03848301415965547, 0.0154438896741202, -0.033862442686208784], "aligned_model": [[0.16747598594447735, 0.12432675599471904, -0.5088638454880446, -0.552013075437803, 0.04278613723037308, -0.043512322669143545, -0.5816114349323476, 0.3624335991859301, 0.31928436923617176, -0.18673419402764924, 0.5488048881852283, 0.5056556582354701, -0.00036309271938524124], [-0.5170999147344395, -0.545710844826502, 0.31547918677852727, 0.28686825668646476, -0.03130579481833425, -0.08852765500245935, -0.4313515033710737, 0.5515845892946696, 0.5229736592026071, 0.629828261444112, -0.13816051497770637, -0.16677144506976893, -0.0599167249103968], [-0.43946440167303874, 0.3523153727843414, -0.4462373461383581, 0.34554242831902204, -0.8262879674344825, 0.7572715814802777, 0.3179765792410159, -0.39022302196467445, 0.40155675249270567, -0.01974085936137242, -0.40499034961285646, 0.38678942484452367, -0.03450819297710231]], "inverted": false, "swapped": false, "error_lsq": 0.036195560735412864, "error_max": 0.3252768492589266, "target": "55.xyz", "model": "19.xyz", "model_rescale": 4.509807711582247, "target_rescale": 4.449845915049802},
{"mapping": [8, 9, 4, 5, 2, 3, 7, 0, 1, 12, 10, 11, 13], "R": [[0.5296832738825796, -0.8464504736268676, -0.054380373903491874], [0.8461102235269495, 0.5317869059909883, -0.036057956954148436], [0.05944004552662718, -0.026912493629972136, 0.9978690288181156]], "T": [-0.03848301415965544, 0.015443889674120189, -0.033862442686208784], "aligned_model": [[0.1674759859444774, 0.12432675599471918, -0.5088638454880445, -0.5520130754378028, 0.04278613723037303, -0.04351232266914342, -0.5816114349323471, 0.36243359918592977, 0.31928436923617154, -0.1867341940276494, 0.5488048881852283, 0.5056556582354701, -0.0003630927193851857], [-0.5170999147344393, -0.545710844826502, 0.3154791867785271, 0.2868682566864645, -0.03130579481833411, -0.08852765500245942, -0.4313515033710738, 0.5515845892946695, 0.5229736592026067, 0.6298282614441117, -0.13816051497770612, -0.1667714450697688, -0.05991672491039676], [-0.43946440167303874, 0.3523153727843414, -0.4462373461383579, 0.3455424283190222, -0.8262879674344823, 0.7572715814802775, 0.31797657924101597, -0.3902230219646744, 0.4015567524927057, -0.01974085936137252, -0.40499034961285646, 0.38678942484452367, -0.034508192977102524]], "inverted": false, "swapped": false, "error_lsq": 0.036195560735412864, "error_max": 0.32527684925892664, "target": "55.xyz", "model": "20.xyz", "model_rescale": 4.509807711582248, "target_rescale": 4.449845915049802},
{"mapping": [6, 4, 7, 10, 5, 1, 8, 2, 0, 9, 3, 11, 12], "R": [[-0.35745912168907334, -0.8403614436467017, 0.40745014462300533], [-0.4329585088822048, 0.5356736540255004, 0.7249832177157389], [-0.8275082512626531, 0.08274285718417124, -0.5553230714433047]], "T": [0.0907468537622052, 0.11864638371893757, -0.07233280435551988], "aligned_model": [[-0.20639411505074917, 0.3214378796351386, -0.3386085162231614, -0.5793860869877401, 0.12007649729690104, 0.04075545932392208, -0.6650791285708118, 0.2584827389507778, 0.3672260716715723, -0.25291547464008995, 0.6479084919827889, 0.5521534847463208, -0.06798787339687262], [-0.7139742697170663, -0.6333654292667237, 0.34561308927323264, 0.060196158511169134, -0.1330793598663866, -0.010956338281918748, -0.2352818205774471, 0.5743735338853447, 0.5699385715687609, 0.6410910683618488, -0.052470519416043915, -0.07767375281373512, -0.006521375965335308], [-0.29520568357787896, 0.19730992249371493, -0.4517643323674436, 0.4418156221362604, -0.7401599082293857, 0.8039334720847827, -0.006810107715937, -0.4364472151210492, 0.35897924743327614, -0.0031386025152462527, -0.2476443021577917, 0.37062487800624216, 0.008507009530457632]], "inverted": true, "swapped": false, "error_lsq": 0.05034013942277937, "error_max": 0.334251793793885, "target": "55.xyz", "model": "21.xyz", "model_rescale": 4.466005644533646, "target_rescale": 4.449845915049802},
{"mapping": [5, 3, 8, 9, 6, 0, 7, 2, 1, 10, 4, 11, 12], "R": [[0.357459058437387, 0.8403614848751096, 0.4074501150810459], [0.43295854704226, -0.5356735957360991, 0.7249832379953438], [0.8275082586198834, -0.08274281581901238, -0.5553230666433991]], "T": [0.09074685783062482, 0.11864638409154776, -0.07233280412505207], "aligned_model": [[-0.2063941396648638, 0.32143783417382316, -0.33860861085247945, -0.5793860103129241, 0.12007645163850085, 0.04075534361446449, -0.665079202155844, 0.2584828204742409, 0.3672259349178291, -0.2529154190095595, 0.6479084254771879, 0.5521537712667445, -0.06798777082912376], [-0.7139742405867637, -0.6333653544405957, 0.3456131151294465, 0.06019605890271912, -0.1330793098139778, -0.010956268947347525, -0.23528181564333944, 0.5743734842009129, 0.5699386618254385, 0.641090989675505, -0.05247042366780974, -0.07767389436661598, -0.006521446571873146], [-0.29520567466859543, 0.19730995488494346, -0.45176434633606544, 0.44181559177680885, -0.7401598990536017, 0.803933488668915, -0.0068101219510592476, -0.4364472275439524, 0.35897926428390875, -0.003138632608197328, -0.24764426950006274, 0.3706248752059067, 0.008506996841053882]], "inverted": false, "swapped": false, "error_lsq": 0.050340135345706756, "error_max": 0.33425174391929835, "target": "55.xyz", "model": "22.xyz", "model_rescale": 4.46600560860683, "target_rescale": 4.449845915049802},
{"mapping": [9, 8, 5, 4, 3, 2, 6, 1, 0, 12, 11, 10, 13], "R": [[-0.5296833327517494, 0.8464504366398149, -0.054380376214825416], [-0.846110186490546, -0.53178696495829, -0.03605795636727066], [-0.05944004813198764, 0.026912491759718896, 0.9978690287133627]], "T": [-0.038483008070618316, 0.015443888901283558, -0.03386244275679295], "aligned_model": [[0.16747605045323516, 0.12432681831349719, -0.5088637286446068, -0.5520129607843448, 0.04278604673599465, -0.04351241754348126, -0.5816113704896076, 0.3624337396531479, 0.3192845075134099, -0.18673442795748008, 0.5488047945158568, 0.5056555623761189, -0.0003631854037432977], [-0.5170999918879347, -0.5457109217503826, 0.3154791635637563, 0.2868682337013084, -0.03130574013325452, -0.08852759985815045, -0.43135153013470906, 0.5515845072389706, 0.5229735773765226, 0.6298284528845743, -0.1381604977234253, -0.16677142758587327, -0.05991666999570249], [-0.4394644038525511, 0.3523153770543207, -0.44623734557370137, 0.3455424353331704, -0.8262879771925465, 0.7572715846211969, 0.31797658373327603, -0.3902230203536399, 0.40155676055323186, -0.019740866269772644, -0.40499035633708974, 0.38678942456978205, -0.0345081962856749]], "inverted": true, "swapped": false, "error_lsq": 0.03619556420746925, "error_max": 0.32527685258332656, "target": "55.xyz", "model": "23.xyz", "model_rescale": 4.509807674373902, "target_rescale": 4.449845915049802},
{"mapping": [8, 9, 4, 5, 2, 3, 7, 0, 1, 12, 10, 11, 13], "R": [[0.5296833327517492, -0.846450436639815, -0.05438037621482546], [0.8461101864905461, 0.5317869649582898, -0.03605795636727072], [0.05944004813198771, -0.026912491759718916, 0.9978690287133627]], "T": [-0.0384830080706183, 0.015443888901283533, -0.03386244275679294], "aligned_model": [[0.16747605045323524, 0.12432681831349726, -0.5088637286446068, -0.5520129607843448, 0.04278604673599469, -0.04351241754348127, -0.5816113704896074, 0.36243373965314774, 0.31928450751340975, -0.1867344279574802, 0.5488047945158567, 0.5056555623761188, -0.00036318540374328384], [-0.5170999918879345, -0.5457109217503825, 0.3154791635637561, 0.28686823370130804, -0.031305740133254475, -0.08852759985815052, -0.4313515301347093, 0.5515845072389706, 0.5229735773765226, 0.6298284528845743, -0.13816049772342512, -0.16677142758587313, -0.0599166699957025], [-0.43946440385255126, 0.3523153770543207, -0.44623734557370154, 0.3455424353331704, -0.8262879771925464, 0.7572715846211968, 0.31797658373327603, -0.39022302035364, 0.401556760553232, -0.019740866269772617, -0.40499035633708985, 0.3867894245697821, -0.03450819628567489]], "inverted": false, "swapped": false, "error_lsq": 0.036195564207469264, "error_max": 0.32527685258332656, "target": "55.xyz", "model": "24.xyz", "model_rescale": 4.509807674373903, "target_rescale": 4.449845915049802},
{"mapping": [6, 4, 7, 10, 5, 1, 8, 2, 0, 9, 3, 11, 12], "R": [[-0.3574590584373871, -0.8403614848751098, 0.40745011508104567], [-0.4329585470422599, 0.5356735957360991, 0.724983237995344], [-0.8275082586198834, 0.0827428158190126, -0.555323066643399]], "T": [0.09074685783062485, 0.11864638409154787, -0.07233280412505208], "aligned_model": [[-0.20639413966486364, 0.3214378341738235, -0.33860861085247973, -0.5793860103129241, 0.12007645163850074, 0.040755343614464715, -0.6650792021558442, 0.2584828204742408, 0.3672259349178292, -0.25291541900955966, 0.647908425477188, 0.5521537712667447, -0.06798777082912373], [-0.713974240586764, -0.6333653544405957, 0.3456131151294466, 0.06019605890271912, -0.1330793098139778, -0.01095626894734758, -0.23528181564333944, 0.5743734842009132, 0.5699386618254385, 0.6410909896755053, -0.05247042366780977, -0.07767389436661601, -0.006521446571873091], [-0.2952056746685956, 0.19730995488494327, -0.4517643463360653, 0.44181559177680907, -0.7401598990536017, 0.8039334886689149, -0.0068101219510592614, -0.4364472275439524, 0.3589792642839088, -0.0031386326081970506, -0.2476442695000628, 0.3706248752059066, 0.008506996841053896]], "inverted": true, "swapped": false, "error_lsq": 0.05034013534570676, "error_max": 0.33425174391929874, "target": "55.xyz", "model": "25.xyz", "model_rescale": 4.466005608606829, "target_rescale": 4.449845915049802},
{"mapping": [5, 3, 8, 9, 6, 0, 7, 2, 1, 10, 4, 11, 12], "R": [[0.35745914782342336, 0.8403614266487669, 0.407450156753193], [0.43295846536640054, -0.5356736752693786, 0.7249832280066677], [0.8275082627411787, -0.08274289228837628, -0.5553230491082023]], "T": [0.09074686743073167, 0.11864639899678958, -0.07233276308469541], "aligned_model": [[-0.20639415647942594, 0.32143790574890585, -0.3386085235169495, -0.5793860776209846, 0.1200764514366974, 0.04075552567326314, -0.6650791314330728, 0.2584827127088246, 0.3672261335893865, -0.2529154697048613, 0.6479085136650292, 0.552153439878483, -0.0679878952072988], [-0.713974249233575, -0.6333653504365122, 0.34561307394861407, 0.06019612687873849, -0.13307935631615952, -0.010956302474751822, -0.23528181896880157, 0.574373490589134, 0.5699385904426637, 0.6410910197961541, -0.05247045751909668, -0.07767380868242665, -0.006521402328281634], [-0.29520575372654023, 0.1973100109071748, -0.4517643512272065, 0.4418155570609599, -0.7401599411954329, 0.8039335636539581, -0.006810163758313698, -0.4364472352325359, 0.35897937618506526, -0.0031386304079329547, -0.247644176561718, 0.3706247920661675, 0.008506952236356946]], "inverted": false, "swapped": false, "error_lsq": 0.05034014170321388, "error_max": 0.3342517662100364, "target": "55.xyz", "model": "26.xyz", "model_rescale": 4.466005838112752, "target_rescale": 4.449845915049802},
{"mapping": [9, 8, 5, 4, 3, 2, 6, 1, 0, 12, 11, 10, 13], "R": [[-0.5296832081459258, 0.8464505147361275, -0.05438037432001036], [-0.84611026495362, -0.5317868402408742, -0.036057954555718655], [-0.05944004162477423, 0.02691249987592793, 0.9978690288820841]], "T": [-0.03848298854592397, 0.015443921764126973, -0.03386243889679778], "aligned_model": [[0.16747598710355965, 0.12432675855969702, -0.508863764136076, -0.5520129926799386, 0.04278610701853264, -0.043512350069192636, -0.5816114127079344, 0.3624336270050497, 0.3192843984611871, -0.18673426881357447, 0.5488048445329397, 0.505655615989077, -0.0003631215253299888], [-0.5170999417540696, -0.5457108687917014, 0.31547926143147803, 0.28686833439384635, -0.031305853609176496, -0.08852770768443992, -0.4313515868525419, 0.5515847223141099, 0.5229737952764781, 0.6298281636115733, -0.13816052747770846, -0.16677145451534015, -0.05991678064680821], [-0.43946438396095033, 0.35231535868476216, -0.4462373226651255, 0.345542419980587, -0.8262879377756038, 0.7572715475158212, 0.31797656349485787, -0.3902229995071203, 0.4015567431385922, -0.01974086727762856, -0.4049903345720057, 0.3867894080737068, -0.03450819512989143]], "inverted": true, "swapped": false, "error_lsq": 0.0361955639744463, "error_max": 0.32527684747097846, "target": "55.xyz", "model": "27.xyz", "model_rescale": 4.509807893063789, "target_rescale": 4.449845915049802},
{"mapping": [8, 9, 4, 5, 2, 3, 7, 0, 1, 12, 10, 11, 13], "R": [[0.5296832081459252, -0.8464505147361283, -0.05438037432000997], [0.8461102649536207, 0.5317868402408733, -0.03605795455571848], [0.05944004162477384, -0.02691249987592776, 0.9978690288820842]], "T": [-0.03848298854592397, 0.015443921764126903, -0.03386243889679773], "aligned_model": [[0.16747598710356007, 0.12432675855969774, -0.5088637641360765, -0.5520129926799389, 0.042786107018532415, -0.04351235006919224, -0.5816114127079339, 0.3624336270050491, 0.3192843984611867, -0.18673426881357508, 0.5488048445329397, 0.5056556159890773, -0.00036312152532990555], [-0.5170999417540696, -0.5457108687917012, 0.3154792614314773, 0.28686833439384574, -0.03130585360917666, -0.08852770768443978, -0.43135158685254243, 0.55158472231411, 0.5229737952764785, 0.629828163611573, -0.13816052747770796, -0.16677145451533953, -0.05991678064680822], [-0.4394643839609504, 0.3523153586847623, -0.4462373226651255, 0.3455424199805872, -0.8262879377756037, 0.757271547515821, 0.3179765634948583, -0.3902229995071207, 0.401556743138592, -0.019740867277628617, -0.40499033457200595, 0.38678940807370676, -0.034508195129891374]], "inverted": false, "swapped": false, "error_lsq": 0.03619556397444631, "error_max": 0.32527684747097896, "target": "55.xyz", "model": "28.xyz", "model_rescale": 4.5098078930637895, "target_rescale": 4.449845915049802},
