[{"mapping": [4, 5, 2, 3, 7, 8, 10, 11, 9, 0, 1, 12], "R": [[0.8645986683759946, -0.5024630758995698, 2.148057605605373e-16], [-0.5024630758995698, -0.8645986683759946, -8.694945779289122e-17], [2.2940966655054923e-16, -3.2755577748445575e-17, -1.0]], "T": [-0.01358291810433485, -0.07479136175655715, 1.2403568169006742e-17], "aligned_model": [[-0.08964366828887764, -0.08964366828887797, 0.5822830010700543, 0.582283001070054, 0.02638325872097313, 0.026383258720972965, -0.5539974267064849, -0.5539974267064851, 0.4907369042216193, -0.39526712186170676, -0.395267121861707, -0.0896436682888778], [-0.04122537446581125, -0.041225374465811114, -0.0976571199166601, -0.09765711991666004, 0.5270278951914396, 0.5270278951914396, 0.09151387183132967, 0.09151387183132972, 0.3942884545957351, -0.6151410890798654, -0.6151410890798654, -0.04122537446581118], [-0.8041626765706789, 0.8041626765706789, -0.4020813382853393, 0.4020813382853397, -0.4020813382853395, 0.40208133828533954, -0.40208133828533954, 0.4020813382853395, 7.994813547606759e-17, -0.4020813382853395, 0.40208133828533954, -6.853263518402475e-18]], "inverted": true, "swapped": true, "error_lsq": 0.025843811456415303, "error_max": 0.11171852552957015, "target": "56.xyz", "model": "0.xyz", "model_rescale": 4.5108708085295355, "target_rescale": 4.449845913341751},
{"mapping": [5, 4, 3, 2, 8, 7, 11, 10, 9, 1, 0, 12], "R": [[-0.8645986683759947, 0.5024630758995697, -3.1043138392366624e-18], [0.5024630758995697, 0.8645986683759947, 1.1715126108886096e-17], [8.570403910847455e-18, 8.569079353379311e-18, -1.0]], "T": [-0.013582918104334818, -0.07479136175655715, 4.6274079688149685e-17], "aligned_model": [[-0.08964366828887778, -0.08964366828887778, 0.5822830010700542, 0.5822830010700542, 0.026383258720972996, 0.026383258720972996, -0.5539974267064849, -0.5539974267064849, 0.49073690422161936, -0.39526712186170676, -0.39526712186170676, -0.08964366828887778], [-0.04122537446581118, -0.0412253744658112, -0.09765711991665996, -0.09765711991665996, 0.5270278951914396, 0.5270278951914396, 0.09151387183132961, 0.09151387183132961, 0.3942884545957352, -0.6151410890798656, -0.6151410890798656, -0.04122537446581119], [-0.8041626765706789, 0.8041626765706789, -0.40208133828533954, 0.4020813382853395, -0.40208133828533954, 0.4020813382853395, -0.40208133828533954, 0.4020813382853395, 5.0203841888002085e-17, -0.40208133828533954, 0.4020813382853395, 4.690342590165064e-17]], "inverted": false, "swapped": true, "error_lsq": 0.025843811456415317, "error_max": 0.11171852552957044, "target": "56.xyz", "model": "1.xyz", "model_rescale": 4.510870808529536, "target_rescale": 4.449845913341751},
{"mapping": [5, 4, 3, 2, 8, 7, 11, 10, 9, 1, 0, 12], "R": [[-0.8645986683759946, 0.5024630758995702, 2.383717050715557e-17], [0.5024630758995702, 0.8645986683759946, 9.953736660588523e-18], [-1.560820073916461e-17, 2.058328547587806e-17, -1.0000000000000002]], "T": [-0.01358291810433487, -0.07479136175655716, 1.585403313842128e-16], "aligned_model": [[-0.08964366828887782, -0.08964366828887785, 0.5822830010700543, 0.5822830010700543, 0.0263832587209732, 0.026383258720973187, -0.553997426706485, -0.553997426706485, 0.49073690422161953, -0.3952671218617071, -0.3952671218617071, -0.08964366828887783], [-0.04122537446581116, -0.041225374465811176, -0.09765711991666025, -0.09765711991666025, 0.5270278951914396, 0.5270278951914396, 0.09151387183132985, 0.09151387183132985, 0.39428845459573497, -0.6151410890798655, -0.6151410890798655, -0.04122537446581117], [-0.804162676570679, 0.8041626765706792, -0.40208133828533954, 0.4020813382853397, -0.40208133828533954, 0.4020813382853397, -0.40208133828533954, 0.4020813382853397, 1.7523098594390292e-16, -0.40208133828533954, 0.4020813382853397, 1.5706136531140642e-16]], "inverted": false, "swapped": true, "error_lsq": 0.025843811456415317, "error_max": 0.1117185255295703, "target": "56.xyz", "model": "2.xyz", "model_rescale": 4.5108708085295355, "target_rescale": 4.449845913341751},
{"mapping": [10, 9, 5, 4, 1, 0, 7, 3, 2, 8, 12, 11, 13], "R": [[-0.5296833797505762, 0.8464504064138727, 0.05438038890810625], [-0.8461101571582113, -0.5317870123906885, 0.03605794512022603], [0.05944004685155, -0.026912505167220296, 0.9978690284280348]], "T": [-0.038482971784953204, 0.015443936382318016, 0.03386244107019543], "aligned_model": [[0.12432700409252236, 0.16747624564693658, -0.552012905452529, -0.5088636638981148, -0.043512512940128444, 0.04278597016869996, -0.5816113548465798, 0.3192845622708526, 0.36243380382526685, -0.1867341672857512, 0.5056555756223222, 0.5488048171767363, -0.00036327138571423667], [-0.5457109896400433, -0.5171000691374773, 0.2868683090719351, 0.315479229574501, -0.0885277316365806, -0.03130589063144882, -0.4313514423869534, 0.5229736005592719, 0.5515845210618379, 0.6298283815540173, -0.16677140451318861, -0.1381604840106227, -0.059916811134014716], [-0.35231538517078925, 0.43946438345259287, -0.34554242352813025, 0.44623734509525187, -0.7572715618795017, 0.8262879753672622, -0.3179765779232968, -0.40155675526918405, 0.39022301335419807, 0.01974086545471091, -0.3867894271601879, 0.40499034146319424, 0.034508206743880235]], "inverted": true, "swapped": false, "error_lsq": 0.03619559718593532, "error_max": 0.3252768500076409, "target": "56.xyz", "model": "3.xyz", "model_rescale": 4.509807743048502, "target_rescale": 4.449845913341751},
{"mapping": [10, 9, 5, 4, 1, 0, 7, 3, 2, 8, 12, 11, 13], "R": [[-0.5296833797505762, 0.8464504064138727, 0.05438038890810626], [-0.8461101571582113, -0.5317870123906885, 0.03605794512022602], [0.059440046851549994, -0.026912505167220303, 0.9978690284280348]], "T": [-0.038482971784953204, 0.015443936382318016, 0.03386244107019536], "aligned_model": [[0.12432700409252238, 0.16747624564693658, -0.552012905452529, -0.5088636638981148, -0.043512512940128464, 0.04278597016869999, -0.5816113548465798, 0.3192845622708526, 0.36243380382526685, -0.1867341672857512, 0.5056555756223222, 0.5488048171767363, -0.00036327138571422973], [-0.5457109896400433, -0.5171000691374773, 0.2868683090719351, 0.315479229574501, -0.0885277316365806, -0.03130589063144883, -0.4313514423869534, 0.5229736005592719, 0.5515845210618379, 0.6298283815540173, -0.16677140451318856, -0.1381604840106227, -0.059916811134014716], [-0.3523153851707891, 0.43946438345259276, -0.3455424235281301, 0.44623734509525176, -0.7572715618795021, 0.8262879753672622, -0.31797657792329664, -0.4015567552691839, 0.39022301335419796, 0.019740865454710942, -0.3867894271601877, 0.4049903414631941, 0.034508206743880256]], "inverted": true, "swapped": false, "error_lsq": 0.03619559718593531, "error_max": 0.3252768500076408, "target": "56.xyz", "model": "4.xyz", "model_rescale": 4.509807743048502, "target_rescale": 4.449845913341751},
{"mapping": [10, 9, 5, 4, 1, 0, 6, 3, 2, 8, 12, 11, 13], "R": [[-0.5296833797505762, 0.8464504064138728, -0.05438038890810657], [-0.8461101571582114, -0.5317870123906885, -0.036057945120226156], [-0.059440046851550264, 0.026912505167220505, 0.9978690284280349]], "T": [-0.038482971784953204, 0.015443936382318009, -0.03386244107019519], "aligned_model": [[0.16747624564693675, 0.1243270040925223, -0.5088636638981148, -0.5520129054525291, 0.04278597016870024, -0.043512512940128686, -0.5816113548465799, 0.36243380382526696, 0.3192845622708525, -0.18673416728575126, 0.5488048171767367, 0.5056555756223222, -0.0003632713857142089], [-0.5171000691374773, -0.5457109896400433, 0.31547922957450103, 0.28686830907193506, -0.03130589063144873, -0.08852773163658073, -0.43135144238695355, 0.551584521061838, 0.522973600559272, 0.6298283815540173, -0.13816048401062264, -0.16677140451318864, -0.05991681113401471], [-0.43946438345259287, 0.3523153851707893, -0.44623734509525204, 0.34554242352813014, -0.8262879753672621, 0.7572715618795021, 0.31797657792329664, -0.3902230133541979, 0.4015567552691843, -0.01974086545471094, -0.40499034146319407, 0.3867894271601881, -0.03450820674388028]], "inverted": true, "swapped": false, "error_lsq": 0.036195597185935326, "error_max": 0.3252768500076408, "target": "56.xyz", "model": "5.xyz", "model_rescale": 4.509807743048502, "target_rescale": 4.449845913341751},
{"mapping": [10, 9, 5, 4, 1, 0, 6, 3, 2, 8, 12, 11, 13], "R": [[-0.5296832968598427, 0.8464504584054418, -0.05438038702423091], [-0.8461102093011872, -0.5317869294229448, -0.03605794518850446], [-0.059440043270414994, 0.026912509361513036, 0.9978690285282321]], "T": [-0.03848296541817618, 0.015443926075670564, -0.03386244205380235], "aligned_model": [[0.16747603040904335, 0.12432678885074812, -0.5088637963935507, -0.5520130379518461, 0.0427860790840619, -0.04351240403252861, -0.5816112303588941, 0.3624336783966995, 0.31928443683840424, -0.18673394467299675, 0.5488049534289536, 0.5056557118706584, -0.0003631624742333542], [-0.5170999030456992, -0.5457108245961707, 0.31547924044972286, 0.28686831889925135, -0.03130595773994107, -0.08852780084088409, -0.4313515784644235, 0.5515846256898354, 0.5229737041393638, 0.6298282012774592, -0.13816050309819794, -0.16677142464866945, -0.059916879290412575], [-0.43946440433231115, 0.35231539187106214, -0.44623736574002687, 0.3455424304633465, -0.8262880005099865, 0.7572715918967597, 0.31797659360065106, -0.39022303186049184, 0.4015567643428814, -0.01974086047501495, -0.4049903505768144, 0.3867894456265589, -0.03450820430661339]], "inverted": true, "swapped": false, "error_lsq": 0.03619559427970435, "error_max": 0.3252768791501445, "target": "56.xyz", "model": "6.xyz", "model_rescale": 4.509807586411629, "target_rescale": 4.449845913341751},
{"mapping": [10, 9, 5, 4, 1, 0, 7, 3, 2, 8, 12, 11, 13], "R": [[-0.5296832968598425, 0.8464504584054421, 0.05438038702423096], [-0.8461102093011875, -0.5317869294229446, 0.036057945188504525], [0.05944004327041507, -0.026912509361513064, 0.9978690285282322]], "T": [-0.03848296541817618, 0.01544392607567054, 0.0338624420538025], "aligned_model": [[0.12432678885074834, 0.16747603040904363, -0.5520130379518462, -0.508863796393551, -0.04351240403252862, 0.042786079084061984, -0.5816112303588941, 0.31928443683840413, 0.3624336783966994, -0.18673394467299698, 0.5056557118706585, 0.5488049534289537, -0.00036316247423331255], [-0.5457108245961707, -0.5170999030456992, 0.2868683188992512, 0.3154792404497227, -0.08852780084088416, -0.03130595773994102, -0.43135157846442385, 0.5229737041393641, 0.5515846256898356, 0.6298282012774592, -0.16677142464866934, -0.13816050309819777, -0.05991687929041259], [-0.352315391871062, 0.43946440433231115, -0.34554243046334626, 0.44623736574002687, -0.75727159189676, 0.8262880005099869, -0.3179765936006508, -0.4015567643428813, 0.39022303186049184, 0.019740860475015172, -0.3867894456265588, 0.4049903505768143, 0.03450820430661363]], "inverted": true, "swapped": false, "error_lsq": 0.03619559427970434, "error_max": 0.3252768791501443, "target": "56.xyz", "model": "7.xyz", "model_rescale": 4.509807586411629, "target_rescale": 4.449845913341751},
{"mapping": [10, 9, 5, 4, 1, 0, 6, 3, 2, 8, 12, 11, 13], "R": [[-0.5296832968598427, 0.8464504584054418, -0.05438038702423088], [-0.8461102093011872, -0.5317869294229448, -0.03605794518850447], [-0.059440043270414994, 0.02691250936151301, 0.9978690285282321]], "T": [-0.03848296541817619, 0.015443926075670564, -0.03386244205380229], "aligned_model": [[0.16747603040904335, 0.1243267888507481, -0.5088637963935507, -0.552013037951846, 0.04278607908406188, -0.043512404032528595, -0.5816112303588941, 0.3624336783966995, 0.31928443683840424, -0.18673394467299675, 0.5488049534289536, 0.5056557118706584, -0.00036316247423334724], [-0.5170999030456992, -0.5457108245961707, 0.31547924044972286, 0.28686831889925135, -0.03130595773994106, -0.08852780084088409, -0.4313515784644235, 0.5515846256898354, 0.5229737041393638, 0.6298282012774592, -0.13816050309819794, -0.16677142464866945, -0.05991687929041256], [-0.4394644043323111, 0.35231539187106214, -0.44623736574002676, 0.3455424304633465, -0.8262880005099864, 0.7572715918967599, 0.317976593600651, -0.3902230318604918, 0.40155676434288146, -0.019740860475015172, -0.4049903505768143, 0.3867894456265589, -0.03450820430661362]], "inverted": true, "swapped": false, "error_lsq": 0.03619559427970434, "error_max": 0.32527687915014447, "target": "56.xyz", "model": "8.xyz", "model_rescale": 4.509807586411629, "target_rescale": 4.449845913341751},
{"mapping": [11, 12, 6, 7, 0, 1, 4, 2, 3, 8, 9, 10, 13], "R": [[-0.5296834291703807, 0.846450375338881, 0.054380391235941766], [-0.8461101260901149, -0.5317870618987726, 0.0360579439907668], [0.05944004870520013, -0.026912504263609582, 0.997869028341989]], "T": [-0.038482995074224265, 0.015443891239990255, 0.033862445705593366], "aligned_model": [[0.12432686270022023, 0.1674761083843638, -0.5520128462892522, -0.5088636006051087, -0.04351233144829792, 0.04278615991998921, -0.5816113392041334, 0.31928449361781625, 0.3624337393019598, -0.18673425637169144, 0.5056554765343323, 0.5488047222184759, -0.00036308576415435695], [-0.5457110158137869, -0.5171000946938528, 0.28686824855324383, 0.31547916967317796, -0.08852765495212613, -0.03130581271225796, -0.4313515391147348, 0.5229736194293488, 0.551584540549283, 0.6298284365049311, -0.1667714329898674, -0.13816051186993333, -0.05991673383219205], [-0.35231539686559327, 0.43946441357586125, -0.34554244239073606, 0.44623736805071845, -0.7572716150457716, 0.8262880058371372, -0.317976593847263, -0.4015567718051121, 0.3902230386363424, 0.019740871098962276, -0.38678944154084105, 0.40499036890061346, 0.03450819539568282]], "inverted": false, "swapped": false, "error_lsq": 0.036195582563137416, "error_max": 0.32527688229516527, "target": "56.xyz", "model": "9.xyz", "model_rescale": 4.509807504472865, "target_rescale": 4.449845913341751},
{"mapping": [11, 12, 6, 7, 0, 1, 5, 2, 3, 8, 9, 10, 13], "R": [[-0.5296834291703809, 0.8464503753388809, -0.054380391235941766], [-0.8461101260901148, -0.5317870618987728, -0.03605794399076676], [-0.0594400487052001, 0.02691250426360959, 0.9978690283419889]], "T": [-0.03848299507422427, 0.015443891239990265, -0.03386244570559328], "aligned_model": [[0.16747610838436366, 0.12432686270022007, -0.5088636006051086, -0.5520128462892522, 0.0427861599199892, -0.043512331448297956, -0.5816113392041337, 0.36243373930196, 0.3192844936178164, -0.1867342563716914, 0.5488047222184759, 0.5056554765343323, -0.0003630857641543708], [-0.5171000946938528, -0.5457110158137869, 0.315479169673178, 0.286868248553244, -0.03130581271225798, -0.0885276549521261, -0.43135153911473456, 0.5515845405492829, 0.5229736194293487, 0.6298284365049313, -0.13816051186993347, -0.16677143298986755, -0.05991673383219204], [-0.4394644135758609, 0.35231539686559327, -0.4462373680507181, 0.34554244239073606, -0.8262880058371371, 0.7572716150457718, 0.317976593847263, -0.39022303863634206, 0.4015567718051121, -0.019740871098962307, -0.40499036890061313, 0.38678944154084105, -0.03450819539568283]], "inverted": false, "swapped": false, "error_lsq": 0.036195582563137416, "error_max": 0.3252768822951652, "target": "56.xyz", "model": "10.xyz", "model_rescale": 4.509807504472865, "target_rescale": 4.449845913341751},
{"mapping": [12, 11, 7, 6, 1, 0, 4, 3, 2, 8, 10, 9, 13], "R": [[0.5296834291703804, -0.8464503753388812, -0.05438039123594162], [0.8461101260901152, 0.5317870618987722, -0.03605794399076675], [0.0594400487052, -0.026912504263609506, 0.9978690283419889]], "T": [-0.03848299507422427, 0.01544389123999022, -0.033862445705593186], "aligned_model": [[0.167476108384364, 0.12432686270022052, -0.5088636006051088, -0.5520128462892523, 0.04278615991998912, -0.04351233144829778, -0.5816113392041332, 0.36243373930195955, 0.3192844936178161, -0.18673425637169166, 0.5488047222184759, 0.5056554765343325, -0.00036308576415432225], [-0.5171000946938527, -0.5457110158137868, 0.31547916967317763, 0.2868682485532436, -0.031305812712258005, -0.0885276549521261, -0.4313515391147349, 0.5515845405492831, 0.522973619429349, 0.6298284365049311, -0.13816051186993314, -0.16677143298986719, -0.05991673383219204], [-0.43946441357586097, 0.3523153968655933, -0.4462373680507181, 0.34554244239073617, -0.8262880058371369, 0.7572716150457717, 0.3179765938472632, -0.3902230386363422, 0.40155677180511207, -0.019740871098962415, -0.40499036890061335, 0.38678944154084105, -0.034508195395682936]], "inverted": true, "swapped": false, "error_lsq": 0.036195582563137416, "error_max": 0.3252768822951654, "target": "56.xyz", "model": "11.xyz", "model_rescale": 4.509807504472865, "target_rescale": 4.449845913341751},
{"mapping": [11, 12, 6, 7, 0, 1, 4, 2, 3, 8, 9, 10, 13], "R": [[-0.5296833198136556, 0.8464504441235455, 0.0543803857492512], [-0.8461101948951454, -0.5317869523065119, 0.0360579457408665], [0.05944004378938591, -0.026912506379089277, 0.9978690285777546]], "T": [-0.038482904091568036, 0.01544383026316051, 0.03386244088762884], "aligned_model": [[0.12432682941044429, 0.167476068233833, -0.5520129479414798, -0.5088637091180911, -0.043512413766974255, 0.04278606387980314, -0.5816113462902617, 0.31928449854585506, 0.3624337373692438, -0.18673423620575336, 0.5056557474990485, 0.5488049863224372, -0.00036317494358555774], [-0.5457109031703032, -0.5170999823241805, 0.28686822532934014, 0.31547914617546274, -0.08852758843271223, -0.031305746740467, -0.4313515245789212, 0.5229735775275487, 0.5515844983736714, 0.6298283207339048, -0.16677152871082146, -0.13816060786469886, -0.05991666758658962], [-0.3523153761123877, 0.43946438850903763, -0.345542418183054, 0.4462373464383714, -0.7572715684810604, 0.82628796076179, -0.3179765750671664, -0.4015567483408665, 0.39022301628055883, 0.019740870230907894, -0.3867894283989602, 0.40499033622246516, 0.0345081961403649]], "inverted": false, "swapped": false, "error_lsq": 0.03619558659719416, "error_max": 0.3252768618723078, "target": "56.xyz", "model": "12.xyz", "model_rescale": 4.509807766519439, "target_rescale": 4.449845913341751},
{"mapping": [11, 12, 6, 7, 0, 1, 4, 2, 3, 8, 9, 10, 13], "R": [[-0.5296833198136556, 0.8464504441235455, 0.054380385749251206], [-0.8461101948951454, -0.5317869523065119, 0.03605794574086649], [0.0594400437893859, -0.02691250637908929, 0.9978690285777546]], "T": [-0.03848290409156803, 0.01544383026316051, 0.0338624408876289], "aligned_model": [[0.1243268294104443, 0.167476068233833, -0.5520129479414798, -0.5088637091180911, -0.04351241376697426, 0.042786063879803174, -0.5816113462902617, 0.31928449854585506, 0.3624337373692438, -0.18673423620575336, 0.5056557474990485, 0.5488049863224372, -0.00036317494358555774], [-0.5457109031703031, -0.5170999823241806, 0.28686822532934014, 0.31547914617546274, -0.08852758843271222, -0.031305746740467016, -0.4313515245789212, 0.5229735775275488, 0.5515844983736713, 0.6298283207339048, -0.16677152871082146, -0.13816060786469886, -0.05991666758658962], [-0.3523153761123876, 0.43946438850903746, -0.34554241818305387, 0.4462373464383712, -0.7572715684810604, 0.8262879607617903, -0.31797657506716626, -0.4015567483408664, 0.39022301628055867, 0.019740870230907866, -0.3867894283989601, 0.404990336222465, 0.034508196140364863]], "inverted": false, "swapped": false, "error_lsq": 0.03619558659719414, "error_max": 0.32527686187230764, "target": "56.xyz", "model": "13.xyz", "model_rescale": 4.509807766519439, "target_rescale": 4.449845913341751},
{"mapping": [12, 11, 7, 6, 1, 0, 4, 3, 2, 8, 10, 9, 13], "R": [[0.5296833198136562, -0.8464504441235451, -0.05438038574925171], [0.8461101948951449, 0.5317869523065125, -0.03605794574086678], [0.059440043789386436, -0.026912506379089516, 0.9978690285777546]], "T": [-0.03848290409156803, 0.015443830263160565, -0.033862440887628714], "aligned_model": [[0.16747606823383282, 0.12432682941044369, -0.5088637091180906, -0.5520129479414798, 0.04278606387980351, -0.04351241376697471, -0.5816113462902622, 0.3624337373692444, 0.3192844985458553, -0.18673423620575286, 0.5488049863224373, 0.5056557474990482, -0.00036317494358559244], [-0.5170999823241804, -0.5457109031703034, 0.3154791461754633, 0.2868682253293405, -0.03130574674046677, -0.08852758843271241, -0.43135152457892073, 0.5515844983736711, 0.5229735775275481, 0.6298283207339048, -0.13816060786469916, -0.166771528710822, -0.059916667586589575], [-0.4394643885090376, 0.3523153761123877, -0.4462373464383713, 0.345542418183054, -0.8262879607617899, 0.7572715684810605, 0.31797657506716615, -0.39022301628055833, 0.40155674834086696, -0.01974087023090794, -0.40499033622246483, 0.38678942839896047, -0.03450819614036507]], "inverted": true, "swapped": false, "error_lsq": 0.03619558659719417, "error_max": 0.32527686187230753, "target": "56.xyz", "model": "14.xyz", "model_rescale": 4.509807766519439, "target_rescale": 4.449845913341751},
{"mapping": [5, 4, 3, 2, 11, 10, 8, 7, 9, 1, 0, 12], "R": [[0.8645986638834832, -0.502463083629928, 7.86740952023723e-18], [-0.502463083629928, -0.8645986638834832, -2.120071693864989e-18], [7.86740952023723e-18, -2.120071693864989e-18, -1.0000000000000002]], "T": [0.01358277420340077, 0.0747914722559548, 1.1065491252220968e-16], "aligned_model": [[0.08964352408783097, 0.08964352408783097, -0.582283144766546, -0.582283144766546, 0.5539972813186195, 0.5539972813186195, -0.02638340800276014, -0.02638340800276014, -0.4907370523165861, 0.3952669827920281, 0.3952669827920281, 0.08964352408783097], [0.04122548428515129, 0.04122548428515129, 0.09765723574368206, 0.09765723574368206, -0.09151376616376654, -0.09151376616376654, -0.5270277843347052, -0.5270277843347052, -0.3942883395872248, 0.615141196166633, 0.615141196166633, 0.04122548428515129], [-0.804162676570679, 0.8041626765706792, -0.4020813382853396, 0.40208133828533965, -0.4020813382853396, 0.40208133828533965, -0.4020813382853396, 0.40208133828533965, 1.0768170474905418e-16, -0.4020813382853396, 0.40208133828533965, 1.1132447589094033e-16]], "inverted": false, "swapped": true, "error_lsq": 0.025843815942005202, "error_max": 0.11171867784127919, "target": "56.xyz", "model": "15.xyz", "model_rescale": 4.510870436145588, "target_rescale": 4.449845913341751},
{"mapping": [4, 5, 2, 3, 10, 11, 7, 8, 9, 0, 1, 12], "R": [[-0.8645986638834832, 0.5024630836299278, -6.602082653642794e-18], [0.5024630836299278, 0.8645986638834832, -5.211260523193925e-17], [-2.0476508479641423e-17, -4.8373791663551097e-17, -1.0]], "T": [0.013582774203400757, 0.07479147225595478, -6.780624568497129e-17], "aligned_model": [[0.08964352408783095, 0.08964352408783095, -0.582283144766546, -0.582283144766546, 0.5539972813186194, 0.5539972813186194, -0.026383408002760043, -0.026383408002760043, -0.4907370523165859, 0.39526698279202793, 0.39526698279202793, 0.08964352408783095], [0.04122548428515125, 0.04122548428515133, 0.0976572357436819, 0.09765723574368196, -0.09151376616376647, -0.09151376616376641, -0.5270277843347051, -0.5270277843347051, -0.39428833958722487, 0.6151411961666329, 0.6151411961666329, 0.04122548428515129], [-0.804162676570679, 0.8041626765706787, -0.4020813382853395, 0.40208133828533954, -0.4020813382853395, 0.40208133828533954, -0.40208133828533943, 0.4020813382853396, -4.003171344955958e-17, -0.40208133828533954, 0.4020813382853395, -6.655919396206384e-17]], "inverted": true, "swapped": true, "error_lsq": 0.025843815942005192, "error_max": 0.11171867784127903, "target": "56.xyz", "model": "16.xyz", "model_rescale": 4.510870436145588, "target_rescale": 4.449845913341751},
{"mapping": [5, 4, 3, 2, 11, 10, 8, 7, 9, 1, 0, 12], "R": [[0.8645986638834832, -0.502463083629928, -2.0090302191777962e-16], [-0.502463083629928, -0.8645986638834832, 5.614819169206973e-17], [-2.01912877858108e-16, 5.2400700386941385e-17, -1.0000000000000002]], "T": [0.01358277420340077, 0.0747914722559548, 1.6830989333800638e-16], "aligned_model": [[0.0896435240878308, 0.08964352408783113, -0.5822831447665461, -0.5822831447665459, 0.5539972813186194, 0.5539972813186196, -0.026383408002760223, -0.026383408002760057, -0.4907370523165861, 0.39526698279202804, 0.39526698279202815, 0.08964352408783097], [0.04122548428515134, 0.04122548428515124, 0.09765723574368208, 0.09765723574368203, -0.09151376616376651, -0.09151376616376657, -0.5270277843347052, -0.5270277843347052, -0.3942883395872248, 0.615141196166633, 0.615141196166633, 0.04122548428515129], [-0.8041626765706789, 0.8041626765706793, -0.40208133828533943, 0.4020813382853398, -0.40208133828533965, 0.4020813382853396, -0.40208133828533954, 0.4020813382853397, 2.4329128730467126e-16, -0.4020813382853396, 0.40208133828533965, 1.5114438930997358e-16]], "inverted": false, "swapped": true, "error_lsq": 0.025843815942005202, "error_max": 0.1117186778412792, "target": "56.xyz", "model": "17.xyz", "model_rescale": 4.510870436145588, "target_rescale": 4.449845913341751},
{"mapping": [5, 3, 8, 9, 6, 0, 7, 2, 1, 10, 4, 11, 12], "R": [[0.357459140666145, 0.8403614272297992, 0.4074501618339548], [0.43295849305176604, -0.5356736782771927, 0.7249832092506188], [0.8275082513477223, -0.08274286691478289, -0.5553230698666836]], "T": [0.09074690784016878, 0.11864635603339518, -0.07233280432522193], "aligned_model": [[-0.20639408719766686, 0.32143791356126455, -0.33860845829981123, -0.5793860307749688, 0.12007653894030675, 0.04075551615603251, -0.6650790844377849, 0.25848280373476984, 0.3672261422940061, -0.25291540463699524, 0.6479085396992381, 0.5521535363593324, -0.06798782240320381], [-0.7139742872158368, -0.6333654654785248, 0.34561307667397245, 0.060196147299946545, -0.1330793841478592, -0.010956370094659273, -0.2352818263940052, 0.5743735035811243, 0.5699385329733184, 0.6410910503679241, -0.05247056241054712, -0.07767379693676585, -0.0065213994868535685], [-0.29520568664005886, 0.197309915985733, -0.45176432766424296, 0.4418156268218917, -0.7401599100282933, 0.8039334716617794, -0.006810104276008533, -0.43644721343637405, 0.358979248273545, -0.0031385965663427023, -0.24764430740250148, 0.3706248733190125, 0.008507009951860475]], "inverted": false, "swapped": false, "error_lsq": 0.05034014412332266, "error_max": 0.33425183039809425, "target": "56.xyz", "model": "18.xyz", "model_rescale": 4.466005644533647, "target_rescale": 4.449845913341751},
{"mapping": [8, 9, 4, 5, 2, 3, 7, 0, 1, 12, 10, 11, 13], "R": [[0.5296832976156665, -0.846450458041128, -0.05438038533293333], [0.8461102088585445, 0.5317869300918345, -0.0360579457103794], [0.0594400428359844, -0.02691250760273591, 0.997869028601544]], "T": [-0.03848296222256481, 0.015443864970550999, -0.033862443150467346], "aligned_model": [[0.1674760267781809, 0.12432678775949646, -0.5088637806211648, -0.5520130196398492, 0.04278619607414402, -0.04351228196322484, -0.5816113995185697, 0.36243367026488726, 0.31928443124620287, -0.18673412455488564, 0.5488049395662633, 0.5056557005475788, -0.000363042944540419], [-0.517099949299817, -0.5457108704702791, 0.31547917161334327, 0.2868682504428812, -0.03130582954690511, -0.08852767188782926, -0.4313515090301495, 0.5515845495957805, 0.5229736284253184, 0.6298282411443621, -0.1381605601838212, -0.1667714813542833, -0.059916750717367184], [-0.43946439482716865, 0.35231537945836827, -0.44623735441122137, 0.34554241987431555, -0.8262879665989776, 0.7572715819720962, 0.3179765774543085, -0.3902230234540426, 0.40155675083149434, -0.019740867328595972, -0.40499034247133614, 0.3867894318142008, -0.03450819231344056]], "inverted": false, "swapped": false, "error_lsq": 0.03619558285813208, "error_max": 0.32527686632120306, "target": "56.xyz", "model": "19.xyz", "model_rescale": 4.509807711582247, "target_rescale": 4.449845913341751},
{"mapping": [8, 9, 4, 5, 2, 3, 7, 0, 1, 12, 10, 11, 13], "R": [[0.5296832976156667, -0.846450458041128, -0.05438038533293334], [0.8461102088585445, 0.5317869300918348, -0.036057945710379374], [0.05944004283598438, -0.026912507602735922, 0.9978690286015443]], "T": [-0.038482962222564795, 0.01544386497055101, -0.03386244315046736], "aligned_model": [[0.16747602677818074, 0.12432678775949631, -0.5088637806211647, -0.5520130196398491, 0.04278619607414401, -0.04351228196322484, -0.5816113995185695, 0.36243367026488726, 0.31928443124620287, -0.18673412455488547, 0.5488049395662634, 0.5056557005475789, -0.00036304294454040514], [-0.5170999492998167, -0.5457108704702789, 0.3154791716133433, 0.2868682504428813, -0.03130582954690514, -0.08852767188782926, -0.4313515090301495, 0.5515845495957805, 0.5229736284253184, 0.6298282411443622, -0.1381605601838213, -0.16677148135428335, -0.05991675071736719], [-0.43946439482716876, 0.3523153794583684, -0.4462373544112215, 0.34554241987431566, -0.8262879665989776, 0.7572715819720962, 0.31797657745430863, -0.3902230234540427, 0.40155675083149445, -0.0197408673285962, -0.40499034247133625, 0.3867894318142009, -0.034508192313440766]], "inverted": false, "swapped": false, "error_lsq": 0.0361955828581321, "error_max": 0.3252768663212032, "target": "56.xyz", "model": "20.xyz", "model_rescale": 4.509807711582248, "target_rescale": 4.449845913341751},
{"mapping": [6, 4, 7, 10, 5, 1, 8, 2, 0, 9, 3, 11, 12], "R": [[-0.35745914066614476, -0.8403614272297998, 0.40745016183395444], [-0.4329584930517666, 0.5356736782771923, 0.7249832092506192], [-0.8275082513477223, 0.08274286691478278, -0.5553230698666838]], "T": [0.09074690784016876, 0.11864635603339531, -0.07233280432522202], "aligned_model": [[-0.20639408719766633, 0.3214379135612652, -0.3386084582998118, -0.579386030774969, 0.12007653894030684, 0.04075551615603265, -0.665079084437785, 0.2584828037347695, 0.3672261422940058, -0.25291540463699586, 0.6479085396992383, 0.5521535363593328, -0.06798782240320383], [-0.7139742872158373, -0.6333654654785247, 0.3456130766739722, 0.06019614729994634, -0.13307938414785941, -0.010956370094658982, -0.23528182639400574, 0.5743735035811246, 0.569938532973319, 0.6410910503679242, -0.05247056241054686, -0.07767379693676545, -0.00652139948685361], [-0.29520568664005875, 0.19730991598573308, -0.4517643276642431, 0.4418156268218918, -0.7401599100282934, 0.8039334716617796, -0.006810104276008505, -0.43644721343637427, 0.3589792482735451, -0.003138596566342744, -0.24764430740250146, 0.3706248733190126, 0.00850700995186049]], "inverted": true, "swapped": false, "error_lsq": 0.05034014412332267, "error_max": 0.3342518303980947, "target": "56.xyz", "model": "21.xyz", "model_rescale": 4.466005644533646, "target_rescale": 4.449845913341751},
{"mapping": [5, 3, 8, 9, 6, 0, 7, 2, 1, 10, 4, 11, 12], "R": [[0.3574590774144655, 0.8403614684582009, 0.407450132292009], [0.4329585312118155, -0.5356736199878066, 0.7249832295302194], [0.8275082587049551, -0.0827428255496237, -0.5553230650667753]], "T": [0.0907469119085901, 0.1186463564060043, -0.07233280409475386], "aligned_model": [[-0.2063941118117921, 0.3214378680999407, -0.33860855292912295, -0.5793859541001565, 0.12007649328190688, 0.040755400446575135, -0.6650791580228219, 0.25848288525824126, 0.36722600554027407, -0.2529153490064575, 0.6479084731936396, 0.5521538228797498, -0.06798771983545773], [-0.7139742580855297, -0.6333653906524015, 0.34561310253019617, 0.060196047691503274, -0.13307933409544925, -0.010956300760086968, -0.2352818214598842, 0.5743734538966876, 0.5699386232299934, 0.6410909716815837, -0.05247046666232111, -0.07767393848966475, -0.006521470093392934], [-0.2952056777307771, 0.19730994837696136, -0.45176434163286394, 0.44181559646243806, -0.7401599008525089, 0.803933488245913, -0.006810118511132182, -0.43644722585927653, 0.35897926512418127, -0.003138626659293667, -0.24764427474477047, 0.3706248705186749, 0.008506997262455282]], "inverted": false, "swapped": false, "error_lsq": 0.05034014004624939, "error_max": 0.334251780523518, "target": "56.xyz", "model": "22.xyz", "model_rescale": 4.46600560860683, "target_rescale": 4.449845913341751},
{"mapping": [9, 8, 5, 4, 3, 2, 6, 1, 0, 12, 11, 10, 13], "R": [[-0.5296833564848475, 0.8464504210540654, -0.054380387644268266], [-0.8461101718221312, -0.5317869890591478, -0.036057945123501633], [-0.05944004544134705, 0.026912505732483133, 0.997869028496791]], "T": [-0.03848295613352779, 0.015443864197715023, -0.033862443221051496], "aligned_model": [[0.16747609128692867, 0.12432685007826336, -0.5088636637777227, -0.5520129049863881, 0.04278610557976722, -0.043512376837563455, -0.5816113350758377, 0.36243381073211106, 0.3192845695234457, -0.18673435848470168, 0.5488048458968903, 0.5056556046882249, -0.0003631356288981147], [-0.5171000264533159, -0.5457109473941633, 0.31547914839857716, 0.2868682274577299, -0.03130577486182268, -0.08852761674351732, -0.4313515357937779, 0.5515844675400726, 0.5229735465992252, 0.6298284325848342, -0.13816054292954533, -0.16677146387039266, -0.05991669580266999], [-0.4394643970066799, 0.3523153837283486, -0.44623735384656354, 0.3455424268884649, -0.826287976357043, 0.7572715851130138, 0.31797658194656864, -0.39022302184300506, 0.4015567588920234, -0.01974087423700022, -0.40499034919557025, 0.3867894315394582, -0.03450819562201472]], "inverted": true, "swapped": false, "error_lsq": 0.0361955863301935, "error_max": 0.325276869645619, "target": "56.xyz", "model": "23.xyz", "model_rescale": 4.509807674373902, "target_rescale": 4.449845913341751},
{"mapping": [8, 9, 4, 5, 2, 3, 7, 0, 1, 12, 10, 11, 13], "R": [[0.529683356484847, -0.8464504210540659, -0.054380387644268044], [0.8461101718221317, 0.5317869890591472, -0.036057945123501564], [0.05944004544134686, -0.026912505732483025, 0.997869028496791]], "T": [-0.038482956133527785, 0.015443864197714971, -0.03386244322105148], "aligned_model": [[0.16747609128692892, 0.12432685007826377, -0.5088636637777231, -0.5520129049863882, 0.042786105579767086, -0.043512376837563226, -0.5816113350758372, 0.36243381073211056, 0.3192845695234454, -0.18673435848470213, 0.5488048458968902, 0.505655604688225, -0.0003631356288980661], [-0.5171000264533158, -0.5457109473941631, 0.3154791483985767, 0.28686822745772944, -0.03130577486182275, -0.08852761674351727, -0.4313515357937782, 0.5515844675400726, 0.5229735465992252, 0.629828432584834, -0.138160542929545, -0.16677146387039227, -0.059916695802670006], [-0.43946439700668, 0.35231538372834864, -0.4462373538465636, 0.34554242688846504, -0.8262879763570429, 0.7572715851130137, 0.31797658194656886, -0.3902230218430053, 0.40155675889202336, -0.019740874237000244, -0.4049903491955704, 0.3867894315394582, -0.03450819562201471]], "inverted": false, "swapped": false, "error_lsq": 0.036195586330193506, "error_max": 0.32527686964561925, "target": "56.xyz", "model": "24.xyz", "model_rescale": 4.509807674373903, "target_rescale": 4.449845913341751},
{"mapping": [6, 4, 7, 10, 5, 1, 8, 2, 0, 9, 3, 11, 12], "R": [[-0.35745907741446586, -0.8403614684582006, 0.4074501322920095], [-0.43295853121181516, 0.5356736199878072, 0.7249832295302192], [-0.8275082587049551, 0.08274282554962387, -0.5553230650667753]], "T": [0.09074691190859024, 0.11864635640600434, -0.07233280409475391], "aligned_model": [[-0.20639411181179257, 0.32143786809994046, -0.33860855292912284, -0.5793859541001565, 0.12007649328190673, 0.040755400446575274, -0.6650791580228221, 0.2584828852582417, 0.36722600554027457, -0.25291534900645724, 0.6479084731936398, 0.55215382287975, -0.0679877198354577], [-0.7139742580855295, -0.6333653906524017, 0.34561310253019645, 0.06019604769150376, -0.13307933409544942, -0.010956300760086926, -0.23528182145988363, 0.5743734538966875, 0.5699386232299931, 0.6410909716815838, -0.05247046666232162, -0.07767393848966515, -0.006521470093392864], [-0.29520567773077727, 0.1973099483769612, -0.4517643416328639, 0.44181559646243823, -0.740159900852509, 0.803933488245913, -0.006810118511132238, -0.4364472258592766, 0.35897926512418143, -0.003138626659293514, -0.24764427474477052, 0.3706248705186748, 0.008506997262455268]], "inverted": true, "swapped": false, "error_lsq": 0.05034014004624939, "error_max": 0.33425178052351795, "target": "56.xyz", "model": "25.xyz", "model_rescale": 4.466005608606829, "target_rescale": 4.449845913341751},
{"mapping": [5, 3, 8, 9, 6, 0, 7, 2, 1, 10, 4, 11, 12], "R": [[0.3574591668004835, 0.8403614102318664, 0.4074501739641465], [0.4329584495359623, -0.5356736995210674, 0.7249832195415485], [0.8275082628262511, -0.08274290201897888, -0.5553230475315768]], "T": [0.09074692150869648, 0.11864637131124686, -0.07233276305439673], "aligned_model": [[-0.20639412862633785, 0.3214379396750352, -0.3386084655935965, -0.5793860214082198, 0.12007649308011138, 0.040755582505366955, -0.6650790873000456, 0.258482777492818, 0.3672262042118162, -0.25291539970177057, 0.6479085613814843, 0.5521534914914891, -0.06798784421363122], [-0.7139742667323449, -0.6333653866483138, 0.345613061349353, 0.06019611566751412, -0.1330793805976304, -0.010956334287494679, -0.2352818247853615, 0.5743734602849154, 0.5699385518472199, 0.6410910018022287, -0.05247050051359928, -0.07767385280545366, -0.006521425849799173], [-0.2952057567887219, 0.19731000439919644, -0.45176434652400965, 0.44181556174658454, -0.740159942994339, 0.8039335632309547, -0.006810160318392544, -0.4364472335478583, 0.3589793770253376, -0.00313862445903261, -0.24764418180642067, 0.37062478737894355, 0.00850695265775886]], "inverted": false, "swapped": false, "error_lsq": 0.0503401464037596, "error_max": 0.33425180281426803, "target": "56.xyz", "model": "26.xyz", "model_rescale": 4.466005838112752, "target_rescale": 4.449845913341751},
{"mapping": [8, 9, 4, 5, 2, 3, 7, 0, 1, 12, 10, 11, 13], "R": [[0.5296832318789976, -0.8464504991503999, -0.054380385749451914], [0.846110250285227, 0.5317868643417051, -0.036057943311951016], [0.05944003893413113, -0.02691251384869205, 0.9978690286655124]], "T": [-0.038482936608832216, 0.015443897060556051, -0.0338624393610564], "aligned_model": [[0.167476027937273, 0.12432679032448447, -0.5088636992691993, -0.5520129368819878, 0.04278616586230345, -0.043512309363273646, -0.5816113772941504, 0.3624336980840009, 0.31928446047121234, -0.18673419934082502, 0.5488048959139776, 0.5056556583011891, -0.00036307175048510415], [-0.5170999763194439, -0.5457108944354765, 0.31547924626628193, 0.2868683281502494, -0.031305888337745495, -0.08852772456981067, -0.43135159251162997, 0.5515846826152269, 0.5229737644991943, 0.6298281433118217, -0.13816057268381163, -0.1667714907998442, -0.05991680645377808], [-0.43946437711508, 0.35231536535878916, -0.4462373309379891, 0.34554241153588006, -0.8262879369400985, 0.7572715480076398, 0.3179765617081508, -0.3902230009964891, 0.4015567414773801, -0.019740875244851776, -0.40499032743048535, 0.3867894150433838, -0.03450819446622924]], "inverted": false, "swapped": false, "error_lsq": 0.0361955860971649, "error_max": 0.32527686453328986, "target": "56.xyz", "model": "27.xyz", "model_rescale": 4.509807893063789, "target_rescale": 4.449845913341751},
