[{"mapping": [4, 5, 2, 3, 7, 8, 10, 11, 9, 0, 1, 12], "R": [[0.8645986683759946, -0.5024630758995698, 2.2038601347859654e-16], [-0.5024630758995698, -0.8645986683759946, -8.845319749466183e-17], [2.3498991946860847e-16, -3.425931745021621e-17, -1.0]], "T": [-0.01358291810433485, -0.07479136175655715, 7.649186969533696e-17], "aligned_model": [[-0.08964366828887763, -0.08964366828887799, 0.5822830010700543, 0.582283001070054, 0.02638325872097314, 0.026383258720972958, -0.5539974267064849, -0.5539974267064851, 0.4907369042216193, -0.39526712186170676, -0.395267121861707, -0.0896436682888778], [-0.04122537446581125, -0.041225374465811114, -0.0976571199166601, -0.09765711991666004, 0.5270278951914396, 0.5270278951914396, 0.09151387183132967, 0.09151387183132972, 0.3942884545957351, -0.6151410890798654, -0.6151410890798654, -0.04122537446581118], [-0.8041626765706789, 0.8041626765706792, -0.4020813382853392, 0.40208133828533954, -0.4020813382853394, 0.4020813382853394, -0.40208133828533943, 0.4020813382853393, 4.634651150905018e-17, -0.4020813382853394, 0.4020813382853394, -4.303865843332651e-17]], "inverted": true, "swapped": true, "error_lsq": 0.0258438114564153, "error_max": 0.11171852552957014, "target": "57.xyz", "model": "0.xyz", "model_rescale": 4.5108708085295355, "target_rescale": 4.449845913341751},
{"mapping": [5, 4, 3, 2, 8, 7, 11, 10, 9, 1, 0, 12], "R": [[-0.8645986683759946, 0.5024630758995698, -2.386210722061503e-17], [0.5024630758995698, 0.8645986683759946, -4.0613826489617157e-17], [2.2419794556449005e-19, -4.710448809209225e-17, -1.0]], "T": [-0.013582918104334828, -0.07479136175655715, -1.3794578378630145e-17], "aligned_model": [[-0.0896436682888778, -0.08964366828887778, 0.5822830010700542, 0.5822830010700542, 0.026383258720973062, 0.026383258720973076, -0.553997426706485, -0.553997426706485, 0.49073690422161936, -0.3952671218617068, -0.3952671218617068, -0.08964366828887779], [-0.04122537446581122, -0.04122537446581115, -0.09765711991666008, -0.09765711991666005, 0.5270278951914396, 0.5270278951914396, 0.09151387183132967, 0.09151387183132972, 0.3942884545957351, -0.6151410890798654, -0.6151410890798654, -0.04122537446581118], [-0.8041626765706791, 0.804162676570679, -0.4020813382853394, 0.4020813382853394, -0.4020813382853394, 0.4020813382853394, -0.4020813382853394, 0.4020813382853394, 5.491894538680189e-17, -0.4020813382853393, 0.40208133828533943, 8.645593192414373e-17]], "inverted": false, "swapped": true, "error_lsq": 0.0258438114564153, "error_max": 0.11171852552957023, "target": "57.xyz", "model": "1.xyz", "model_rescale": 4.510870808529536, "target_rescale": 4.449845913341751},
{"mapping": [5, 4, 3, 2, 8, 7, 11, 10, 9, 1, 0, 12], "R": [[-0.864598668375995, 0.5024630758995695, 2.095559572836889e-17], [0.5024630758995695, 0.864598668375995, 5.1410620274279534e-17], [7.713758235145825e-18, 5.4978966916510116e-17, -1.0000000000000002]], "T": [-0.013582918104334811, -0.07479136175655715, 9.125719193989383e-17], "aligned_model": [[-0.08964366828887779, -0.08964366828887782, 0.5822830010700544, 0.5822830010700544, 0.026383258720972816, 0.026383258720972802, -0.553997426706485, -0.553997426706485, 0.49073690422161925, -0.3952671218617066, -0.3952671218617066, -0.08964366828887779], [-0.04122537446581117, -0.04122537446581125, -0.09765711991665976, -0.09765711991665982, 0.5270278951914396, 0.5270278951914396, 0.09151387183132945, 0.09151387183132939, 0.39428845459573536, -0.6151410890798656, -0.6151410890798656, -0.04122537446581121], [-0.8041626765706792, 0.8041626765706793, -0.4020813382853394, 0.4020813382853396, -0.4020813382853393, 0.40208133828533965, -0.4020813382853394, 0.4020813382853396, 2.257399822815448e-16, -0.40208133828533943, 0.40208133828533954, 1.9118772554533488e-16]], "inverted": false, "swapped": true, "error_lsq": 0.025843811456415303, "error_max": 0.11171852552957026, "target": "57.xyz", "model": "2.xyz", "model_rescale": 4.5108708085295355, "target_rescale": 4.449845913341751},
{"mapping": [10, 9, 5, 4, 1, 0, 7, 3, 2, 8, 12, 11, 13], "R": [[-0.5296833797505762, 0.8464504064138727, 0.05438038890810626], [-0.8461101571582113, -0.5317870123906885, 0.03605794512022602], [0.059440046851549994, -0.02691250516722031, 0.9978690284280348]], "T": [-0.038482971784953204, 0.015443936382318016, 0.03386244107019537], "aligned_model": [[0.12432700409252236, 0.16747624564693658, -0.552012905452529, -0.5088636638981148, -0.04351251294012845, 0.04278597016869998, -0.5816113548465798, 0.3192845622708526, 0.36243380382526685, -0.1867341672857512, 0.5056555756223222, 0.5488048171767363, -0.00036327138571423667], [-0.5457109896400433, -0.5171000691374773, 0.2868683090719351, 0.315479229574501, -0.0885277316365806, -0.03130589063144883, -0.4313514423869534, 0.5229736005592719, 0.5515845210618379, 0.6298283815540173, -0.16677140451318861, -0.1381604840106227, -0.059916811134014716], [-0.3523153851707893, 0.4394643834525928, -0.3455424235281303, 0.44623734509525187, -0.7572715618795018, 0.8262879753672621, -0.31797657792329687, -0.4015567552691841, 0.390223013354198, 0.01974086545471086, -0.38678942716018794, 0.4049903414631942, 0.03450820674388017]], "inverted": true, "swapped": false, "error_lsq": 0.03619559718593531, "error_max": 0.32527685000764084, "target": "57.xyz", "model": "3.xyz", "model_rescale": 4.509807743048502, "target_rescale": 4.449845913341751},
{"mapping": [10, 9, 5, 4, 1, 0, 7, 3, 2, 8, 12, 11, 13], "R": [[-0.5296833797505759, 0.8464504064138728, 0.05438038890810621], [-0.8461101571582114, -0.5317870123906882, 0.036057945120226004], [0.05944004685154993, -0.026912505167220296, 0.9978690284280348]], "T": [-0.03848297178495319, 0.015443936382317995, 0.033862441070195294], "aligned_model": [[0.12432700409252256, 0.16747624564693675, -0.552012905452529, -0.5088636638981149, -0.04351251294012838, 0.04278597016869999, -0.5816113548465796, 0.31928456227085245, 0.3624338038252666, -0.1867341672857514, 0.5056555756223222, 0.5488048171767363, -0.0003632713857141881], [-0.5457109896400432, -0.5171000691374772, 0.2868683090719349, 0.31547922957450075, -0.08852773163658059, -0.031305890631448834, -0.4313514423869536, 0.522973600559272, 0.551584521061838, 0.6298283815540172, -0.16677140451318836, -0.1381604840106225, -0.05991681113401471], [-0.35231538517078914, 0.4394643834525927, -0.34554242352813014, 0.4462373450952517, -0.7572715618795021, 0.8262879753672622, -0.3179765779232967, -0.4015567552691839, 0.39022301335419796, 0.019740865454710904, -0.3867894271601877, 0.4049903414631941, 0.03450820674388019]], "inverted": true, "swapped": false, "error_lsq": 0.036195597185935305, "error_max": 0.3252768500076407, "target": "57.xyz", "model": "4.xyz", "model_rescale": 4.509807743048502, "target_rescale": 4.449845913341751},
{"mapping": [10, 9, 5, 4, 1, 0, 6, 3, 2, 8, 12, 11, 13], "R": [[-0.529683379750576, 0.8464504064138727, -0.054380388908106564], [-0.8461101571582113, -0.5317870123906883, -0.036057945120226156], [-0.05944004685155026, 0.02691250516722051, 0.9978690284280347]], "T": [-0.03848297178495319, 0.015443936382318006, -0.033862441070195246], "aligned_model": [[0.1674762456469368, 0.12432700409252234, -0.5088636638981147, -0.5520129054525291, 0.042785970168700255, -0.043512512940128666, -0.5816113548465798, 0.36243380382526685, 0.3192845622708524, -0.1867341672857513, 0.5488048171767366, 0.5056555756223221, -0.00036327138571419504], [-0.5171000691374772, -0.5457109896400432, 0.3154792295745009, 0.28686830907193495, -0.0313058906314487, -0.0885277316365807, -0.43135144238695355, 0.5515845210618379, 0.5229736005592719, 0.6298283815540172, -0.13816048401062248, -0.16677140451318848, -0.05991681113401469], [-0.4394643834525928, 0.35231538517078914, -0.446237345095252, 0.34554242352812997, -0.8262879753672618, 0.7572715618795018, 0.3179765779232965, -0.39022301335419785, 0.4015567552691841, -0.019740865454711, -0.404990341463194, 0.38678942716018794, -0.03450820674388034]], "inverted": true, "swapped": false, "error_lsq": 0.03619559718593532, "error_max": 0.3252768500076407, "target": "57.xyz", "model": "5.xyz", "model_rescale": 4.509807743048502, "target_rescale": 4.449845913341751},
{"mapping": [10, 9, 5, 4, 1, 0, 7, 3, 2, 8, 12, 11, 13], "R": [[-0.5296832968598425, 0.8464504584054421, 0.05438038702423096], [-0.8461102093011875, -0.5317869294229446, 0.03605794518850453], [0.05944004327041507, -0.026912509361513053, 0.9978690285282322]], "T": [-0.03848296541817618, 0.015443926075670546, 0.03386244205380251], "aligned_model": [[0.12432678885074834, 0.16747603040904363, -0.5520130379518462, -0.508863796393551, -0.043512404032528616, 0.04278607908406197, -0.5816112303588941, 0.3192844368384041, 0.3624336783966994, -0.18673394467299698, 0.5056557118706585, 0.5488049534289537, -0.0003631624742333195], [-0.5457108245961707, -0.5170999030456992, 0.28686831889925113, 0.3154792404497227, -0.08852780084088413, -0.03130595773994102, -0.4313515784644239, 0.5229737041393641, 0.5515846256898356, 0.6298282012774592, -0.16677142464866934, -0.13816050309819777, -0.059916879290412575], [-0.3523153918710622, 0.4394644043323112, -0.3455424304633465, 0.4462373657400269, -0.7572715918967597, 0.8262880005099867, -0.317976593600651, -0.4015567643428815, 0.3902230318604919, 0.019740860475015082, -0.38678944562655904, 0.4049903505768144, 0.03450820430661355]], "inverted": true, "swapped": false, "error_lsq": 0.03619559427970435, "error_max": 0.3252768791501444, "target": "57.xyz", "model": "6.xyz", "model_rescale": 4.509807586411629, "target_rescale": 4.449845913341751},
{"mapping": [10, 9, 5, 4, 1, 0, 7, 3, 2, 8, 12, 11, 13], "R": [[-0.5296832968598425, 0.8464504584054421, 0.05438038702423096], [-0.8461102093011875, -0.5317869294229446, 0.036057945188504525], [0.05944004327041507, -0.026912509361513057, 0.9978690285282322]], "T": [-0.03848296541817618, 0.01544392607567054, 0.033862442053802434], "aligned_model": [[0.12432678885074834, 0.16747603040904363, -0.5520130379518462, -0.508863796393551, -0.04351240403252862, 0.042786079084061984, -0.5816112303588941, 0.31928443683840413, 0.3624336783966994, -0.18673394467299698, 0.5056557118706585, 0.5488049534289537, -0.00036316247423331255], [-0.5457108245961707, -0.5170999030456992, 0.2868683188992512, 0.3154792404497227, -0.08852780084088416, -0.03130595773994102, -0.43135157846442385, 0.5229737041393641, 0.5515846256898356, 0.6298282012774592, -0.16677142464866934, -0.13816050309819777, -0.05991687929041259], [-0.35231539187106203, 0.4394644043323111, -0.3455424304633463, 0.4462373657400268, -0.7572715918967601, 0.8262880005099867, -0.31797659360065084, -0.40155676434288134, 0.3902230318604918, 0.019740860475015106, -0.38678944562655887, 0.40499035057681426, 0.03450820430661357]], "inverted": true, "swapped": false, "error_lsq": 0.036195594279704334, "error_max": 0.32527687915014425, "target": "57.xyz", "model": "7.xyz", "model_rescale": 4.509807586411629, "target_rescale": 4.449845913341751},
{"mapping": [10, 9, 5, 4, 1, 0, 6, 3, 2, 8, 12, 11, 13], "R": [[-0.5296832968598425, 0.8464504584054421, -0.05438038702423096], [-0.8461102093011875, -0.5317869294229446, -0.036057945188504525], [-0.05944004327041507, 0.026912509361513057, 0.9978690285282322]], "T": [-0.038482965418176196, 0.01544392607567054, -0.03386244205380236], "aligned_model": [[0.16747603040904363, 0.12432678885074833, -0.508863796393551, -0.5520130379518462, 0.042786079084061956, -0.04351240403252863, -0.5816112303588941, 0.36243367839669943, 0.31928443683840413, -0.18673394467299695, 0.5488049534289537, 0.5056557118706585, -0.0003631624742333195], [-0.5170999030456992, -0.5457108245961707, 0.3154792404497227, 0.2868683188992512, -0.031305957739941034, -0.08852780084088414, -0.43135157846442385, 0.5515846256898356, 0.5229737041393641, 0.6298282012774592, -0.13816050309819777, -0.16677142464866934, -0.059916879290412575], [-0.4394644043323112, 0.35231539187106214, -0.4462373657400269, 0.34554243046334643, -0.8262880005099866, 0.7572715918967599, 0.31797659360065095, -0.3902230318604919, 0.40155676434288146, -0.019740860475015228, -0.4049903505768144, 0.386789445626559, -0.034508204306613686]], "inverted": true, "swapped": false, "error_lsq": 0.03619559427970436, "error_max": 0.3252768791501446, "target": "57.xyz", "model": "8.xyz", "model_rescale": 4.509807586411629, "target_rescale": 4.449845913341751},
{"mapping": [11, 12, 6, 7, 0, 1, 4, 2, 3, 8, 9, 10, 13], "R": [[-0.5296834291703804, 0.8464503753388812, 0.05438039123594178], [-0.8461101260901152, -0.5317870618987722, 0.03605794399076683], [0.059440048705200144, -0.02691250426360961, 0.9978690283419889]], "T": [-0.03848299507422427, 0.015443891239990227, 0.0338624457055933], "aligned_model": [[0.12432686270022046, 0.16747610838436405, -0.5520128462892524, -0.5088636006051088, -0.043512331448297914, 0.04278615991998924, -0.5816113392041333, 0.319284493617816, 0.3624337393019596, -0.18673425637169172, 0.5056554765343324, 0.548804722218476, -0.00036308576415433613], [-0.5457110158137868, -0.5171000946938527, 0.28686824855324355, 0.3154791696731777, -0.08852765495212615, -0.031305812712257935, -0.43135153911473495, 0.522973619429349, 0.5515845405492831, 0.6298284365049311, -0.1667714329898672, -0.13816051186993308, -0.05991673383219205], [-0.3523153968655933, 0.4394644135758611, -0.34554244239073606, 0.44623736805071834, -0.7572716150457716, 0.826288005837137, -0.31797659384726307, -0.4015567718051122, 0.3902230386363422, 0.019740871098962214, -0.38678944154084105, 0.40499036890061335, 0.03450819539568275]], "inverted": false, "swapped": false, "error_lsq": 0.036195582563137416, "error_max": 0.3252768822951652, "target": "57.xyz", "model": "9.xyz", "model_rescale": 4.509807504472865, "target_rescale": 4.449845913341751},
{"mapping": [11, 12, 6, 7, 0, 1, 4, 2, 3, 8, 9, 10, 13], "R": [[-0.5296834291703809, 0.8464503753388809, 0.054380391235941766], [-0.8461101260901148, -0.5317870618987728, 0.03605794399076679], [0.05944004870520013, -0.026912504263609575, 0.9978690283419889]], "T": [-0.03848299507422427, 0.015443891239990265, 0.03386244570559334], "aligned_model": [[0.12432686270022007, 0.16747610838436366, -0.5520128462892522, -0.5088636006051086, -0.04351233144829795, 0.0427861599199892, -0.5816113392041337, 0.3192844936178164, 0.36243373930196, -0.1867342563716914, 0.5056554765343323, 0.5488047222184759, -0.0003630857641543847], [-0.5457110158137869, -0.5171000946938528, 0.286868248553244, 0.315479169673178, -0.08852765495212611, -0.03130581271225795, -0.43135153911473456, 0.5229736194293487, 0.5515845405492829, 0.6298284365049313, -0.16677143298986755, -0.13816051186993347, -0.05991673383219204], [-0.3523153968655932, 0.43946441357586097, -0.345542442390736, 0.4462373680507182, -0.7572716150457716, 0.8262880058371374, -0.31797659384726296, -0.40155677180511207, 0.3902230386363421, 0.019740871098962144, -0.386789441540841, 0.4049903689006132, 0.03450819539568269]], "inverted": false, "swapped": false, "error_lsq": 0.03619558256313741, "error_max": 0.32527688229516505, "target": "57.xyz", "model": "10.xyz", "model_rescale": 4.509807504472865, "target_rescale": 4.449845913341751},
{"mapping": [12, 11, 7, 6, 1, 0, 5, 3, 2, 8, 10, 9, 13], "R": [[0.5296834291703804, -0.8464503753388812, 0.054380391235941565], [0.8461101260901152, 0.5317870618987722, 0.03605794399076673], [-0.059440048705199956, 0.026912504263609475, 0.9978690283419889]], "T": [-0.03848299507422427, 0.015443891239990227, 0.03386244570559342], "aligned_model": [[0.12432686270022054, 0.16747610838436394, -0.5520128462892523, -0.5088636006051089, -0.04351233144829774, 0.04278615991998906, -0.5816113392041332, 0.3192844936178161, 0.3624337393019595, -0.18673425637169172, 0.5056554765343325, 0.5488047222184759, -0.00036308576415435], [-0.5457110158137868, -0.5171000946938527, 0.2868682485532436, 0.31547916967317763, -0.08852765495212608, -0.03130581271225802, -0.4313515391147349, 0.522973619429349, 0.5515845405492831, 0.6298284365049311, -0.16677143298986716, -0.13816051186993314, -0.059916733832192065], [-0.35231539686559327, 0.4394644135758611, -0.3455424423907361, 0.44623736805071823, -0.7572716150457715, 0.8262880058371371, -0.3179765938472631, -0.401556771805112, 0.39022303863634233, 0.019740871098962064, -0.38678944154084094, 0.4049903689006134, 0.03450819539568258]], "inverted": true, "swapped": false, "error_lsq": 0.03619558256313741, "error_max": 0.32527688229516527, "target": "57.xyz", "model": "11.xyz", "model_rescale": 4.509807504472865, "target_rescale": 4.449845913341751},
{"mapping": [11, 12, 6, 7, 0, 1, 4, 2, 3, 8, 9, 10, 13], "R": [[-0.5296833198136556, 0.8464504441235455, 0.0543803857492512], [-0.8461101948951454, -0.5317869523065119, 0.0360579457408665], [0.05944004378938591, -0.026912506379089277, 0.9978690285777546]], "T": [-0.038482904091568036, 0.01544383026316051, 0.03386244088762878], "aligned_model": [[0.12432682941044429, 0.167476068233833, -0.5520129479414798, -0.5088637091180911, -0.043512413766974255, 0.04278606387980314, -0.5816113462902617, 0.31928449854585506, 0.3624337373692438, -0.18673423620575336, 0.5056557474990485, 0.5488049863224372, -0.00036317494358555774], [-0.5457109031703032, -0.5170999823241805, 0.28686822532934014, 0.31547914617546274, -0.08852758843271223, -0.031305746740467, -0.4313515245789212, 0.5229735775275487, 0.5515844983736714, 0.6298283207339048, -0.16677152871082146, -0.13816060786469886, -0.05991666758658962], [-0.3523153761123878, 0.4394643885090376, -0.34554241818305403, 0.4462373464383713, -0.7572715684810604, 0.82628796076179, -0.3179765750671665, -0.4015567483408666, 0.3902230162805588, 0.01974087023090783, -0.38678942839896024, 0.4049903362224651, 0.034508196140364836]], "inverted": false, "swapped": false, "error_lsq": 0.03619558659719416, "error_max": 0.32527686187230775, "target": "57.xyz", "model": "12.xyz", "model_rescale": 4.509807766519439, "target_rescale": 4.449845913341751},
{"mapping": [11, 12, 6, 7, 0, 1, 4, 2, 3, 8, 9, 10, 13], "R": [[-0.5296833198136557, 0.8464504441235453, 0.054380385749251345], [-0.8461101948951452, -0.531786952306512, 0.03605794574086659], [0.05944004378938607, -0.02691250637908934, 0.9978690285777545]], "T": [-0.038482904091568015, 0.015443830263160537, 0.03386244088762884], "aligned_model": [[0.12432682941044415, 0.167476068233833, -0.5520129479414797, -0.508863709118091, -0.04351241376697438, 0.04278606387980327, -0.5816113462902617, 0.31928449854585506, 0.3624337373692439, -0.18673423620575322, 0.5056557474990486, 0.5488049863224373, -0.0003631749435855647], [-0.5457109031703031, -0.5170999823241804, 0.2868682253293402, 0.3154791461754629, -0.08852758843271226, -0.03130574674046689, -0.431351524578921, 0.5229735775275485, 0.5515844983736712, 0.6298283207339047, -0.16677152871082154, -0.1381606078646989, -0.059916667586589575], [-0.35231537611238756, 0.4394643885090374, -0.34554241818305387, 0.4462373464383711, -0.7572715684810604, 0.8262879607617901, -0.31797657506716615, -0.4015567483408665, 0.39022301628055844, 0.019740870230907752, -0.38678942839896013, 0.40499033622246483, 0.0345081961403648]], "inverted": false, "swapped": false, "error_lsq": 0.03619558659719414, "error_max": 0.3252768618723074, "target": "57.xyz", "model": "13.xyz", "model_rescale": 4.509807766519439, "target_rescale": 4.449845913341751},
{"mapping": [12, 11, 7, 6, 1, 0, 5, 3, 2, 8, 10, 9, 13], "R": [[0.5296833198136562, -0.8464504441235451, 0.05438038574925175], [0.8461101948951449, 0.5317869523065125, 0.036057945740866626], [-0.05944004378938633, 0.026912506379089627, 0.9978690285777546]], "T": [-0.038482904091568015, 0.015443830263160572, 0.03386244088762899], "aligned_model": [[0.12432682941044368, 0.16747606823383282, -0.5520129479414797, -0.5088637091180905, -0.04351241376697473, 0.04278606387980355, -0.5816113462902621, 0.3192844985458552, 0.3624337373692444, -0.18673423620575288, 0.5056557474990482, 0.5488049863224373, -0.0003631749435856063], [-0.5457109031703032, -0.5170999823241805, 0.2868682253293406, 0.3154791461754633, -0.0885275884327123, -0.03130574674046688, -0.4313515245789206, 0.5229735775275483, 0.551584498373671, 0.6298283207339048, -0.16677152871082193, -0.13816060786469922, -0.0599166675865896], [-0.3523153761123877, 0.4394643885090376, -0.34554241818305387, 0.44623734643837143, -0.7572715684810601, 0.8262879607617902, -0.31797657506716603, -0.40155674834086685, 0.39022301628055844, 0.019740870230907724, -0.38678942839896047, 0.40499033622246483, 0.03450819614036475]], "inverted": true, "swapped": false, "error_lsq": 0.03619558659719416, "error_max": 0.32527686187230725, "target": "57.xyz", "model": "14.xyz", "model_rescale": 4.509807766519439, "target_rescale": 4.449845913341751},
{"mapping": [5, 4, 3, 2, 11, 10, 8, 7, 9, 1, 0, 12], "R": [[0.864598663883483, -0.5024630836299282, 2.387632690280129e-16], [-0.5024630836299282, -0.864598663883483, -6.318907280182587e-17], [2.38184579757794e-16, -6.53365404968827e-17, -1.0000000000000002]], "T": [0.013582774203400788, 0.0747914722559548, 3.613890720582279e-17], "aligned_model": [[0.08964352408783116, 0.08964352408783077, -0.5822831447665459, -0.5822831447665461, 0.5539972813186196, 0.5539972813186194, -0.026383408002760164, -0.02638340800276036, -0.49073705231658615, 0.39526698279202843, 0.3952669827920282, 0.08964352408783097], [0.04122548428515122, 0.04122548428515132, 0.09765723574368217, 0.09765723574368222, -0.09151376616376668, -0.09151376616376662, -0.5270277843347052, -0.5270277843347052, -0.3942883395872247, 0.6151411961666329, 0.6151411961666329, 0.04122548428515127], [-0.8041626765706793, 0.8041626765706792, -0.4020813382853396, 0.4020813382853394, -0.40208133828533926, 0.4020813382853397, -0.4020813382853394, 0.4020813382853396, 4.516535888106478e-17, -0.4020813382853394, 0.4020813382853396, 1.562192078608727e-16]], "inverted": false, "swapped": true, "error_lsq": 0.0258438159420052, "error_max": 0.11171867784127916, "target": "57.xyz", "model": "15.xyz", "model_rescale": 4.510870436145588, "target_rescale": 4.449845913341751},
{"mapping": [4, 5, 2, 3, 10, 11, 7, 8, 9, 0, 1, 12], "R": [[-0.864598663883483, 0.5024630836299281, -6.602082653642791e-18], [0.5024630836299281, 0.864598663883483, -5.2112605231939253e-17], [-2.0476508479641445e-17, -4.83737916635511e-17, -1.0000000000000002]], "T": [0.013582774203400785, 0.0747914722559548, -3.978529144516049e-18], "aligned_model": [[0.08964352408783097, 0.08964352408783097, -0.582283144766546, -0.582283144766546, 0.5539972813186195, 0.5539972813186195, -0.02638340800276021, -0.02638340800276021, -0.4907370523165861, 0.39526698279202815, 0.39526698279202815, 0.08964352408783097], [0.04122548428515124, 0.041225484285151326, 0.09765723574368212, 0.09765723574368215, -0.09151376616376662, -0.09151376616376657, -0.5270277843347052, -0.5270277843347052, -0.3942883395872247, 0.6151411961666329, 0.6151411961666329, 0.041225484285151284], [-0.8041626765706792, 0.8041626765706793, -0.4020813382853395, 0.4020813382853395, -0.4020813382853395, 0.4020813382853395, -0.40208133828533943, 0.40208133828533954, -7.600278061947331e-17, -0.40208133828533954, 0.40208133828533943, -1.0253026113197757e-16]], "inverted": true, "swapped": true, "error_lsq": 0.025843815942005192, "error_max": 0.11171867784127909, "target": "57.xyz", "model": "16.xyz", "model_rescale": 4.510870436145588, "target_rescale": 4.449845913341751},
{"mapping": [4, 5, 2, 3, 10, 11, 7, 8, 9, 0, 1, 12], "R": [[-0.8645986638834832, 0.502463083629928, -2.270993540132986e-17], [0.502463083629928, 0.8645986638834832, -3.780471459721566e-17], [6.395063326036769e-19, -4.4096809900037733e-17, -1.0000000000000002]], "T": [0.01358277420340077, 0.0747914722559548, 1.0904434677887477e-16], "aligned_model": [[0.08964352408783095, 0.08964352408783098, -0.582283144766546, -0.582283144766546, 0.5539972813186195, 0.5539972813186195, -0.026383408002760147, -0.026383408002760133, -0.4907370523165861, 0.3952669827920281, 0.3952669827920281, 0.08964352408783097], [0.04122548428515126, 0.04122548428515132, 0.09765723574368204, 0.09765723574368207, -0.09151376616376657, -0.09151376616376651, -0.5270277843347052, -0.5270277843347052, -0.3942883395872248, 0.615141196166633, 0.615141196166633, 0.04122548428515129], [-0.8041626765706791, 0.8041626765706794, -0.4020813382853394, 0.4020813382853396, -0.4020813382853394, 0.4020813382853396, -0.4020813382853394, 0.4020813382853396, 3.8432062160431595e-17, -0.40208133828533943, 0.40208133828533954, 8.787180947463479e-18]], "inverted": true, "swapped": true, "error_lsq": 0.0258438159420052, "error_max": 0.11171867784127919, "target": "57.xyz", "model": "17.xyz", "model_rescale": 4.510870436145588, "target_rescale": 4.449845913341751},
{"mapping": [5, 3, 8, 9, 6, 0, 7, 2, 1, 10, 4, 11, 12], "R": [[0.357459140666145, 0.8403614272297992, 0.4074501618339548], [0.43295849305176604, -0.5356736782771927, 0.7249832092506188], [0.8275082513477223, -0.08274286691478289, -0.5553230698666836]], "T": [0.09074690784016878, 0.11864635603339518, -0.072332804325222], "aligned_model": [[-0.20639408719766686, 0.32143791356126455, -0.33860845829981123, -0.5793860307749688, 0.12007653894030675, 0.04075551615603251, -0.6650790844377849, 0.25848280373476984, 0.3672261422940061, -0.25291540463699524, 0.6479085396992381, 0.5521535363593324, -0.06798782240320381], [-0.7139742872158368, -0.6333654654785248, 0.34561307667397245, 0.060196147299946545, -0.1330793841478592, -0.010956370094659273, -0.2352818263940052, 0.5743735035811243, 0.5699385329733184, 0.6410910503679241, -0.05247056241054712, -0.07767379693676585, -0.0065213994868535685], [-0.2952056866400589, 0.19730991598573294, -0.451764327664243, 0.4418156268218916, -0.7401599100282934, 0.8039334716617793, -0.006810104276008602, -0.4364472134363741, 0.35897924827354494, -0.0031385965663427717, -0.24764430740250154, 0.37062487331901245, 0.008507009951860406]], "inverted": false, "swapped": false, "error_lsq": 0.050340144123322654, "error_max": 0.3342518303980941, "target": "57.xyz", "model": "18.xyz", "model_rescale": 4.466005644533647, "target_rescale": 4.449845913341751},
{"mapping": [8, 9, 4, 5, 2, 3, 6, 0, 1, 12, 10, 11, 13], "R": [[0.5296832976156665, -0.846450458041128, 0.05438038533293332], [0.8461102088585445, 0.5317869300918345, 0.036057945710379374], [-0.05944004283598438, 0.02691250760273592, 0.997869028601544]], "T": [-0.03848296222256481, 0.015443864970550999, 0.03386244315046742], "aligned_model": [[0.12432678775949646, 0.16747602677818088, -0.5520130196398492, -0.5088637806211648, -0.04351228196322483, 0.04278619607414401, -0.5816113995185697, 0.31928443124620287, 0.36243367026488726, -0.18673412455488564, 0.5056557005475788, 0.5488049395662633, -0.00036304294454040514], [-0.5457108704702791, -0.517099949299817, 0.2868682504428812, 0.31547917161334327, -0.08852767188782924, -0.031305829546905126, -0.4313515090301495, 0.5229736284253184, 0.5515845495957805, 0.6298282411443621, -0.16677148135428327, -0.13816056018382122, -0.059916750717367184], [-0.35231537945836827, 0.43946439482716865, -0.34554241987431555, 0.44623735441122137, -0.7572715819720962, 0.8262879665989776, -0.3179765774543085, -0.40155675083149434, 0.3902230234540426, 0.019740867328596257, -0.3867894318142008, 0.40499034247133614, 0.03450819231344083]], "inverted": false, "swapped": false, "error_lsq": 0.03619558285813208, "error_max": 0.32527686632120295, "target": "57.xyz", "model": "19.xyz", "model_rescale": 4.509807711582247, "target_rescale": 4.449845913341751},
{"mapping": [8, 9, 4, 5, 2, 3, 7, 0, 1, 12, 10, 11, 13], "R": [[0.5296832976156665, -0.846450458041128, -0.05438038533293334], [0.8461102088585445, 0.5317869300918345, -0.036057945710379374], [0.05944004283598439, -0.02691250760273593, 0.997869028601544]], "T": [-0.03848296222256479, 0.015443864970551002, -0.033862443150467415], "aligned_model": [[0.16747602677818085, 0.1243267877594964, -0.5088637806211647, -0.5520130196398491, 0.04278619607414403, -0.043512281963224826, -0.5816113995185694, 0.36243367026488715, 0.31928443124620276, -0.18673412455488558, 0.5488049395662633, 0.5056557005475788, -0.00036304294454039127], [-0.5170999492998167, -0.5457108704702789, 0.3154791716133432, 0.28686825044288117, -0.03130582954690513, -0.08852767188782923, -0.4313515090301495, 0.5515845495957805, 0.5229736284253184, 0.6298282411443621, -0.1381605601838212, -0.16677148135428324, -0.059916750717367184], [-0.43946439482716876, 0.35231537945836827, -0.4462373544112215, 0.34554241987431555, -0.8262879665989775, 0.7572715819720961, 0.3179765774543085, -0.3902230234540427, 0.40155675083149434, -0.019740867328596257, -0.40499034247133625, 0.3867894318142008, -0.03450819231344082]], "inverted": false, "swapped": false, "error_lsq": 0.03619558285813209, "error_max": 0.3252768663212031, "target": "57.xyz", "model": "20.xyz", "model_rescale": 4.509807711582248, "target_rescale": 4.449845913341751},
{"mapping": [6, 4, 7, 10, 5, 1, 8, 2, 0, 9, 3, 11, 12], "R": [[-0.35745914066614487, -0.8403614272297997, 0.40745016183395416], [-0.43295849305176676, 0.5356736782771921, 0.7249832092506188], [-0.827508251347722, 0.08274286691478272, -0.555323069866684]], "T": [0.09074690784016873, 0.11864635603339524, -0.07233280432522211], "aligned_model": [[-0.2063940871976663, 0.3214379135612653, -0.3386084582998119, -0.5793860307749689, 0.12007653894030665, 0.04075551615603287, -0.6650790844377849, 0.2584828037347693, 0.36722614229400585, -0.2529154046369959, 0.6479085396992382, 0.5521535363593327, -0.06798782240320381], [-0.7139742872158372, -0.6333654654785246, 0.34561307667397195, 0.06019614729994649, -0.1330793841478597, -0.010956370094658663, -0.23528182639400563, 0.5743735035811243, 0.5699385329733189, 0.641091050367924, -0.052470562410546956, -0.0776737969367653, -0.006521399486853624], [-0.29520568664005853, 0.19730991598573316, -0.4517643276642431, 0.44181562682189174, -0.7401599100282933, 0.8039334716617795, -0.006810104276008436, -0.4364472134363745, 0.3589792482735448, -0.0031385965663429938, -0.24764430740250154, 0.37062487331901245, 0.008507009951860434]], "inverted": true, "swapped": false, "error_lsq": 0.05034014412332266, "error_max": 0.3342518303980946, "target": "57.xyz", "model": "21.xyz", "model_rescale": 4.466005644533646, "target_rescale": 4.449845913341751},
{"mapping": [5, 3, 8, 9, 6, 0, 7, 2, 1, 10, 4, 11, 12], "R": [[0.3574590774144656, 0.8403614684582007, 0.4074501322920091], [0.43295853121181527, -0.5356736199878067, 0.7249832295302192], [0.8275082587049551, -0.08274282554962381, -0.5553230650667751]], "T": [0.09074691190859013, 0.11864635640600425, -0.0723328040947539], "aligned_model": [[-0.2063941118117923, 0.3214378680999405, -0.33860855292912284, -0.5793859541001565, 0.1200764932819068, 0.04075540044657516, -0.6650791580228219, 0.2584828852582414, 0.36722600554027424, -0.25291534900645735, 0.6479084731936395, 0.5521538228797498, -0.0679877198354577], [-0.7139742580855295, -0.6333653906524015, 0.3456131025301962, 0.06019604769150334, -0.1330793340954493, -0.01095630076008701, -0.23528182145988402, 0.5743734538966875, 0.5699386232299932, 0.6410909716815836, -0.05247046666232123, -0.0776739384896649, -0.00652147009339292], [-0.29520567773077727, 0.1973099483769611, -0.4517643416328639, 0.441815596462438, -0.7401599008525088, 0.8039334882459128, -0.006810118511132279, -0.4364472258592765, 0.35897926512418127, -0.0031386266592935974, -0.2476442747447705, 0.3706248705186748, 0.008506997262455199]], "inverted": false, "swapped": false, "error_lsq": 0.050340140046249385, "error_max": 0.3342517805235179, "target": "57.xyz", "model": "22.xyz", "model_rescale": 4.46600560860683, "target_rescale": 4.449845913341751},
{"mapping": [9, 8, 5, 4, 3, 2, 6, 1, 0, 12, 11, 10, 13], "R": [[-0.5296833564848474, 0.8464504210540658, -0.054380387644268294], [-0.8461101718221316, -0.5317869890591477, -0.03605794512350165], [-0.05944004544134707, 0.026912505732483164, 0.9978690284967913]], "T": [-0.0384829561335278, 0.015443864197715006, -0.033862443221051565], "aligned_model": [[0.16747609128692886, 0.12432685007826351, -0.508863663777723, -0.5520129049863883, 0.04278610557976725, -0.043512376837563455, -0.5816113350758376, 0.362433810732111, 0.31928456952344564, -0.18673435848470193, 0.5488048458968904, 0.505655604688225, -0.00036313562889809387], [-0.517100026453316, -0.5457109473941634, 0.3154791483985771, 0.2868682274577297, -0.031305774861822684, -0.08852761674351733, -0.4313515357937783, 0.5515844675400728, 0.5229735465992255, 0.6298284325848343, -0.13816054292954524, -0.16677146387039257, -0.05991669580267001], [-0.4394643970066801, 0.3523153837283486, -0.44623735384656377, 0.3455424268884649, -0.8262879763570433, 0.757271585113014, 0.31797658194656864, -0.3902230218430053, 0.4015567588920234, -0.0197408742370003, -0.4049903491955704, 0.3867894315394583, -0.03450819562201479]], "inverted": true, "swapped": false, "error_lsq": 0.036195586330193506, "error_max": 0.3252768696456192, "target": "57.xyz", "model": "23.xyz", "model_rescale": 4.509807674373902, "target_rescale": 4.449845913341751},
{"mapping": [8, 9, 4, 5, 2, 3, 7, 0, 1, 12, 10, 11, 13], "R": [[0.5296833564848473, -0.846450421054066, -0.05438038764426801], [0.8461101718221318, 0.5317869890591476, -0.03605794512350155], [0.059440045441346824, -0.02691250573248298, 0.9978690284967913]], "T": [-0.038482956133527806, 0.015443864197714985, -0.033862443221051544], "aligned_model": [[0.16747609128692884, 0.12432685007826369, -0.5088636637777231, -0.5520129049863882, 0.04278610557976704, -0.04351237683756322, -0.5816113350758374, 0.3624338107321108, 0.31928456952344564, -0.18673435848470205, 0.5488048458968904, 0.5056556046882252, -0.0003631356288980869], [-0.5171000264533161, -0.5457109473941633, 0.31547914839857694, 0.28686822745772966, -0.03130577486182278, -0.08852761674351728, -0.4313515357937783, 0.5515844675400727, 0.5229735465992256, 0.6298284325848342, -0.13816054292954516, -0.16677146387039243, -0.059916695802670034], [-0.43946439700668016, 0.3523153837283487, -0.4462373538465637, 0.34554242688846515, -0.8262879763570432, 0.7572715851130138, 0.3179765819465689, -0.3902230218430055, 0.40155675889202336, -0.019740874237000307, -0.40499034919557064, 0.3867894315394582, -0.03450819562201477]], "inverted": false, "swapped": false, "error_lsq": 0.03619558633019351, "error_max": 0.32527686964561947, "target": "57.xyz", "model": "24.xyz", "model_rescale": 4.509807674373903, "target_rescale": 4.449845913341751},
{"mapping": [6, 4, 7, 10, 5, 1, 8, 2, 0, 9, 3, 11, 12], "R": [[-0.35745907741446614, -0.8403614684582004, 0.4074501322920092], [-0.4329585312118153, 0.535673619987807, 0.7249832295302189], [-0.8275082587049547, 0.08274282554962409, -0.5553230650667755]], "T": [0.09074691190859019, 0.1186463564060043, -0.07233280409475401], "aligned_model": [[-0.20639411181179268, 0.3214378680999404, -0.33860855292912295, -0.5793859541001563, 0.1200764932819064, 0.04075540044657555, -0.665079158022822, 0.2584828852582415, 0.3672260055402746, -0.2529153490064571, 0.6479084731936395, 0.55215382287975, -0.0679877198354577], [-0.7139742580855295, -0.6333653906524015, 0.3456131025301962, 0.060196047691503884, -0.1330793340954496, -0.010956300760086635, -0.23528182145988363, 0.5743734538966873, 0.5699386232299932, 0.6410909716815837, -0.05247046666232166, -0.077673938489665, -0.0065214700933928504], [-0.29520567773077705, 0.1973099483769611, -0.4517643416328638, 0.44181559646243823, -0.7401599008525088, 0.8039334882459128, -0.006810118511131946, -0.4364472258592768, 0.35897926512418105, -0.0031386266592935974, -0.24764427474477077, 0.3706248705186745, 0.008506997262455254]], "inverted": true, "swapped": false, "error_lsq": 0.050340140046249385, "error_max": 0.33425178052351784, "target": "57.xyz", "model": "25.xyz", "model_rescale": 4.466005608606829, "target_rescale": 4.449845913341751},
{"mapping": [5, 3, 8, 9, 6, 0, 7, 2, 1, 10, 4, 11, 12], "R": [[0.3574591668004831, 0.8403614102318664, 0.40745017396414634], [0.43295844953596196, -0.5356736995210671, 0.7249832195415487], [0.8275082628262513, -0.08274290201897894, -0.5553230475315764]], "T": [0.09074692150869647, 0.11864637131124688, -0.07233276305439673], "aligned_model": [[-0.20639412862633755, 0.32143793967503526, -0.33860846559359636, -0.5793860214082197, 0.12007649308011159, 0.0407555825053668, -0.6650790873000455, 0.25848277749281795, 0.3672262042118159, -0.2529153997017706, 0.6479085613814843, 0.5521534914914888, -0.0679878442136312], [-0.7139742667323445, -0.6333653866483137, 0.3456130613493531, 0.06019611566751386, -0.13307938059763003, -0.010956334287494998, -0.23528182478536153, 0.5743734602849155, 0.5699385518472196, 0.6410910018022284, -0.05247050051359907, -0.07767385280545368, -0.006521425849799159], [-0.2952057567887223, 0.1973100043991961, -0.4517643465240096, 0.4418155617465843, -0.740159942994339, 0.8039335632309546, -0.006810160318392877, -0.436447233547858, 0.35897937702533783, -0.0031386244590324575, -0.24764418180642062, 0.37062478737894355, 0.008506952657758776]], "inverted": false, "swapped": false, "error_lsq": 0.05034014640375958, "error_max": 0.33425180281426814, "target": "57.xyz", "model": "26.xyz", "model_rescale": 4.466005838112752, "target_rescale": 4.449845913341751},
{"mapping": [8, 9, 4, 5, 2, 3, 6, 0, 1, 12, 10, 11, 13], "R": [[0.5296832318789979, -0.8464504991503997, 0.05438038574945192], [0.8461102502852268, 0.5317868643417054, 0.03605794331195101], [-0.05944003893413115, 0.026912513848692022, 0.9978690286655125]], "T": [-0.03848293660883222, 0.015443897060556072, 0.03386243936105648], "aligned_model": [[0.12432679032448424, 0.1674760279372728, -0.5520129368819877, -0.5088636992691992, -0.04351230936327369, 0.04278616586230342, -0.5816113772941506, 0.31928446047121256, 0.3624336980840011, -0.1867341993408248, 0.505655658301189, 0.5488048959139775, -0.00036307175048512497], [-0.5457108944354765, -0.5170999763194439, 0.28686832815024954, 0.3154792462662821, -0.08852772456981067, -0.0313058883377455, -0.4313515925116298, 0.5229737644991942, 0.5515846826152268, 0.6298281433118217, -0.1667714907998444, -0.13816057268381182, -0.05991680645377809], [-0.3523153653587892, 0.4394643771150801, -0.3455424115358801, 0.4462373309379892, -0.7572715480076398, 0.8262879369400987, -0.3179765617081508, -0.4015567414773802, 0.3902230009964891, 0.019740875244852026, -0.38678941504338393, 0.40499032743048535, 0.03450819446622952]], "inverted": false, "swapped": false, "error_lsq": 0.0361955860971649, "error_max": 0.32527686453328974, "target": "57.xyz", "model": "27.xyz", "model_rescale": 4.509807893063789, "target_rescale": 4.449845913341751},
