[{"mapping": [4, 5, 2, 3, 7, 8, 10, 11, 9, 0, 1, 12], "R": [[0.8645986683759947, -0.5024630758995695, 2.4255310621348604e-16], [-0.5024630758995695, -0.8645986683759947, -9.356855773012317e-17], [2.567258379672054e-16, -4.09747294016963e-17, -1.0]], "T": [-0.013582918104334825, -0.07479136175655714, -5.2953804909080177e-17], "aligned_model": [[-0.0896436682888776, -0.08964366828887799, 0.5822830010700542, 0.5822830010700539, 0.026383258720972975, 0.02638325872097278, -0.5539974267064849, -0.5539974267064851, 0.49073690422161925, -0.3952671218617065, -0.3952671218617067, -0.08964366828887779], [-0.041225374465811274, -0.04122537446581112, -0.09765711991665987, -0.09765711991665979, 0.5270278951914397, 0.5270278951914397, 0.09151387183132943, 0.09151387183132949, 0.39428845459573525, -0.6151410890798655, -0.6151410890798655, -0.0412253744658112], [-0.8041626765706789, 0.8041626765706789, -0.40208133828533926, 0.4020813382853397, -0.4020813382853395, 0.4020813382853395, -0.4020813382853396, 0.4020813382853394, 3.2487576377582513e-16, -0.4020813382853395, 0.4020813382853395, 2.2485305398425504e-16]], "inverted": true, "swapped": true, "error_lsq": 0.025843811456415306, "error_max": 0.11171852552957018, "target": "58.xyz", "model": "0.xyz", "model_rescale": 4.5108708085295355, "target_rescale": 4.449845913341751},
{"mapping": [5, 4, 3, 2, 8, 7, 11, 10, 9, 1, 0, 12], "R": [[-0.8645986683759947, 0.5024630758995695, 2.7368986249930094e-18], [0.5024630758995695, 0.8645986683759947, 1.748897836117822e-17], [6.421246955049575e-18, 1.6496137903870568e-17, -1.0]], "T": [-0.013582918104334804, -0.07479136175655714, 1.1253007809587586e-16], "aligned_model": [[-0.08964366828887776, -0.08964366828887776, 0.5822830010700542, 0.5822830010700542, 0.0263832587209729, 0.0263832587209729, -0.5539974267064849, -0.5539974267064849, 0.49073690422161925, -0.3952671218617066, -0.3952671218617066, -0.08964366828887776], [-0.04122537446581118, -0.04122537446581121, -0.09765711991665982, -0.09765711991665985, 0.5270278951914397, 0.5270278951914397, 0.09151387183132946, 0.09151387183132946, 0.39428845459573525, -0.6151410890798655, -0.6151410890798655, -0.0412253744658112], [-0.8041626765706787, 0.804162676570679, -0.4020813382853395, 0.4020813382853395, -0.4020813382853395, 0.4020813382853395, -0.4020813382853395, 0.4020813382853395, -1.7728227404909965e-16, -0.4020813382853395, 0.4020813382853395, -1.8648740877242753e-16]], "inverted": false, "swapped": true, "error_lsq": 0.025843811456415306, "error_max": 0.11171852552957029, "target": "58.xyz", "model": "1.xyz", "model_rescale": 4.510870808529536, "target_rescale": 4.449845913341751},
{"mapping": [5, 4, 3, 2, 8, 7, 11, 10, 9, 1, 0, 12], "R": [[-0.8645986683759947, 0.5024630758995696, 6.429211506760544e-17], [0.5024630758995696, 0.8645986683759947, 1.9632643662874807e-16], [4.3059908154354804e-17, 2.0204798956917778e-16, -1.0]], "T": [-0.013582918104334832, -0.07479136175655714, 2.1090845390884672e-16], "aligned_model": [[-0.08964366828887774, -0.08964366828887785, 0.5822830010700542, 0.5822830010700542, 0.026383258720972955, 0.0263832587209729, -0.553997426706485, -0.553997426706485, 0.49073690422161936, -0.3952671218617067, -0.3952671218617067, -0.08964366828887779], [-0.041225374465811024, -0.04122537446581134, -0.0976571199166598, -0.09765711991665997, 0.5270278951914398, 0.5270278951914396, 0.09151387183132965, 0.09151387183132949, 0.3942884545957352, -0.6151410890798654, -0.6151410890798656, -0.04122537446581118], [-0.8041626765706786, 0.8041626765706791, -0.4020813382853393, 0.40208133828533965, -0.40208133828533926, 0.4020813382853397, -0.4020813382853394, 0.4020813382853396, 3.602865966450755e-17, -0.4020813382853395, 0.4020813382853395, -8.678811304853517e-17]], "inverted": false, "swapped": true, "error_lsq": 0.025843811456415306, "error_max": 0.11171852552957029, "target": "58.xyz", "model": "2.xyz", "model_rescale": 4.5108708085295355, "target_rescale": 4.449845913341751},
{"mapping": [10, 9, 5, 4, 1, 0, 6, 3, 2, 8, 12, 11, 13], "R": [[-0.5296833797505762, 0.8464504064138727, -0.05438038890810625], [-0.8461101571582113, -0.5317870123906885, -0.03605794512022603], [-0.05944004685155, 0.026912505167220296, 0.9978690284280348]], "T": [-0.038482971784953204, 0.015443936382318009, -0.03386244107019514], "aligned_model": [[0.16747624564693658, 0.12432700409252238, -0.5088636638981148, -0.552012905452529, 0.04278597016869996, -0.043512512940128444, -0.5816113548465798, 0.36243380382526685, 0.3192845622708526, -0.1867341672857512, 0.5488048171767363, 0.5056555756223222, -0.00036327138571423667], [-0.5171000691374773, -0.5457109896400433, 0.315479229574501, 0.2868683090719351, -0.03130589063144883, -0.08852773163658062, -0.4313514423869534, 0.5515845210618379, 0.5229736005592719, 0.6298283815540173, -0.1381604840106227, -0.16677140451318861, -0.05991681113401472], [-0.43946438345259276, 0.35231538517078936, -0.44623734509525176, 0.34554242352813036, -0.8262879753672618, 0.7572715618795021, 0.31797657792329687, -0.39022301335419796, 0.40155675526918416, -0.01974086545471062, -0.4049903414631941, 0.386789427160188, -0.03450820674387994]], "inverted": true, "swapped": false, "error_lsq": 0.036195597185935305, "error_max": 0.32527685000764067, "target": "58.xyz", "model": "3.xyz", "model_rescale": 4.509807743048502, "target_rescale": 4.449845913341751},
{"mapping": [10, 9, 5, 4, 1, 0, 6, 3, 2, 8, 12, 11, 13], "R": [[-0.5296833797505759, 0.8464504064138728, -0.05438038890810622], [-0.8461101571582114, -0.5317870123906882, -0.03605794512022599], [-0.059440046851549924, 0.02691250516722031, 0.9978690284280348]], "T": [-0.03848297178495319, 0.015443936382317995, -0.03386244107019519], "aligned_model": [[0.16747624564693675, 0.12432700409252256, -0.5088636638981149, -0.552012905452529, 0.042785970168700005, -0.04351251294012838, -0.5816113548465796, 0.3624338038252666, 0.31928456227085245, -0.1867341672857514, 0.5488048171767363, 0.5056555756223222, -0.000363271385714202], [-0.5171000691374773, -0.545710989640043, 0.31547922957450075, 0.2868683090719349, -0.03130589063144884, -0.08852773163658056, -0.4313514423869536, 0.5515845210618379, 0.5229736005592721, 0.6298283815540172, -0.1381604840106225, -0.16677140451318836, -0.05991681113401471], [-0.43946438345259253, 0.3523153851707893, -0.4462373450952516, 0.34554242352813025, -0.8262879753672622, 0.7572715618795021, 0.3179765779232968, -0.39022301335419785, 0.401556755269184, -0.019740865454710613, -0.40499034146319396, 0.3867894271601879, -0.03450820674387989]], "inverted": true, "swapped": false, "error_lsq": 0.0361955971859353, "error_max": 0.32527685000764067, "target": "58.xyz", "model": "4.xyz", "model_rescale": 4.509807743048502, "target_rescale": 4.449845913341751},
{"mapping": [10, 9, 5, 4, 1, 0, 6, 3, 2, 8, 12, 11, 13], "R": [[-0.5296833797505759, 0.8464504064138728, -0.05438038890810619], [-0.8461101571582114, -0.5317870123906882, -0.03605794512022603], [-0.05944004685154995, 0.02691250516722027, 0.9978690284280348]], "T": [-0.038482971784953204, 0.015443936382317988, -0.03386244107019508], "aligned_model": [[0.16747624564693675, 0.12432700409252258, -0.5088636638981149, -0.552012905452529, 0.04278597016869995, -0.04351251294012837, -0.5816113548465796, 0.3624338038252666, 0.31928456227085245, -0.18673416728575137, 0.5488048171767363, 0.5056555756223222, -0.00036327138571419504], [-0.5171000691374772, -0.5457109896400432, 0.31547922957450075, 0.2868683090719349, -0.03130589063144882, -0.0885277316365806, -0.4313514423869536, 0.551584521061838, 0.522973600559272, 0.6298283815540172, -0.13816048401062248, -0.1667714045131884, -0.0599168111340147], [-0.4394643834525927, 0.35231538517078936, -0.4462373450952517, 0.34554242352813036, -0.8262879753672618, 0.7572715618795021, 0.3179765779232969, -0.39022301335419796, 0.4015567552691841, -0.019740865454710863, -0.4049903414631941, 0.38678942716018794, -0.03450820674388017]], "inverted": true, "swapped": false, "error_lsq": 0.03619559718593531, "error_max": 0.3252768500076408, "target": "58.xyz", "model": "5.xyz", "model_rescale": 4.509807743048502, "target_rescale": 4.449845913341751},
{"mapping": [9, 10, 4, 5, 0, 1, 7, 2, 3, 8, 11, 12, 13], "R": [[0.5296832968598427, -0.8464504584054418, -0.05438038702423125], [0.8461102093011872, 0.5317869294229448, -0.03605794518850458], [0.05944004327041528, -0.026912509361513265, 0.9978690285282321]], "T": [-0.03848296541817617, 0.01544392607567057, -0.0338624420538024], "aligned_model": [[0.16747603040904352, 0.124326788850748, -0.5088637963935506, -0.5520130379518462, 0.04278607908406218, -0.043512404032528866, -0.5816112303588942, 0.3624336783966996, 0.31928443683840413, -0.18673394467299675, 0.5488049534289537, 0.5056557118706583, -0.0003631624742333403], [-0.5170999030456992, -0.5457108245961707, 0.3154792404497229, 0.2868683188992513, -0.03130595773994097, -0.08852780084088416, -0.43135157846442357, 0.5515846256898354, 0.5229737041393638, 0.6298282012774592, -0.13816050309819788, -0.1667714246486695, -0.05991687929041257], [-0.43946440433231104, 0.35231539187106226, -0.44623736574002687, 0.34554243046334643, -0.8262880005099865, 0.7572715918967597, 0.3179765936006509, -0.39022303186049156, 0.40155676434288173, -0.019740860475014978, -0.40499035057681404, 0.38678944562655926, -0.03450820430661343]], "inverted": false, "swapped": false, "error_lsq": 0.03619559427970434, "error_max": 0.3252768791501441, "target": "58.xyz", "model": "6.xyz", "model_rescale": 4.509807586411629, "target_rescale": 4.449845913341751},
{"mapping": [9, 10, 4, 5, 0, 1, 7, 2, 3, 8, 11, 12, 13], "R": [[0.5296832968598427, -0.8464504584054418, -0.05438038702423125], [0.8461102093011872, 0.5317869294229448, -0.03605794518850458], [0.05944004327041528, -0.02691250936151326, 0.9978690285282321]], "T": [-0.038482965418176175, 0.01544392607567057, -0.03386244205380232], "aligned_model": [[0.16747603040904352, 0.124326788850748, -0.5088637963935506, -0.5520130379518462, 0.042786079084062185, -0.04351240403252889, -0.5816112303588942, 0.3624336783966996, 0.31928443683840413, -0.18673394467299675, 0.5488049534289537, 0.5056557118706583, -0.0003631624742333403], [-0.5170999030456992, -0.5457108245961707, 0.3154792404497229, 0.2868683188992513, -0.031305957739940965, -0.08852780084088419, -0.43135157846442357, 0.5515846256898354, 0.5229737041393638, 0.6298282012774592, -0.13816050309819788, -0.1667714246486695, -0.05991687929041257], [-0.43946440433231093, 0.3523153918710621, -0.44623736574002676, 0.34554243046334626, -0.8262880005099865, 0.7572715918967601, 0.3179765936006507, -0.39022303186049145, 0.40155676434288157, -0.019740860475015, -0.40499035057681393, 0.3867894456265591, -0.03450820430661345]], "inverted": false, "swapped": false, "error_lsq": 0.036195594279704334, "error_max": 0.32527687915014397, "target": "58.xyz", "model": "7.xyz", "model_rescale": 4.509807586411629, "target_rescale": 4.449845913341751},
{"mapping": [10, 9, 5, 4, 1, 0, 6, 3, 2, 8, 12, 11, 13], "R": [[-0.5296832968598425, 0.8464504584054421, -0.054380387024230946], [-0.8461102093011875, -0.5317869294229446, -0.03605794518850456], [-0.059440043270415084, 0.02691250936151303, 0.9978690285282322]], "T": [-0.038482965418176196, 0.01544392607567054, -0.03386244205380221], "aligned_model": [[0.16747603040904363, 0.12432678885074833, -0.508863796393551, -0.5520130379518462, 0.042786079084061956, -0.043512404032528616, -0.5816112303588941, 0.3624336783966994, 0.31928443683840413, -0.18673394467299695, 0.5488049534289537, 0.5056557118706585, -0.0003631624742333195], [-0.5170999030456992, -0.5457108245961707, 0.31547924044972275, 0.28686831889925113, -0.03130595773994101, -0.08852780084088417, -0.4313515784644239, 0.5515846256898356, 0.5229737041393641, 0.6298282012774592, -0.13816050309819775, -0.16677142464866934, -0.059916879290412575], [-0.43946440433231115, 0.3523153918710622, -0.44623736574002676, 0.3455424304633466, -0.8262880005099864, 0.7572715918967601, 0.31797659360065106, -0.39022303186049173, 0.4015567643428816, -0.019740860475015064, -0.40499035057681426, 0.3867894456265591, -0.03450820430661355]], "inverted": true, "swapped": false, "error_lsq": 0.03619559427970434, "error_max": 0.3252768791501443, "target": "58.xyz", "model": "8.xyz", "model_rescale": 4.509807586411629, "target_rescale": 4.449845913341751},
{"mapping": [12, 11, 7, 6, 1, 0, 4, 3, 2, 8, 10, 9, 13], "R": [[0.5296834291703805, -0.846450375338881, -0.05438039123594157], [0.8461101260901149, 0.5317870618987723, -0.03605794399076667], [0.05944004870519992, -0.0269125042636095, 0.9978690283419888]], "T": [-0.038482995074224265, 0.01544389123999024, -0.033862445705593165], "aligned_model": [[0.1674761083843638, 0.12432686270022039, -0.5088636006051087, -0.5520128462892522, 0.04278615991998907, -0.04351233144829776, -0.5816113392041332, 0.3624337393019596, 0.3192844936178162, -0.18673425637169155, 0.5488047222184758, 0.5056554765343324, -0.00036308576415435], [-0.5171000946938528, -0.5457110158137867, 0.31547916967317774, 0.2868682485532437, -0.031305812712258047, -0.08852765495212603, -0.4313515391147348, 0.5515845405492829, 0.522973619429349, 0.629828436504931, -0.13816051186993322, -0.1667714329898672, -0.05991673383219204], [-0.43946441357586086, 0.35231539686559343, -0.44623736805071806, 0.3455424423907362, -0.8262880058371368, 0.7572716150457716, 0.3179765938472633, -0.3902230386363422, 0.40155677180511207, -0.01974087109896213, -0.40499036890061324, 0.38678944154084105, -0.03450819539568262]], "inverted": true, "swapped": false, "error_lsq": 0.03619558256313741, "error_max": 0.3252768822951652, "target": "58.xyz", "model": "9.xyz", "model_rescale": 4.509807504472865, "target_rescale": 4.449845913341751},
{"mapping": [11, 12, 6, 7, 0, 1, 5, 2, 3, 8, 9, 10, 13], "R": [[-0.5296834291703809, 0.8464503753388809, -0.054380391235941766], [-0.8461101260901148, -0.5317870618987728, -0.03605794399076679], [-0.05944004870520013, 0.026912504263609575, 0.9978690283419889]], "T": [-0.03848299507422427, 0.015443891239990265, -0.0338624457055932], "aligned_model": [[0.16747610838436366, 0.12432686270022007, -0.5088636006051086, -0.5520128462892522, 0.0427861599199892, -0.043512331448297956, -0.5816113392041337, 0.36243373930196, 0.3192844936178164, -0.1867342563716914, 0.5488047222184759, 0.5056554765343323, -0.0003630857641543708], [-0.5171000946938528, -0.5457110158137869, 0.315479169673178, 0.286868248553244, -0.031305812712257956, -0.08852765495212613, -0.43135153911473456, 0.5515845405492829, 0.5229736194293487, 0.6298284365049313, -0.13816051186993347, -0.16677143298986755, -0.05991673383219204], [-0.43946441357586086, 0.3523153968655933, -0.44623736805071806, 0.3455424423907361, -0.826288005837137, 0.7572716150457719, 0.31797659384726307, -0.390223038636342, 0.4015567718051122, -0.019740871098962207, -0.4049903689006131, 0.3867894415408411, -0.034508195395682756]], "inverted": false, "swapped": false, "error_lsq": 0.0361955825631374, "error_max": 0.325276882295165, "target": "58.xyz", "model": "10.xyz", "model_rescale": 4.509807504472865, "target_rescale": 4.449845913341751},
{"mapping": [12, 11, 7, 6, 1, 0, 4, 3, 2, 8, 10, 9, 13], "R": [[0.5296834291703805, -0.846450375338881, -0.05438039123594161], [0.8461101260901149, 0.5317870618987723, -0.03605794399076674], [0.059440048705199984, -0.02691250426360949, 0.9978690283419888]], "T": [-0.038482995074224265, 0.01544389123999024, -0.033862445705593096], "aligned_model": [[0.16747610838436383, 0.12432686270022039, -0.5088636006051087, -0.5520128462892522, 0.042786159919989096, -0.04351233144829779, -0.5816113392041332, 0.3624337393019596, 0.31928449361781613, -0.18673425637169153, 0.5488047222184758, 0.5056554765343324, -0.00036308576415433613], [-0.5171000946938527, -0.5457110158137868, 0.31547916967317774, 0.2868682485532437, -0.03130581271225799, -0.08852765495212608, -0.4313515391147348, 0.551584540549283, 0.5229736194293488, 0.629828436504931, -0.13816051186993322, -0.16677143298986724, -0.05991673383219202], [-0.43946441357586086, 0.3523153968655934, -0.446237368050718, 0.3455424423907362, -0.8262880058371367, 0.7572716150457717, 0.31797659384726323, -0.3902230386363421, 0.4015567718051121, -0.019740871098962325, -0.4049903689006132, 0.38678944154084105, -0.034508195395682846]], "inverted": true, "swapped": false, "error_lsq": 0.0361955825631374, "error_max": 0.32527688229516516, "target": "58.xyz", "model": "11.xyz", "model_rescale": 4.509807504472865, "target_rescale": 4.449845913341751},
{"mapping": [11, 12, 6, 7, 0, 1, 5, 2, 3, 8, 9, 10, 13], "R": [[-0.5296833198136556, 0.8464504441235455, -0.05438038574925119], [-0.8461101948951454, -0.5317869523065119, -0.036057945740866536], [-0.05944004378938593, 0.026912506379089256, 0.9978690285777546]], "T": [-0.03848290409156803, 0.015443830263160516, -0.03386244088762877], "aligned_model": [[0.167476068233833, 0.12432682941044428, -0.5088637091180911, -0.5520129479414798, 0.042786063879803146, -0.04351241376697425, -0.5816113462902617, 0.3624337373692438, 0.31928449854585506, -0.18673423620575336, 0.5488049863224372, 0.5056557474990485, -0.0003631749435855508], [-0.5170999823241805, -0.5457109031703032, 0.3154791461754628, 0.2868682253293402, -0.031305746740466975, -0.08852758843271226, -0.4313515245789211, 0.5515844983736714, 0.5229735775275487, 0.6298283207339048, -0.13816060786469883, -0.1667715287108215, -0.05991666758658962], [-0.43946438850903735, 0.35231537611238795, -0.4462373464383711, 0.3455424181830543, -0.82628796076179, 0.7572715684810604, 0.3179765750671666, -0.39022301628055855, 0.40155674834086674, -0.019740870230907804, -0.40499033622246494, 0.38678942839896047, -0.03450819614036483]], "inverted": false, "swapped": false, "error_lsq": 0.03619558659719415, "error_max": 0.3252768618723077, "target": "58.xyz", "model": "12.xyz", "model_rescale": 4.509807766519439, "target_rescale": 4.449845913341751},
{"mapping": [11, 12, 6, 7, 0, 1, 5, 2, 3, 8, 9, 10, 13], "R": [[-0.5296833198136556, 0.8464504441235455, -0.054380385749251185], [-0.8461101948951454, -0.5317869523065119, -0.036057945740866515], [-0.05944004378938592, 0.026912506379089256, 0.9978690285777546]], "T": [-0.03848290409156803, 0.01544383026316051, -0.03386244088762869], "aligned_model": [[0.167476068233833, 0.1243268294104443, -0.5088637091180911, -0.5520129479414798, 0.042786063879803146, -0.043512413766974255, -0.5816113462902617, 0.3624337373692438, 0.31928449854585506, -0.18673423620575336, 0.5488049863224372, 0.5056557474990485, -0.00036317494358554386], [-0.5170999823241805, -0.5457109031703032, 0.31547914617546274, 0.28686822532934014, -0.03130574674046699, -0.08852758843271225, -0.4313515245789212, 0.5515844983736714, 0.5229735775275487, 0.6298283207339048, -0.13816060786469886, -0.16677152871082146, -0.05991666758658962], [-0.43946438850903724, 0.35231537611238783, -0.44623734643837093, 0.34554241818305415, -0.82628796076179, 0.7572715684810607, 0.3179765750671665, -0.39022301628055844, 0.40155674834086663, -0.019740870230907828, -0.4049903362224648, 0.3867894283989603, -0.03450819614036486]], "inverted": false, "swapped": false, "error_lsq": 0.03619558659719414, "error_max": 0.3252768618723076, "target": "58.xyz", "model": "13.xyz", "model_rescale": 4.509807766519439, "target_rescale": 4.449845913341751},
{"mapping": [12, 11, 7, 6, 1, 0, 4, 3, 2, 8, 10, 9, 13], "R": [[0.5296833198136562, -0.8464504441235451, -0.054380385749251685], [0.8461101948951449, 0.5317869523065125, -0.036057945740866765], [0.05944004378938642, -0.0269125063790895, 0.9978690285777546]], "T": [-0.03848290409156803, 0.015443830263160565, -0.033862440887628624], "aligned_model": [[0.16747606823383282, 0.12432682941044372, -0.5088637091180906, -0.5520129479414798, 0.04278606387980348, -0.04351241376697469, -0.5816113462902622, 0.36243373736924434, 0.3192844985458553, -0.18673423620575286, 0.5488049863224373, 0.5056557474990482, -0.00036317494358559244], [-0.5170999823241804, -0.5457109031703032, 0.3154791461754633, 0.2868682253293405, -0.03130574674046677, -0.08852758843271241, -0.43135152457892073, 0.5515844983736711, 0.5229735775275483, 0.6298283207339048, -0.13816060786469916, -0.166771528710822, -0.059916667586589575], [-0.4394643885090375, 0.3523153761123878, -0.44623734643837126, 0.34554241818305403, -0.8262879607617898, 0.7572715684810606, 0.3179765750671662, -0.3902230162805583, 0.401556748340867, -0.019740870230907846, -0.4049903362224647, 0.3867894283989606, -0.03450819614036498]], "inverted": true, "swapped": false, "error_lsq": 0.03619558659719416, "error_max": 0.3252768618723073, "target": "58.xyz", "model": "14.xyz", "model_rescale": 4.509807766519439, "target_rescale": 4.449845913341751},
{"mapping": [4, 5, 2, 3, 10, 11, 7, 8, 9, 0, 1, 12], "R": [[-0.864598663883483, 0.5024630836299281, 5.3011427403686973e-17], [0.5024630836299281, 0.864598663883483, 1.3286040530251884e-16], [2.0923839636841665e-17, 1.4150721418845642e-16, -1.0000000000000002]], "T": [0.013582774203400785, 0.0747914722559548, -5.704663124908482e-17], "aligned_model": [[0.08964352408783101, 0.08964352408783093, -0.582283144766546, -0.582283144766546, 0.5539972813186195, 0.5539972813186195, -0.02638340800276019, -0.02638340800276023, -0.4907370523165861, 0.39526698279202815, 0.39526698279202815, 0.08964352408783097], [0.04122548428515139, 0.04122548428515118, 0.0976572357436822, 0.09765723574368208, -0.09151376616376654, -0.09151376616376665, -0.5270277843347052, -0.5270277843347052, -0.3942883395872247, 0.6151411961666329, 0.6151411961666329, 0.041225484285151284], [-0.8041626765706792, 0.804162676570679, -0.4020813382853396, 0.4020813382853396, -0.40208133828533954, 0.40208133828533965, -0.4020813382853396, 0.4020813382853396, 1.5329287208950368e-16, -0.40208133828533943, 0.40208133828533976, 2.419222180366101e-16]], "inverted": true, "swapped": true, "error_lsq": 0.025843815942005192, "error_max": 0.11171867784127909, "target": "58.xyz", "model": "15.xyz", "model_rescale": 4.510870436145588, "target_rescale": 4.449845913341751},
{"mapping": [4, 5, 2, 3, 10, 11, 7, 8, 9, 0, 1, 12], "R": [[-0.8645986638834828, 0.5024630836299281, 4.145511266166732e-17], [0.5024630836299281, 0.8645986638834828, 8.997588357463573e-17], [9.367524894822045e-18, 9.862269246057331e-17, -1.0]], "T": [0.013582774203400799, 0.07479147225595478, -1.2397719321653023e-16], "aligned_model": [[0.089643524087831, 0.08964352408783094, -0.5822831447665459, -0.5822831447665459, 0.5539972813186193, 0.5539972813186193, -0.026383408002760265, -0.026383408002760293, -0.49073705231658604, 0.3952669827920282, 0.3952669827920282, 0.08964352408783097], [0.04122548428515134, 0.0412254842851512, 0.09765723574368221, 0.09765723574368215, -0.09151376616376661, -0.09151376616376666, -0.5270277843347051, -0.5270277843347051, -0.3942883395872246, 0.6151411961666327, 0.6151411961666327, 0.04122548428515127], [-0.804162676570679, 0.8041626765706787, -0.4020813382853395, 0.4020813382853395, -0.4020813382853395, 0.4020813382853395, -0.40208133828533954, 0.40208133828533943, 1.1230665215106407e-16, -0.40208133828533943, 0.40208133828533954, 1.7555213544443792e-16]], "inverted": true, "swapped": true, "error_lsq": 0.0258438159420052, "error_max": 0.1117186778412789, "target": "58.xyz", "model": "16.xyz", "model_rescale": 4.510870436145588, "target_rescale": 4.449845913341751},
{"mapping": [5, 4, 3, 2, 11, 10, 8, 7, 9, 1, 0, 12], "R": [[0.864598663883483, -0.5024630836299284, -2.199784936194782e-16], [-0.5024630836299284, -0.864598663883483, 5.970779996670762e-17], [-2.2019407695453292e-16, 5.890778816167186e-17, -1.0000000000000002]], "T": [0.013582774203400802, 0.07479147225595482, 2.356546913689757e-16], "aligned_model": [[0.08964352408783081, 0.08964352408783118, -0.5822831447665462, -0.582283144766546, 0.5539972813186194, 0.5539972813186196, -0.02638340800276045, -0.026383408002760268, -0.49073705231658626, 0.3952669827920283, 0.39526698279202854, 0.089643524087831], [0.04122548428515133, 0.041225484285151236, 0.09765723574368236, 0.0976572357436823, -0.09151376616376676, -0.09151376616376682, -0.5270277843347053, -0.5270277843347053, -0.3942883395872246, 0.6151411961666329, 0.6151411961666329, 0.041225484285151284], [-0.8041626765706789, 0.8041626765706793, -0.4020813382853394, 0.4020813382853398, -0.4020813382853396, 0.4020813382853396, -0.4020813382853395, 0.4020813382853397, 1.9190132404218726e-17, -0.40208133828533954, 0.40208133828533965, -8.24775402407217e-17]], "inverted": false, "swapped": true, "error_lsq": 0.0258438159420052, "error_max": 0.1117186778412792, "target": "58.xyz", "model": "17.xyz", "model_rescale": 4.510870436145588, "target_rescale": 4.449845913341751},
{"mapping": [5, 3, 8, 9, 6, 0, 7, 2, 1, 10, 4, 11, 12], "R": [[0.35745914066614537, 0.8403614272297995, 0.40745016183395455], [0.4329584930517658, -0.5356736782771925, 0.7249832092506192], [0.8275082513477223, -0.0827428669147835, -0.5553230698666834]], "T": [0.09074690784016876, 0.11864635603339525, -0.07233280432522185], "aligned_model": [[-0.2063940871976669, 0.32143791356126483, -0.3386084582998117, -0.5793860307749688, 0.12007653894030647, 0.0407555161560329, -0.665079084437785, 0.2584828037347696, 0.36722614229400624, -0.25291540463699536, 0.6479085396992381, 0.5521535363593328, -0.06798782240320381], [-0.7139742872158369, -0.6333654654785249, 0.3456130766739726, 0.06019614729994617, -0.1330793841478588, -0.010956370094659648, -0.2352818263940054, 0.5743735035811246, 0.5699385329733184, 0.6410910503679242, -0.05247056241054683, -0.07767379693676586, -0.006521399486853582], [-0.295205686640059, 0.19730991598573264, -0.45176432766424257, 0.4418156268218921, -0.7401599100282933, 0.8039334716617794, -0.0068101042760082275, -0.4364472134363738, 0.3589792482735451, -0.0031385965663422444, -0.24764430740250173, 0.3706248733190123, 0.008507009951860572]], "inverted": false, "swapped": false, "error_lsq": 0.05034014412332267, "error_max": 0.3342518303980947, "target": "58.xyz", "model": "18.xyz", "model_rescale": 4.466005644533647, "target_rescale": 4.449845913341751},
{"mapping": [8, 9, 4, 5, 2, 3, 7, 0, 1, 12, 10, 11, 13], "R": [[0.5296832976156665, -0.846450458041128, -0.054380385332933295], [0.8461102088585445, 0.5317869300918345, -0.036057945710379374], [0.059440042835984364, -0.02691250760273589, 0.997869028601544]], "T": [-0.03848296222256481, 0.015443864970550999, -0.03386244315046726], "aligned_model": [[0.16747602677818088, 0.12432678775949649, -0.5088637806211648, -0.5520130196398492, 0.042786196074143995, -0.04351228196322481, -0.5816113995185697, 0.36243367026488726, 0.31928443124620287, -0.18673412455488564, 0.5488049395662633, 0.5056557005475788, -0.000363042944540419], [-0.517099949299817, -0.5457108704702791, 0.31547917161334327, 0.2868682504428812, -0.031305829546905126, -0.08852767188782924, -0.4313515090301495, 0.5515845495957805, 0.5229736284253184, 0.6298282411443621, -0.13816056018382122, -0.16677148135428327, -0.059916750717367184], [-0.4394643948271686, 0.3523153794583683, -0.4462373544112213, 0.3455424198743156, -0.8262879665989775, 0.7572715819720963, 0.31797657745430863, -0.39022302345404253, 0.4015567508314944, -0.019740867328595896, -0.40499034247133614, 0.3867894318142008, -0.034508192313440475]], "inverted": false, "swapped": false, "error_lsq": 0.036195582858132076, "error_max": 0.3252768663212029, "target": "58.xyz", "model": "19.xyz", "model_rescale": 4.509807711582247, "target_rescale": 4.449845913341751},
{"mapping": [8, 9, 4, 5, 2, 3, 7, 0, 1, 12, 10, 11, 13], "R": [[0.5296832976156667, -0.846450458041128, -0.05438038533293331], [0.8461102088585445, 0.5317869300918348, -0.03605794571037936], [0.059440042835984364, -0.02691250760273591, 0.9978690286015443]], "T": [-0.038482962222564795, 0.01544386497055101, -0.03386244315046728], "aligned_model": [[0.16747602677818074, 0.12432678775949631, -0.5088637806211647, -0.5520130196398491, 0.042786196074143995, -0.04351228196322482, -0.5816113995185695, 0.36243367026488726, 0.31928443124620287, -0.18673412455488547, 0.5488049395662634, 0.5056557005475789, -0.00036304294454040514], [-0.5170999492998167, -0.5457108704702789, 0.3154791716133433, 0.2868682504428813, -0.031305829546905146, -0.08852767188782923, -0.4313515090301495, 0.5515845495957805, 0.5229736284253184, 0.6298282411443622, -0.1381605601838213, -0.16677148135428335, -0.05991675071736719], [-0.43946439482716865, 0.3523153794583685, -0.44623735441122137, 0.3455424198743158, -0.8262879665989775, 0.7572715819720963, 0.3179765774543088, -0.39022302345404264, 0.4015567508314945, -0.019740867328596118, -0.40499034247133614, 0.386789431814201, -0.03450819231344068]], "inverted": false, "swapped": false, "error_lsq": 0.03619558285813209, "error_max": 0.32527686632120306, "target": "58.xyz", "model": "20.xyz", "model_rescale": 4.509807711582248, "target_rescale": 4.449845913341751},
{"mapping": [6, 4, 7, 10, 5, 1, 8, 2, 0, 9, 3, 11, 12], "R": [[-0.357459140666145, -0.8403614272297997, 0.4074501618339541], [-0.4329584930517667, 0.5356736782771921, 0.724983209250619], [-0.8275082513477221, 0.08274286691478294, -0.555323069866684]], "T": [0.09074690784016871, 0.11864635603339528, -0.07233280432522197], "aligned_model": [[-0.2063940871976664, 0.32143791356126533, -0.3386084582998119, -0.5793860307749688, 0.12007653894030657, 0.04075551615603294, -0.6650790844377849, 0.2584828037347693, 0.36722614229400585, -0.25291540463699586, 0.6479085396992382, 0.5521535363593328, -0.06798782240320382], [-0.7139742872158373, -0.6333654654785247, 0.34561307667397206, 0.060196147299946365, -0.13307938414785953, -0.010956370094658843, -0.2352818263940057, 0.5743735035811245, 0.5699385329733189, 0.6410910503679241, -0.05247056241054686, -0.07767379693676531, -0.00652139948685361], [-0.29520568664005864, 0.19730991598573316, -0.45176432766424296, 0.44181562682189196, -0.7401599100282933, 0.8039334716617798, -0.006810104276008241, -0.4364472134363744, 0.35897924827354505, -0.0031385965663427162, -0.2476443074025016, 0.37062487331901256, 0.008507009951860586]], "inverted": true, "swapped": false, "error_lsq": 0.05034014412332266, "error_max": 0.33425183039809475, "target": "58.xyz", "model": "21.xyz", "model_rescale": 4.466005644533646, "target_rescale": 4.449845913341751},
{"mapping": [5, 3, 8, 9, 6, 0, 7, 2, 1, 10, 4, 11, 12], "R": [[0.35745907741446536, 0.8403614684582008, 0.4074501322920093], [0.43295853121181543, -0.5356736199878068, 0.7249832295302192], [0.827508258704955, -0.08274282554962348, -0.5553230650667752]], "T": [0.09074691190859016, 0.11864635640600424, -0.07233280409475376], "aligned_model": [[-0.20639411181179215, 0.32143786809994046, -0.3386085529291226, -0.5793859541001566, 0.12007649328190706, 0.04075540044657491, -0.6650791580228219, 0.2584828852582416, 0.3672260055402742, -0.2529153490064574, 0.6479084731936398, 0.5521538228797498, -0.06798771983545773], [-0.7139742580855297, -0.6333653906524015, 0.34561310253019617, 0.060196047691503385, -0.13307933409544942, -0.010956300760086857, -0.23528182145988402, 0.5743734538966874, 0.5699386232299934, 0.6410909716815836, -0.0524704666623213, -0.07767393848966489, -0.006521470093392934], [-0.295205677730777, 0.1973099483769615, -0.45176434163286383, 0.44181559646243806, -0.7401599008525086, 0.803933488245913, -0.006810118511132196, -0.4364472258592764, 0.3589792651241813, -0.0031386266592936807, -0.2476442747447702, 0.370624870518675, 0.008506997262455337]], "inverted": false, "swapped": false, "error_lsq": 0.0503401400462494, "error_max": 0.3342517805235178, "target": "58.xyz", "model": "22.xyz", "model_rescale": 4.46600560860683, "target_rescale": 4.449845913341751},
{"mapping": [9, 8, 5, 4, 3, 2, 6, 1, 0, 12, 11, 10, 13], "R": [[-0.529683356484848, 0.8464504210540653, -0.05438038764426807], [-0.8461101718221311, -0.5317869890591482, -0.036057945123501585], [-0.059440045441346914, 0.026912505732482973, 0.997869028496791]], "T": [-0.03848295613352781, 0.015443864197715044, -0.033862443221051405], "aligned_model": [[0.16747609128692836, 0.12432685007826316, -0.5088636637777229, -0.552012904986388, 0.042786105579767, -0.04351237683756335, -0.5816113350758378, 0.36243381073211123, 0.3192845695234461, -0.18673435848470146, 0.5488048458968902, 0.505655604688225, -0.00036313562889816325], [-0.517100026453316, -0.5457109473941634, 0.3154791483985774, 0.2868682274577301, -0.03130577486182272, -0.08852761674351729, -0.4313515357937777, 0.5515844675400725, 0.5229735465992251, 0.6298284325848345, -0.13816054292954558, -0.16677146387039285, -0.059916695802670006], [-0.4394643970066799, 0.3523153837283486, -0.4462373538465634, 0.3455424268884651, -0.8262879763570429, 0.757271585113014, 0.3179765819465688, -0.3902230218430051, 0.40155675889202336, -0.01974087423700012, -0.4049903491955703, 0.38678943153945816, -0.03450819562201464]], "inverted": true, "swapped": false, "error_lsq": 0.03619558633019349, "error_max": 0.3252768696456189, "target": "58.xyz", "model": "23.xyz", "model_rescale": 4.509807674373902, "target_rescale": 4.449845913341751},
{"mapping": [8, 9, 4, 5, 2, 3, 7, 0, 1, 12, 10, 11, 13], "R": [[0.529683356484847, -0.8464504210540661, -0.05438038764426799], [0.8461101718221319, 0.5317869890591472, -0.036057945123501536], [0.0594400454413468, -0.026912505732483008, 0.9978690284967913]], "T": [-0.038482956133527806, 0.015443864197714964, -0.0338624432210514], "aligned_model": [[0.167476091286929, 0.12432685007826386, -0.5088636637777232, -0.5520129049863883, 0.042786105579767024, -0.043512376837563184, -0.5816113350758372, 0.36243381073211056, 0.3192845695234454, -0.18673435848470227, 0.5488048458968904, 0.5056556046882252, -0.00036313562889807305], [-0.517100026453316, -0.5457109473941631, 0.3154791483985767, 0.28686822745772944, -0.03130577486182278, -0.08852761674351728, -0.43135153579377844, 0.5515844675400727, 0.5229735465992256, 0.6298284325848341, -0.13816054292954497, -0.16677146387039224, -0.05991669580267003], [-0.43946439700668005, 0.3523153837283488, -0.4462373538465636, 0.34554242688846526, -0.826287976357043, 0.7572715851130141, 0.3179765819465691, -0.3902230218430054, 0.40155675889202347, -0.019740874237000182, -0.40499034919557053, 0.38678943153945833, -0.034508195622014626]], "inverted": false, "swapped": false, "error_lsq": 0.0361955863301935, "error_max": 0.32527686964561925, "target": "58.xyz", "model": "24.xyz", "model_rescale": 4.509807674373903, "target_rescale": 4.449845913341751},
{"mapping": [6, 4, 7, 10, 5, 1, 8, 2, 0, 9, 3, 11, 12], "R": [[-0.3574590774144662, -0.8403614684582006, 0.40745013229200905], [-0.4329585312118154, 0.5356736199878069, 0.724983229530219], [-0.8275082587049547, 0.0827428255496242, -0.5553230650667755]], "T": [0.09074691190859017, 0.11864635640600431, -0.07233280409475387], "aligned_model": [[-0.20639411181179257, 0.3214378680999407, -0.3386085529291231, -0.5793859541001563, 0.12007649328190637, 0.040755400446575676, -0.665079158022822, 0.25848288525824137, 0.3672260055402746, -0.25291534900645735, 0.6479084731936396, 0.5521538228797502, -0.06798771983545772], [-0.7139742580855295, -0.6333653906524015, 0.3456131025301962, 0.06019604769150373, -0.1330793340954496, -0.010956300760086676, -0.23528182145988374, 0.5743734538966874, 0.5699386232299933, 0.6410909716815837, -0.05247046666232151, -0.07767393848966493, -0.006521470093392864], [-0.2952056777307769, 0.19730994837696111, -0.4517643416328636, 0.4418155964624385, -0.7401599008525087, 0.803933488245913, -0.006810118511131752, -0.43644722585927664, 0.3589792651241812, -0.003138626659293403, -0.2476442747447707, 0.37062487051867454, 0.008506997262455407]], "inverted": true, "swapped": false, "error_lsq": 0.0503401400462494, "error_max": 0.33425178052351817, "target": "58.xyz", "model": "25.xyz", "model_rescale": 4.466005608606829, "target_rescale": 4.449845913341751},
{"mapping": [5, 3, 8, 9, 6, 0, 7, 2, 1, 10, 4, 11, 12], "R": [[0.35745916680048373, 0.8403614102318664, 0.40745017396414634], [0.4329584495359624, -0.5356736995210674, 0.7249832195415484], [0.8275082628262511, -0.0827429020189791, -0.5553230475315771]], "T": [0.09074692150869648, 0.11864637131124685, -0.07233276305439669], "aligned_model": [[-0.20639412862633785, 0.32143793967503526, -0.3386084655935966, -0.5793860214082197, 0.12007649308011122, 0.040755582505367205, -0.6650790873000457, 0.2584827774928179, 0.3672262042118163, -0.25291539970177057, 0.6479085613814843, 0.5521534914914892, -0.06798784421363122], [-0.7139742667323448, -0.6333653866483138, 0.34561306134935293, 0.06019611566751416, -0.13307938059763041, -0.010956334287494582, -0.23528182478536147, 0.5743734602849154, 0.5699385518472199, 0.6410910018022287, -0.05247050051359932, -0.0776738528054536, -0.006521425849799159], [-0.29520575678872174, 0.19731000439919655, -0.4517643465240096, 0.44181556174658493, -0.7401599429943392, 0.8039335632309549, -0.006810160318392225, -0.43644723354785847, 0.3589793770253376, -0.003138624459032485, -0.24764418180642084, 0.37062478737894355, 0.008506952657758998]], "inverted": false, "swapped": false, "error_lsq": 0.050340146403759584, "error_max": 0.334251802814268, "target": "58.xyz", "model": "26.xyz", "model_rescale": 4.466005838112752, "target_rescale": 4.449845913341751},
{"mapping": [8, 9, 4, 5, 2, 3, 7, 0, 1, 12, 10, 11, 13], "R": [[0.5296832318789979, -0.8464504991503997, -0.05438038574945188], [0.8461102502852268, 0.5317868643417054, -0.036057943311950974], [0.05944003893413109, -0.026912513848692008, 0.9978690286655125]], "T": [-0.03848293660883223, 0.015443897060556065, -0.03386243936105632], "aligned_model": [[0.1674760279372728, 0.12432679032448427, -0.5088636992691993, -0.5520129368819877, 0.04278616586230338, -0.04351230936327366, -0.5816113772941505, 0.3624336980840011, 0.31928446047121256, -0.1867341993408248, 0.5488048959139775, 0.5056556583011891, -0.0003630717504851458], [-0.5170999763194439, -0.5457108944354765, 0.3154792462662821, 0.28686832815024954, -0.03130588833774554, -0.08852772456981065, -0.4313515925116298, 0.5515846826152268, 0.5229737644991942, 0.6298281433118217, -0.13816057268381182, -0.16677149079984438, -0.059916806453778094], [-0.43946437711508, 0.35231536535878927, -0.4462373309379891, 0.34554241153588017, -0.8262879369400986, 0.75727154800764, 0.3179765617081509, -0.39022300099648904, 0.40155674147738024, -0.01974087524485169, -0.4049903274304853, 0.386789415043384, -0.03450819446622916]], "inverted": false, "swapped": false, "error_lsq": 0.036195586097164896, "error_max": 0.3252768645332897, "target": "58.xyz", "model": "27.xyz", "model_rescale": 4.509807893063789, "target_rescale": 4.449845913341751},
