[{"mapping": [5, 4, 3, 2, 8, 7, 11, 10, 9, 1, 0, 12], "R": [[-0.8645986577350155, 0.5024630942097233, 1.0733600234601677e-17], [0.5024630942097233, 0.8645986577350155, 1.1521661952399445e-16], [4.8611842794909817e-17, 1.0500937257509977e-16, -1.0]], "T": [-0.013582889077845054, -0.0747914261974509, 1.0188193512479701e-16], "aligned_model": [[-0.0896436980898708, -0.08964369808987083, 0.5822831101985448, 0.5822831101985448, 0.02638305135382502, 0.026383051353825005, -0.5539972466650142, -0.5539972466650142, 0.4907367128459376, -0.39526706327518996, -0.39526706327518996, -0.08964369808987081], [-0.04122553308605115, -0.04122553308605133, -0.09765710075317827, -0.09765710075317835, 0.5270278700406624, 0.5270278700406624, 0.09151411701700972, 0.09151411701700961, 0.3942884142361707, -0.6151410701681077, -0.6151410701681077, -0.04122553308605124], [-0.8041627091327748, 0.804162709132775, -0.4020813545663875, 0.40208135456638755, -0.40208135456638744, 0.4020813545663876, -0.4020813545663875, 0.40208135456638755, 1.6134089362393696e-16, -0.40208135456638755, 0.4020813545663875, 1.0493287754294073e-16]], "inverted": false, "swapped": true, "error_lsq": 0.025843788465069985, "error_max": 0.11171849251712335, "target": "59.xyz", "model": "0.xyz", "model_rescale": 4.5108708085295355, "target_rescale": 4.4498457331589245},
{"mapping": [5, 4, 3, 2, 8, 7, 11, 10, 9, 1, 0, 12], "R": [[-0.8645986577350155, 0.5024630942097235, -1.5737004712803812e-17], [0.5024630942097235, 0.8645986577350155, 1.1306162235276291e-17], [1.9287122411833838e-17, 1.8680286111658007e-18, -1.0]], "T": [-0.01358288907784504, -0.0747914261974509, 4.599544054670989e-17], "aligned_model": [[-0.08964369808987083, -0.0896436980898708, 0.582283110198545, 0.582283110198545, 0.026383051353825075, 0.02638305135382509, -0.553997246665014, -0.553997246665014, 0.49073671284593773, -0.39526706327519007, -0.39526706327519007, -0.08964369808987081], [-0.041225533086051216, -0.04122553308605123, -0.09765710075317836, -0.09765710075317836, 0.5270278700406624, 0.5270278700406624, 0.09151411701700972, 0.09151411701700972, 0.3942884142361707, -0.6151410701681077, -0.6151410701681077, -0.04122553308605122], [-0.8041627091327749, 0.8041627091327749, -0.40208135456638755, 0.4020813545663875, -0.40208135456638755, 0.4020813545663875, -0.40208135456638755, 0.4020813545663875, 4.336245337171602e-17, -0.40208135456638755, 0.4020813545663875, 4.757191128968124e-17]], "inverted": false, "swapped": true, "error_lsq": 0.02584378846506999, "error_max": 0.11171849251712351, "target": "59.xyz", "model": "1.xyz", "model_rescale": 4.510870808529536, "target_rescale": 4.4498457331589245},
{"mapping": [5, 4, 3, 2, 8, 7, 11, 10, 9, 1, 0, 12], "R": [[-0.8645986577350154, 0.502463094209724, 2.0955594249493818e-17], [0.502463094209724, 0.8645986577350154, 5.141067021384714e-17], [7.713785770893368e-18, 5.497900918775393e-17, -1.0000000000000002]], "T": [-0.0135828890778451, -0.07479142619745092, 1.5508490166242336e-16], "aligned_model": [[-0.08964369808987085, -0.08964369808987088, 0.582283110198545, 0.582283110198545, 0.026383051353825335, 0.02638305135382532, -0.5539972466650142, -0.5539972466650142, 0.490736712845938, -0.3952670632751904, -0.3952670632751904, -0.08964369808987088], [-0.04122553308605117, -0.04122553308605125, -0.09765710075317877, -0.0976571007531788, 0.5270278700406625, 0.5270278700406625, 0.09151411701701, 0.09151411701700994, 0.39428841423617045, -0.6151410701681076, -0.6151410701681076, -0.04122553308605121], [-0.804162709132775, 0.8041627091327752, -0.40208135456638755, 0.4020813545663877, -0.4020813545663875, 0.40208135456638777, -0.40208135456638755, 0.4020813545663877, 1.8976892759290133e-16, -0.4020813545663876, 0.40208135456638766, 1.5521664727166253e-16]], "inverted": false, "swapped": true, "error_lsq": 0.02584378846506999, "error_max": 0.11171849251712336, "target": "59.xyz", "model": "2.xyz", "model_rescale": 4.5108708085295355, "target_rescale": 4.4498457331589245},
{"mapping": [9, 10, 4, 5, 0, 1, 7, 2, 3, 8, 11, 12, 13], "R": [[0.5296834009009724, -0.8464503930971207, -0.054380390176144315], [0.8461101432076262, 0.5317870338866645, -0.036057955449443284], [0.05944005695783102, -0.026912499247627182, 0.9978690279856853]], "T": [-0.03848291954147594, 0.015443965073779865, -0.03386244120442672], "aligned_model": [[0.16747628471325482, 0.12432704215268965, -0.5088636039957122, -0.5520128465562774, 0.042786021532815646, -0.043512463588314704, -0.581611313912211, 0.3624338696151917, 0.3192846270546265, -0.1867340996737304, 0.5488048657126097, 0.5056556231520445, -0.00036322102774952875], [-0.5171000408481229, -0.5457109695466192, 0.315479274867229, 0.2868683461687325, -0.03130585469035917, -0.08852771208735204, -0.4313514042265825, 0.5515845438959162, 0.5229736151974198, 0.6298284137897299, -0.13816046566710077, -0.1667713943655972, -0.0599167833888556], [-0.4394643897500524, 0.35231537852233835, -0.44623734188700204, 0.34554242638538873, -0.8262879760193763, 0.7572715605254049, 0.3179765723558049, -0.39022300706062163, 0.40155676121176914, -0.01974085844580563, -0.4049903431816263, 0.38678942509076447, -0.034508207746985674]], "inverted": false, "swapped": false, "error_lsq": 0.03619558510333885, "error_max": 0.32527680742950854, "target": "59.xyz", "model": "3.xyz", "model_rescale": 4.509807743048502, "target_rescale": 4.4498457331589245},
{"mapping": [9, 10, 4, 5, 0, 1, 7, 2, 3, 8, 11, 12, 13], "R": [[0.529683400900972, -0.8464503930971209, -0.05438039017614432], [0.8461101432076265, 0.531787033886664, -0.03605795544944327], [0.059440056957831, -0.02691249924762722, 0.9978690279856852]], "T": [-0.03848291954147593, 0.015443965073779833, -0.03386244120442664], "aligned_model": [[0.16747628471325507, 0.12432704215268989, -0.5088636039957123, -0.5520128465562775, 0.042786021532815695, -0.043512463588314676, -0.5816113139122105, 0.36243386961519136, 0.3192846270546262, -0.1867340996737307, 0.5488048657126097, 0.5056556231520446, -0.0003632210277494802], [-0.5171000408481228, -0.5457109695466191, 0.3154792748672287, 0.28686834616873225, -0.031305854690359174, -0.08852771208735204, -0.43135140422658275, 0.5515845438959163, 0.5229736151974199, 0.6298284137897296, -0.13816046566710055, -0.16677139436559696, -0.0599167833888556], [-0.4394643897500522, 0.3523153785223382, -0.4462373418870019, 0.34554242638538846, -0.8262879760193762, 0.7572715605254051, 0.3179765723558047, -0.39022300706062146, 0.4015567612117689, -0.019740858445805677, -0.4049903431816261, 0.3867894250907643, -0.034508207746985695]], "inverted": false, "swapped": false, "error_lsq": 0.03619558510333884, "error_max": 0.32527680742950826, "target": "59.xyz", "model": "4.xyz", "model_rescale": 4.509807743048502, "target_rescale": 4.4498457331589245},
{"mapping": [10, 9, 5, 4, 1, 0, 6, 3, 2, 8, 12, 11, 13], "R": [[-0.5296834009009724, 0.8464503930971207, -0.054380390176144086], [-0.8461101432076262, -0.5317870338866645, -0.03605795544944328], [-0.05944005695783089, 0.026912499247626995, 0.9978690279856853]], "T": [-0.03848291954147595, 0.015443965073779858, -0.03386244120442653], "aligned_model": [[0.16747628471325474, 0.12432704215268972, -0.5088636039957123, -0.5520128465562772, 0.04278602153281545, -0.04351246358831454, -0.5816113139122109, 0.36243386961519153, 0.31928462705462657, -0.1867340996737304, 0.5488048657126097, 0.5056556231520446, -0.00036322102774952875], [-0.5171000408481229, -0.5457109695466192, 0.315479274867229, 0.2868683461687325, -0.03130585469035917, -0.08852771208735204, -0.4313514042265825, 0.5515845438959162, 0.5229736151974198, 0.6298284137897299, -0.13816046566710077, -0.1667713943655972, -0.05991678338885559], [-0.4394643897500524, 0.3523153785223383, -0.4462373418870019, 0.3455424263853888, -0.8262879760193761, 0.7572715605254051, 0.31797657235580495, -0.3902230070606217, 0.40155676121176903, -0.019740858445805712, -0.4049903431816264, 0.3867894250907643, -0.034508207746985785]], "inverted": true, "swapped": false, "error_lsq": 0.03619558510333884, "error_max": 0.32527680742950854, "target": "59.xyz", "model": "5.xyz", "model_rescale": 4.509807743048502, "target_rescale": 4.4498457331589245},
{"mapping": [9, 10, 4, 5, 0, 1, 7, 2, 3, 8, 11, 12, 13], "R": [[0.5296833180102498, -0.8464504450886858, -0.05438038829226921], [0.8461101953505983, 0.5317869509189317, -0.03605795551772245], [0.05944005337669761, -0.02691250344192006, 0.9978690280858826]], "T": [-0.03848291317469929, 0.015443954767132919, -0.03386244218803397], "aligned_model": [[0.16747606947535956, 0.1243268269109131, -0.5088637364911447, -0.5520129790555911, 0.042786130448175114, -0.04351235468071777, -0.5816111894245337, 0.36243374418663277, 0.31928450162218636, -0.18673387706097358, 0.5488050019648245, 0.5056557594003781, -0.00036311211627132467], [-0.5170998747563402, -0.5457108045027432, 0.3154792857424608, 0.2868683559960579, -0.03130592179885307, -0.0885277812916589, -0.43135154030404954, 0.5515846485239136, 0.5229737187775106, 0.6298282335131683, -0.13816048475468484, -0.16677141450108776, -0.059916851545255986], [-0.43946441062976965, 0.3523153852226123, -0.44623736253177654, 0.3455424333206054, -0.8262880011621017, 0.7572715905426619, 0.3179765880331571, -0.3902230255669137, 0.40155677028546827, -0.019740853466111076, -0.40499035229524694, 0.386789443557135, -0.0345082053097199]], "inverted": false, "swapped": false, "error_lsq": 0.03619558219709765, "error_max": 0.3252768365719688, "target": "59.xyz", "model": "6.xyz", "model_rescale": 4.509807586411629, "target_rescale": 4.4498457331589245},
{"mapping": [9, 10, 4, 5, 0, 1, 7, 2, 3, 8, 11, 12, 13], "R": [[0.5296833180102498, -0.8464504450886858, -0.0543803882922692], [0.8461101953505983, 0.5317869509189317, -0.03605795551772244], [0.059440053376697596, -0.026912503441920064, 0.9978690280858826]], "T": [-0.0384829131746993, 0.015443954767132912, -0.033862442188033894], "aligned_model": [[0.16747606947535953, 0.12432682691091312, -0.5088637364911447, -0.5520129790555911, 0.04278613044817511, -0.04351235468071778, -0.5816111894245337, 0.36243374418663277, 0.31928450162218636, -0.18673387706097358, 0.5488050019648245, 0.5056557594003781, -0.00036311211627132467], [-0.5170998747563402, -0.5457108045027432, 0.3154792857424608, 0.2868683559960579, -0.031305921798853095, -0.0885277812916589, -0.43135154030404954, 0.5515846485239136, 0.5229737187775106, 0.6298282335131683, -0.13816048475468484, -0.16677141450108773, -0.059916851545256], [-0.43946441062976954, 0.35231538522261213, -0.4462373625317764, 0.34554243332060525, -0.8262880011621018, 0.7572715905426621, 0.3179765880331569, -0.3902230255669136, 0.4015567702854681, -0.019740853466111107, -0.4049903522952468, 0.38678944355713485, -0.03450820530971992]], "inverted": false, "swapped": false, "error_lsq": 0.03619558219709764, "error_max": 0.32527683657196865, "target": "59.xyz", "model": "7.xyz", "model_rescale": 4.509807586411629, "target_rescale": 4.4498457331589245},
{"mapping": [10, 9, 5, 4, 1, 0, 6, 3, 2, 8, 12, 11, 13], "R": [[-0.5296833180102498, 0.8464504450886858, -0.05438038829226948], [-0.8461101953505983, -0.5317869509189317, -0.03605795551772253], [-0.059440053376697825, 0.026912503441920248, 0.9978690280858826]], "T": [-0.03848291317469929, 0.015443954767132912, -0.0338624421880338], "aligned_model": [[0.16747606947535967, 0.12432682691091301, -0.5088637364911446, -0.5520129790555912, 0.042786130448175336, -0.04351235468071798, -0.5816111894245338, 0.3624337441866329, 0.31928450162218625, -0.18673387706097355, 0.5488050019648246, 0.505655759400378, -0.0003631121162713108], [-0.5170998747563402, -0.5457108045027432, 0.31547928574246087, 0.28686835599605787, -0.031305921798853026, -0.08852778129165897, -0.4313515403040496, 0.5515846485239136, 0.5229737187775106, 0.6298282335131683, -0.1381604847546848, -0.16677141450108776, -0.059916851545255986], [-0.43946441062976965, 0.35231538522261224, -0.44623736253177665, 0.34554243332060525, -0.8262880011621015, 0.757271590542662, 0.31797658803315687, -0.3902230255669135, 0.4015567702854684, -0.019740853466111194, -0.40499035229524677, 0.3867894435571351, -0.03450820530972003]], "inverted": true, "swapped": false, "error_lsq": 0.03619558219709765, "error_max": 0.3252768365719686, "target": "59.xyz", "model": "8.xyz", "model_rescale": 4.509807586411629, "target_rescale": 4.4498457331589245},
{"mapping": [11, 12, 6, 7, 0, 1, 4, 2, 3, 8, 9, 10, 13], "R": [[-0.5296834503208095, 0.8464503620221066, 0.05438039250398061], [-0.8461101121395075, -0.5317870833947812, 0.0360579543199848], [0.059440058811482996, -0.026912498344013776, 0.9978690278996392]], "T": [-0.03848294283074853, 0.015443919931454959, 0.03386244583982526], "aligned_model": [[0.12432690076036441, 0.16747614745065958, -0.5520127873929913, -0.5088635407026961, -0.04351228209648632, 0.04278621128410408, -0.5816112982697846, 0.3192845584016104, 0.3624338050919056, -0.18673418875964531, 0.5056555240640466, 0.5488047707543418, -0.00036303540619112007], [-0.5457109957203646, -0.517100066404499, 0.2868682856500609, 0.3154792149659265, -0.08852763540290264, -0.03130577677117133, -0.43135150095434166, 0.522973634067485, 0.5515845633833506, 0.6298284687406539, -0.16677142284229418, -0.1381604935264285, -0.05991670608703699], [-0.3523153902171401, 0.43946441987332285, -0.3455424452479948, 0.4462373648424681, -0.7572716136916753, 0.8262880064892504, -0.3179765882797689, -0.40155677774769855, 0.3902230323427644, 0.019740864090054537, -0.38678943947141625, 0.4049903706190467, 0.034508196398787605]], "inverted": false, "swapped": false, "error_lsq": 0.03619557048055426, "error_max": 0.3252768397169861, "target": "59.xyz", "model": "9.xyz", "model_rescale": 4.509807504472865, "target_rescale": 4.4498457331589245},
{"mapping": [11, 12, 6, 7, 0, 1, 4, 2, 3, 8, 9, 10, 13], "R": [[-0.5296834503208089, 0.8464503620221069, 0.054380392503980586], [-0.8461101121395078, -0.5317870833947805, 0.03605795431998483], [0.05944005881148299, -0.026912498344013783, 0.9978690278996392]], "T": [-0.03848294283074852, 0.015443919931454924, 0.0338624458398253], "aligned_model": [[0.12432690076036484, 0.16747614745066003, -0.5520127873929915, -0.5088635407026963, -0.043512282096486235, 0.04278621128410415, -0.5816112982697843, 0.3192845584016101, 0.36243380509190526, -0.18673418875964576, 0.5056555240640467, 0.5488047707543419, -0.0003630354061910576], [-0.5457109957203646, -0.517100066404499, 0.28686828565006045, 0.3154792149659262, -0.08852763540290268, -0.0313057767711713, -0.4313515009543421, 0.5229736340674851, 0.5515845633833507, 0.6298284687406537, -0.1667714228422938, -0.13816049352642812, -0.05991670608703699], [-0.35231539021714003, 0.4394644198733227, -0.34554244524799477, 0.44623736484246795, -0.7572716136916753, 0.8262880064892507, -0.31797658827976877, -0.4015567777476985, 0.39022303234276423, 0.01974086409005448, -0.3867894394714162, 0.4049903706190465, 0.03450819639878754]], "inverted": false, "swapped": false, "error_lsq": 0.03619557048055425, "error_max": 0.32527683971698607, "target": "59.xyz", "model": "10.xyz", "model_rescale": 4.509807504472865, "target_rescale": 4.4498457331589245},
{"mapping": [12, 11, 7, 6, 1, 0, 5, 3, 2, 8, 10, 9, 13], "R": [[0.5296834503208091, -0.8464503620221071, 0.05438039250398066], [0.846110112139508, 0.5317870833947808, 0.03605795431998494], [-0.05944005881148312, 0.02691249834401379, 0.9978690278996394]], "T": [-0.03848294283074853, 0.015443919931454927, 0.033862445839825416], "aligned_model": [[0.12432690076036483, 0.16747614745066008, -0.5520127873929916, -0.5088635407026965, -0.043512282096486304, 0.042786211284104175, -0.5816112982697844, 0.3192845584016101, 0.3624338050919053, -0.1867341887596458, 0.5056555240640468, 0.548804770754342, -0.00036303540619107844], [-0.545710995720365, -0.5171000664044991, 0.2868682856500606, 0.31547921496592635, -0.08852763540290276, -0.031305776771171245, -0.43135150095434216, 0.5229736340674851, 0.5515845633833509, 0.6298284687406539, -0.16677142284229396, -0.13816049352642817, -0.05991670608703702], [-0.35231539021714015, 0.43946441987332285, -0.3455424452479949, 0.4462373648424681, -0.7572716136916752, 0.8262880064892507, -0.3179765882797688, -0.4015567777476987, 0.3902230323427643, 0.019740864090054343, -0.38678943947141636, 0.4049903706190467, 0.03450819639878747]], "inverted": true, "swapped": false, "error_lsq": 0.03619557048055425, "error_max": 0.3252768397169862, "target": "59.xyz", "model": "11.xyz", "model_rescale": 4.509807504472865, "target_rescale": 4.4498457331589245},
{"mapping": [11, 12, 6, 7, 0, 1, 4, 2, 3, 8, 9, 10, 13], "R": [[-0.5296833409640352, 0.846450430806806, 0.054380387017289845], [-0.8461101809445729, -0.5317869738024713, 0.036057956070085447], [0.05944005389566847, -0.02691250045949773, 0.9978690281354051]], "T": [-0.03848285184809319, 0.015443858954619579, 0.03386244102186152], "aligned_model": [[0.12432686747062505, 0.16747610730016516, -0.5520128890452362, -0.508863649215696, -0.043512364415155595, 0.042786115243924644, -0.5816113053558858, 0.3192845633296175, 0.36243380315915763, -0.18673416859374656, 0.5056557950287714, 0.5488050348583116, -0.0003631245856154722], [-0.5457108830768727, -0.5170999540348182, 0.2868682624261269, 0.3154791914681813, -0.08852756888348778, -0.03130571079937888, -0.43135148641856286, 0.5229735921657043, 0.5515845212077587, 0.6298283529696148, -0.16677151856322442, -0.13816058952116997, -0.05991663984143333], [-0.3523153694639376, 0.4394643948064964, -0.3455424210403108, 0.4462373432301232, -0.7572715671269651, 0.8262879614139026, -0.31797656949967246, -0.40155675428345194, 0.39022300998698206, 0.019740863222003413, -0.38678942632953595, 0.40499033794089806, 0.03450819714346878]], "inverted": false, "swapped": false, "error_lsq": 0.03619557451461926, "error_max": 0.32527681929413654, "target": "59.xyz", "model": "12.xyz", "model_rescale": 4.509807766519439, "target_rescale": 4.4498457331589245},
{"mapping": [11, 12, 6, 7, 0, 1, 4, 2, 3, 8, 9, 10, 13], "R": [[-0.5296833409640352, 0.846450430806806, 0.05438038701728986], [-0.8461101809445729, -0.5317869738024713, 0.036057956070085426], [0.059440053895668456, -0.02691250045949775, 0.9978690281354051]], "T": [-0.03848285184809319, 0.015443858954619579, 0.03386244102186157], "aligned_model": [[0.12432686747062505, 0.16747610730016516, -0.5520128890452362, -0.508863649215696, -0.04351236441515561, 0.04278611524392467, -0.5816113053558858, 0.3192845633296175, 0.36243380315915763, -0.18673416859374656, 0.5056557950287714, 0.5488050348583116, -0.0003631245856154791], [-0.5457108830768727, -0.5170999540348182, 0.2868682624261269, 0.3154791914681813, -0.08852756888348777, -0.0313057107993789, -0.43135148641856286, 0.5229735921657043, 0.5515845212077587, 0.6298283529696148, -0.16677151856322442, -0.13816058952117, -0.05991663984143333], [-0.3523153694639375, 0.43946439480649624, -0.3455424210403107, 0.44623734323012304, -0.7572715671269652, 0.8262879614139028, -0.3179765694996724, -0.4015567542834518, 0.39022300998698195, 0.01974086322200338, -0.38678942632953583, 0.4049903379408979, 0.034508197143468734]], "inverted": false, "swapped": false, "error_lsq": 0.03619557451461926, "error_max": 0.3252768192941365, "target": "59.xyz", "model": "13.xyz", "model_rescale": 4.509807766519439, "target_rescale": 4.4498457331589245},
{"mapping": [12, 11, 7, 6, 1, 0, 5, 3, 2, 8, 10, 9, 13], "R": [[0.5296833409640359, -0.8464504308068055, 0.054380387017289866], [0.8461101809445724, 0.531786973802472, 0.03605795607008555], [-0.05944005389566859, 0.026912500459497658, 0.997869028135405]], "T": [-0.03848285184809318, 0.015443858954619635, 0.03386244102186169], "aligned_model": [[0.12432686747062459, 0.1674761073001647, -0.5520128890452358, -0.5088636492156957, -0.043512364415155665, 0.0427861152439246, -0.581611305355886, 0.3192845633296179, 0.362433803159158, -0.18673416859374603, 0.5056557950287712, 0.5488050348583113, -0.00036312458561554156], [-0.5457108830768728, -0.5170999540348182, 0.28686826242612723, 0.31547919146818176, -0.08852756888348784, -0.03130571079937877, -0.4313514864185624, 0.5229735921657038, 0.5515845212077584, 0.6298283529696149, -0.16677151856322484, -0.1381605895211703, -0.05991663984143332], [-0.35231536946393743, 0.4394643948064964, -0.3455424210403108, 0.44623734323012304, -0.7572715671269649, 0.8262879614139026, -0.3179765694996724, -0.40155675428345194, 0.3902230099869819, 0.019740863222003205, -0.38678942632953583, 0.404990337940898, 0.03450819714346867]], "inverted": true, "swapped": false, "error_lsq": 0.03619557451461926, "error_max": 0.3252768192941364, "target": "59.xyz", "model": "14.xyz", "model_rescale": 4.509807766519439, "target_rescale": 4.4498457331589245},
{"mapping": [4, 5, 2, 3, 10, 11, 7, 8, 9, 0, 1, 12], "R": [[-0.8645986532425141, 0.502463101940064, 1.3437769867058378e-17], [0.502463101940064, 0.8645986532425141, 2.6631478782435008e-17], [1.7630577086317826e-18, 2.9777524219708764e-17, -1.0000000000000002]], "T": [0.013582745176909907, 0.07479153669684831, 1.8421003226987023e-18], "aligned_model": [[0.08964355388882446, 0.08964355388882443, -0.582283253895039, -0.582283253895039, 0.5539971012771481, 0.5539971012771481, -0.02638320063560148, -0.026383200635601494, -0.49073686094089625, 0.3952669242054985, 0.3952669242054985, 0.08964355388882445], [0.041225642905392136, 0.041225642905392094, 0.09765721658018886, 0.09765721658018883, -0.09151401134943453, -0.09151401134943453, -0.5270277591839312, -0.5270277591839312, -0.3942882992276728, 0.6151411772548828, 0.6151411772548828, 0.041225642905392115], [-0.8041627091327751, 0.8041627091327751, -0.40208135456638755, 0.4020813545663877, -0.40208135456638755, 0.4020813545663877, -0.40208135456638755, 0.4020813545663877, -1.7427120181449876e-17, -0.40208135456638755, 0.4020813545663877, 1.970278577751126e-18]], "inverted": true, "swapped": true, "error_lsq": 0.025843792950721218, "error_max": 0.11171864482887736, "target": "59.xyz", "model": "15.xyz", "model_rescale": 4.510870436145588, "target_rescale": 4.4498457331589245},
{"mapping": [5, 4, 3, 2, 11, 10, 8, 7, 9, 1, 0, 12], "R": [[0.8645986532425138, -0.5024631019400639, 9.854053334710357e-19], [-0.5024631019400639, -0.8645986532425138, -1.8462993268824566e-18], [1.779677411112259e-18, 1.1011780909809925e-18, -1.0]], "T": [0.013582745176909914, 0.07479153669684828, 4.713203690015338e-17], "aligned_model": [[0.08964355388882443, 0.08964355388882443, -0.5822832538950389, -0.5822832538950389, 0.553997101277148, 0.553997101277148, -0.026383200635601425, -0.026383200635601425, -0.4907368609408961, 0.39526692420549847, 0.39526692420549847, 0.08964355388882443], [0.04122564290539209, 0.04122564290539209, 0.09765721658018882, 0.09765721658018882, -0.09151401134943453, -0.09151401134943453, -0.5270277591839312, -0.5270277591839312, -0.3942882992276727, 0.6151411772548826, 0.6151411772548826, 0.04122564290539209], [-0.8041627091327749, 0.8041627091327749, -0.40208135456638755, 0.4020813545663875, -0.40208135456638755, 0.4020813545663875, -0.40208135456638755, 0.4020813545663875, 4.750113945583246e-17, -0.40208135456638755, 0.4020813545663875, 4.7268960313839595e-17]], "inverted": false, "swapped": true, "error_lsq": 0.025843792950721214, "error_max": 0.11171864482887714, "target": "59.xyz", "model": "16.xyz", "model_rescale": 4.510870436145588, "target_rescale": 4.4498457331589245},
{"mapping": [5, 4, 3, 2, 11, 10, 8, 7, 9, 1, 0, 12], "R": [[0.8645986532425142, -0.5024631019400638, 4.3784214487598894e-16], [-0.5024631019400638, -0.8645986532425142, -2.0073280609007738e-16], [4.794185572017473e-16, -4.6446208467408564e-17, -1.0]], "T": [0.013582745176909886, 0.07479153669684831, 1.315631314848934e-16], "aligned_model": [[0.08964355388882478, 0.08964355388882408, -0.5822832538950388, -0.5822832538950392, 0.5539971012771483, 0.5539971012771479, -0.026383200635601112, -0.02638320063560146, -0.49073686094089614, 0.3952669242054986, 0.39526692420549825, 0.08964355388882443], [0.04122564290539197, 0.04122564290539229, 0.09765721658018862, 0.09765721658018879, -0.0915140113494345, -0.09151401134943433, -0.5270277591839313, -0.5270277591839311, -0.39428829922767294, 0.6151411772548828, 0.615141177254883, 0.04122564290539213], [-0.8041627091327748, 0.804162709132775, -0.40208135456638777, 0.4020813545663873, -0.4020813545663872, 0.4020813545663878, -0.4020813545663874, 0.40208135456638766, 4.91046518466157e-18, -0.40208135456638744, 0.4020813545663876, 1.7160353516200087e-16]], "inverted": false, "swapped": true, "error_lsq": 0.025843792950721225, "error_max": 0.1117186448288775, "target": "59.xyz", "model": "17.xyz", "model_rescale": 4.510870436145588, "target_rescale": 4.4498457331589245},
{"mapping": [5, 3, 8, 9, 6, 0, 7, 2, 1, 10, 4, 11, 12], "R": [[0.3574591430305922, 0.8403614202607157, 0.4074501741332647], [0.43295849394786323, -0.5356736903463365, 0.7249831997978544], [0.8275082498575064, -0.08274285955978472, -0.5553230731832031]], "T": [0.09074696190416852, 0.1186463814462197, -0.07233280465361938], "aligned_model": [[-0.20639404356098356, 0.32143795618389986, -0.3386083995019869, -0.5793859797194153, 0.12007659243184773, 0.04075556468270543, -0.6650790354948182, 0.2584828655947701, 0.36722620067553674, -0.252915343726584, 0.6479085921767312, 0.5521535858355959, -0.0679877703980613], [-0.7139742592977794, -0.6333654413354215, 0.34561310530561706, 0.060196185469578944, -0.1330793638038565, -0.010956337873605337, -0.2352817901883058, 0.5743735241554078, 0.5699385576203175, 0.6410910809635018, -0.05247054584149863, -0.0776737747370031, -0.006521371338515103], [-0.29520568242562295, 0.1973099219047678, -0.45176433142389993, 0.44181562402257213, -0.7401599084712283, 0.8039334720244351, -0.006810105378294545, -0.43644721622934135, 0.3589792459788297, -0.0031386020230332046, -0.24764430414083757, 0.37062487634538976, 0.008507009816264094]], "inverted": false, "swapped": false, "error_lsq": 0.05034014237641131, "error_max": 0.33425186369847415, "target": "59.xyz", "model": "18.xyz", "model_rescale": 4.466005644533647, "target_rescale": 4.4498457331589245},
{"mapping": [8, 9, 4, 5, 2, 3, 6, 0, 1, 12, 10, 11, 13], "R": [[0.5296833187660686, -0.8464504447243751, 0.05438038660097202], [0.8461101949079587, 0.5317869515878164, 0.03605795603959834], [-0.05944005294226783, 0.02691250168314312, 0.9978690281591944]], "T": [-0.03848290997908939, 0.01544389366201298, 0.033862443284699735], "aligned_model": [[0.12432682581966346, 0.16747606584449937, -0.5520129607435978, -0.5088637207187618, -0.043512232611410566, 0.04278624743826122, -0.5816113585842049, 0.31928449602997994, 0.3624337360548158, -0.18673405694286505, 0.5056557480772982, 0.5488049881021341, -0.0003629925865746633], [-0.5457108503768509, -0.5170999210104568, 0.2868682875396839, 0.3154792169060779, -0.08852765233860785, -0.0313057936058198, -0.43135147086977493, 0.5229736430634672, 0.5515845724298613, 0.6298282733800746, -0.16677147120669844, -0.1381605418403044, -0.05991672297221382], [-0.3523153728099175, 0.439464401124628, -0.34554242273157343, 0.44623735120297203, -0.7572715806179997, 0.8262879672510912, -0.3179765718868146, -0.40155675677408065, 0.3902230171604648, 0.019740860319691675, -0.38678942974477626, 0.4049903441897692, 0.0345081933165458]], "inverted": false, "swapped": false, "error_lsq": 0.036195570775545444, "error_max": 0.3252768237430279, "target": "59.xyz", "model": "19.xyz", "model_rescale": 4.509807711582247, "target_rescale": 4.4498457331589245},
{"mapping": [8, 9, 4, 5, 2, 3, 7, 0, 1, 12, 10, 11, 13], "R": [[0.5296833187660686, -0.8464504447243751, -0.0543803866009721], [0.8461101949079587, 0.5317869515878164, -0.03605795603959819], [0.05944005294226775, -0.026912501683143273, 0.9978690281591944]], "T": [-0.03848290997908936, 0.015443893662012983, -0.03386244328469961], "aligned_model": [[0.16747606584449937, 0.12432682581966344, -0.5088637207187616, -0.5520129607435976, 0.042786247438261316, -0.0435122326114106, -0.5816113585842047, 0.36243373605481577, 0.31928449602997977, -0.18673405694286505, 0.5488049881021341, 0.5056557480772982, -0.00036299258657463557], [-0.5170999210104569, -0.5457108503768507, 0.3154792169060778, 0.2868682875396839, -0.03130579360581992, -0.08852765233860771, -0.4313514708697748, 0.551584572429861, 0.5229736430634672, 0.6298282733800745, -0.1381605418403044, -0.16677147120669833, -0.059916722972213815], [-0.43946440112462787, 0.3523153728099177, -0.44623735120297214, 0.34554242273157343, -0.8262879672510909, 0.7572715806179998, 0.3179765718868147, -0.39022301716046487, 0.4015567567740807, -0.019740860319691654, -0.40499034418976915, 0.3867894297447764, -0.034508193316545664]], "inverted": false, "swapped": false, "error_lsq": 0.036195570775545444, "error_max": 0.325276823743028, "target": "59.xyz", "model": "20.xyz", "model_rescale": 4.509807711582248, "target_rescale": 4.4498457331589245},
{"mapping": [6, 4, 7, 10, 5, 1, 8, 2, 0, 9, 3, 11, 12], "R": [[-0.35745914303059223, -0.8403614202607154, 0.40745017413326495], [-0.4329584939478627, 0.5356736903463368, 0.7249831997978543], [-0.8275082498575064, 0.08274285955978478, -0.5553230731832027]], "T": [0.09074696190416857, 0.11864638144621972, -0.07233280465361941], "aligned_model": [[-0.2063940435609838, 0.32143795618389964, -0.33860839950198685, -0.5793859797194153, 0.12007659243184768, 0.04075556468270543, -0.6650790354948184, 0.25848286559477035, 0.3672262006755369, -0.25291534372658375, 0.6479085921767311, 0.5521535858355958, -0.06798777039806132], [-0.7139742592977789, -0.6333654413354216, 0.3456131053056173, 0.06019618546957925, -0.13307936380385635, -0.010956337873605476, -0.23528179018830533, 0.5743735241554079, 0.5699385576203172, 0.6410910809635019, -0.05247054584149902, -0.07767377473700351, -0.00652137133851502], [-0.29520568242562334, 0.19730992190476748, -0.45176433142389977, 0.44181562402257196, -0.7401599084712283, 0.8039334720244351, -0.006810105378294795, -0.4364472162293412, 0.3589792459788301, -0.0031386020230330103, -0.2476443041408375, 0.3706248763453897, 0.008507009816264038]], "inverted": true, "swapped": false, "error_lsq": 0.0503401423764113, "error_max": 0.33425186369847415, "target": "59.xyz", "model": "21.xyz", "model_rescale": 4.466005644533646, "target_rescale": 4.4498457331589245},
{"mapping": [5, 3, 8, 9, 6, 0, 7, 2, 1, 10, 4, 11, 12], "R": [[0.35745907977890257, 0.8403614614891299, 0.407450144591303], [0.43295853210792357, -0.5356736320569317, 0.7249832200774631], [0.8275082572147376, -0.08274281819462376, -0.5553230683832964]], "T": [0.09074696597258777, 0.11864638181883025, -0.07233280442315147], "aligned_model": [[-0.20639406817509146, 0.32143791072259154, -0.338608494131305, -0.5793859030446051, 0.12007654677345266, 0.04075544897324904, -0.665079109079849, 0.25848294711822883, 0.36722606392179313, -0.2529152880960611, 0.6479085256711357, 0.5521538723560133, -0.06798766783031537], [-0.7139742301674773, -0.6333653665092897, 0.34561313116183273, 0.06019608586112207, -0.13307931375144533, -0.010956268539028702, -0.23528178525419918, 0.5743734744709741, 0.5699386478770032, 0.641091002277154, -0.05247045009325782, -0.0776739162898929, -0.006521441945057799], [-0.29520567351634003, 0.19730995429599718, -0.4517643453925224, 0.44181559366311873, -0.740159899295444, 0.8039334886085676, -0.006810119613418472, -0.4364472286522442, 0.35897926282946363, -0.0031386321159851405, -0.24764427148310675, 0.3706248735450549, 0.008506997126859789]], "inverted": false, "swapped": false, "error_lsq": 0.05034013829933937, "error_max": 0.33425181382389496, "target": "59.xyz", "model": "22.xyz", "model_rescale": 4.46600560860683, "target_rescale": 4.4498457331589245},
{"mapping": [9, 8, 5, 4, 3, 2, 6, 1, 0, 12, 11, 10, 13], "R": [[-0.5296833776352515, 0.8464504077373096, -0.05438038891230668], [-0.8461101578715424, -0.5317870105551316, -0.03605795545272007], [-0.05944005554762965, 0.026912499812889467, 0.9978690280544417]], "T": [-0.03848290389005243, 0.015443892889177024, -0.03386244335528374], "aligned_model": [[0.16747613035324335, 0.12432688813842677, -0.5088636038753198, -0.5520128460901363, 0.04278615694388532, -0.04351232748574787, -0.581611294141475, 0.3624338765220392, 0.31928463430722254, -0.18673429087267443, 0.5488048944327608, 0.5056556522179443, -0.0003630852709312696], [-0.5170999981639581, -0.545710927300737, 0.3154791936913105, 0.28686826455453157, -0.03130573892073531, -0.08852759719429316, -0.431351497633403, 0.5515844903741486, 0.5229735612373697, 0.6298284648205535, -0.13816052458602796, -0.16677145372280688, -0.059916668057514236], [-0.43946440330414005, 0.35231537707989713, -0.4462373506383144, 0.3455424297457228, -0.8262879770091561, 0.7572715837589182, 0.31797657637907484, -0.3902230155494285, 0.40155676483460867, -0.01974086722809353, -0.40499035091400337, 0.3867894294700338, -0.034508196625119]], "inverted": true, "swapped": false, "error_lsq": 0.03619557424761121, "error_max": 0.32527682706744343, "target": "59.xyz", "model": "23.xyz", "model_rescale": 4.509807674373902, "target_rescale": 4.4498457331589245},
{"mapping": [8, 9, 4, 5, 2, 3, 7, 0, 1, 12, 10, 11, 13], "R": [[0.5296833776352519, -0.8464504077373095, -0.05438038891230671], [0.8461101578715423, 0.5317870105551319, -0.03605795545272011], [0.05944005554762969, -0.02691249981288945, 0.9978690280544418]], "T": [-0.03848290389005243, 0.015443892889177028, -0.03386244335528373], "aligned_model": [[0.16747613035324319, 0.12432688813842654, -0.5088636038753196, -0.5520128460901361, 0.042786156943885295, -0.04351232748574792, -0.581611294141475, 0.3624338765220393, 0.31928463430722265, -0.1867342908726742, 0.5488048944327608, 0.5056556522179443, -0.00036308527093130427], [-0.5170999981639581, -0.545710927300737, 0.3154791936913107, 0.28686826455453174, -0.03130573892073529, -0.0885275971942932, -0.4313514976334029, 0.5515844903741484, 0.5229735612373695, 0.6298284648205535, -0.13816052458602812, -0.1667714537228071, -0.05991666805751425], [-0.4394644033041402, 0.3523153770798973, -0.44623735063831454, 0.34554242974572297, -0.8262879770091561, 0.7572715837589182, 0.317976576379075, -0.3902230155494287, 0.40155676483460884, -0.019740867228093494, -0.40499035091400354, 0.386789429470034, -0.034508196625118996]], "inverted": false, "swapped": false, "error_lsq": 0.036195574247611224, "error_max": 0.3252768270674436, "target": "59.xyz", "model": "24.xyz", "model_rescale": 4.509807674373903, "target_rescale": 4.4498457331589245},
{"mapping": [6, 4, 7, 10, 5, 1, 8, 2, 0, 9, 3, 11, 12], "R": [[-0.35745907977890223, -0.8403614614891298, 0.40745014459130346], [-0.43295853210792357, 0.5356736320569319, 0.7249832200774629], [-0.8275082572147376, 0.08274281819462331, -0.555323068383296]], "T": [0.09074696597258788, 0.1186463818188303, -0.07233280442315146], "aligned_model": [[-0.20639406817509146, 0.3214379107225914, -0.33860849413130467, -0.5793859030446054, 0.12007654677345299, 0.040755448973248704, -0.6650791090798491, 0.25848294711822917, 0.36722606392179313, -0.252915288096061, 0.6479085256711359, 0.5521538723560132, -0.06798766783031537], [-0.7139742301674772, -0.6333653665092895, 0.3456131311618327, 0.060196085861122406, -0.1330793137514456, -0.010956268539028424, -0.23528178525419885, 0.5743734744709741, 0.5699386478770032, 0.6410910022771539, -0.05247045009325804, -0.07767391628989292, -0.006521441945057771], [-0.2952056735163402, 0.1973099542959972, -0.4517643453925225, 0.4418155936631184, -0.7401598992954438, 0.8039334886085674, -0.006810119613418958, -0.43644722865224406, 0.3589792628294639, -0.0031386321159851543, -0.24764427148310633, 0.37062487354505513, 0.008506997126859761]], "inverted": true, "swapped": false, "error_lsq": 0.05034013829933938, "error_max": 0.3342518138238948, "target": "59.xyz", "model": "25.xyz", "model_rescale": 4.466005608606829, "target_rescale": 4.4498457331589245},
{"mapping": [5, 3, 8, 9, 6, 0, 7, 2, 1, 10, 4, 11, 12], "R": [[0.3574591691649342, 0.840361403262782, 0.4074501862634537], [0.43295845043206027, -0.5356737115902114, 0.724983210088783], [0.8275082613360332, -0.08274289466398416, -0.5553230508480992]], "T": [0.0907469755726959, 0.11864639672407132, -0.07233276338279472], "aligned_model": [[-0.2063940849896556, 0.32143798229767195, -0.33860840679577436, -0.579385970352664, 0.12007654657164879, 0.040755631032043965, -0.6650790383570788, 0.2584828393528157, 0.3672262625933484, -0.2529153387913596, 0.6479086138589765, 0.5521535409677536, -0.06798779220848877], [-0.7139742388142875, -0.6333653625052097, 0.3456130899809968, 0.0601961538371468, -0.1330793602536284, -0.010956302066439688, -0.23528178857966217, 0.5743734808591984, 0.5699385764942193, 0.6410910323978057, -0.05247048394455073, -0.07767383060569047, -0.006521397701460735], [-0.2952057525742844, 0.19731001031823003, -0.4517643502836651, 0.441815558947268, -0.7401599414372745, 0.8039335635936102, -0.0068101614206749345, -0.4364472363408272, 0.3589793747306201, -0.0031386299157221825, -0.24764417854476012, 0.3706247904053185, 0.00850695252216302]], "inverted": false, "swapped": false, "error_lsq": 0.05034014465684559, "error_max": 0.3342518361146385, "target": "59.xyz", "model": "26.xyz", "model_rescale": 4.466005838112752, "target_rescale": 4.4498457331589245},
{"mapping": [8, 9, 4, 5, 2, 3, 6, 0, 1, 12, 10, 11, 13], "R": [[0.5296832530294103, -0.8464504858336429, 0.05438038701749041], [0.846110236334637, 0.5317868858376976, 0.03605795364116847], [-0.05944004904041401, 0.026912507929100046, 0.997869028223163]], "T": [-0.038482884365356115, 0.015443925752017931, 0.03386243949528837], "aligned_model": [[0.12432682838464469, 0.16747606700358453, -0.5520128779857314, -0.5088636393667916, -0.04351226001146154, 0.04278621722641811, -0.5816113363597928, 0.31928452525499873, 0.36243376387393855, -0.18673413172880016, 0.5056557058309062, 0.5488049444498461, -0.0003630213925217077], [-0.5457108743420491, -0.5170999480300862, 0.2868683652470568, 0.3154792915590198, -0.08852770502058685, -0.03130585239666081, -0.4313515543512488, 0.5229737791373394, 0.5515847054493024, 0.6298281755475384, -0.16677148065226327, -0.13816055434030028, -0.05991677870862383], [-0.3523153587103386, 0.43946438341253935, -0.34554241439313893, 0.446237327729739, -0.757271546653543, 0.8262879375922129, -0.3179765561406566, -0.4015567474199675, 0.39022299470291044, 0.01974086823594906, -0.3867894129739592, 0.40499032914891875, 0.03450819546933506]], "inverted": false, "swapped": false, "error_lsq": 0.0361955740145781, "error_max": 0.3252768219550758, "target": "59.xyz", "model": "27.xyz", "model_rescale": 4.509807893063789, "target_rescale": 4.4498457331589245},
