[{"mapping": [5, 4, 3, 2, 8, 7, 11, 10, 9, 1, 0, 12], "R": [[-0.8645986577350155, 0.5024630942097235, -2.6548987416535846e-17], [0.5024630942097235, 0.8645986577350155, 2.1867447228399047e-17], [3.3941804081409943e-17, 5.566679156317487e-18, -1.0]], "T": [-0.013582889077845061, -0.0747914261974509, 4.475372808225298e-17], "aligned_model": [[-0.08964369808987087, -0.08964369808987081, 0.5822831101985448, 0.5822831101985448, 0.026383051353825047, 0.026383051353825075, -0.5539972466650142, -0.5539972466650142, 0.49073671284593773, -0.39526706327519007, -0.39526706327519007, -0.08964369808987084], [-0.0412255330860512, -0.041225533086051244, -0.09765710075317835, -0.09765710075317838, 0.5270278700406624, 0.5270278700406624, 0.09151411701700972, 0.09151411701700972, 0.3942884142361707, -0.6151410701681077, -0.6151410701681077, -0.04122553308605122], [-0.8041627091327751, 0.804162709132775, -0.4020813545663874, 0.4020813545663875, -0.4020813545663874, 0.4020813545663875, -0.4020813545663874, 0.4020813545663875, 1.4142091972486814e-16, -0.4020813545663874, 0.4020813545663875, 1.4730585369130636e-16]], "inverted": false, "swapped": true, "error_lsq": 0.02584378846506999, "error_max": 0.11171849251712337, "target": "60.xyz", "model": "0.xyz", "model_rescale": 4.5108708085295355, "target_rescale": 4.4498457331589245},
{"mapping": [5, 4, 3, 2, 8, 7, 11, 10, 9, 1, 0, 12], "R": [[-0.8645986577350155, 0.5024630942097236, -1.7545789465604098e-17], [0.5024630942097236, 0.8645986577350155, -4.040948983805702e-17], [-5.134211278604033e-18, -4.3754102338980655e-17, -1.0]], "T": [-0.013582889077845047, -0.0747914261974509, -1.3655246466279593e-17], "aligned_model": [[-0.08964369808987084, -0.08964369808987081, 0.582283110198545, 0.582283110198545, 0.026383051353825123, 0.026383051353825137, -0.553997246665014, -0.553997246665014, 0.49073671284593784, -0.39526706327519007, -0.39526706327519007, -0.08964369808987083], [-0.04122553308605125, -0.04122553308605118, -0.09765710075317843, -0.0976571007531784, 0.5270278700406624, 0.5270278700406624, 0.09151411701700975, 0.0915141170170098, 0.3942884142361707, -0.6151410701681077, -0.6151410701681077, -0.041225533086051216], [-0.8041627091327751, 0.804162709132775, -0.40208135456638744, 0.40208135456638744, -0.40208135456638744, 0.40208135456638744, -0.40208135456638744, 0.40208135456638744, 5.833957868116258e-17, -0.4020813545663874, 0.4020813545663875, 8.61217076100525e-17]], "inverted": false, "swapped": true, "error_lsq": 0.02584378846506999, "error_max": 0.1117184925171235, "target": "60.xyz", "model": "1.xyz", "model_rescale": 4.510870808529536, "target_rescale": 4.4498457331589245},
{"mapping": [4, 5, 2, 3, 7, 8, 10, 11, 9, 0, 1, 12], "R": [[0.8645986577350155, -0.5024630942097233, 4.3795197626064004e-16], [-0.5024630942097233, -0.8645986577350155, -1.220368684343174e-16], [4.399717133485188e-16, -1.1454179246468894e-16, -1.0]], "T": [-0.013582889077845054, -0.0747914261974509, 1.323490390760634e-16], "aligned_model": [[-0.08964369808987047, -0.08964369808987116, 0.5822831101985451, 0.5822831101985446, 0.026383051353825186, 0.02638305135382484, -0.5539972466650139, -0.5539972466650144, 0.4907367128459376, -0.3952670632751898, -0.3952670632751901, -0.08964369808987081], [-0.041225533086051334, -0.04122553308605114, -0.09765710075317835, -0.09765710075317827, 0.5270278700406624, 0.5270278700406624, 0.09151411701700961, 0.09151411701700972, 0.3942884142361707, -0.6151410701681077, -0.6151410701681077, -0.04122553308605124], [-0.8041627091327749, 0.8041627091327752, -0.40208135456638705, 0.4020813545663878, -0.4020813545663874, 0.4020813545663875, -0.4020813545663876, 0.4020813545663873, 1.9617298288196083e-16, -0.40208135456638744, 0.40208135456638744, -4.857006779666594e-18]], "inverted": true, "swapped": true, "error_lsq": 0.025843788465069985, "error_max": 0.11171849251712339, "target": "60.xyz", "model": "2.xyz", "model_rescale": 4.5108708085295355, "target_rescale": 4.4498457331589245},
{"mapping": [10, 9, 5, 4, 1, 0, 7, 3, 2, 8, 12, 11, 13], "R": [[-0.529683400900972, 0.8464503930971209, 0.05438039017614412], [-0.8461101432076265, -0.531787033886664, 0.03605795544944327], [0.059440056957830896, -0.026912499247627043, 0.9978690279856853]], "T": [-0.03848291954147594, 0.01544396507377984, 0.03386244120442674], "aligned_model": [[0.12432704215268996, 0.16747628471325499, -0.5520128465562774, -0.5088636039957123, -0.043512463588314516, 0.042786021532815535, -0.5816113139122105, 0.31928462705462624, 0.3624338696151913, -0.18673409967373072, 0.5056556231520446, 0.5488048657126097, -0.00036322102774949405], [-0.5457109695466191, -0.5171000408481228, 0.28686834616873225, 0.3154792748672287, -0.08852771208735202, -0.031305854690359174, -0.43135140422658275, 0.5229736151974199, 0.5515845438959163, 0.6298284137897296, -0.16677139436559696, -0.13816046566710052, -0.059916783388855595], [-0.35231537852233835, 0.4394643897500524, -0.3455424263853888, 0.446237341887002, -0.7572715605254049, 0.8262879760193763, -0.317976572355805, -0.4015567612117691, 0.3902230070606217, 0.019740858445805642, -0.3867894250907644, 0.4049903431816264, 0.034508207746985695]], "inverted": true, "swapped": false, "error_lsq": 0.03619558510333885, "error_max": 0.32527680742950854, "target": "60.xyz", "model": "3.xyz", "model_rescale": 4.509807743048502, "target_rescale": 4.4498457331589245},
{"mapping": [9, 10, 4, 5, 0, 1, 7, 2, 3, 8, 11, 12, 13], "R": [[0.529683400900972, -0.8464503930971209, -0.05438039017614432], [0.8461101432076265, 0.531787033886664, -0.03605795544944327], [0.059440056957831, -0.02691249924762722, 0.9978690279856852]], "T": [-0.03848291954147593, 0.015443965073779833, -0.033862441204426705], "aligned_model": [[0.16747628471325507, 0.12432704215268989, -0.5088636039957123, -0.5520128465562775, 0.042786021532815695, -0.043512463588314676, -0.5816113139122105, 0.36243386961519136, 0.3192846270546262, -0.1867340996737307, 0.5488048657126097, 0.5056556231520446, -0.0003632210277494802], [-0.5171000408481228, -0.5457109695466191, 0.3154792748672287, 0.28686834616873225, -0.031305854690359174, -0.08852771208735204, -0.43135140422658275, 0.5515845438959163, 0.5229736151974199, 0.6298284137897296, -0.13816046566710055, -0.16677139436559696, -0.0599167833888556], [-0.43946438975005225, 0.35231537852233813, -0.446237341887002, 0.3455424263853884, -0.8262879760193763, 0.757271560525405, 0.3179765723558046, -0.3902230070606215, 0.40155676121176886, -0.01974085844580574, -0.40499034318162613, 0.38678942509076425, -0.03450820774698575]], "inverted": false, "swapped": false, "error_lsq": 0.03619558510333884, "error_max": 0.3252768074295084, "target": "60.xyz", "model": "4.xyz", "model_rescale": 4.509807743048502, "target_rescale": 4.4498457331589245},
{"mapping": [10, 9, 5, 4, 1, 0, 6, 3, 2, 8, 12, 11, 13], "R": [[-0.5296834009009724, 0.8464503930971208, -0.05438039017614429], [-0.8461101432076263, -0.5317870338866645, -0.03605795544944334], [-0.05944005695783105, 0.02691249924762714, 0.9978690279856854]], "T": [-0.03848291954147595, 0.015443965073779858, -0.0338624412044266], "aligned_model": [[0.16747628471325482, 0.12432704215268967, -0.5088636039957122, -0.5520128465562774, 0.04278602153281562, -0.04351246358831469, -0.5816113139122109, 0.36243386961519164, 0.31928462705462646, -0.18673409967373045, 0.5488048657126097, 0.5056556231520446, -0.0003632210277495218], [-0.5171000408481228, -0.5457109695466194, 0.315479274867229, 0.2868683461687325, -0.031305854690359125, -0.08852771208735208, -0.43135140422658264, 0.5515845438959164, 0.5229736151974198, 0.6298284137897299, -0.13816046566710072, -0.1667713943655972, -0.05991678338885559], [-0.43946438975005253, 0.3523153785223383, -0.44623734188700215, 0.3455424263853887, -0.8262879760193763, 0.7572715605254051, 0.31797657235580484, -0.39022300706062174, 0.4015567612117691, -0.019740858445805774, -0.4049903431816264, 0.3867894250907644, -0.034508207746985854]], "inverted": true, "swapped": false, "error_lsq": 0.03619558510333885, "error_max": 0.32527680742950854, "target": "60.xyz", "model": "5.xyz", "model_rescale": 4.509807743048502, "target_rescale": 4.4498457331589245},
{"mapping": [10, 9, 5, 4, 1, 0, 7, 3, 2, 8, 12, 11, 13], "R": [[-0.5296833180102498, 0.8464504450886858, 0.054380388292269495], [-0.8461101953505983, -0.5317869509189317, 0.036057955517722534], [0.05944005337669784, -0.026912503441920255, 0.9978690280858826]], "T": [-0.03848291317469928, 0.015443954767132919, 0.03386244218803402], "aligned_model": [[0.12432682691091299, 0.16747606947535967, -0.5520129790555912, -0.5088637364911446, -0.043512354680717985, 0.04278613044817534, -0.5816111894245338, 0.3192845016221863, 0.36243374418663293, -0.18673387706097358, 0.505655759400378, 0.5488050019648246, -0.00036311211627131773], [-0.5457108045027432, -0.5170998747563402, 0.28686835599605787, 0.31547928574246087, -0.08852778129165897, -0.03130592179885301, -0.4313515403040496, 0.5229737187775106, 0.5515846485239136, 0.6298282335131683, -0.1667714145010878, -0.1381604847546848, -0.059916851545255986], [-0.35231538522261224, 0.4394644106297697, -0.34554243332060525, 0.4462373625317767, -0.7572715905426618, 0.8262880011621018, -0.31797658803315687, -0.4015567702854684, 0.3902230255669136, 0.01974085346611111, -0.3867894435571351, 0.4049903522952468, 0.03450820530971995]], "inverted": true, "swapped": false, "error_lsq": 0.03619558219709764, "error_max": 0.3252768365719685, "target": "60.xyz", "model": "6.xyz", "model_rescale": 4.509807586411629, "target_rescale": 4.4498457331589245},
{"mapping": [10, 9, 5, 4, 1, 0, 7, 3, 2, 8, 12, 11, 13], "R": [[-0.5296833180102509, 0.8464504450886854, 0.054380388292269155], [-0.8461101953505978, -0.5317869509189328, 0.03605795551772236], [0.05944005337669754, -0.026912503441919998, 0.9978690280858828]], "T": [-0.038482913174699325, 0.015443954767132978, 0.03386244218803393], "aligned_model": [[0.12432682691091251, 0.16747606947535892, -0.5520129790555909, -0.5088637364911445, -0.04351235468071785, 0.04278613044817497, -0.5816111894245344, 0.319284501622187, 0.36243374418663343, -0.18673387706097294, 0.5056557594003781, 0.5488050019648245, -0.0003631121162714357], [-0.5457108045027433, -0.5170998747563406, 0.28686835599605864, 0.31547928574246153, -0.08852778129165884, -0.03130592179885314, -0.431351540304049, 0.5229737187775105, 0.5515846485239133, 0.6298282335131686, -0.16677141450108832, -0.13816048475468548, -0.059916851545255986], [-0.35231538522261224, 0.43946441062976965, -0.3455424333206054, 0.4462373625317765, -0.7572715905426624, 0.826288001162102, -0.3179765880331571, -0.40155677028546816, 0.39022302556691374, 0.01974085346611114, -0.3867894435571349, 0.404990352295247, 0.034508205309719965]], "inverted": true, "swapped": false, "error_lsq": 0.036195582197097634, "error_max": 0.32527683657196865, "target": "60.xyz", "model": "7.xyz", "model_rescale": 4.509807586411629, "target_rescale": 4.4498457331589245},
{"mapping": [10, 9, 5, 4, 1, 0, 6, 3, 2, 8, 12, 11, 13], "R": [[-0.5296833180102511, 0.8464504450886852, -0.05438038829226949], [-0.8461101953505976, -0.531786950918933, -0.03605795551772251], [-0.05944005337669786, 0.02691250344192019, 0.9978690280858826]], "T": [-0.03848291317469932, 0.015443954767132992, -0.033862442188033866], "aligned_model": [[0.16747606947535887, 0.12432682691091221, -0.5088637364911442, -0.5520129790555909, 0.0427861304481752, -0.043512354680718124, -0.5816111894245345, 0.3624337441866337, 0.3192845016221871, -0.18673387706097272, 0.5488050019648245, 0.5056557594003779, -0.00036311211627144957], [-0.5170998747563404, -0.5457108045027435, 0.31547928574246176, 0.28686835599605875, -0.031305921798853026, -0.08852778129165895, -0.4313515403040489, 0.5515846485239133, 0.5229737187775103, 0.6298282335131686, -0.13816048475468556, -0.1667714145010885, -0.05991685154525597], [-0.4394644106297697, 0.3523153852226122, -0.44623736253177665, 0.34554243332060525, -0.8262880011621017, 0.7572715905426619, 0.3179765880331568, -0.3902230255669136, 0.4015567702854683, -0.019740853466111215, -0.4049903522952469, 0.386789443557135, -0.0345082053097201]], "inverted": true, "swapped": false, "error_lsq": 0.03619558219709765, "error_max": 0.3252768365719686, "target": "60.xyz", "model": "8.xyz", "model_rescale": 4.509807586411629, "target_rescale": 4.4498457331589245},
{"mapping": [11, 12, 6, 7, 0, 1, 4, 2, 3, 8, 9, 10, 13], "R": [[-0.5296834503208089, 0.8464503620221069, 0.05438039250398059], [-0.8461101121395078, -0.5317870833947805, 0.036057954319984827], [0.05944005881148298, -0.02691249834401379, 0.9978690278996392]], "T": [-0.038482942830748525, 0.015443919931454924, 0.0338624458398252], "aligned_model": [[0.12432690076036484, 0.16747614745066003, -0.5520127873929915, -0.5088635407026963, -0.04351228209648624, 0.04278621128410413, -0.5816112982697843, 0.31928455840161, 0.3624338050919052, -0.18673418875964576, 0.5056555240640467, 0.5488047707543419, -0.0003630354061910576], [-0.5457109957203646, -0.517100066404499, 0.28686828565006045, 0.3154792149659262, -0.08852763540290266, -0.031305776771171315, -0.4313515009543421, 0.5229736340674851, 0.5515845633833507, 0.6298284687406537, -0.1667714228422938, -0.13816049352642812, -0.05991670608703699], [-0.3523153902171402, 0.43946441987332274, -0.34554244524799493, 0.446237364842468, -0.7572716136916753, 0.8262880064892504, -0.31797658827976893, -0.4015567777476986, 0.39022303234276434, 0.01974086409005448, -0.3867894394714163, 0.40499037061904664, 0.03450819639878754]], "inverted": false, "swapped": false, "error_lsq": 0.03619557048055425, "error_max": 0.3252768397169861, "target": "60.xyz", "model": "9.xyz", "model_rescale": 4.509807504472865, "target_rescale": 4.4498457331589245},
{"mapping": [11, 12, 6, 7, 0, 1, 4, 2, 3, 8, 9, 10, 13], "R": [[-0.5296834503208089, 0.8464503620221069, 0.05438039250398061], [-0.8461101121395078, -0.5317870833947805, 0.03605795431998479], [0.05944005881148297, -0.026912498344013824, 0.9978690278996392]], "T": [-0.03848294283074852, 0.015443919931454924, 0.03386244583982524], "aligned_model": [[0.12432690076036484, 0.16747614745066003, -0.5520127873929915, -0.5088635407026963, -0.043512282096486256, 0.04278621128410416, -0.5816112982697843, 0.3192845584016101, 0.36243380509190526, -0.18673418875964576, 0.5056555240640467, 0.5488047707543419, -0.0003630354061910576], [-0.5457109957203646, -0.517100066404499, 0.2868682856500605, 0.3154792149659261, -0.08852763540290264, -0.03130577677117134, -0.43135150095434205, 0.5229736340674851, 0.5515845633833507, 0.6298284687406537, -0.16677142284229377, -0.13816049352642815, -0.05991670608703699], [-0.35231539021714015, 0.4394644198733226, -0.34554244524799477, 0.44623736484246795, -0.7572716136916754, 0.8262880064892506, -0.3179765882797689, -0.40155677774769855, 0.3902230323427642, 0.019740864090054447, -0.38678943947141625, 0.40499037061904647, 0.03450819639878748]], "inverted": false, "swapped": false, "error_lsq": 0.036195570480554246, "error_max": 0.32527683971698607, "target": "60.xyz", "model": "10.xyz", "model_rescale": 4.509807504472865, "target_rescale": 4.4498457331589245},
{"mapping": [12, 11, 7, 6, 1, 0, 5, 3, 2, 8, 10, 9, 13], "R": [[0.5296834503208091, -0.8464503620221071, 0.05438039250398065], [0.846110112139508, 0.5317870833947808, 0.03605795431998493], [-0.05944005881148311, 0.026912498344013783, 0.9978690278996394]], "T": [-0.03848294283074853, 0.015443919931454927, 0.033862445839825346], "aligned_model": [[0.12432690076036483, 0.16747614745066008, -0.5520127873929916, -0.5088635407026965, -0.0435122820964863, 0.04278621128410416, -0.5816112982697844, 0.31928455840161013, 0.3624338050919053, -0.1867341887596458, 0.5056555240640468, 0.548804770754342, -0.00036303540619107844], [-0.545710995720365, -0.5171000664044991, 0.2868682856500606, 0.31547921496592635, -0.08852763540290276, -0.031305776771171245, -0.43135150095434216, 0.5229736340674851, 0.5515845633833509, 0.6298284687406539, -0.16677142284229396, -0.13816049352642823, -0.05991670608703702], [-0.3523153902171402, 0.4394644198733228, -0.34554244524799493, 0.44623736484246806, -0.7572716136916753, 0.8262880064892506, -0.3179765882797689, -0.40155677774769877, 0.39022303234276423, 0.01974086409005428, -0.38678943947141636, 0.40499037061904664, 0.0345081963987874]], "inverted": true, "swapped": false, "error_lsq": 0.036195570480554246, "error_max": 0.32527683971698607, "target": "60.xyz", "model": "11.xyz", "model_rescale": 4.509807504472865, "target_rescale": 4.4498457331589245},
{"mapping": [11, 12, 6, 7, 0, 1, 4, 2, 3, 8, 9, 10, 13], "R": [[-0.5296833409640352, 0.846450430806806, 0.054380387017289845], [-0.8461101809445729, -0.5317869738024713, 0.036057956070085447], [0.05944005389566847, -0.02691250045949773, 0.9978690281354051]], "T": [-0.03848285184809319, 0.015443858954619579, 0.03386244102186146], "aligned_model": [[0.12432686747062505, 0.16747610730016516, -0.5520128890452362, -0.508863649215696, -0.043512364415155595, 0.042786115243924644, -0.5816113053558858, 0.3192845633296175, 0.36243380315915763, -0.18673416859374656, 0.5056557950287714, 0.5488050348583116, -0.0003631245856154722], [-0.5457108830768727, -0.5170999540348182, 0.2868682624261269, 0.3154791914681813, -0.08852756888348778, -0.03130571079937888, -0.43135148641856286, 0.5229735921657043, 0.5515845212077587, 0.6298283529696148, -0.16677151856322442, -0.13816058952116997, -0.05991663984143333], [-0.35231536946393766, 0.43946439480649635, -0.34554242104031085, 0.44623734323012315, -0.7572715671269652, 0.8262879614139025, -0.3179765694996725, -0.401556754283452, 0.390223009986982, 0.01974086322200335, -0.386789426329536, 0.404990337940898, 0.03450819714346872]], "inverted": false, "swapped": false, "error_lsq": 0.03619557451461925, "error_max": 0.3252768192941365, "target": "60.xyz", "model": "12.xyz", "model_rescale": 4.509807766519439, "target_rescale": 4.4498457331589245},
{"mapping": [11, 12, 6, 7, 0, 1, 4, 2, 3, 8, 9, 10, 13], "R": [[-0.5296833409640357, 0.8464504308068058, 0.054380387017289845], [-0.8461101809445727, -0.5317869738024718, 0.036057956070085426], [0.05944005389566847, -0.026912500459497706, 0.9978690281354051]], "T": [-0.03848285184809319, 0.015443858954619603, 0.033862441021861506], "aligned_model": [[0.12432686747062485, 0.16747610730016496, -0.552012889045236, -0.5088636492156959, -0.04351236441515564, 0.042786115243924616, -0.581611305355886, 0.3192845633296178, 0.3624338031591579, -0.18673416859374622, 0.5056557950287713, 0.5488050348583114, -0.0003631245856155138], [-0.5457108830768728, -0.5170999540348183, 0.2868682624261271, 0.31547919146818154, -0.08852756888348778, -0.0313057107993789, -0.4313514864185627, 0.5229735921657043, 0.5515845212077587, 0.629828352969615, -0.16677151856322464, -0.13816058952117022, -0.05991663984143334], [-0.3523153694639376, 0.43946439480649613, -0.34554242104031074, 0.446237343230123, -0.7572715671269652, 0.8262879614139028, -0.31797656949967246, -0.40155675428345194, 0.3902230099869818, 0.019740863222003288, -0.38678942632953583, 0.4049903379408979, 0.03450819714346867]], "inverted": false, "swapped": false, "error_lsq": 0.03619557451461925, "error_max": 0.32527681929413643, "target": "60.xyz", "model": "13.xyz", "model_rescale": 4.509807766519439, "target_rescale": 4.4498457331589245},
{"mapping": [12, 11, 7, 6, 1, 0, 5, 3, 2, 8, 10, 9, 13], "R": [[0.5296833409640359, -0.8464504308068055, 0.054380387017289866], [0.8461101809445724, 0.531786973802472, 0.03605795607008555], [-0.05944005389566859, 0.026912500459497658, 0.997869028135405]], "T": [-0.03848285184809318, 0.015443858954619635, 0.03386244102186163], "aligned_model": [[0.12432686747062459, 0.1674761073001647, -0.5520128890452358, -0.5088636492156957, -0.043512364415155665, 0.0427861152439246, -0.581611305355886, 0.3192845633296179, 0.362433803159158, -0.18673416859374603, 0.5056557950287712, 0.5488050348583113, -0.00036312458561554156], [-0.5457108830768728, -0.5170999540348182, 0.28686826242612723, 0.31547919146818176, -0.08852756888348784, -0.03130571079937877, -0.4313514864185624, 0.5229735921657038, 0.5515845212077584, 0.6298283529696149, -0.16677151856322484, -0.1381605895211703, -0.05991663984143332], [-0.3523153694639375, 0.43946439480649635, -0.34554242104031085, 0.446237343230123, -0.7572715671269649, 0.8262879614139026, -0.31797656949967246, -0.401556754283452, 0.39022300998698184, 0.019740863222003142, -0.3867894263295359, 0.40499033794089795, 0.03450819714346861]], "inverted": true, "swapped": false, "error_lsq": 0.03619557451461926, "error_max": 0.3252768192941364, "target": "60.xyz", "model": "14.xyz", "model_rescale": 4.509807766519439, "target_rescale": 4.4498457331589245},
{"mapping": [4, 5, 2, 3, 10, 11, 7, 8, 9, 0, 1, 12], "R": [[-0.8645986532425138, 0.5024631019400639, -1.385018270295709e-17], [0.5024631019400639, 0.8645986532425138, -9.206590931847928e-17], [-3.428487306695628e-17, -8.655926696966903e-17, -1.0]], "T": [0.013582745176909914, 0.07479153669684828, 5.665419106926259e-17], "aligned_model": [[0.08964355388882442, 0.08964355388882445, -0.5822832538950389, -0.5822832538950389, 0.553997101277148, 0.553997101277148, -0.02638320063560143, -0.026383200635601418, -0.4907368609408961, 0.39526692420549847, 0.39526692420549847, 0.08964355388882443], [0.04122564290539201, 0.041225642905392164, 0.09765721658018878, 0.09765721658018886, -0.09151401134943456, -0.0915140113494345, -0.5270277591839312, -0.5270277591839312, -0.3942882992276727, 0.6151411772548826, 0.6151411772548826, 0.04122564290539209], [-0.8041627091327749, 0.8041627091327752, -0.4020813545663874, 0.4020813545663875, -0.4020813545663874, 0.4020813545663875, -0.40208135456638733, 0.40208135456638755, 7.026583640617674e-18, -0.40208135456638744, 0.40208135456638744, -4.110777824534816e-17]], "inverted": true, "swapped": true, "error_lsq": 0.025843792950721214, "error_max": 0.11171864482887713, "target": "60.xyz", "model": "15.xyz", "model_rescale": 4.510870436145588, "target_rescale": 4.4498457331589245},
{"mapping": [5, 4, 3, 2, 11, 10, 8, 7, 9, 1, 0, 12], "R": [[0.8645986532425142, -0.5024631019400637, -3.075407958125241e-16], [-0.5024631019400637, -0.8645986532425142, 1.6720058053000234e-16], [-3.499114802159238e-16, 9.966505489470029e-18, -1.0]], "T": [0.01358274517690988, 0.0747915366968483, 4.724626254577897e-18], "aligned_model": [[0.08964355388882418, 0.08964355388882468, -0.5822832538950392, -0.582283253895039, 0.5539971012771479, 0.5539971012771481, -0.026383200635601362, -0.026383200635601112, -0.490736860940896, 0.3952669242054982, 0.3952669242054984, 0.08964355388882443], [0.04122564290539226, 0.041225642905392, 0.09765721658018871, 0.09765721658018857, -0.09151401134943432, -0.09151401134943443, -0.5270277591839312, -0.5270277591839314, -0.394288299227673, 0.6151411772548829, 0.6151411772548827, 0.04122564290539213], [-0.8041627091327751, 0.804162709132775, -0.4020813545663873, 0.4020813545663876, -0.4020813545663876, 0.4020813545663873, -0.40208135456638755, 0.40208135456638733, 1.811918461338224e-16, -0.40208135456638744, 0.40208135456638744, 7.551937543664564e-17]], "inverted": false, "swapped": true, "error_lsq": 0.025843792950721218, "error_max": 0.11171864482887738, "target": "60.xyz", "model": "16.xyz", "model_rescale": 4.510870436145588, "target_rescale": 4.4498457331589245},
{"mapping": [5, 4, 3, 2, 11, 10, 8, 7, 9, 1, 0, 12], "R": [[0.8645986532425138, -0.5024631019400639, 4.1562011507657233e-16], [-0.5024631019400639, -0.8645986532425138, -1.9316376305889206e-16], [4.564022553246895e-16, -4.1824642854086735e-17, -1.0]], "T": [0.013582745176909914, 0.07479153669684828, 6.890217538300526e-17], "aligned_model": [[0.08964355388882476, 0.0896435538888241, -0.5822832538950387, -0.5822832538950391, 0.5539971012771482, 0.5539971012771477, -0.026383200635601258, -0.02638320063560159, -0.4907368609408961, 0.39526692420549864, 0.3952669242054983, 0.08964355388882443], [0.041225642905391935, 0.04122564290539224, 0.09765721658018875, 0.09765721658018889, -0.09151401134943461, -0.09151401134943445, -0.5270277591839313, -0.5270277591839311, -0.3942882992276727, 0.6151411772548825, 0.6151411772548827, 0.04122564290539209], [-0.804162709132775, 0.8041627091327751, -0.40208135456638766, 0.4020813545663872, -0.4020813545663871, 0.40208135456638777, -0.4020813545663873, 0.4020813545663876, 4.9704816686593214e-17, -0.40208135456638733, 0.40208135456638755, 2.0679707955927508e-16]], "inverted": false, "swapped": true, "error_lsq": 0.025843792950721218, "error_max": 0.1117186448288772, "target": "60.xyz", "model": "17.xyz", "model_rescale": 4.510870436145588, "target_rescale": 4.4498457331589245},
{"mapping": [5, 3, 8, 9, 6, 0, 7, 2, 1, 10, 4, 11, 12], "R": [[0.35745914303059223, 0.8403614202607154, 0.40745017413326484], [0.4329584939478631, -0.5356736903463366, 0.7249831997978541], [0.8275082498575062, -0.08274285955978467, -0.5553230731832031]], "T": [0.09074696190416853, 0.11864638144621965, -0.07233280465361945], "aligned_model": [[-0.2063940435609838, 0.3214379561838996, -0.33860839950198685, -0.5793859797194152, 0.12007659243184765, 0.04075556468270536, -0.6650790354948183, 0.25848286559477024, 0.3672262006755368, -0.25291534372658375, 0.6479085921767311, 0.5521535858355957, -0.06798777039806131], [-0.713974259297779, -0.6333654413354214, 0.345613105305617, 0.060196185469579125, -0.13307936380385654, -0.010956337873605212, -0.23528179018830553, 0.5743735241554075, 0.5699385576203173, 0.6410910809635016, -0.05247054584149881, -0.0776737747370032, -0.006521371338515061], [-0.29520568242562295, 0.1973099219047677, -0.4517643314239, 0.441815624022572, -0.7401599084712284, 0.8039334720244349, -0.006810105378294615, -0.43644721622934146, 0.3589792459788295, -0.0031386020230333295, -0.2476443041408376, 0.37062487634538954, 0.008507009816264025]], "inverted": false, "swapped": false, "error_lsq": 0.0503401423764113, "error_max": 0.3342518636984739, "target": "60.xyz", "model": "18.xyz", "model_rescale": 4.466005644533647, "target_rescale": 4.4498457331589245},
{"mapping": [8, 9, 4, 5, 2, 3, 6, 0, 1, 12, 10, 11, 13], "R": [[0.5296833187660682, -0.8464504447243753, 0.054380386600972004], [0.8461101949079588, 0.5317869515878161, 0.03605795603959834], [-0.059440052942267806, 0.02691250168314313, 0.9978690281591944]], "T": [-0.038482909979089375, 0.015443893662012965, 0.03386244328469967], "aligned_model": [[0.12432682581966364, 0.16747606584449953, -0.5520129607435977, -0.5088637207187618, -0.0435122326114105, 0.04278624743826126, -0.5816113585842047, 0.3192844960299797, 0.3624337360548156, -0.18673405694286524, 0.5056557480772983, 0.5488049881021342, -0.00036299258657461475], [-0.5457108503768509, -0.5170999210104568, 0.28686828753968374, 0.3154792169060777, -0.08852765233860785, -0.0313057936058198, -0.4313514708697751, 0.5229736430634673, 0.5515845724298614, 0.6298282733800744, -0.16677147120669827, -0.13816054184030424, -0.05991672297221382], [-0.3523153728099176, 0.43946440112462787, -0.3455424227315735, 0.446237351202972, -0.7572715806179998, 0.8262879672510911, -0.31797657188681466, -0.4015567567740807, 0.39022301716046476, 0.019740860319691626, -0.3867894297447763, 0.40499034418976915, 0.03450819331654574]], "inverted": false, "swapped": false, "error_lsq": 0.03619557077554544, "error_max": 0.3252768237430279, "target": "60.xyz", "model": "19.xyz", "model_rescale": 4.509807711582247, "target_rescale": 4.4498457331589245},
{"mapping": [8, 9, 4, 5, 2, 3, 7, 0, 1, 12, 10, 11, 13], "R": [[0.5296833187660686, -0.8464504447243751, -0.05438038660097212], [0.8461101949079587, 0.5317869515878164, -0.03605795603959819], [0.05944005294226774, -0.026912501683143287, 0.9978690281591944]], "T": [-0.038482909979089354, 0.015443893662012983, -0.03386244328469967], "aligned_model": [[0.16747606584449942, 0.12432682581966342, -0.5088637207187616, -0.5520129607435976, 0.042786247438261336, -0.04351223261141061, -0.5816113585842047, 0.36243373605481577, 0.31928449602997977, -0.18673405694286505, 0.5488049881021341, 0.5056557480772982, -0.00036299258657462863], [-0.5170999210104569, -0.5457108503768507, 0.3154792169060778, 0.2868682875396839, -0.03130579360581992, -0.08852765233860771, -0.4313514708697748, 0.551584572429861, 0.5229736430634672, 0.6298282733800745, -0.1381605418403044, -0.16677147120669833, -0.059916722972213815], [-0.4394644011246279, 0.35231537280991765, -0.4462373512029722, 0.3455424227315734, -0.826287967251091, 0.7572715806179997, 0.31797657188681466, -0.3902230171604649, 0.40155675677408065, -0.01974086031969173, -0.4049903441897692, 0.38678942974477637, -0.03450819331654573]], "inverted": false, "swapped": false, "error_lsq": 0.036195570775545444, "error_max": 0.325276823743028, "target": "60.xyz", "model": "20.xyz", "model_rescale": 4.509807711582248, "target_rescale": 4.4498457331589245},
{"mapping": [6, 4, 7, 10, 5, 1, 8, 2, 0, 9, 3, 11, 12], "R": [[-0.35745914303059223, -0.8403614202607154, 0.40745017413326495], [-0.4329584939478627, 0.5356736903463368, 0.7249831997978543], [-0.8275082498575064, 0.08274285955978478, -0.5553230731832027]], "T": [0.09074696190416857, 0.11864638144621972, -0.07233280465361948], "aligned_model": [[-0.2063940435609838, 0.32143795618389964, -0.33860839950198685, -0.5793859797194153, 0.12007659243184768, 0.04075556468270543, -0.6650790354948184, 0.25848286559477035, 0.3672262006755369, -0.25291534372658375, 0.6479085921767311, 0.5521535858355958, -0.06798777039806132], [-0.7139742592977789, -0.6333654413354216, 0.3456131053056173, 0.06019618546957925, -0.13307936380385635, -0.010956337873605476, -0.23528179018830533, 0.5743735241554079, 0.5699385576203172, 0.6410910809635019, -0.05247054584149902, -0.07767377473700351, -0.00652137133851502], [-0.2952056824256234, 0.19730992190476743, -0.4517643314238998, 0.4418156240225719, -0.7401599084712284, 0.803933472024435, -0.0068101053782948645, -0.43644721622934124, 0.35897924597883, -0.0031386020230330797, -0.24764430414083755, 0.37062487634538965, 0.008507009816263969]], "inverted": true, "swapped": false, "error_lsq": 0.0503401423764113, "error_max": 0.3342518636984741, "target": "60.xyz", "model": "21.xyz", "model_rescale": 4.466005644533646, "target_rescale": 4.4498457331589245},
{"mapping": [5, 3, 8, 9, 6, 0, 7, 2, 1, 10, 4, 11, 12], "R": [[0.35745907977890284, 0.8403614614891297, 0.40745014459130313], [0.4329585321079239, -0.535673632056932, 0.7249832200774626], [0.8275082572147374, -0.08274281819462365, -0.5553230683832968]], "T": [0.09074696597258779, 0.11864638181883018, -0.0723328044231516], "aligned_model": [[-0.2063940681750917, 0.32143791072259137, -0.3386084941313049, -0.579385903044605, 0.12007654677345247, 0.04075544897324919, -0.6650791090798491, 0.2584829471182289, 0.3672260639217934, -0.25291528809606084, 0.6479085256711355, 0.5521538723560132, -0.06798766783031536], [-0.7139742301674774, -0.6333653665092897, 0.3456131311618325, 0.06019608586112245, -0.13307931375144577, -0.010956268539028272, -0.23528178525419902, 0.5743734744709738, 0.5699386478770032, 0.6410910022771539, -0.052470450093258084, -0.07767391628989283, -0.006521441945057785], [-0.29520567351633964, 0.1973099542959974, -0.45176434539252264, 0.44181559366311884, -0.7401598992954439, 0.8039334886085676, -0.0068101196134183195, -0.4364472286522446, 0.3589792628294633, -0.0031386321159854597, -0.24764427148310691, 0.3706248735450548, 0.008506997126859761]], "inverted": false, "swapped": false, "error_lsq": 0.050340138299339365, "error_max": 0.3342518138238946, "target": "60.xyz", "model": "22.xyz", "model_rescale": 4.46600560860683, "target_rescale": 4.4498457331589245},
{"mapping": [9, 8, 5, 4, 3, 2, 6, 1, 0, 12, 11, 10, 13], "R": [[-0.5296833776352515, 0.8464504077373096, -0.05438038891230669], [-0.8461101578715424, -0.5317870105551316, -0.03605795545272007], [-0.05944005554762964, 0.026912499812889477, 0.9978690280544417]], "T": [-0.03848290389005243, 0.015443892889177024, -0.0338624433552838], "aligned_model": [[0.16747613035324335, 0.12432688813842677, -0.5088636038753198, -0.5520128460901363, 0.04278615694388532, -0.043512327485747876, -0.581611294141475, 0.3624338765220392, 0.31928463430722254, -0.18673429087267443, 0.5488048944327608, 0.5056556522179443, -0.0003630852709312696], [-0.5170999981639581, -0.545710927300737, 0.3154791936913105, 0.28686826455453157, -0.03130573892073531, -0.08852759719429316, -0.431351497633403, 0.5515844903741486, 0.5229735612373697, 0.6298284648205535, -0.13816052458602796, -0.16677145372280688, -0.059916668057514236], [-0.43946440330414016, 0.3523153770798971, -0.4462373506383145, 0.34554242974572275, -0.8262879770091561, 0.7572715837589182, 0.3179765763790748, -0.3902230155494286, 0.4015567648346086, -0.019740867228093602, -0.4049903509140034, 0.38678942947003375, -0.03450819662511906]], "inverted": true, "swapped": false, "error_lsq": 0.03619557424761121, "error_max": 0.3252768270674435, "target": "60.xyz", "model": "23.xyz", "model_rescale": 4.509807674373902, "target_rescale": 4.4498457331589245},
{"mapping": [8, 9, 4, 5, 2, 3, 7, 0, 1, 12, 10, 11, 13], "R": [[0.5296833776352519, -0.8464504077373095, -0.05438038891230671], [0.8461101578715423, 0.5317870105551319, -0.03605795545272011], [0.05944005554762969, -0.02691249981288945, 0.9978690280544418]], "T": [-0.03848290389005243, 0.015443892889177028, -0.033862443355283794], "aligned_model": [[0.16747613035324319, 0.12432688813842654, -0.5088636038753196, -0.5520128460901361, 0.042786156943885295, -0.04351232748574792, -0.581611294141475, 0.3624338765220393, 0.31928463430722265, -0.1867342908726742, 0.5488048944327608, 0.5056556522179443, -0.00036308527093130427], [-0.5170999981639581, -0.545710927300737, 0.3154791936913107, 0.28686826455453174, -0.03130573892073529, -0.0885275971942932, -0.4313514976334029, 0.5515844903741484, 0.5229735612373695, 0.6298284648205535, -0.13816052458602812, -0.1667714537228071, -0.05991666805751425], [-0.43946440330414027, 0.35231537707989724, -0.4462373506383146, 0.3455424297457229, -0.8262879770091561, 0.7572715837589182, 0.31797657637907495, -0.39022301554942873, 0.4015567648346088, -0.019740867228093557, -0.4049903509140036, 0.3867894294700339, -0.03450819662511906]], "inverted": false, "swapped": false, "error_lsq": 0.036195574247611224, "error_max": 0.32527682706744365, "target": "60.xyz", "model": "24.xyz", "model_rescale": 4.509807674373903, "target_rescale": 4.4498457331589245},
{"mapping": [6, 4, 7, 10, 5, 1, 8, 2, 0, 9, 3, 11, 12], "R": [[-0.3574590797789027, -0.8403614614891297, 0.4074501445913037], [-0.432958532107923, 0.5356736320569321, 0.7249832200774631], [-0.8275082572147379, 0.08274281819462376, -0.5553230683832959]], "T": [0.09074696597258791, 0.1186463818188303, -0.07233280442315151], "aligned_model": [[-0.20639406817509182, 0.3214379107225913, -0.3386084941313048, -0.5793859030446054, 0.12007654677345275, 0.0407554489732489, -0.6650791090798494, 0.25848294711822933, 0.36722606392179347, -0.2529152880960608, 0.6479085256711359, 0.5521538723560132, -0.0679876678303154], [-0.713974230167477, -0.6333653665092898, 0.345613131161833, 0.06019608586112224, -0.13307931375144527, -0.010956268539028924, -0.23528178525419874, 0.5743734744709743, 0.5699386478770028, 0.6410910022771541, -0.05247045009325804, -0.07767391628989331, -0.006521441945057771], [-0.2952056735163405, 0.19730995429599682, -0.4517643453925224, 0.4418155936631186, -0.740159899295444, 0.8039334886085675, -0.006810119613418958, -0.43644722865224406, 0.358979262829464, -0.0031386321159849045, -0.2476442714831066, 0.3706248735450549, 0.008506997126859692]], "inverted": true, "swapped": false, "error_lsq": 0.05034013829933938, "error_max": 0.33425181382389485, "target": "60.xyz", "model": "25.xyz", "model_rescale": 4.466005608606829, "target_rescale": 4.4498457331589245},
{"mapping": [5, 3, 8, 9, 6, 0, 7, 2, 1, 10, 4, 11, 12], "R": [[0.35745916916493403, 0.8403614032627821, 0.407450186263454], [0.43295845043206016, -0.5356737115902115, 0.724983210088783], [0.8275082613360332, -0.08274289466398393, -0.5553230508480991]], "T": [0.09074697557269594, 0.11864639672407132, -0.07233276338279478], "aligned_model": [[-0.2063940849896556, 0.3214379822976719, -0.3386084067957742, -0.5793859703526643, 0.12007654657164903, 0.0407556310320437, -0.6650790383570788, 0.2584828393528159, 0.36722626259334834, -0.25291533879135963, 0.6479086138589766, 0.5521535409677537, -0.06798779220848879], [-0.7139742388142873, -0.6333653625052098, 0.34561308998099693, 0.060196153837146854, -0.1330793602536283, -0.0109563020664398, -0.23528178857966206, 0.5743734808591984, 0.5699385764942192, 0.6410910323978058, -0.05247048394455078, -0.07767383060569052, -0.006521397701460735], [-0.2952057525742845, 0.19731001031823003, -0.45176435028366524, 0.4418155589472677, -0.7401599414372746, 0.80393356359361, -0.0068101614206751565, -0.4364472363408272, 0.35897937473062, -0.003138629915722335, -0.24764417854476006, 0.3706247904053185, 0.008506952522162922]], "inverted": false, "swapped": false, "error_lsq": 0.05034014465684559, "error_max": 0.3342518361146384, "target": "60.xyz", "model": "26.xyz", "model_rescale": 4.466005838112752, "target_rescale": 4.4498457331589245},
{"mapping": [8, 9, 4, 5, 2, 3, 6, 0, 1, 12, 10, 11, 13], "R": [[0.5296832530294103, -0.8464504858336429, 0.05438038701749041], [0.846110236334637, 0.5317868858376976, 0.03605795364116847], [-0.05944004904041401, 0.026912507929100046, 0.997869028223163]], "T": [-0.038482884365356115, 0.015443925752017931, 0.033862439495288305], "aligned_model": [[0.12432682838464469, 0.16747606700358453, -0.5520128779857314, -0.5088636393667916, -0.04351226001146154, 0.04278621722641811, -0.5816113363597928, 0.31928452525499873, 0.36243376387393855, -0.18673413172880016, 0.5056557058309062, 0.5488049444498461, -0.0003630213925217077], [-0.5457108743420491, -0.5170999480300862, 0.2868683652470568, 0.3154792915590198, -0.08852770502058685, -0.03130585239666081, -0.4313515543512488, 0.5229737791373394, 0.5515847054493024, 0.6298281755475384, -0.16677148065226327, -0.13816055434030028, -0.05991677870862383], [-0.3523153587103387, 0.43946438341253924, -0.34554241439313904, 0.4462373277297389, -0.757271546653543, 0.8262879375922129, -0.3179765561406567, -0.4015567474199676, 0.39022299470291033, 0.019740868235948998, -0.3867894129739593, 0.40499032914891864, 0.034508195469335]], "inverted": false, "swapped": false, "error_lsq": 0.03619557401457809, "error_max": 0.32527682195507573, "target": "60.xyz", "model": "27.xyz", "model_rescale": 4.509807893063789, "target_rescale": 4.4498457331589245},
