[{"mapping": [4, 5, 2, 3, 7, 8, 10, 11, 9, 0, 1, 12], "R": [[0.8645986577350155, -0.5024630942097233, 2.4255310875561768e-16], [-0.5024630942097233, -0.8645986577350155, -9.356854041570717e-17], [2.5672583059752604e-16, -4.0974751085890195e-17, -1.0]], "T": [-0.013582889077845054, -0.0747914261974509, -3.445007712278749e-17], "aligned_model": [[-0.08964369808987062, -0.08964369808987101, 0.582283110198545, 0.5822831101985447, 0.02638305135382511, 0.026383051353824915, -0.553997246665014, -0.5539972466650143, 0.4907367128459376, -0.39526706327518984, -0.39526706327519007, -0.08964369808987081], [-0.041225533086051314, -0.04122553308605116, -0.09765710075317835, -0.09765710075317827, 0.5270278700406624, 0.5270278700406624, 0.09151411701700964, 0.09151411701700969, 0.3942884142361707, -0.6151410701681077, -0.6151410701681077, -0.04122553308605124], [-0.8041627091327749, 0.8041627091327749, -0.40208135456638733, 0.4020813545663877, -0.40208135456638755, 0.4020813545663875, -0.40208135456638766, 0.4020813545663874, 3.4337945737665674e-16, -0.40208135456638755, 0.4020813545663875, 2.4335678882493696e-16]], "inverted": true, "swapped": true, "error_lsq": 0.025843788465069985, "error_max": 0.11171849251712336, "target": "61.xyz", "model": "0.xyz", "model_rescale": 4.5108708085295355, "target_rescale": 4.4498457331589245},
{"mapping": [5, 4, 3, 2, 8, 7, 11, 10, 9, 1, 0, 12], "R": [[-0.8645986577350154, 0.5024630942097239, 3.759481212848871e-17], [0.5024630942097239, 0.8645986577350154, 1.5547878969914858e-16], [4.561792965212572e-17, 1.533167585084623e-16, -1.0000000000000002]], "T": [-0.013582889077845071, -0.07479142619745092, 8.362281112552603e-17], "aligned_model": [[-0.08964369808987083, -0.08964369808987088, 0.5822831101985448, 0.5822831101985448, 0.026383051353825314, 0.026383051353825286, -0.5539972466650142, -0.5539972466650142, 0.49073671284593795, -0.3952670632751903, -0.3952670632751903, -0.08964369808987085], [-0.04122553308605109, -0.04122553308605134, -0.09765710075317866, -0.0976571007531788, 0.5270278700406626, 0.5270278700406624, 0.09151411701700997, 0.09151411701700986, 0.39428841423617045, -0.6151410701681075, -0.6151410701681077, -0.041225533086051216], [-0.804162709132775, 0.8041627091327752, -0.4020813545663876, 0.40208135456638766, -0.4020813545663875, 0.40208135456638777, -0.4020813545663876, 0.40208135456638766, -1.2388178557878794e-16, -0.4020813545663877, 0.40208135456638755, -2.1341425951773252e-16]], "inverted": false, "swapped": true, "error_lsq": 0.02584378846506999, "error_max": 0.11171849251712357, "target": "61.xyz", "model": "1.xyz", "model_rescale": 4.510870808529536, "target_rescale": 4.4498457331589245},
{"mapping": [5, 4, 3, 2, 8, 7, 11, 10, 9, 1, 0, 12], "R": [[-0.8645986577350155, 0.5024630942097233, 6.429212665284055e-17], [0.5024630942097233, 0.8645986577350155, 1.9632654100117124e-16], [4.3059954859965054e-17, 2.0204808471868086e-16, -1.0]], "T": [-0.013582889077845054, -0.0747914261974509, 1.9240471882265795e-16], "aligned_model": [[-0.08964369808987076, -0.08964369808987087, 0.5822831101985448, 0.5822831101985448, 0.02638305135382504, 0.026383051353824984, -0.5539972466650142, -0.5539972466650142, 0.4907367128459376, -0.39526706327518996, -0.39526706327518996, -0.08964369808987081], [-0.04122553308605108, -0.0412255330860514, -0.09765710075317822, -0.09765710075317839, 0.5270278700406625, 0.5270278700406623, 0.09151411701700975, 0.09151411701700958, 0.3942884142361707, -0.6151410701681076, -0.6151410701681078, -0.04122553308605124], [-0.8041627091327747, 0.8041627091327751, -0.4020813545663874, 0.40208135456638766, -0.40208135456638733, 0.4020813545663877, -0.40208135456638744, 0.4020813545663876, 1.7524957814524248e-17, -0.40208135456638755, 0.4020813545663875, -1.0529187990772653e-16]], "inverted": false, "swapped": true, "error_lsq": 0.025843788465069985, "error_max": 0.11171849251712344, "target": "61.xyz", "model": "2.xyz", "model_rescale": 4.5108708085295355, "target_rescale": 4.4498457331589245},
{"mapping": [10, 9, 5, 4, 1, 0, 6, 3, 2, 8, 12, 11, 13], "R": [[-0.5296834009009727, 0.8464503930971203, -0.054380390176144135], [-0.8461101432076259, -0.5317870338866647, -0.03605795544944329], [-0.05944005695783094, 0.02691249924762701, 0.9978690279856852]], "T": [-0.038482919541475945, 0.015443965073779882, -0.033862441204426524], "aligned_model": [[0.16747628471325451, 0.12432704215268947, -0.508863603995712, -0.552012846556277, 0.04278602153281546, -0.0435124635883146, -0.5816113139122109, 0.36243386961519175, 0.3192846270546267, -0.18673409967373017, 0.5488048657126094, 0.5056556231520444, -0.0003632210277495704], [-0.5171000408481228, -0.5457109695466191, 0.31547927486722915, 0.2868683461687327, -0.03130585469035914, -0.08852771208735202, -0.43135140422658225, 0.5515845438959159, 0.5229736151974196, 0.6298284137897298, -0.13816046566710088, -0.16677139436559735, -0.05991678338885558], [-0.4394643897500524, 0.3523153785223383, -0.4462373418870019, 0.3455424263853888, -0.826287976019376, 0.757271560525405, 0.317976572355805, -0.39022300706062163, 0.4015567612117691, -0.019740858445805393, -0.4049903431816263, 0.3867894250907643, -0.034508207746985486]], "inverted": true, "swapped": false, "error_lsq": 0.03619558510333884, "error_max": 0.32527680742950826, "target": "61.xyz", "model": "3.xyz", "model_rescale": 4.509807743048502, "target_rescale": 4.4498457331589245},
{"mapping": [9, 10, 4, 5, 0, 1, 7, 2, 3, 8, 11, 12, 13], "R": [[0.5296834009009724, -0.8464503930971206, -0.05438039017614423], [0.8461101432076261, 0.5317870338866645, -0.03605795544944335], [0.059440056957831035, -0.02691249924762707, 0.9978690279856852]], "T": [-0.038482919541475945, 0.015443965073779872, -0.033862441204426566], "aligned_model": [[0.16747628471325474, 0.12432704215268961, -0.5088636039957122, -0.5520128465562772, 0.042786021532815556, -0.04351246358831467, -0.5816113139122108, 0.36243386961519164, 0.31928462705462657, -0.18673409967373036, 0.5488048657126096, 0.5056556231520445, -0.0003632210277495426], [-0.5171000408481227, -0.5457109695466192, 0.31547927486722904, 0.2868683461687326, -0.0313058546903591, -0.08852771208735209, -0.4313514042265824, 0.5515845438959162, 0.5229736151974196, 0.6298284137897298, -0.13816046566710075, -0.1667713943655972, -0.05991678338885559], [-0.4394643897500522, 0.3523153785223382, -0.4462373418870017, 0.3455424263853887, -0.8262879760193762, 0.7572715605254051, 0.3179765723558048, -0.39022300706062135, 0.40155676121176903, -0.019740858445805518, -0.4049903431816261, 0.3867894250907643, -0.034508207746985625]], "inverted": false, "swapped": false, "error_lsq": 0.03619558510333883, "error_max": 0.3252768074295081, "target": "61.xyz", "model": "4.xyz", "model_rescale": 4.509807743048502, "target_rescale": 4.4498457331589245},
{"mapping": [10, 9, 5, 4, 1, 0, 6, 3, 2, 8, 12, 11, 13], "R": [[-0.5296834009009727, 0.8464503930971207, -0.05438039017614414], [-0.8461101432076262, -0.5317870338866647, -0.0360579554494433], [-0.059440056957830945, 0.026912499247627016, 0.9978690279856854]], "T": [-0.038482919541475966, 0.015443965073779868, -0.03386244120442647], "aligned_model": [[0.16747628471325465, 0.12432704215268962, -0.5088636039957122, -0.5520128465562772, 0.04278602153281548, -0.0435124635883146, -0.581611313912211, 0.3624338696151917, 0.3192846270546266, -0.18673409967373034, 0.5488048657126097, 0.5056556231520446, -0.00036322102774954956], [-0.517100040848123, -0.5457109695466194, 0.3154792748672291, 0.28686834616873264, -0.031305854690359174, -0.08852771208735208, -0.43135140422658247, 0.5515845438959162, 0.5229736151974198, 0.62982841378973, -0.13816046566710086, -0.16677139436559732, -0.05991678338885561], [-0.4394643897500524, 0.3523153785223384, -0.4462373418870019, 0.3455424263853889, -0.8262879760193762, 0.7572715605254052, 0.3179765723558051, -0.39022300706062163, 0.4015567612117692, -0.01974085844580563, -0.4049903431816264, 0.3867894250907644, -0.03450820774698573]], "inverted": true, "swapped": false, "error_lsq": 0.03619558510333884, "error_max": 0.32527680742950843, "target": "61.xyz", "model": "5.xyz", "model_rescale": 4.509807743048502, "target_rescale": 4.4498457331589245},
{"mapping": [9, 10, 4, 5, 0, 1, 7, 2, 3, 8, 11, 12, 13], "R": [[0.5296833180102498, -0.8464504450886858, -0.05438038829226918], [0.8461101953505983, 0.5317869509189317, -0.03605795551772243], [0.05944005337669758, -0.026912503441920053, 0.9978690280858826]], "T": [-0.03848291317469929, 0.015443954767132919, -0.033862442188033894], "aligned_model": [[0.16747606947535953, 0.1243268269109131, -0.5088637364911447, -0.5520129790555911, 0.042786130448175086, -0.04351235468071774, -0.5816111894245337, 0.36243374418663277, 0.31928450162218636, -0.18673387706097358, 0.5488050019648245, 0.5056557594003781, -0.00036311211627132467], [-0.5170998747563402, -0.5457108045027432, 0.3154792857424608, 0.2868683559960579, -0.031305921798853095, -0.08852778129165889, -0.43135154030404954, 0.5515846485239136, 0.5229737187775106, 0.6298282335131683, -0.13816048475468484, -0.16677141450108773, -0.059916851545255986], [-0.4394644106297696, 0.35231538522261235, -0.4462373625317765, 0.34554243332060547, -0.8262880011621017, 0.7572715905426619, 0.31797658803315715, -0.39022302556691363, 0.4015567702854683, -0.019740853466111007, -0.4049903522952469, 0.38678944355713507, -0.034508205309719826]], "inverted": false, "swapped": false, "error_lsq": 0.036195582197097634, "error_max": 0.3252768365719686, "target": "61.xyz", "model": "6.xyz", "model_rescale": 4.509807586411629, "target_rescale": 4.4498457331589245},
{"mapping": [9, 10, 4, 5, 0, 1, 7, 2, 3, 8, 11, 12, 13], "R": [[0.5296833180102498, -0.8464504450886858, -0.054380388292269176], [0.8461101953505983, 0.5317869509189317, -0.03605795551772242], [0.059440053376697576, -0.026912503441920047, 0.9978690280858826]], "T": [-0.0384829131746993, 0.015443954767132912, -0.03386244218803382], "aligned_model": [[0.16747606947535953, 0.12432682691091312, -0.5088637364911447, -0.5520129790555911, 0.04278613044817508, -0.043512354680717756, -0.5816111894245337, 0.36243374418663277, 0.31928450162218636, -0.18673387706097358, 0.5488050019648245, 0.5056557594003781, -0.00036311211627132467], [-0.5170998747563403, -0.5457108045027431, 0.3154792857424608, 0.2868683559960579, -0.031305921798853095, -0.0885277812916589, -0.43135154030404954, 0.5515846485239136, 0.5229737187775106, 0.6298282335131683, -0.13816048475468484, -0.16677141450108773, -0.059916851545256], [-0.43946441062976943, 0.35231538522261224, -0.4462373625317763, 0.34554243332060536, -0.8262880011621017, 0.7572715905426622, 0.31797658803315704, -0.39022302556691346, 0.4015567702854682, -0.01974085346611103, -0.4049903522952467, 0.38678944355713496, -0.03450820530971985]], "inverted": false, "swapped": false, "error_lsq": 0.03619558219709763, "error_max": 0.3252768365719685, "target": "61.xyz", "model": "7.xyz", "model_rescale": 4.509807586411629, "target_rescale": 4.4498457331589245},
{"mapping": [10, 9, 5, 4, 1, 0, 6, 3, 2, 8, 12, 11, 13], "R": [[-0.5296833180102511, 0.8464504450886852, -0.05438038829226949], [-0.8461101953505976, -0.531786950918933, -0.03605795551772254], [-0.05944005337669789, 0.026912503441920164, 0.9978690280858826]], "T": [-0.03848291317469932, 0.015443954767132992, -0.033862442188033734], "aligned_model": [[0.16747606947535887, 0.12432682691091221, -0.5088637364911442, -0.5520129790555909, 0.0427861304481752, -0.043512354680718124, -0.5816111894245345, 0.3624337441866337, 0.3192845016221871, -0.18673387706097272, 0.5488050019648245, 0.5056557594003779, -0.00036311211627144957], [-0.5170998747563404, -0.5457108045027435, 0.31547928574246176, 0.28686835599605875, -0.031305921798853, -0.08852778129165897, -0.4313515403040489, 0.5515846485239133, 0.5229737187775103, 0.6298282335131686, -0.13816048475468556, -0.16677141450108857, -0.05991685154525597], [-0.43946441062976965, 0.35231538522261224, -0.44623736253177654, 0.34554243332060536, -0.8262880011621014, 0.7572715905426621, 0.31797658803315687, -0.3902230255669134, 0.4015567702854685, -0.019740853466111055, -0.40499035229524677, 0.3867894435571351, -0.034508205309719965]], "inverted": true, "swapped": false, "error_lsq": 0.036195582197097634, "error_max": 0.32527683657196826, "target": "61.xyz", "model": "8.xyz", "model_rescale": 4.509807586411629, "target_rescale": 4.4498457331589245},
{"mapping": [11, 12, 6, 7, 0, 1, 5, 2, 3, 8, 9, 10, 13], "R": [[-0.5296834503208093, 0.8464503620221069, -0.05438039250398062], [-0.8461101121395078, -0.531787083394781, -0.03605795431998484], [-0.059440058811483024, 0.02691249834401379, 0.9978690278996393]], "T": [-0.03848294283074853, 0.015443919931454948, -0.03386244583982518], "aligned_model": [[0.16747614745065986, 0.12432690076036464, -0.5088635407026963, -0.5520127873929915, 0.04278621128410412, -0.04351228209648629, -0.5816112982697846, 0.3624338050919055, 0.3192845584016103, -0.1867341887596456, 0.5488047707543419, 0.5056555240640467, -0.0003630354061910854], [-0.517100066404499, -0.5457109957203646, 0.31547921496592646, 0.28686828565006073, -0.03130577677117131, -0.08852763540290268, -0.431351500954342, 0.5515845633833508, 0.5229736340674852, 0.629828468740654, -0.13816049352642837, -0.16677142284229404, -0.059916706087036996], [-0.43946441987332263, 0.3523153902171403, -0.4462373648424679, 0.34554244524799504, -0.8262880064892504, 0.7572716136916753, 0.31797658827976905, -0.3902230323427641, 0.4015567777476988, -0.019740864090054447, -0.40499037061904647, 0.3867894394714165, -0.03450819639878752]], "inverted": false, "swapped": false, "error_lsq": 0.03619557048055425, "error_max": 0.32527683971698607, "target": "61.xyz", "model": "9.xyz", "model_rescale": 4.509807504472865, "target_rescale": 4.4498457331589245},
{"mapping": [11, 12, 6, 7, 0, 1, 5, 2, 3, 8, 9, 10, 13], "R": [[-0.5296834503208093, 0.8464503620221069, -0.05438039250398062], [-0.8461101121395078, -0.531787083394781, -0.036057954319984896], [-0.059440058811483065, 0.026912498344013762, 0.9978690278996392]], "T": [-0.03848294283074854, 0.015443919931454941, -0.03386244583982512], "aligned_model": [[0.16747614745065983, 0.12432690076036465, -0.5088635407026963, -0.5520127873929915, 0.04278621128410413, -0.04351228209648631, -0.5816112982697846, 0.3624338050919055, 0.3192845584016103, -0.1867341887596456, 0.5488047707543419, 0.5056555240640467, -0.0003630354061910854], [-0.5171000664044991, -0.5457109957203647, 0.31547921496592646, 0.28686828565006073, -0.03130577677117127, -0.08852763540290273, -0.431351500954342, 0.5515845633833507, 0.5229736340674851, 0.6298284687406539, -0.13816049352642834, -0.16677142284229407, -0.059916706087037], [-0.4394644198733225, 0.3523153902171402, -0.4462373648424678, 0.34554244524799493, -0.8262880064892504, 0.7572716136916756, 0.31797658827976893, -0.390223032342764, 0.4015567777476987, -0.019740864090054454, -0.40499037061904636, 0.38678943947141636, -0.03450819639878756]], "inverted": false, "swapped": false, "error_lsq": 0.036195570480554246, "error_max": 0.32527683971698595, "target": "61.xyz", "model": "10.xyz", "model_rescale": 4.509807504472865, "target_rescale": 4.4498457331589245},
{"mapping": [12, 11, 7, 6, 1, 0, 4, 3, 2, 8, 10, 9, 13], "R": [[0.5296834503208087, -0.8464503620221073, -0.05438039250398067], [0.8461101121395083, 0.5317870833947803, -0.03605795431998496], [0.05944005881148313, -0.026912498344013814, 0.9978690278996394]], "T": [-0.03848294283074853, 0.015443919931454893, -0.03386244583982505], "aligned_model": [[0.16747614745066036, 0.12432690076036511, -0.5088635407026966, -0.5520127873929918, 0.04278621128410422, -0.04351228209648628, -0.5816112982697842, 0.3624338050919051, 0.3192845584016098, -0.18673418875964604, 0.5488047707543421, 0.5056555240640469, -0.000363035406191016], [-0.517100066404499, -0.5457109957203649, 0.315479214965926, 0.2868682856500603, -0.031305776771171245, -0.08852763540290282, -0.43135150095434255, 0.5515845633833512, 0.5229736340674853, 0.6298284687406538, -0.13816049352642792, -0.1667714228422937, -0.05991670608703701], [-0.4394644198733227, 0.3523153902171403, -0.446237364842468, 0.345542445247995, -0.8262880064892503, 0.7572716136916756, 0.317976588279769, -0.3902230323427641, 0.4015567777476989, -0.019740864090054575, -0.40499037061904647, 0.38678943947141653, -0.03450819639878769]], "inverted": true, "swapped": false, "error_lsq": 0.036195570480554246, "error_max": 0.3252768397169861, "target": "61.xyz", "model": "11.xyz", "model_rescale": 4.509807504472865, "target_rescale": 4.4498457331589245},
{"mapping": [12, 11, 7, 6, 1, 0, 4, 3, 2, 8, 10, 9, 13], "R": [[0.5296833409640359, -0.8464504308068055, -0.05438038701728988], [0.8461101809445724, 0.531786973802472, -0.03605795607008555], [0.0594400538956686, -0.026912500459497654, 0.997869028135405]], "T": [-0.038482851848093184, 0.015443858954619628, -0.033862441021861346], "aligned_model": [[0.16747610730016474, 0.12432686747062457, -0.5088636492156957, -0.5520128890452358, 0.04278611524392462, -0.043512364415155685, -0.581611305355886, 0.3624338031591581, 0.3192845633296179, -0.18673416859374603, 0.5488050348583113, 0.5056557950287712, -0.0003631245856155346], [-0.5170999540348181, -0.5457108830768728, 0.31547919146818176, 0.28686826242612723, -0.031305710799378786, -0.08852756888348785, -0.4313514864185624, 0.5515845212077585, 0.5229735921657038, 0.6298283529696149, -0.1381605895211703, -0.16677151856322484, -0.05991663984143332], [-0.4394643948064963, 0.3523153694639376, -0.44623734323012293, 0.34554242104031097, -0.8262879614139023, 0.7572715671269652, 0.3179765694996725, -0.3902230099869818, 0.4015567542834521, -0.019740863222003142, -0.4049903379408979, 0.386789426329536, -0.03450819714346862]], "inverted": true, "swapped": false, "error_lsq": 0.03619557451461925, "error_max": 0.32527681929413627, "target": "61.xyz", "model": "12.xyz", "model_rescale": 4.509807766519439, "target_rescale": 4.4498457331589245},
{"mapping": [11, 12, 6, 7, 0, 1, 5, 2, 3, 8, 9, 10, 13], "R": [[-0.5296833409640352, 0.846450430806806, -0.054380387017289825], [-0.8461101809445729, -0.5317869738024713, -0.03605795607008549], [-0.05944005389566849, 0.02691250045949769, 0.9978690281354051]], "T": [-0.03848285184809319, 0.015443858954619579, -0.03386244102186139], "aligned_model": [[0.16747610730016516, 0.12432686747062505, -0.508863649215696, -0.5520128890452362, 0.042786115243924644, -0.04351236441515559, -0.5816113053558858, 0.36243380315915763, 0.3192845633296175, -0.18673416859374656, 0.5488050348583116, 0.5056557950287714, -0.00036312458561546523], [-0.5170999540348182, -0.5457108830768727, 0.3154791914681814, 0.28686826242612684, -0.03130571079937884, -0.08852756888348783, -0.4313514864185629, 0.5515845212077587, 0.5229735921657043, 0.6298283529696148, -0.13816058952116997, -0.16677151856322445, -0.05991663984143333], [-0.4394643948064961, 0.35231536946393766, -0.44623734323012276, 0.34554242104031097, -0.8262879614139026, 0.7572715671269654, 0.3179765694996726, -0.3902230099869817, 0.40155675428345206, -0.01974086322200335, -0.4049903379408977, 0.386789426329536, -0.034508197143468755]], "inverted": false, "swapped": false, "error_lsq": 0.03619557451461925, "error_max": 0.32527681929413643, "target": "61.xyz", "model": "13.xyz", "model_rescale": 4.509807766519439, "target_rescale": 4.4498457331589245},
{"mapping": [12, 11, 7, 6, 1, 0, 4, 3, 2, 8, 10, 9, 13], "R": [[0.5296833409640359, -0.8464504308068055, -0.05438038701728988], [0.8461101809445724, 0.531786973802472, -0.036057956070085544], [0.0594400538956686, -0.02691250045949766, 0.997869028135405]], "T": [-0.03848285184809319, 0.015443858954619628, -0.033862441021861284], "aligned_model": [[0.16747610730016474, 0.12432686747062457, -0.5088636492156957, -0.5520128890452358, 0.042786115243924616, -0.04351236441515569, -0.581611305355886, 0.3624338031591581, 0.3192845633296179, -0.186734168593746, 0.5488050348583113, 0.5056557950287712, -0.0003631245856155277], [-0.5170999540348181, -0.5457108830768727, 0.31547919146818176, 0.28686826242612723, -0.031305710799378786, -0.08852756888348785, -0.4313514864185624, 0.5515845212077585, 0.5229735921657039, 0.6298283529696149, -0.1381605895211703, -0.16677151856322484, -0.059916639841433306], [-0.43946439480649624, 0.3523153694639376, -0.4462373432301229, 0.34554242104031097, -0.8262879614139023, 0.7572715671269652, 0.31797656949967257, -0.3902230099869817, 0.40155675428345217, -0.01974086322200338, -0.4049903379408978, 0.38678942632953606, -0.03450819714346885]], "inverted": true, "swapped": false, "error_lsq": 0.03619557451461925, "error_max": 0.32527681929413627, "target": "61.xyz", "model": "14.xyz", "model_rescale": 4.509807766519439, "target_rescale": 4.4498457331589245},
{"mapping": [5, 4, 3, 2, 11, 10, 8, 7, 9, 1, 0, 12], "R": [[0.8645986532425141, -0.502463101940064, 4.2827885156055993e-16], [-0.502463101940064, -0.8645986532425141, -2.028980067473538e-16], [4.722380801192421e-16, -3.976897687109456e-17, -1.0000000000000002]], "T": [0.013582745176909907, 0.07479153669684831, 1.319601183291322e-16], "aligned_model": [[0.08964355388882479, 0.0896435538888241, -0.5822832538950388, -0.5822832538950392, 0.5539971012771483, 0.5539971012771479, -0.026383200635601314, -0.02638320063560166, -0.49073686094089625, 0.3952669242054987, 0.39526692420549836, 0.08964355388882445], [0.04122564290539195, 0.04122564290539228, 0.09765721658018876, 0.09765721658018893, -0.09151401134943461, -0.09151401134943445, -0.5270277591839313, -0.5270277591839311, -0.3942882992276728, 0.6151411772548827, 0.6151411772548829, 0.041225642905392115], [-0.804162709132775, 0.8041627091327752, -0.4020813545663879, 0.4020813545663874, -0.40208135456638733, 0.40208135456638794, -0.4020813545663875, 0.40208135456638777, -2.882503029382566e-16, -0.40208135456638755, 0.4020813545663877, -1.2805055617622378e-16]], "inverted": false, "swapped": true, "error_lsq": 0.025843792950721225, "error_max": 0.11171864482887743, "target": "61.xyz", "model": "15.xyz", "model_rescale": 4.510870436145588, "target_rescale": 4.4498457331589245},
{"mapping": [5, 4, 3, 2, 11, 10, 8, 7, 9, 1, 0, 12], "R": [[0.8645986532425146, -0.502463101940063, 3.6884363079997e-16], [-0.502463101940063, -0.8645986532425146, -1.868816885247026e-16], [4.128028593586521e-16, -2.3752658648443396e-17, -1.0000000000000002]], "T": [0.013582745176909813, 0.07479153669684828, 7.102040199200203e-17], "aligned_model": [[0.08964355388882467, 0.08964355388882408, -0.582283253895039, -0.5822832538950392, 0.5539971012771483, 0.5539971012771481, -0.026383200635600713, -0.026383200635601005, -0.49073686094089575, 0.39526692420549797, 0.39526692420549764, 0.08964355388882438], [0.04122564290539202, 0.04122564290539232, 0.09765721658018808, 0.09765721658018822, -0.09151401134943403, -0.09151401134943386, -0.5270277591839315, -0.5270277591839313, -0.39428829922767333, 0.615141177254883, 0.6151411772548833, 0.04122564290539217], [-0.804162709132775, 0.8041627091327752, -0.4020813545663879, 0.4020813545663874, -0.40208135456638744, 0.4020813545663878, -0.40208135456638755, 0.4020813545663877, -3.267286040758771e-16, -0.4020813545663876, 0.40208135456638766, -1.9404856550676728e-16]], "inverted": false, "swapped": true, "error_lsq": 0.025843792950721218, "error_max": 0.11171864482887756, "target": "61.xyz", "model": "16.xyz", "model_rescale": 4.510870436145588, "target_rescale": 4.4498457331589245},
{"mapping": [5, 4, 3, 2, 11, 10, 8, 7, 9, 1, 0, 12], "R": [[0.8645986532425138, -0.5024631019400639, -2.1330279185442308e-16], [-0.5024631019400639, -0.8645986532425138, 2.9273312454289745e-17], [-1.9913006595004558e-16, 8.1867115923723e-17, -1.0]], "T": [0.013582745176909914, 0.07479153669684828, 2.1450163797612635e-16], "aligned_model": [[0.08964355388882427, 0.0896435538888246, -0.582283253895039, -0.5822832538950388, 0.5539971012771479, 0.5539971012771481, -0.026383200635601508, -0.02638320063560134, -0.4907368609408961, 0.39526692420549836, 0.3952669242054986, 0.08964355388882443], [0.04122564290539211, 0.04122564290539207, 0.09765721658018883, 0.0976572165801888, -0.09151401134943453, -0.09151401134943453, -0.5270277591839312, -0.5270277591839312, -0.3942882992276727, 0.6151411772548826, 0.6151411772548826, 0.04122564290539209], [-0.8041627091327747, 0.8041627091327751, -0.4020813545663873, 0.40208135456638777, -0.4020813545663875, 0.40208135456638755, -0.4020813545663874, 0.40208135456638766, 8.946534090709947e-18, -0.40208135456638744, 0.4020813545663876, -1.0210129302383701e-16]], "inverted": false, "swapped": true, "error_lsq": 0.025843792950721214, "error_max": 0.11171864482887715, "target": "61.xyz", "model": "17.xyz", "model_rescale": 4.510870436145588, "target_rescale": 4.4498457331589245},
{"mapping": [5, 3, 8, 9, 6, 0, 7, 2, 1, 10, 4, 11, 12], "R": [[0.35745914303059234, 0.8403614202607158, 0.40745017413326445], [0.4329584939478631, -0.5356736903463365, 0.7249831997978544], [0.8275082498575063, -0.08274285955978494, -0.555323073183203]], "T": [0.09074696190416848, 0.1186463814462197, -0.07233280465361931], "aligned_model": [[-0.20639404356098356, 0.32143795618390003, -0.33860839950198723, -0.5793859797194152, 0.12007659243184757, 0.040755564682705636, -0.6650790354948184, 0.2584828655947699, 0.36722620067553674, -0.25291534372658403, 0.6479085921767311, 0.5521535858355959, -0.06798777039806131], [-0.7139742592977791, -0.6333654413354215, 0.34561310530561706, 0.060196185469578944, -0.13307936380385643, -0.010956337873605393, -0.23528179018830575, 0.5743735241554078, 0.5699385576203174, 0.6410910809635018, -0.05247054584149863, -0.07767377473700315, -0.006521371338515075], [-0.29520568242562306, 0.19730992190476765, -0.45176433142389966, 0.4418156240225723, -0.7401599084712284, 0.8039334720244351, -0.00681010537829442, -0.4364472162293412, 0.35897924597882985, -0.0031386020230329964, -0.2476443041408376, 0.37062487634538965, 0.008507009816264163]], "inverted": false, "swapped": false, "error_lsq": 0.0503401423764113, "error_max": 0.3342518636984744, "target": "61.xyz", "model": "18.xyz", "model_rescale": 4.466005644533647, "target_rescale": 4.4498457331589245},
{"mapping": [8, 9, 4, 5, 2, 3, 7, 0, 1, 12, 10, 11, 13], "R": [[0.5296833187660682, -0.8464504447243753, -0.05438038660097196], [0.8461101949079588, 0.5317869515878161, -0.03605795603959833], [0.05944005294226778, -0.0269125016831431, 0.9978690281591944]], "T": [-0.038482909979089375, 0.015443893662012965, -0.03386244328469953], "aligned_model": [[0.1674760658444995, 0.12432682581966367, -0.5088637207187618, -0.5520129607435977, 0.04278624743826123, -0.043512232611410476, -0.5816113585842047, 0.3624337360548156, 0.3192844960299797, -0.18673405694286524, 0.5488049881021342, 0.5056557480772983, -0.00036299258657462863], [-0.5170999210104568, -0.5457108503768509, 0.3154792169060777, 0.28686828753968374, -0.031305793605819816, -0.08852765233860782, -0.4313514708697751, 0.5515845724298614, 0.5229736430634673, 0.6298282733800744, -0.13816054184030424, -0.16677147120669825, -0.05991672297221382], [-0.4394644011246278, 0.35231537280991765, -0.4462373512029719, 0.34554242273157354, -0.826287967251091, 0.7572715806179999, 0.3179765718868147, -0.3902230171604647, 0.40155675677408076, -0.019740860319691286, -0.40499034418976915, 0.3867894297447763, -0.0345081933165454]], "inverted": false, "swapped": false, "error_lsq": 0.03619557077554543, "error_max": 0.3252768237430278, "target": "61.xyz", "model": "19.xyz", "model_rescale": 4.509807711582247, "target_rescale": 4.4498457331589245},
{"mapping": [8, 9, 4, 5, 2, 3, 7, 0, 1, 12, 10, 11, 13], "R": [[0.5296833187660686, -0.8464504447243751, -0.05438038660097198], [0.8461101949079587, 0.5317869515878164, -0.03605795603959831], [0.059440052942267785, -0.026912501683143113, 0.9978690281591944]], "T": [-0.03848290997908936, 0.015443893662012983, -0.033862443284699534], "aligned_model": [[0.16747606584449937, 0.12432682581966346, -0.5088637207187617, -0.5520129607435975, 0.04278624743826122, -0.0435122326114105, -0.5816113585842047, 0.3624337360548157, 0.3192844960299798, -0.18673405694286505, 0.5488049881021341, 0.5056557480772982, -0.00036299258657463557], [-0.5170999210104568, -0.5457108503768509, 0.31547921690607783, 0.28686828753968385, -0.03130579360581982, -0.0885276523386078, -0.4313514708697749, 0.5515845724298611, 0.522973643063467, 0.6298282733800745, -0.13816054184030438, -0.16677147120669836, -0.059916722972213815], [-0.4394644011246278, 0.35231537280991776, -0.4462373512029719, 0.34554242273157365, -0.8262879672510909, 0.7572715806179998, 0.31797657188681483, -0.3902230171604648, 0.40155675677408076, -0.019740860319691494, -0.4049903441897692, 0.38678942974477637, -0.0345081933165456]], "inverted": false, "swapped": false, "error_lsq": 0.03619557077554543, "error_max": 0.32527682374302785, "target": "61.xyz", "model": "20.xyz", "model_rescale": 4.509807711582248, "target_rescale": 4.4498457331589245},
{"mapping": [6, 4, 7, 10, 5, 1, 8, 2, 0, 9, 3, 11, 12], "R": [[-0.35745914303059245, -0.8403614202607153, 0.40745017413326495], [-0.43295849394786257, 0.5356736903463369, 0.7249831997978542], [-0.8275082498575064, 0.082742859559785, -0.5553230731832026]], "T": [0.09074696190416857, 0.1186463814462197, -0.07233280465361934], "aligned_model": [[-0.20639404356098395, 0.3214379561838996, -0.33860839950198685, -0.5793859797194152, 0.12007659243184751, 0.04075556468270557, -0.6650790354948184, 0.2584828655947703, 0.3672262006755371, -0.2529153437265837, 0.647908592176731, 0.5521535858355958, -0.06798777039806132], [-0.7139742592977789, -0.6333654413354215, 0.3456131053056174, 0.06019618546957933, -0.13307936380385638, -0.010956337873605448, -0.23528179018830514, 0.5743735241554078, 0.5699385576203171, 0.6410910809635018, -0.05247054584149913, -0.07767377473700365, -0.006521371338515047], [-0.29520568242562345, 0.19730992190476737, -0.45176433142389966, 0.44181562402257213, -0.7401599084712284, 0.8039334720244351, -0.006810105378294726, -0.436447216229341, 0.35897924597883013, -0.0031386020230327882, -0.24764430414083755, 0.37062487634538965, 0.008507009816264108]], "inverted": true, "swapped": false, "error_lsq": 0.05034014237641131, "error_max": 0.3342518636984742, "target": "61.xyz", "model": "21.xyz", "model_rescale": 4.466005644533646, "target_rescale": 4.4498457331589245},
{"mapping": [5, 3, 8, 9, 6, 0, 7, 2, 1, 10, 4, 11, 12], "R": [[0.357459079778903, 0.8403614614891297, 0.40745014459130324], [0.4329585321079239, -0.5356736320569322, 0.7249832200774624], [0.8275082572147372, -0.08274281819462365, -0.5553230683832968]], "T": [0.0907469659725878, 0.11864638181883014, -0.07233280442315147], "aligned_model": [[-0.20639406817509187, 0.3214379107225913, -0.3386084941313049, -0.579385903044605, 0.1200765467734524, 0.04075544897324923, -0.6650791090798492, 0.25848294711822895, 0.3672260639217935, -0.2529152880960608, 0.6479085256711357, 0.5521538723560133, -0.0679876678303154], [-0.7139742301674772, -0.6333653665092895, 0.34561313116183257, 0.06019608586112268, -0.13307931375144594, -0.010956268539028147, -0.23528178525419874, 0.5743734744709736, 0.5699386478770032, 0.641091002277154, -0.05247045009325829, -0.07767391628989295, -0.006521441945057799], [-0.2952056735163393, 0.19730995429599751, -0.4517643453925224, 0.44181559366311896, -0.7401598992954436, 0.8039334886085675, -0.006810119613418084, -0.4364472286522445, 0.3589792628294632, -0.0031386321159853625, -0.2476442714831068, 0.3706248735450548, 0.008506997126859886]], "inverted": false, "swapped": false, "error_lsq": 0.05034013829933938, "error_max": 0.3342518138238946, "target": "61.xyz", "model": "22.xyz", "model_rescale": 4.46600560860683, "target_rescale": 4.4498457331589245},
{"mapping": [9, 8, 5, 4, 3, 2, 6, 1, 0, 12, 11, 10, 13], "R": [[-0.5296833776352516, 0.8464504077373096, -0.054380388912306316], [-0.8461101578715424, -0.5317870105551314, -0.036057955452719975], [-0.059440055547629364, 0.026912499812889207, 0.9978690280544417]], "T": [-0.03848290389005245, 0.015443892889177014, -0.03386244335528365], "aligned_model": [[0.16747613035324316, 0.12432688813842686, -0.5088636038753199, -0.5520128460901363, 0.042786156943885004, -0.0435123274857476, -0.581611294141475, 0.36243387652203907, 0.31928463430722276, -0.1867342908726744, 0.5488048944327607, 0.5056556522179444, -0.0003630852709312904], [-0.5170999981639581, -0.545710927300737, 0.31547919369131044, 0.28686826455453157, -0.031305738920735376, -0.08852759719429308, -0.431351497633403, 0.5515844903741486, 0.5229735612373697, 0.6298284648205534, -0.13816052458602793, -0.1667714537228068, -0.059916668057514236], [-0.43946440330414, 0.35231537707989724, -0.44623735063831416, 0.3455424297457231, -0.826287977009156, 0.7572715837589183, 0.31797657637907517, -0.3902230155494287, 0.40155676483460856, -0.019740867228093446, -0.4049903509140035, 0.38678942947003375, -0.03450819662511891]], "inverted": true, "swapped": false, "error_lsq": 0.036195574247611204, "error_max": 0.3252768270674435, "target": "61.xyz", "model": "23.xyz", "model_rescale": 4.509807674373902, "target_rescale": 4.4498457331589245},
{"mapping": [8, 9, 4, 5, 2, 3, 7, 0, 1, 12, 10, 11, 13], "R": [[0.5296833776352519, -0.8464504077373095, -0.05438038891230667], [0.8461101578715423, 0.5317870105551319, -0.03605795545272004], [0.05944005554762961, -0.026912499812889453, 0.9978690280544418]], "T": [-0.03848290389005243, 0.015443892889177028, -0.03386244335528366], "aligned_model": [[0.16747613035324316, 0.12432688813842657, -0.5088636038753196, -0.5520128460901361, 0.04278615694388527, -0.04351232748574789, -0.581611294141475, 0.3624338765220393, 0.31928463430722265, -0.1867342908726742, 0.5488048944327608, 0.5056556522179443, -0.00036308527093130427], [-0.5170999981639581, -0.545710927300737, 0.31547919369131067, 0.2868682645545318, -0.03130573892073535, -0.08852759719429315, -0.43135149763340286, 0.5515844903741484, 0.5229735612373695, 0.6298284648205535, -0.13816052458602815, -0.16677145372280708, -0.05991666805751425], [-0.43946440330414016, 0.35231537707989735, -0.4462373506383145, 0.345542429745723, -0.826287977009156, 0.7572715837589183, 0.3179765763790751, -0.3902230155494287, 0.40155676483460884, -0.019740867228093463, -0.4049903509140035, 0.38678942947003403, -0.03450819662511892]], "inverted": false, "swapped": false, "error_lsq": 0.03619557424761121, "error_max": 0.32527682706744343, "target": "61.xyz", "model": "24.xyz", "model_rescale": 4.509807674373903, "target_rescale": 4.4498457331589245},
{"mapping": [6, 4, 7, 10, 5, 1, 8, 2, 0, 9, 3, 11, 12], "R": [[-0.35745907977890257, -0.8403614614891299, 0.4074501445913034], [-0.4329585321079233, 0.535673632056932, 0.7249832200774631], [-0.8275082572147379, 0.08274281819462376, -0.555323068383296]], "T": [0.09074696597258788, 0.11864638181883033, -0.0723328044231514], "aligned_model": [[-0.20639406817509157, 0.32143791072259154, -0.3386084941313048, -0.5793859030446054, 0.12007654677345278, 0.04075544897324895, -0.6650791090798491, 0.2584829471182291, 0.36722606392179336, -0.252915288096061, 0.6479085256711359, 0.5521538723560134, -0.0679876678303154], [-0.7139742301674771, -0.6333653665092898, 0.3456131311618329, 0.06019608586112227, -0.13307931375144536, -0.01095626853902873, -0.23528178525419888, 0.5743734744709743, 0.5699386478770031, 0.6410910022771541, -0.052470450093258014, -0.07767391628989312, -0.006521441945057771], [-0.2952056735163404, 0.19730995429599704, -0.4517643453925223, 0.44181559366311873, -0.7401598992954439, 0.8039334886085677, -0.006810119613418791, -0.43644722865224395, 0.35897926282946413, -0.0031386321159848213, -0.24764427148310655, 0.370624873545055, 0.00850699712685983]], "inverted": true, "swapped": false, "error_lsq": 0.05034013829933938, "error_max": 0.334251813823895, "target": "61.xyz", "model": "25.xyz", "model_rescale": 4.466005608606829, "target_rescale": 4.4498457331589245},
{"mapping": [5, 3, 8, 9, 6, 0, 7, 2, 1, 10, 4, 11, 12], "R": [[0.3574591691649339, 0.8403614032627817, 0.4074501862634542], [0.43295845043206027, -0.5356737115902117, 0.7249832100887825], [0.827508261336033, -0.08274289466398349, -0.5553230508480992]], "T": [0.09074697557269595, 0.11864639672407125, -0.07233276338279465], "aligned_model": [[-0.20639408498965572, 0.32143798229767157, -0.338608406795774, -0.5793859703526641, 0.12007654657164911, 0.04075563103204352, -0.6650790383570788, 0.2584828393528161, 0.36722626259334834, -0.25291533879135936, 0.6479086138589764, 0.5521535409677536, -0.06798779220848877], [-0.7139742388142872, -0.6333653625052097, 0.3456130899809968, 0.06019615383714717, -0.1330793602536287, -0.01095630206643948, -0.2352817885796618, 0.574373480859198, 0.5699385764942192, 0.6410910323978058, -0.052470483944551075, -0.0776738306056906, -0.006521397701460693], [-0.2952057525742841, 0.19731001031823042, -0.45176435028366524, 0.4418155589472676, -0.7401599414372741, 0.80393356359361, -0.006810161420675087, -0.4364472363408272, 0.3589793747306199, -0.0031386299157225295, -0.2476441785447597, 0.37062479040531876, 0.008506952522163047]], "inverted": false, "swapped": false, "error_lsq": 0.050340144656845595, "error_max": 0.334251836114638, "target": "61.xyz", "model": "26.xyz", "model_rescale": 4.466005838112752, "target_rescale": 4.4498457331589245},
{"mapping": [8, 9, 4, 5, 2, 3, 7, 0, 1, 12, 10, 11, 13], "R": [[0.5296832530294096, -0.8464504858336431, -0.054380387017490366], [0.8461102363346372, 0.5317868858376968, -0.036057953641168615], [0.05944004904041408, -0.026912507929099973, 0.9978690282231628]], "T": [-0.0384828843653561, 0.015443925752017893, -0.03386243949528816], "aligned_model": [[0.1674760670035849, 0.12432682838464512, -0.5088636393667917, -0.5520128779857315, 0.04278621722641815, -0.04351226001146143, -0.5816113363597923, 0.3624337638739381, 0.3192845252549983, -0.18673413172880057, 0.5488049444498461, 0.5056557058309062, -0.00036302139252165216], [-0.5170999480300859, -0.545710874342049, 0.31547929155901944, 0.2868683652470563, -0.0313058523966607, -0.08852770502058696, -0.4313515543512491, 0.5515847054493027, 0.5229737791373396, 0.6298281755475382, -0.13816055434029975, -0.16677148065226288, -0.05991677870862383], [-0.43946438341253924, 0.3523153587103386, -0.4462373277297388, 0.34554241439313904, -0.8262879375922125, 0.7572715466535431, 0.3179765561406567, -0.3902229947029102, 0.4015567474199676, -0.019740868235948592, -0.40499032914891864, 0.3867894129739592, -0.03450819546933467]], "inverted": false, "swapped": false, "error_lsq": 0.03619557401457809, "error_max": 0.32527682195507557, "target": "61.xyz", "model": "27.xyz", "model_rescale": 4.509807893063789, "target_rescale": 4.4498457331589245},
