[{"mapping": [6, 5, 1, 0, 8, 7, 11, 10, 9, 3, 2, 12], "R": [[0.8645986585615171, -0.502463092787545, 7.12142998923444e-18], [-0.502463092787545, -0.8645986585615171, -1.9190487567020074e-18], [7.12142998923444e-18, -1.9190487567020074e-18, -1.0]], "T": [-0.013582934711857297, -0.07479135672436966, 9.285113967652118e-17], "aligned_model": [[-0.08964364717919454, -0.08964364717919454, 0.5822831660553466, 0.5822831660553466, 0.026383102167837725, 0.026383102167837725, -0.5539973122436591, -0.5539973122436591, 0.49073676723230225, -0.39526720792655623, -0.39526720792655623, -0.08964364717919454], [-0.04122551995412215, -0.04122551995412215, -0.09765708692359999, -0.09765708692359999, 0.5270278874679162, 0.5270278874679162, 0.09151393604532611, 0.09151393604532611, 0.3942884314684678, -0.6151409487672983, -0.6151409487672983, -0.04122551995412215], [-0.8041627149412109, 0.8041627149412112, -0.4020813574706055, 0.40208135747060564, -0.4020813574706055, 0.40208135747060564, -0.4020813574706055, 0.40208135747060564, 9.554243014178259e-17, -0.4020813574706055, 0.40208135747060564, 9.224506416043214e-17]], "inverted": false, "swapped": true, "error_lsq": 0.025843785915807545, "error_max": 0.11171841430489837, "target": "62.xyz", "model": "0.xyz", "model_rescale": 4.5108708085295355, "target_rescale": 4.449845701017861},
{"mapping": [6, 5, 1, 0, 8, 7, 11, 10, 9, 3, 2, 12], "R": [[0.8645986585615171, -0.502463092787545, -3.2120177233786782e-18], [-0.502463092787545, -0.8645986585615171, 8.655591121267629e-19], [-3.2120177233786782e-18, 8.655591121267629e-19, -1.0]], "T": [-0.013582934711857276, -0.07479135672436966, 2.865338493303781e-17], "aligned_model": [[-0.08964364717919451, -0.08964364717919451, 0.5822831660553467, 0.5822831660553467, 0.026383102167837746, 0.026383102167837746, -0.553997312243659, -0.553997312243659, 0.49073676723230225, -0.39526720792655623, -0.39526720792655623, -0.08964364717919451], [-0.04122551995412215, -0.04122551995412215, -0.09765708692359999, -0.09765708692359999, 0.5270278874679162, 0.5270278874679162, 0.09151393604532611, 0.09151393604532611, 0.3942884314684678, -0.6151409487672983, -0.6151409487672983, -0.04122551995412215], [-0.804162714941211, 0.804162714941211, -0.4020813574706056, 0.4020813574706056, -0.4020813574706056, 0.4020813574706056, -0.4020813574706056, 0.4020813574706056, 2.7439517397128917e-17, -0.4020813574706056, 0.4020813574706056, 2.892674650540835e-17]], "inverted": false, "swapped": true, "error_lsq": 0.02584378591580754, "error_max": 0.1117184143048985, "target": "62.xyz", "model": "1.xyz", "model_rescale": 4.510870808529536, "target_rescale": 4.449845701017861},
{"mapping": [6, 5, 1, 0, 8, 7, 11, 10, 9, 3, 2, 12], "R": [[0.8645986585615171, -0.502463092787545, -2.219960050537556e-16], [-0.502463092787545, -0.8645986585615171, 8.486741064402487e-17], [-2.3458018980456023e-16, 3.8168549887376204e-17, -1.0]], "T": [-0.013582934711857297, -0.07479135672436966, 1.2784920124803105e-16], "aligned_model": [[-0.08964364717919472, -0.08964364717919436, 0.5822831660553465, 0.5822831660553467, 0.026383102167837635, 0.026383102167837815, -0.5539973122436592, -0.553997312243659, 0.49073676723230225, -0.39526720792655634, -0.3952672079265561, -0.08964364717919454], [-0.04122551995412208, -0.04122551995412222, -0.09765708692359995, -0.09765708692360003, 0.5270278874679162, 0.5270278874679162, 0.09151393604532614, 0.09151393604532608, 0.3942884314684678, -0.6151409487672983, -0.6151409487672983, -0.04122551995412215], [-0.8041627149412109, 0.8041627149412112, -0.40208135747060564, 0.4020813574706055, -0.40208135747060547, 0.4020813574706057, -0.4020813574706054, 0.40208135747060575, 5.570182915590063e-17, -0.40208135747060547, 0.4020813574706057, 1.475830212101132e-16]], "inverted": false, "swapped": true, "error_lsq": 0.025843785915807545, "error_max": 0.1117184143048984, "target": "62.xyz", "model": "2.xyz", "model_rescale": 4.5108708085295355, "target_rescale": 4.449845701017861},
{"mapping": [4, 5, 9, 10, 7, 0, 1, 2, 3, 8, 11, 12, 13], "R": [[-0.529683374090144, 0.846450410694612, 0.05438037741137236], [-0.8461101605603507, -0.5317870063125344, 0.036057954929396646], [0.059440048864535064, -0.02691249063307558, 0.9978690287001128]], "T": [0.03848298001061237, -0.015443928859913171, -0.033862440558284246], "aligned_model": [[0.5088636790077631, 0.5520129114398565, -0.1674762368414664, -0.12432700440937289, 0.5816113557715227, -0.042785953377178554, 0.043512511487008444, -0.36243378757968703, -0.3192845551475936, 0.1867341799483329, -0.5488048059245363, -0.5056555734924428, 0.0003632790549149417], [-0.31547922241907744, -0.28686829413322273, 0.5171000712974668, 0.5457109995833215, 0.4313514572873339, 0.03130589007933185, 0.08852774665104127, -0.5515845198962217, -0.522973591610367, -0.6298283727895831, 0.13816048364297562, 0.16677141192883033, 0.05991681836518655], [-0.44623733646402286, 0.34554243237524523, -0.4394643902758032, 0.3523153785634649, 0.3179765803360223, -0.8262879762102052, 0.7572715614683306, -0.3902230123012286, 0.4015567565380395, -0.01974085748581144, -0.4049903490061808, 0.3867894198330873, -0.03450820737093725]], "inverted": false, "swapped": false, "error_lsq": 0.036195578194470265, "error_max": 0.32527683894245557, "target": "62.xyz", "model": "3.xyz", "model_rescale": 4.509807743048502, "target_rescale": 4.449845701017861},
{"mapping": [4, 5, 9, 10, 7, 0, 1, 2, 3, 8, 11, 12, 13], "R": [[-0.5296833740901434, 0.8464504106946125, 0.05438037741137248], [-0.8461101605603512, -0.5317870063125338, 0.03605795492939671], [0.05944004886453517, -0.02691249063307568, 0.9978690287001128]], "T": [0.03848298001061236, -0.015443928859913136, -0.033862440558284176], "aligned_model": [[0.5088636790077632, 0.5520129114398568, -0.1674762368414669, -0.12432700440937326, 0.5816113557715226, -0.042785953377178734, 0.04351251148700848, -0.3624337875796868, -0.31928455514759324, 0.18673417994833336, -0.5488048059245366, -0.505655573492443, 0.0003632790549148654], [-0.3154792224190771, -0.28686829413322235, 0.5171000712974667, 0.5457109995833214, 0.43135145728733437, 0.0313058900793318, 0.08852774665104132, -0.5515845198962219, -0.5229735916103673, -0.629828372789583, 0.13816048364297528, 0.16677141192883005, 0.05991681836518656], [-0.4462373364640228, 0.345542432375245, -0.4394643902758031, 0.35231537856346473, 0.31797658033602205, -0.8262879762102052, 0.757271561468331, -0.3902230123012284, 0.4015567565380394, -0.019740857485811475, -0.40499034900618064, 0.3867894198330872, -0.03450820737093727]], "inverted": false, "swapped": false, "error_lsq": 0.03619557819447026, "error_max": 0.32527683894245546, "target": "62.xyz", "model": "4.xyz", "model_rescale": 4.509807743048502, "target_rescale": 4.449845701017861},
{"mapping": [0, 6, 8, 5, 4, 2, 7, 11, 10, 9, 3, 1, 13], "R": [[0.4130355300586852, -0.4542948773381071, 0.7893147758236225], [-0.38646302716651587, -0.8722245652320408, -0.2997843165328543], [0.824650216481166, -0.18121940356962885, -0.5358279091531479]], "T": [-0.057451706454171095, -0.023676593939701743, -0.006141720607681784], "aligned_model": [[0.5540022339822871, 0.618638570128328, -0.03481185490105676, -0.10401599208441771, 0.5222821019221309, -0.030918088636327015, -0.007659523878220512, -0.06840218534559352, -0.42248867927930567, 0.20380941472724284, -0.6572161826428755, -0.6985939540308096, -0.07229586002426155], [-0.3414840683574217, -0.20631781360534973, 0.5412943482432154, 0.5837331807764364, 0.34586312967842264, 0.06763648250623411, 0.03155223749266413, -0.577271797302486, -0.43558666026506576, -0.6734567113630797, 0.305506533604248, 0.13425603383860601, -0.10361401725940778], [-0.4084486961711607, 0.3515583898936442, -0.2888807415170999, 0.32584828982408687, -0.09931541988596657, -0.758558981295028, 0.7767220996036976, -0.4529634090961022, 0.42700185657555906, 0.0018381468655056512, -0.3333952715849745, 0.441878723248946, 0.016715013538892834]], "inverted": true, "swapped": false, "error_lsq": 0.03859707817356569, "error_max": 0.21826227015839023, "target": "62.xyz", "model": "5.xyz", "model_rescale": 4.509807743048502, "target_rescale": 4.449845701017861},
{"mapping": [4, 5, 9, 10, 6, 0, 1, 2, 3, 8, 11, 12, 13], "R": [[-0.5296832911994431, 0.84645046268616, -0.05438037552749799], [-0.8461102127033056, -0.5317869233448229, -0.036057954997675556], [-0.05944004528340347, 0.026912494827366767, 0.99786902880031]], "T": [0.0384829736438357, -0.015443918553267915, 0.033862441541891504], "aligned_model": [[0.5520130439391633, 0.5088638115031884, -0.1243267891675754, -0.1674760216035504, 0.5816112312838536, 0.04351240257941187, -0.04278606229253813, -0.31928442971516413, -0.36243366215113915, 0.18673395733555354, -0.5056557097407721, -0.5488049421767471, 0.0003631701434368695], [-0.28686830396055873, -0.3154792332943197, 0.5457108345394558, 0.5170999052056948, 0.43135159336478107, 0.0885278158553439, 0.031305957187821976, -0.5229736951904452, -0.5515846245242062, -0.6298281925130343, 0.16677143206433023, 0.13816050273056926, 0.05991688652158293], [-0.34554243931046374, 0.4462373571087954, -0.35231538526374, 0.43946441115551915, -0.31797659601337275, -0.7572715914855863, 0.8262880013529317, -0.40155676561174025, 0.3902230308075189, 0.019740852506118185, -0.3867894382994557, 0.40499035811980344, 0.034508204933672654]], "inverted": false, "swapped": false, "error_lsq": 0.03619557528823826, "error_max": 0.3252768680848724, "target": "62.xyz", "model": "6.xyz", "model_rescale": 4.509807586411629, "target_rescale": 4.449845701017861},
{"mapping": [4, 5, 9, 10, 7, 0, 1, 2, 3, 8, 11, 12, 13], "R": [[-0.529683291199443, 0.8464504626861601, 0.05438037552749817], [-0.8461102127033057, -0.5317869233448228, 0.03605795499767561], [0.05944004528340361, -0.026912494827366892, 0.99786902880031]], "T": [0.0384829736438357, -0.015443918553267901, -0.033862441541891476], "aligned_model": [[0.5088638115031884, 0.5520130439391635, -0.16747602160355057, -0.12432678916757546, 0.5816112312838536, -0.0427860622925383, 0.04351240257941202, -0.36243366215113915, -0.319284429715164, 0.18673395733555365, -0.5488049421767474, -0.5056557097407721, 0.00036317014343684867], [-0.3154792332943196, -0.2868683039605586, 0.5170999052056948, 0.5457108345394559, 0.43135159336478124, 0.031305957187821934, 0.08852781585534396, -0.5515846245242062, -0.5229736951904451, -0.6298281925130343, 0.13816050273056915, 0.16677143206433018, 0.059916886521582946], [-0.44623735710879525, 0.34554243931046363, -0.43946441115551893, 0.35231538526373996, 0.3179765960133726, -0.8262880013529317, 0.7572715914855866, -0.3902230308075186, 0.4015567656117403, -0.019740852506118255, -0.4049903581198031, 0.3867894382994558, -0.03450820493367272]], "inverted": false, "swapped": false, "error_lsq": 0.03619557528823826, "error_max": 0.3252768680848723, "target": "62.xyz", "model": "7.xyz", "model_rescale": 4.509807586411629, "target_rescale": 4.449845701017861},
{"mapping": [0, 6, 8, 5, 4, 2, 7, 11, 10, 9, 3, 1, 13], "R": [[0.4130355038464946, -0.45429491000261757, 0.7893147707397765], [-0.38646307223459053, -0.8722245407343587, -0.29978432971010804], [0.8246502084891958, -0.1812194395931374, -0.5358279092696416]], "T": [-0.05745171165418707, -0.02367659941658159, -0.006141722861157105], "aligned_model": [[0.5540021921126864, 0.6186385260708427, -0.034811984068555096, -0.1040159284565912, 0.5222821832689706, -0.03091802912093046, -0.007659585654719095, -0.06840225772106302, -0.4224885682106385, 0.2038095435149233, -0.6572161408464923, -0.698594031338437, -0.07229591961287554], [-0.34148419222503823, -0.20631796162689503, 0.5412940811380489, 0.5837332835005077, 0.3458632136849091, 0.06763660183036058, 0.031552108188703645, -0.5772719028355203, -0.4355863902475703, -0.6734564600631691, 0.3055066716459593, 0.134255947406159, -0.10361412240943955], [-0.4084487355358314, 0.35155838243360177, -0.2888807940558061, 0.3258483395715403, -0.09931538499794428, -0.7585589860915944, 0.7767221070030863, -0.45296346622602346, 0.4270019106768877, 0.0018381861074031067, -0.3333952615221099, 0.4418787136031377, 0.01671498903365329]], "inverted": true, "swapped": false, "error_lsq": 0.038597084052142, "error_max": 0.2182623653705317, "target": "62.xyz", "model": "8.xyz", "model_rescale": 4.509807586411629, "target_rescale": 4.449845701017861},
{"mapping": [6, 7, 11, 12, 5, 0, 1, 2, 3, 8, 9, 10, 13], "R": [[0.5296834235099638, -0.8464503796196113, 0.05438037973920851], [0.8461101294922454, 0.5317870558206336, 0.03605795379993848], [-0.059440050718186054, 0.026912489729463668, 0.9978690286140668]], "T": [0.038483003299883314, -0.015443883717586294, -0.03386244519368242], "aligned_model": [[0.5088636157147516, 0.5520128522765744, -0.16747609957888393, -0.12432686301706102, 0.5816113401290837, -0.04278614312846586, 0.0435123299951799, -0.362433723056389, -0.3192844864945661, 0.18673426903426288, -0.5488047109662729, -0.50565547440445, 0.00036309343335701877], [-0.31547916251776514, -0.286868233614541, 0.5171000968538447, 0.5457110257570689, 0.43135155401510544, 0.0313058121601381, 0.0885276699665864, -0.5515845393836614, -0.5229736104804372, -0.6298284277405, 0.13816051150229527, 0.16677144040551942, 0.05991674106336225], [-0.44623735941948994, 0.3455424512378503, -0.4394644203990712, 0.3523153902582691, 0.3179765962599865, -0.8262880066800816, 0.7572716146345987, -0.39022303758337074, 0.40155677307396953, -0.01974086313006012, -0.4049903764435994, 0.38678943421374085, -0.03450819602274143]], "inverted": false, "swapped": false, "error_lsq": 0.03619556357169041, "error_max": 0.3252768712299396, "target": "62.xyz", "model": "9.xyz", "model_rescale": 4.509807504472865, "target_rescale": 4.449845701017861},
{"mapping": [6, 7, 11, 12, 5, 0, 1, 2, 3, 8, 9, 10, 13], "R": [[0.5296834235099638, -0.8464503796196113, 0.05438037973920848], [0.8461101294922454, 0.5317870558206336, 0.03605795379993851], [-0.05944005071818606, 0.02691248972946363, 0.9978690286140668]], "T": [0.038483003299883314, -0.015443883717586294, -0.03386244519368237], "aligned_model": [[0.5088636157147516, 0.5520128522765744, -0.16747609957888387, -0.12432686301706104, 0.5816113401290837, -0.042786143128465834, 0.043512329995179885, -0.362433723056389, -0.3192844864945661, 0.18673426903426288, -0.5488047109662729, -0.50565547440445, 0.00036309343335701183], [-0.31547916251776514, -0.286868233614541, 0.5171000968538447, 0.5457110257570689, 0.43135155401510544, 0.03130581216013808, 0.08852766996658643, -0.5515845393836614, -0.5229736104804372, -0.6298284277405, 0.13816051150229527, 0.16677144040551942, 0.05991674106336225], [-0.44623735941948983, 0.3455424512378502, -0.43946442039907113, 0.3523153902582689, 0.31797659625998637, -0.8262880066800817, 0.757271614634599, -0.3902230375833707, 0.40155677307396936, -0.019740863130060144, -0.4049903764435993, 0.38678943421374073, -0.03450819602274147]], "inverted": false, "swapped": false, "error_lsq": 0.0361955635716904, "error_max": 0.3252768712299395, "target": "62.xyz", "model": "10.xyz", "model_rescale": 4.509807504472865, "target_rescale": 4.449845701017861},
{"mapping": [0, 4, 8, 7, 6, 2, 5, 9, 12, 11, 3, 1, 13], "R": [[-0.4130355720864418, 0.45429485631284006, 0.7893147659324016], [0.38646295823436294, 0.8722245918733122, -0.29978432788286147], [-0.8246502277353538, 0.1812193280506525, -0.5358279173735718]], "T": [-0.05745168395027678, -0.023676607946525357, -0.006141675766889785], "aligned_model": [[0.5540021423846194, 0.6186385967354617, -0.03481180891444925, -0.10401602961418416, 0.5222820896760869, -0.03091804444664159, -0.007659522554809339, -0.06840211170297777, -0.42248859703888486, 0.20380952225138615, -0.6572161637369127, -0.6985940961959226, -0.07229597690565182], [-0.34148411811249335, -0.20631788836640388, 0.5412944423862298, 0.5837331232210721, 0.34586305053347494, 0.06763651989232983, 0.03155218432119328, -0.5772717745126272, -0.4355865815529471, -0.6734566542405442, 0.30550659257992696, 0.134256027262701, -0.10361404542489609], [-0.4084488761317476, 0.35155842150106403, -0.28888073063963676, 0.3258482926644301, -0.09931544606009188, -0.7585589633125603, 0.776722160225586, -0.45296332989676485, 0.42700198552610563, 0.0018382468015836779, -0.3333952245880384, 0.44187860131729634, 0.016714862592774535]], "inverted": true, "swapped": false, "error_lsq": 0.03859708386346638, "error_max": 0.21826232376117458, "target": "62.xyz", "model": "11.xyz", "model_rescale": 4.509807504472865, "target_rescale": 4.449845701017861},
{"mapping": [6, 7, 11, 12, 4, 0, 1, 2, 3, 8, 9, 10, 13], "R": [[0.5296833141532279, -0.8464504484042813, -0.05438037425251988], [0.8461101982972813, 0.5317869462283621, -0.036057955550038504], [0.059440045802374726, -0.026912491844945794, 0.9978690288498323]], "T": [0.038482912317226364, -0.015443822740756546, 0.0338624403757196], "aligned_model": [[0.5520129539288061, 0.508863724227736, -0.12432682972728992, -0.16747605942836002, 0.5816113472152074, 0.0435124123138577, -0.04278604708828246, -0.31928449142259807, -0.36243372112366823, 0.18673424886833107, -0.5056557453691682, -0.5488049750702383, 0.0003631826127876159], [-0.28686821039063, -0.3154791390200425, 0.5457109131135839, 0.5170999844841714, 0.4313515394792988, 0.08852760344717313, 0.03130574618834818, -0.522973568578641, -0.5515844972080535, -0.6298283119694711, 0.16677153612646528, 0.13816060749705278, 0.059916674817760654], [-0.3455424270301677, 0.4462373378071433, -0.3523153695050653, 0.4394643953322457, -0.3179765774798887, -0.7572715680698889, 0.8262879616047327, -0.40155674960972393, 0.39022301522758707, 0.019740862262007698, -0.3867894210718572, 0.40499034376545373, 0.034508196767421874]], "inverted": false, "swapped": false, "error_lsq": 0.03619556760575211, "error_max": 0.32527685080708807, "target": "62.xyz", "model": "12.xyz", "model_rescale": 4.509807766519439, "target_rescale": 4.449845701017861},
{"mapping": [6, 7, 11, 12, 5, 0, 1, 2, 3, 8, 9, 10, 13], "R": [[0.5296833141532278, -0.8464504484042815, 0.054380374252519875], [0.8461101982972815, 0.531786946228362, 0.036057955550038545], [-0.05944004580237476, 0.026912491844945777, 0.9978690288498324]], "T": [0.038482912317226364, -0.015443822740756535, -0.03386244037571959], "aligned_model": [[0.5088637242277362, 0.5520129539288062, -0.16747605942836016, -0.12432682972729006, 0.5816113472152072, -0.042786047088282486, 0.04351241231385768, -0.362433721123668, -0.31928449142259796, 0.18673424886833118, -0.5488049750702384, -0.5056557453691684, 0.0003631826127875881], [-0.31547913902004243, -0.28686821039062993, 0.5170999844841714, 0.5457109131135839, 0.43135153947929894, 0.03130574618834815, 0.08852760344717318, -0.5515844972080536, -0.5229735685786411, -0.6298283119694712, 0.13816060749705267, 0.16677153612646517, 0.05991667481776067], [-0.44623733780714314, 0.3455424270301677, -0.43946439533224557, 0.35231536950506526, 0.3179765774798887, -0.826287961604733, 0.7572715680698893, -0.39022301522758684, 0.401556749609724, -0.01974086226200776, -0.4049903437654536, 0.3867894210718572, -0.034508196767421964]], "inverted": false, "swapped": false, "error_lsq": 0.03619556760575211, "error_max": 0.3252768508070881, "target": "62.xyz", "model": "13.xyz", "model_rescale": 4.509807766519439, "target_rescale": 4.449845701017861},
{"mapping": [0, 4, 8, 7, 6, 2, 5, 9, 12, 11, 3, 1, 13], "R": [[-0.41303550615485074, 0.4542948966854382, 0.7893147771966348], [0.3864630701220092, 0.8722245464491752, -0.2997843158062168], [-0.8246502083230666, 0.18121944547177482, -0.5358279075371357]], "T": [-0.057451743071552805, -0.02367672397708132, -0.006141702215786753], "aligned_model": [[0.554002151611713, 0.618638569605443, -0.03481182195806462, -0.1040159681051847, 0.5222821237312899, -0.030918059930108308, -0.007659522231031599, -0.0684022789316751, -0.4224885808195776, 0.20380951101689698, -0.6572161517665828, -0.6985940320612359, -0.07229594022476171], [-0.3414840142820875, -0.2063178773934084, 0.5412943224746978, 0.5837331324582261, 0.34586308317475356, 0.06763647752185943, 0.03155217189006414, -0.577272003357601, -0.43558650565379503, -0.6734565549372675, 0.30550652680533197, 0.1342560842848575, -0.10361396499861492], [-0.40844884055494124, 0.35155843080732996, -0.28888067902230286, 0.3258483496114256, -0.09931535660363876, -0.7585589348650297, 0.7767221370223942, -0.4529634303660117, 0.4270019106502469, 0.0018382044351825068, -0.3333952286499653, 0.4418785718751874, 0.016714865660123254]], "inverted": true, "swapped": false, "error_lsq": 0.038597074827950745, "error_max": 0.2182622630791753, "target": "62.xyz", "model": "14.xyz", "model_rescale": 4.509807766519439, "target_rescale": 4.449845701017861},
{"mapping": [6, 5, 1, 0, 11, 10, 8, 7, 9, 3, 2, 12], "R": [[-0.8645986540690097, 0.502463100517896, 2.0384799931395278e-17], [0.502463100517896, 0.8645986540690097, 5.0944800609033585e-17], [7.973211885130613e-18, 5.428941581535036e-17, -1.0000000000000002]], "T": [0.013582790810922497, 0.07479146722376699, 9.617386431581506e-17], "aligned_model": [[0.08964350297814862, 0.08964350297814859, -0.5822833097518397, -0.5822833097518397, 0.5539971668557937, 0.5539971668557937, -0.026383251449620452, -0.026383251449620466, -0.4907369153272656, 0.39526706885687124, 0.39526706885687124, 0.0896435029781486], [0.041225629773462946, 0.04122562977346286, 0.09765720275061843, 0.0976572027506184, -0.09151383037775769, -0.09151383037775775, -0.5270277766111838, -0.5270277766111838, -0.3942883164599632, 0.6151410558540681, 0.6151410558540681, 0.041225629773462905], [-0.8041627149412112, 0.8041627149412114, -0.40208135747060564, 0.40208135747060575, -0.40208135747060564, 0.40208135747060575, -0.4020813574706057, 0.4020813574706057, 6.19962319552318e-17, -0.4020813574706056, 0.4020813574706058, 9.601434181980243e-17]], "inverted": false, "swapped": true, "error_lsq": 0.025843790401414542, "error_max": 0.11171856661648785, "target": "62.xyz", "model": "15.xyz", "model_rescale": 4.510870436145588, "target_rescale": 4.449845701017861},
{"mapping": [6, 5, 1, 0, 11, 10, 8, 7, 9, 3, 2, 12], "R": [[-0.8645986540690097, 0.502463100517896, 1.754577323490916e-17], [0.502463100517896, 0.8645986540690097, 4.040940935009779e-17], [5.134185188644477e-18, 4.375402455641456e-17, -1.0000000000000002]], "T": [0.013582790810922497, 0.07479146722376699, 3.166874450204111e-17], "aligned_model": [[0.08964350297814862, 0.08964350297814859, -0.5822833097518397, -0.5822833097518397, 0.5539971668557937, 0.5539971668557937, -0.026383251449620452, -0.026383251449620466, -0.4907369153272656, 0.39526706885687124, 0.39526706885687124, 0.0896435029781486], [0.04122562977346294, 0.04122562977346287, 0.09765720275061843, 0.0976572027506184, -0.09151383037775769, -0.09151383037775775, -0.5270277766111838, -0.5270277766111838, -0.3942883164599632, 0.6151410558540681, 0.6151410558540681, 0.041225629773462905], [-0.8041627149412113, 0.8041627149412113, -0.4020813574706057, 0.4020813574706057, -0.4020813574706057, 0.4020813574706057, -0.4020813574706057, 0.4020813574706057, 3.864828303513272e-18, -0.40208135747060564, 0.40208135747060575, 3.164691284410477e-17]], "inverted": false, "swapped": true, "error_lsq": 0.025843790401414542, "error_max": 0.11171856661648787, "target": "62.xyz", "model": "16.xyz", "model_rescale": 4.510870436145588, "target_rescale": 4.449845701017861},
{"mapping": [5, 6, 0, 1, 10, 11, 7, 8, 9, 2, 3, 12], "R": [[0.8645986540690096, -0.5024631005178961, 6.260905199749233e-16], [-0.5024631005178961, -0.8645986540690096, -2.7492531935720923e-16], [6.794568492707811e-16, -7.688732278572594e-17, -1.0000000000000002]], "T": [0.01358279081092251, 0.07479146722376699, 2.833836072270694e-17], "aligned_model": [[0.0896435029781491, 0.0896435029781481, -0.5822833097518394, -0.5822833097518398, 0.5539971668557939, 0.5539971668557935, -0.02638325144962028, -0.026383251449620778, -0.4907369153272656, 0.3952670688568716, 0.395267068856871, 0.0896435029781486], [0.04122562977346266, 0.041225629773463106, 0.09765720275061841, 0.09765720275061864, -0.09151383037775791, -0.09151383037775769, -0.5270277766111839, -0.5270277766111837, -0.39428831645996304, 0.6151410558540679, 0.6151410558540681, 0.041225629773462884], [-0.8041627149412112, 0.8041627149412114, -0.40208135747060597, 0.4020813574706054, -0.4020813574706052, 0.4020813574706062, -0.4020813574706054, 0.40208135747060597, -1.5844951699369162e-16, -0.40208135747060547, 0.4020813574706059, 8.518735013366553e-17]], "inverted": true, "swapped": true, "error_lsq": 0.025843790401414535, "error_max": 0.1117185666164878, "target": "62.xyz", "model": "17.xyz", "model_rescale": 4.510870436145588, "target_rescale": 4.449845701017861},
{"mapping": [9, 8, 3, 5, 7, 0, 6, 1, 2, 10, 11, 4, 12], "R": [[0.3574591259206954, 0.8403614359531759, 0.4074501567783826], [0.43295849864779634, -0.535673665938516, 0.7249832150254495], [0.8275082547894361, -0.08274285819759497, -0.55532306603691]], "T": [-0.09074689927867716, -0.11864634967652644, 0.07233280359866427], "aligned_model": [[0.5793860436772224, 0.33860846636432096, -0.3214379133432961, 0.20639408124645472, 0.6650790884515025, -0.0407555006380107, -0.12007654084072689, -0.3672261227251923, -0.25848279214743797, 0.25291542159004077, -0.5521535262070225, -0.6479085354304777, 0.0679878299397437], [-0.06019613128437347, -0.3456130638431409, 0.633365468330455, 0.7139742980370927, 0.23528184385193673, 0.010956376834442769, 0.1330793903420151, -0.5699385308606348, -0.5743734995469947, -0.6410910389794511, 0.07767379632220843, 0.05247056063537746, 0.0065214081480830105], [-0.441815620792733, 0.45176433137262506, -0.1973099193490367, 0.2952056885839836, 0.006810111053007814, -0.8039334719348294, 0.7401599089036007, -0.35897925161521216, 0.43644721119657426, 0.0031385995268842087, -0.37062487879240175, 0.24764430097058054, -0.0085070091230431]], "inverted": true, "swapped": false, "error_lsq": 0.05034014894254231, "error_max": 0.33425174291621307, "target": "62.xyz", "model": "18.xyz", "model_rescale": 4.466005644533647, "target_rescale": 4.449845701017861},
{"mapping": [5, 4, 9, 8, 7, 3, 2, 1, 0, 12, 11, 10, 13], "R": [[0.5296832919552599, -0.8464504623218501, -0.05438037383620224], [0.8461102122606667, 0.5317869240137061, -0.036057955519551196], [0.059440044848974236, -0.02691249306859128, 0.9978690288736217]], "T": [0.03848297044822371, -0.015443857448147968, 0.033862442638557214], "aligned_model": [[0.5520130256271687, 0.5088637957308028, -0.12432678807632772, -0.1674760179726936, 0.5816114004435265, 0.04351228051010987, -0.04278617928262189, -0.3192844241229583, -0.36243365401932415, 0.18673413721744753, -0.5056556984176935, -0.5488049283140594, 0.0003630506137439968], [-0.2868682355041844, -0.3154791644579362, 0.5457108804135631, 0.5170999514598111, 0.4313515239305129, 0.08852768690228878, 0.031305828994785026, -0.5229736194764019, -0.5515845484301538, -0.6298282323799342, 0.16677148876994038, 0.1381605598161885, 0.0599167579485369], [-0.3455424287214308, 0.44623734577999175, -0.35231537285104575, 0.4394644016503768, -0.3179765798670313, -0.7572715815609224, 0.8262879674419227, -0.40155675210035324, 0.3902230224010693, 0.01974085935969705, -0.3867894244870981, 0.4049903500143245, 0.034508192940500004]], "inverted": true, "swapped": false, "error_lsq": 0.036195563866686084, "error_max": 0.32527685525600214, "target": "62.xyz", "model": "19.xyz", "model_rescale": 4.509807711582247, "target_rescale": 4.449845701017861},
{"mapping": [3, 7, 12, 4, 5, 1, 6, 11, 8, 9, 0, 2, 13], "R": [[-0.4130354892512651, 0.454294914099229, 0.7893147760193915], [0.3864630990566655, 0.8722245320660567, -0.29978432035326075], [-0.8246502032295184, 0.1812194710447048, -0.5358279067273292]], "T": [-0.05745171249436688, -0.023676663368521568, -0.006141690318263803], "aligned_model": [[0.554002085971854, 0.6186386007551591, -0.034811876497981765, -0.10401592805780803, 0.5222821704739434, -0.030918019374711128, -0.007659497776592375, -0.06840225617150143, -0.4224885681794919, 0.20380953035225957, -0.6572161179064625, -0.6985941110916487, -0.07229601255989747], [-0.3414841547806507, -0.20631784252983507, 0.5412942028541778, 0.5837331935158846, 0.345863137726801, 0.06763655673842611, 0.031552213259248514, -0.5772719385134658, -0.435586452413973, -0.6734565082030566, 0.30550661252750966, 0.1342559567975163, -0.10361409899156718], [-0.40844887517075407, 0.3515584495375608, -0.2888806969457351, 0.3258483796770784, -0.09931533107465146, -0.7585589296694906, 0.7767221602892906, -0.452963437326194, 0.4270019142193528, 0.0018382034676229847, -0.33339521891776064, 0.44187854633270524, 0.01671483558097561]], "inverted": false, "swapped": false, "error_lsq": 0.038597083894088384, "error_max": 0.2182623194468268, "target": "62.xyz", "model": "20.xyz", "model_rescale": 4.509807711582248, "target_rescale": 4.449845701017861},
{"mapping": [10, 7, 4, 6, 8, 1, 5, 0, 2, 9, 11, 3, 12], "R": [[-0.3574591259206954, -0.8403614359531763, 0.40745015677838226], [-0.4329584986477967, 0.5356736659385157, 0.7249832150254498], [-0.8275082547894362, 0.08274285819759492, -0.5553230660369101]], "T": [-0.09074689927867717, -0.11864634967652658, 0.07233280359866437], "aligned_model": [[0.5793860436772225, 0.3386084663643213, -0.3214379133432965, 0.20639408124645442, 0.6650790884515025, -0.040755500638010964, -0.12007654084072687, -0.3672261227251923, -0.25848279214743775, 0.2529154215900412, -0.5521535262070227, -0.6479085354304778, 0.06798782993974369], [-0.06019613128437344, -0.3456130638431408, 0.6333654683304552, 0.713974298037093, 0.2352818438519369, 0.010956376834442463, 0.13307939034201527, -0.5699385308606353, -0.574373499546995, -0.6410910389794512, 0.07767379632220821, 0.05247056063537732, 0.006521408148083038], [-0.44181562079273307, 0.45176433137262517, -0.19730991934903666, 0.2952056885839839, 0.006810111053007967, -0.8039334719348297, 0.7401599089036011, -0.3589792516152124, 0.43644721119657437, 0.003138599526884181, -0.370624878792402, 0.24764430097058057, -0.008507009123043058]], "inverted": false, "swapped": false, "error_lsq": 0.05034014894254231, "error_max": 0.3342517429162134, "target": "62.xyz", "model": "21.xyz", "model_rescale": 4.466005644533646, "target_rescale": 4.449845701017861},
{"mapping": [9, 8, 3, 5, 7, 0, 6, 1, 2, 10, 11, 4, 12], "R": [[0.3574590626690135, 0.8403614771815782, 0.4074501272364335], [0.43295853680784724, -0.535673607649126, 0.7249832353050504], [0.8275082621466676, -0.08274281683243467, -0.5553230612370028]], "T": [-0.09074690334709812, -0.1186463500491358, 0.07233280336819631], "aligned_model": [[0.5793859670024083, 0.33860856099363384, -0.32143786788197326, 0.20639410586057755, 0.6650791620365382, -0.04075538492855227, -0.12007649518232681, -0.3672259859714566, -0.25848287367090816, 0.252915365959504, -0.5521538127274422, -0.6479084689248776, 0.06798772737199626], [-0.060196031675929615, -0.34561308969936116, 0.6333653935043307, 0.713974268906787, 0.23528183891781929, 0.01095630749987088, 0.13307934028960644, -0.5699386211173096, -0.5743734498625593, -0.6410909602931102, 0.07767393787510056, 0.052470464887150195, 0.006521478754621238], [-0.44181559043328006, 0.4517643453412474, -0.19730995174026528, 0.29520567967470135, 0.0068101252881320185, -0.8039334885189617, 0.7401598997278167, -0.35897926846584627, 0.4364472236194765, 0.0031386296198353675, -0.37062487599206717, 0.24764426831285008, -0.008506996433638947]], "inverted": true, "swapped": false, "error_lsq": 0.05034014486547345, "error_max": 0.33425169304161995, "target": "62.xyz", "model": "22.xyz", "model_rescale": 4.46600560860683, "target_rescale": 4.449845701017861},
{"mapping": [5, 4, 9, 8, 7, 3, 2, 1, 0, 12, 11, 10, 13], "R": [[0.5296833508244255, -0.8464504253347984, -0.05438037614753571], [0.8461101752242643, 0.5317869829810035, -0.03605795493267324], [0.059440047454334406, -0.026912491198338346, 0.9978690287688691]], "T": [0.038482964359186536, -0.015443856675310987, 0.033862442709141384], "aligned_model": [[0.5520129109737123, 0.5088636788873668, -0.1243268503951064, -0.16747608248145196, 0.5816113360007857, 0.0435123753844461, -0.04278608878824498, -0.3192845624001929, -0.36243379448653845, 0.1867343711472766, -0.5056556025583436, -0.5488048346446892, 0.0003631432981005614], [-0.2868682125190235, -0.31547914124316057, 0.5457109573374445, 0.5171000286133075, 0.431351550694152, 0.08852763175797773, 0.03130577430970365, -0.5229735376503163, -0.5515844663744532, -0.6298284238204012, 0.16677147128604056, 0.13816054256190352, 0.05991670303384069], [-0.34554243573557886, 0.4462373452153356, -0.3523153771210253, 0.43946440382988916, -0.31797658435929155, -0.757271584701842, 0.8262879771999868, -0.40155676016087916, 0.39022302079003524, 0.01974086626809725, -0.3867894242123567, 0.40499035673855777, 0.034508196249072295]], "inverted": true, "swapped": false, "error_lsq": 0.03619556733874677, "error_max": 0.32527685858039285, "target": "62.xyz", "model": "23.xyz", "model_rescale": 4.509807674373902, "target_rescale": 4.449845701017861},
{"mapping": [3, 7, 12, 4, 5, 1, 6, 11, 8, 9, 0, 2, 13], "R": [[-0.41303552949145445, 0.45429488213409497, 0.7893147733600853], [0.38646303050997177, 0.8722245626284315, -0.299784319797901], [-0.8246502151983973, 0.1812194040780685, -0.5358279109553993]], "T": [-0.05745170921138017, -0.023676658097599376, -0.006141687701504574], "aligned_model": [[0.5540021466237824, 0.6186385773433065, -0.034811754160874266, -0.10401599185656897, 0.5222821097323982, -0.030918091815257467, -0.0076595242456605345, -0.0684021918846991, -0.42248858823235647, 0.20380951335661068, -0.6572161934042247, -0.6985940565541512, -0.07229595496518441], [-0.34148405420915623, -0.2063178845494234, 0.5412944863966799, 0.5837331256162768, 0.3458630683052986, 0.06763642071563311, 0.03155217276155475, -0.5772718691730695, -0.4355865360535165, -0.6734565933644946, 0.30550647802661124, 0.13425606041279986, -0.10361399689817813], [-0.4084488537710652, 0.35155842681278504, -0.28888067193612177, 0.32584832876457254, -0.09931538884983664, -0.7585589597571124, 0.7767221444271942, -0.452963383794247, 0.42700193627992367, 0.0018382186655144612, -0.3333952421427032, 0.44187858145775283, 0.01671486384334389]], "inverted": false, "swapped": false, "error_lsq": 0.03859707451578713, "error_max": 0.21826223940722606, "target": "62.xyz", "model": "24.xyz", "model_rescale": 4.509807674373903, "target_rescale": 4.449845701017861},
{"mapping": [10, 7, 4, 6, 8, 1, 5, 0, 2, 9, 11, 3, 12], "R": [[-0.3574590626690137, -0.8403614771815784, 0.4074501272364336], [-0.43295853680784724, 0.5356736076491262, 0.7249832353050506], [-0.8275082621466678, 0.08274281683243495, -0.5553230612370028]], "T": [-0.09074690334709822, -0.11864635004913594, 0.07233280336819638], "aligned_model": [[0.5793859670024084, 0.3386085609936341, -0.3214378678819735, 0.2063941058605776, 0.6650791620365385, -0.04075538492855248, -0.12007649518232676, -0.36722598597145684, -0.2584828736709083, 0.25291536595950403, -0.5521538127274426, -0.6479084689248779, 0.06798772737199628], [-0.06019603167592981, -0.3456130896993614, 0.633365393504331, 0.7139742689067872, 0.23528183891781923, 0.010956307499870796, 0.13307934028960655, -0.5699386211173098, -0.5743734498625598, -0.6410909602931104, 0.07767393787510062, 0.05247046488715036, 0.0065214787546211544], [-0.4418155904332802, 0.4517643453412473, -0.19730995174026505, 0.29520567967470174, 0.006810125288132032, -0.8039334885189618, 0.740159899727817, -0.3589792684658466, 0.4364472236194766, 0.0031386296198351316, -0.37062487599206717, 0.24764426831285025, -0.00850699643363892]], "inverted": false, "swapped": false, "error_lsq": 0.05034014486547346, "error_max": 0.3342516930416203, "target": "62.xyz", "model": "25.xyz", "model_rescale": 4.466005608606829, "target_rescale": 4.449845701017861},
{"mapping": [9, 8, 3, 5, 7, 0, 6, 1, 2, 10, 11, 4, 12], "R": [[0.35745915205503803, 0.8403614189552415, 0.4074501689085751], [0.4329584551319908, -0.5356736871823937, 0.7249832253163786], [0.8275082662679649, -0.08274289330179396, -0.5553230437018033]], "T": [-0.09074691294720441, -0.1186463649543782, 0.07233276232783911], "aligned_model": [[0.579386034310471, 0.33860847365810554, -0.32143793945706267, 0.20639412267512866, 0.6650790913137637, -0.04075556698734559, -0.12007649498052944, -0.3672261846430037, -0.25848276590548797, 0.2529154166548129, -0.5521534813391812, -0.6479085571127208, 0.06798785175017019], [-0.06019609965194285, -0.3456130485185231, 0.6333653895002448, 0.7139742775536001, 0.23528184224329057, 0.01095634102727798, 0.1330793867917865, -0.5699385497345357, -0.5743734562507852, -0.6410909904137565, 0.07767385219089921, 0.05247049873843111, 0.006521434511028643], [-0.4418155557174275, 0.4517643502323906, -0.1973100077624987, 0.29520575873264765, 0.006810167095390535, -0.8039335635040052, 0.7401599418696477, -0.35897938036700516, 0.43644723130805885, 0.0031386274195726455, -0.37062479285233085, 0.2476441753745014, -0.008506951828941373]], "inverted": true, "swapped": false, "error_lsq": 0.050340151222976935, "error_max": 0.3342517153323443, "target": "62.xyz", "model": "26.xyz", "model_rescale": 4.466005838112752, "target_rescale": 4.449845701017861},
{"mapping": [5, 4, 9, 8, 7, 3, 2, 1, 0, 12, 11, 10, 13], "R": [[0.529683226218589, -0.8464505034311229, -0.05438037425272043], [0.8461102536873502, 0.5317868582635746, -0.03605795312112172], [0.05944004094712089, -0.02691249931454793, 0.9978690289375903]], "T": [0.0384829448344913, -0.015443889538153049, 0.033862438849146234], "aligned_model": [[0.5520129428693087, 0.5088637143788386, -0.1243267906413171, -0.16747601913178714, 0.5816113782191061, 0.043512307910158164, -0.04278614907078196, -0.31928445334796585, -0.36243368183843594, 0.1867342120033876, -0.5056556561713041, -0.5488048846617741, 0.0003630794196881129], [-0.28686831321155254, -0.3154792391108738, 0.5457109043787599, 0.5170999784794387, 0.43135160741199396, 0.08852773958426925, 0.03130588778562683, -0.5229737555502795, -0.5515846814496007, -0.6298281345473931, 0.1667714982154999, 0.1381605723161787, 0.05991681368494804], [-0.34554242038299504, 0.44623732230676, -0.3523153587514671, 0.43946438393828796, -0.3179765641208734, -0.7572715475964662, 0.8262879377830439, -0.4015567427462393, 0.3902229999435157, 0.019740867275953602, -0.38678940771628173, 0.4049903349734733, 0.03450819509328879]], "inverted": true, "swapped": false, "error_lsq": 0.036195567105717634, "error_max": 0.3252768534680531, "target": "62.xyz", "model": "27.xyz", "model_rescale": 4.509807893063789, "target_rescale": 4.449845701017861},
{"mapping": [3, 7, 12, 4, 5, 1, 6, 11, 8, 9, 0, 2, 13], "R": [[-0.413035464345913, 0.4542949368606717, 0.789314775951467], [0.38646314255766545, 0.8722245117830297, -0.29978432328810856], [-0.8246501953173903, 0.1812195116084743, -0.5358279051854021]], "T": [-0.05745172826083646, -0.023676645471677547, -0.006141725869103732], "aligned_model": [[0.554002088606326, 0.6186385923291234, -0.03481182608631209, -0.10401597526283392, 0.5222820980118318, -0.030918066986030515, -0.007659480945542266, -0.06840223471688935, -0.42248854270758907, 0.20380953056707662, -0.6572161402606962, -0.6985940579430047, -0.07229598466833938], [-0.3414841697005475, -0.20631789365790756, 0.5412941652382864, 0.5837332185824392, 0.34586317003689365, 0.06763664159890428, 0.031552154887638, -0.5772719238944445, -0.4355864664693459, -0.6734565150148916, 0.30550669014444987, 0.13425592739054334, -0.10361412115500207], [-0.40844880515896426, 0.3515584951571537, -0.2888806078639717, 0.3258482616424683, -0.09931543077655221, -0.7585590224681695, 0.7767221875761742, -0.45296338467050706, 0.427001931045703, 0.0018382386266825469, -0.33339533004914895, 0.44187857967907634, 0.016714887260056113]], "inverted": false, "swapped": false, "error_lsq": 0.03859708834781964, "error_max": 0.21826235858523185, "target": "62.xyz", "model": "28.xyz", "model_rescale": 4.5098078930637895, "target_rescale": 4.449845701017861},
