[{"mapping": [6, 5, 1, 0, 8, 7, 11, 10, 9, 3, 2, 12], "R": [[0.8645986585615171, -0.502463092787545, 7.12142998923444e-18], [-0.502463092787545, -0.8645986585615171, -1.9190487567020074e-18], [7.12142998923444e-18, -1.9190487567020074e-18, -1.0]], "T": [-0.013582934711857297, -0.07479135672436966, 4.75271398163279e-17], "aligned_model": [[-0.08964364717919454, -0.08964364717919454, 0.5822831660553466, 0.5822831660553466, 0.026383102167837725, 0.026383102167837725, -0.5539973122436591, -0.5539973122436591, 0.49073676723230225, -0.39526720792655623, -0.39526720792655623, -0.08964364717919454], [-0.04122551995412215, -0.04122551995412215, -0.09765708692359999, -0.09765708692359999, 0.5270278874679162, 0.5270278874679162, 0.09151393604532611, 0.09151393604532611, 0.3942884314684678, -0.6151409487672983, -0.6151409487672983, -0.04122551995412215], [-0.8041627149412113, 0.8041627149412112, -0.4020813574706054, 0.4020813574706055, -0.4020813574706054, 0.4020813574706055, -0.4020813574706054, 0.4020813574706055, 1.5001721875384604e-16, -0.4020813574706054, 0.4020813574706055, 1.467198527724956e-16]], "inverted": false, "swapped": true, "error_lsq": 0.02584378591580754, "error_max": 0.11171841430489836, "target": "63.xyz", "model": "0.xyz", "model_rescale": 4.5108708085295355, "target_rescale": 4.449845701017861},
{"mapping": [5, 6, 0, 1, 7, 8, 10, 11, 9, 2, 3, 12], "R": [[-0.8645986585615171, 0.502463092787545, 3.2120177233786782e-18], [0.502463092787545, 0.8645986585615171, 1.1919530059534274e-17], [3.2120177233786782e-18, 1.1919530059534274e-17, -1.0]], "T": [-0.013582934711857276, -0.07479135672436966, -7.811808288581768e-19], "aligned_model": [[-0.08964364717919451, -0.08964364717919451, 0.5822831660553467, 0.5822831660553467, 0.026383102167837746, 0.026383102167837746, -0.553997312243659, -0.553997312243659, 0.49073676723230225, -0.39526720792655623, -0.39526720792655623, -0.08964364717919451], [-0.041225519954122145, -0.04122551995412216, -0.09765708692359999, -0.09765708692359999, 0.5270278874679162, 0.5270278874679162, 0.09151393604532611, 0.09151393604532611, 0.3942884314684678, -0.6151409487672983, -0.6151409487672983, -0.04122551995412215], [-0.8041627149412112, 0.8041627149412113, -0.40208135747060547, 0.40208135747060547, -0.40208135747060547, 0.40208135747060547, -0.40208135747060547, 0.40208135747060547, -9.336887484453675e-17, -0.40208135747060547, 0.40208135747060547, -1.0042418865725644e-16]], "inverted": true, "swapped": true, "error_lsq": 0.02584378591580754, "error_max": 0.1117184143048985, "target": "63.xyz", "model": "1.xyz", "model_rescale": 4.510870808529536, "target_rescale": 4.449845701017861},
{"mapping": [6, 5, 1, 0, 8, 7, 11, 10, 9, 3, 2, 12], "R": [[0.8645986585615171, -0.5024630927875451, -1.4530508336246886e-17], [-0.5024630927875451, -0.8645986585615171, 7.540968144850674e-19], [-1.2941963833403404e-17, 6.649053064176515e-18, -1.0]], "T": [-0.0135829347118573, -0.07479135672436968, 9.451594093517622e-17], "aligned_model": [[-0.08964364717919455, -0.08964364717919453, 0.5822831660553466, 0.5822831660553466, 0.02638310216783777, 0.026383102167837784, -0.5539973122436591, -0.5539973122436591, 0.49073676723230236, -0.39526720792655634, -0.39526720792655634, -0.08964364717919454], [-0.04122551995412216, -0.04122551995412216, -0.09765708692360006, -0.09765708692360006, 0.5270278874679162, 0.5270278874679162, 0.09151393604532615, 0.09151393604532615, 0.3942884314684678, -0.6151409487672983, -0.6151409487672983, -0.04122551995412216], [-0.8041627149412112, 0.8041627149412113, -0.40208135747060536, 0.4020813574706056, -0.40208135747060536, 0.4020813574706056, -0.40208135747060536, 0.4020813574706056, 1.8734043934821538e-16, -0.40208135747060536, 0.4020813574706056, 1.9544524211458447e-16]], "inverted": false, "swapped": true, "error_lsq": 0.025843785915807545, "error_max": 0.1117184143048984, "target": "63.xyz", "model": "2.xyz", "model_rescale": 4.5108708085295355, "target_rescale": 4.449845701017861},
{"mapping": [4, 5, 9, 10, 6, 0, 1, 2, 3, 8, 11, 12, 13], "R": [[-0.5296833740901437, 0.8464504106946122, -0.05438037741137216], [-0.8461101605603509, -0.5317870063125338, -0.03605795492939655], [-0.05944004886453486, 0.026912490633075485, 0.9978690287001127]], "T": [0.03848298001061237, -0.015443928859913136, 0.033862440558284135], "aligned_model": [[0.5520129114398566, 0.5088636790077633, -0.12432700440937319, -0.16747623684146654, 0.5816113557715223, 0.04351251148700826, -0.04278595337717843, -0.31928455514759346, -0.3624337875796868, 0.18673417994833316, -0.5056555734924431, -0.5488048059245364, 0.00036327905491491397], [-0.2868682941332224, -0.31547922241907705, 0.5457109995833214, 0.5171000712974667, 0.4313514572873342, 0.08852774665104118, 0.03130589007933193, -0.5229735916103673, -0.5515845198962219, -0.629828372789583, 0.16677141192883, 0.13816048364297537, 0.05991681836518656], [-0.3455424323752452, 0.4462373364640228, -0.3523153785634648, 0.4394643902758032, -0.31797658033602233, -0.7572715614683306, 0.826287976210205, -0.40155675653803924, 0.39022301230122874, 0.019740857485811378, -0.38678941983308707, 0.4049903490061809, 0.034508207370937134]], "inverted": false, "swapped": false, "error_lsq": 0.03619557819447025, "error_max": 0.3252768389424555, "target": "63.xyz", "model": "3.xyz", "model_rescale": 4.509807743048502, "target_rescale": 4.449845701017861},
{"mapping": [4, 5, 9, 10, 6, 0, 1, 2, 3, 8, 11, 12, 13], "R": [[-0.5296833740901437, 0.8464504106946122, -0.05438037741137216], [-0.8461101605603509, -0.5317870063125338, -0.03605795492939654], [-0.05944004886453486, 0.026912490633075485, 0.9978690287001127]], "T": [0.03848298001061237, -0.015443928859913136, 0.0338624405582842], "aligned_model": [[0.5520129114398565, 0.5088636790077633, -0.12432700440937319, -0.16747623684146654, 0.5816113557715223, 0.043512511487008264, -0.04278595337717844, -0.31928455514759346, -0.3624337875796868, 0.18673417994833316, -0.5056555734924431, -0.5488048059245363, 0.0003632790549149209], [-0.2868682941332224, -0.31547922241907705, 0.5457109995833214, 0.5171000712974667, 0.4313514572873342, 0.08852774665104118, 0.03130589007933193, -0.5229735916103673, -0.5515845198962219, -0.629828372789583, 0.16677141192883, 0.1381604836429754, 0.05991681836518656], [-0.34554243237524507, 0.44623733646402264, -0.3523153785634647, 0.43946439027580303, -0.3179765803360222, -0.7572715614683306, 0.8262879762102053, -0.40155675653803913, 0.3902230123012286, 0.019740857485811343, -0.38678941983308696, 0.40499034900618075, 0.0345082073709371]], "inverted": false, "swapped": false, "error_lsq": 0.036195578194470245, "error_max": 0.32527683894245546, "target": "63.xyz", "model": "4.xyz", "model_rescale": 4.509807743048502, "target_rescale": 4.449845701017861},
{"mapping": [0, 6, 8, 5, 4, 2, 7, 11, 10, 9, 3, 1, 13], "R": [[0.4130355300586854, -0.4542948773381065, 0.789314775823623], [-0.38646302716651526, -0.8722245652320413, -0.299784316532854], [0.8246502164811664, -0.1812194035696286, -0.5358279091531477]], "T": [-0.057451706454171095, -0.023676593939701777, -0.0061417206076818465], "aligned_model": [[0.5540022339822874, 0.6186385701283281, -0.03481185490105709, -0.10401599208441821, 0.5222821019221306, -0.03091808863632696, -0.007659523878220678, -0.06840218534559302, -0.4224886792793055, 0.20380941472724334, -0.6572161826428757, -0.6985939540308099, -0.0722958600242615], [-0.3414840683574215, -0.20631781360534918, 0.5412943482432153, 0.5837331807764367, 0.34586312967842303, 0.0676364825062338, 0.03155223749266447, -0.5772717973024863, -0.43558666026506593, -0.6734567113630796, 0.30550653360424745, 0.13425603383860568, -0.1036140172594078], [-0.40844869617116053, 0.35155838989364446, -0.28888074151710025, 0.3258482898240866, -0.09931541988596668, -0.7585589812950282, 0.7767220996036978, -0.4529634090961021, 0.42700185657555917, 0.0018381468655059496, -0.333395271584975, 0.44187872324894584, 0.01671501353889281]], "inverted": true, "swapped": false, "error_lsq": 0.038597078173565696, "error_max": 0.2182622701583897, "target": "63.xyz", "model": "5.xyz", "model_rescale": 4.509807743048502, "target_rescale": 4.449845701017861},
{"mapping": [4, 5, 9, 10, 6, 0, 1, 2, 3, 8, 11, 12, 13], "R": [[-0.529683291199443, 0.8464504626861601, -0.05438037552749817], [-0.8461102127033057, -0.5317869233448228, -0.03605795499767564], [-0.05944004528340364, 0.02691249482736688, 0.99786902880031]], "T": [0.0384829736438357, -0.015443918553267901, 0.03386244154189146], "aligned_model": [[0.5520130439391635, 0.5088638115031884, -0.12432678916757546, -0.16747602160355063, 0.5816112312838536, 0.043512402579412, -0.0427860622925383, -0.319284429715164, -0.36243366215113915, 0.18673395733555365, -0.5056557097407721, -0.5488049421767474, 0.0003631701434368556], [-0.28686830396055857, -0.31547923329431965, 0.5457108345394559, 0.5170999052056948, 0.4313515933647813, 0.08852781585534397, 0.03130595718782192, -0.5229736951904451, -0.5515846245242062, -0.6298281925130343, 0.16677143206433018, 0.13816050273056915, 0.059916886521582946], [-0.34554243931046374, 0.4462373571087954, -0.35231538526374007, 0.4394644111555191, -0.31797659601337264, -0.7572715914855864, 0.8262880013529316, -0.4015567656117404, 0.39022303080751874, 0.01974085250611812, -0.3867894382994559, 0.4049903581198033, 0.03450820493367261]], "inverted": false, "swapped": false, "error_lsq": 0.03619557528823825, "error_max": 0.3252768680848722, "target": "63.xyz", "model": "6.xyz", "model_rescale": 4.509807586411629, "target_rescale": 4.449845701017861},
{"mapping": [4, 5, 9, 10, 6, 0, 1, 2, 3, 8, 11, 12, 13], "R": [[-0.5296832911994431, 0.84645046268616, -0.054380375527498116], [-0.8461102127033056, -0.5317869233448229, -0.03605795499767564], [-0.05944004528340361, 0.026912494827366833, 0.99786902880031]], "T": [0.03848297364383568, -0.015443918553267915, 0.03386244154189152], "aligned_model": [[0.5520130439391634, 0.5088638115031883, -0.12432678916757539, -0.16747602160355046, 0.5816112312838536, 0.04351240257941196, -0.04278606229253826, -0.3192844297151641, -0.3624336621511392, 0.1867339573355535, -0.5056557097407721, -0.5488049421767471, 0.00036317014343686255], [-0.2868683039605587, -0.31547923329431976, 0.5457108345394559, 0.5170999052056948, 0.43135159336478107, 0.08852781585534396, 0.03130595718782189, -0.5229736951904451, -0.5515846245242062, -0.6298281925130343, 0.16677143206433026, 0.13816050273056923, 0.05991688652158293], [-0.3455424393104637, 0.4462373571087952, -0.35231538526373996, 0.43946441115551893, -0.3179765960133726, -0.7572715914855864, 0.8262880013529319, -0.4015567656117403, 0.3902230308075186, 0.019740852506118067, -0.3867894382994557, 0.40499035811980316, 0.03450820493367257]], "inverted": false, "swapped": false, "error_lsq": 0.036195575288238246, "error_max": 0.3252768680848721, "target": "63.xyz", "model": "7.xyz", "model_rescale": 4.509807586411629, "target_rescale": 4.449845701017861},
{"mapping": [0, 6, 8, 5, 4, 2, 7, 11, 10, 9, 3, 1, 13], "R": [[0.41303550384649484, -0.4542949100026177, 0.7893147707397764], [-0.38646307223459053, -0.8722245407343587, -0.2997843297101082], [0.8246502084891957, -0.18121943959313713, -0.5358279092696419]], "T": [-0.05745171165418707, -0.023676599416581588, -0.0061417228611571435], "aligned_model": [[0.5540021921126863, 0.6186385260708428, -0.03481198406855515, -0.10401592845659115, 0.5222821832689706, -0.030918029120930626, -0.007659585654718928, -0.06840225772106313, -0.4224885682106384, 0.2038095435149233, -0.6572161408464923, -0.6985940313384369, -0.07229591961287554], [-0.3414841922250384, -0.2063179616268951, 0.5412940811380489, 0.5837332835005078, 0.345863213684909, 0.06763660183036052, 0.03155210818870372, -0.5772719028355203, -0.43558639024757023, -0.6734564600631691, 0.30550667164595935, 0.13425594740615912, -0.10361412240943954], [-0.4084487355358316, 0.35155838243360144, -0.2888807940558062, 0.3258483395715402, -0.09931538499794455, -0.7585589860915944, 0.7767221070030862, -0.4529634662260234, 0.4270019106768878, 0.0018381861074030408, -0.3333952615221098, 0.4418787136031378, 0.01671498903365327]], "inverted": true, "swapped": false, "error_lsq": 0.03859708405214201, "error_max": 0.21826236537053179, "target": "63.xyz", "model": "8.xyz", "model_rescale": 4.509807586411629, "target_rescale": 4.449845701017861},
{"mapping": [6, 7, 11, 12, 4, 0, 1, 2, 3, 8, 9, 10, 13], "R": [[0.5296834235099633, -0.8464503796196114, -0.05438037973920845], [0.8461101294922455, 0.5317870558206331, -0.036057953799938446], [0.05944005071818598, -0.02691248972946366, 0.9978690286140667]], "T": [0.0384830032998833, -0.01544388371758627, 0.03386244519368236], "aligned_model": [[0.5520128522765745, 0.5088636157147516, -0.12432686301706122, -0.16747609957888407, 0.5816113401290833, 0.0435123299951798, -0.04278614312846586, -0.31928448649456587, -0.36243372305638866, 0.18673426903426313, -0.50565547440445, -0.5488047109662729, 0.0003630934333569702], [-0.28686823361454067, -0.3154791625177648, 0.5457110257570688, 0.5171000968538446, 0.43135155401510566, 0.08852766996658636, 0.03130581216013813, -0.5229736104804373, -0.5515845393836615, -0.6298284277404999, 0.16677144040551914, 0.138160511502295, 0.05991674106336224], [-0.3455424512378502, 0.44623735941948994, -0.35231539025826897, 0.4394644203990712, -0.3179765962599864, -0.7572716146345987, 0.8262880066800814, -0.40155677307396936, 0.3902230375833708, 0.019740863130060092, -0.38678943421374073, 0.4049903764435994, 0.03450819602274136]], "inverted": false, "swapped": false, "error_lsq": 0.036195563571690396, "error_max": 0.3252768712299394, "target": "63.xyz", "model": "9.xyz", "model_rescale": 4.509807504472865, "target_rescale": 4.449845701017861},
{"mapping": [6, 7, 11, 12, 4, 0, 1, 2, 3, 8, 9, 10, 13], "R": [[0.5296834235099638, -0.8464503796196113, -0.05438037973920843], [0.8461101294922454, 0.5317870558206336, -0.03605795379993848], [0.05944005071818601, -0.026912489729463595, 0.9978690286140668]], "T": [0.038483003299883314, -0.015443883717586294, 0.033862445193682394], "aligned_model": [[0.5520128522765744, 0.5088636157147516, -0.12432686301706107, -0.16747609957888387, 0.5816113401290837, 0.04351232999517984, -0.042786143128465806, -0.31928448649456614, -0.36243372305638893, 0.18673426903426288, -0.50565547440445, -0.5488047109662729, 0.0003630934333570257], [-0.286868233614541, -0.31547916251776514, 0.5457110257570689, 0.5171000968538447, 0.43135155401510544, 0.0885276699665864, 0.03130581216013809, -0.5229736104804372, -0.5515845393836614, -0.6298284277405, 0.16677144040551942, 0.13816051150229527, 0.05991674106336225], [-0.3455424512378502, 0.44623735941948983, -0.35231539025826886, 0.4394644203990712, -0.3179765962599864, -0.7572716146345988, 0.8262880066800818, -0.4015567730739693, 0.39022303758337074, 0.01974086313005998, -0.3867894342137407, 0.40499037644359936, 0.03450819602274131]], "inverted": false, "swapped": false, "error_lsq": 0.036195563571690396, "error_max": 0.3252768712299394, "target": "63.xyz", "model": "10.xyz", "model_rescale": 4.509807504472865, "target_rescale": 4.449845701017861},
{"mapping": [0, 4, 8, 7, 6, 2, 5, 9, 12, 11, 3, 1, 13], "R": [[-0.41303557208644176, 0.45429485631284017, 0.7893147659324016], [0.38646295823436316, 0.8722245918733122, -0.2997843278828615], [-0.8246502277353538, 0.1812193280506527, -0.5358279173735718]], "T": [-0.05745168395027676, -0.02367660794652535, -0.006141675766889839], "aligned_model": [[0.5540021423846194, 0.6186385967354617, -0.034811808914449155, -0.10401602961418409, 0.5222820896760869, -0.030918044446641577, -0.007659522554809325, -0.06840211170297782, -0.42248859703888497, 0.2038095222513861, -0.6572161637369127, -0.6985940961959226, -0.07229597690565182], [-0.3414841181124934, -0.20631788836640405, 0.5412944423862299, 0.5837331232210721, 0.3458630505334749, 0.06763651989232998, 0.03155218432119315, -0.5772717745126271, -0.43558658155294716, -0.6734566542405444, 0.3055065925799272, 0.134256027262701, -0.10361404542489609], [-0.40844887613174763, 0.3515584215010641, -0.2888807306396367, 0.32584829266443016, -0.09931544606009182, -0.7585589633125605, 0.7767221602255862, -0.452963329896765, 0.4270019855261055, 0.0018382468015835408, -0.33339522458803844, 0.4418786013172963, 0.01671486259277447]], "inverted": true, "swapped": false, "error_lsq": 0.03859708386346638, "error_max": 0.21826232376117474, "target": "63.xyz", "model": "11.xyz", "model_rescale": 4.509807504472865, "target_rescale": 4.449845701017861},
{"mapping": [6, 7, 11, 12, 4, 0, 1, 2, 3, 8, 9, 10, 13], "R": [[0.5296833141532279, -0.8464504484042813, -0.05438037425251988], [0.8461101982972813, 0.5317869462283621, -0.036057955550038504], [0.059440045802374726, -0.026912491844945787, 0.9978690288498323]], "T": [0.038482912317226364, -0.015443822740756546, 0.03386244037571955], "aligned_model": [[0.5520129539288061, 0.508863724227736, -0.12432682972728992, -0.16747605942836002, 0.5816113472152074, 0.0435124123138577, -0.04278604708828246, -0.31928449142259807, -0.36243372112366823, 0.18673424886833107, -0.5056557453691682, -0.5488049750702383, 0.0003631826127876159], [-0.28686821039063, -0.3154791390200425, 0.5457109131135839, 0.5170999844841714, 0.4313515394792988, 0.08852760344717313, 0.03130574618834818, -0.522973568578641, -0.5515844972080535, -0.6298283119694711, 0.16677153612646528, 0.13816060749705278, 0.059916674817760654], [-0.34554242703016774, 0.44623733780714325, -0.3523153695050653, 0.4394643953322456, -0.3179765774798888, -0.757271568069889, 0.8262879616047326, -0.401556749609724, 0.390223015227587, 0.01974086226200765, -0.38678942107185726, 0.40499034376545373, 0.034508196767421825]], "inverted": false, "swapped": false, "error_lsq": 0.036195567605752106, "error_max": 0.325276850807088, "target": "63.xyz", "model": "12.xyz", "model_rescale": 4.509807766519439, "target_rescale": 4.449845701017861},
{"mapping": [6, 7, 11, 12, 4, 0, 1, 2, 3, 8, 9, 10, 13], "R": [[0.529683314153228, -0.8464504484042812, -0.05438037425251986], [0.8461101982972812, 0.5317869462283622, -0.036057955550038504], [0.05944004580237473, -0.026912491844945777, 0.9978690288498322]], "T": [0.038482912317226364, -0.015443822740756556, 0.03386244037571962], "aligned_model": [[0.552012953928806, 0.508863724227736, -0.12432682972728984, -0.16747605942835989, 0.5816113472152075, 0.043512412313857704, -0.04278604708828246, -0.3192844914225982, -0.36243372112366823, 0.18673424886833095, -0.5056557453691682, -0.5488049750702383, 0.0003631826127876367], [-0.28686821039063004, -0.31547913902004254, 0.5457109131135839, 0.5170999844841714, 0.43135153947929866, 0.08852760344717311, 0.03130574618834816, -0.5229735685786409, -0.5515844972080534, -0.6298283119694711, 0.16677153612646528, 0.13816060749705283, 0.05991667481776065], [-0.3455424270301676, 0.44623733780714303, -0.35231536950506515, 0.43946439533224546, -0.3179765774798886, -0.7572715680698889, 0.8262879616047328, -0.4015567496097238, 0.3902230152275868, 0.019740862262007608, -0.3867894210718571, 0.4049903437654535, 0.0345081967674218]], "inverted": false, "swapped": false, "error_lsq": 0.036195567605752106, "error_max": 0.3252768508070879, "target": "63.xyz", "model": "13.xyz", "model_rescale": 4.509807766519439, "target_rescale": 4.449845701017861},
{"mapping": [0, 4, 8, 7, 6, 2, 5, 9, 12, 11, 3, 1, 13], "R": [[-0.4130355061548508, 0.4542948966854378, 0.7893147771966349], [0.3864630701220088, 0.8722245464491754, -0.2997843158062166], [-0.8246502083230667, 0.1812194454717746, -0.5358279075371355]], "T": [-0.057451743071552805, -0.023676723977081336, -0.00614170221578681], "aligned_model": [[0.5540021516117132, 0.6186385696054431, -0.03481182195806479, -0.10401596810518492, 0.5222821237312897, -0.030918059930108308, -0.007659522231031599, -0.06840227893167482, -0.42248858081957735, 0.20380951101689726, -0.6572161517665829, -0.6985940320612359, -0.07229594022476168], [-0.34148401428208736, -0.2063178773934081, 0.5412943224746978, 0.5837331324582261, 0.34586308317475367, 0.06763647752185922, 0.03155217189006431, -0.577272003357601, -0.435586505653795, -0.6734565549372674, 0.30550652680533164, 0.13425608428485733, -0.10361396499861494], [-0.4084488405549411, 0.35155843080733, -0.2888806790223031, 0.3258483496114254, -0.09931535660363883, -0.7585589348650297, 0.7767221370223942, -0.4529634303660116, 0.42700191065024695, 0.001838204435182727, -0.3333952286499654, 0.44187857187518725, 0.01671486566012322]], "inverted": true, "swapped": false, "error_lsq": 0.03859707482795073, "error_max": 0.21826226307917504, "target": "63.xyz", "model": "14.xyz", "model_rescale": 4.509807766519439, "target_rescale": 4.449845701017861},
{"mapping": [6, 5, 1, 0, 11, 10, 8, 7, 9, 3, 2, 12], "R": [[-0.8645986540690096, 0.5024631005178961, 2.6701133631453715e-17], [0.5024631005178961, 0.8645986540690096, 5.114921165858567e-17], [2.614827279147423e-18, 5.763987394850696e-17, -1.0000000000000002]], "T": [0.01358279081092251, 0.07479146722376699, 5.071054008926679e-17], "aligned_model": [[0.08964350297814863, 0.08964350297814858, -0.5822833097518396, -0.5822833097518396, 0.5539971668557937, 0.5539971668557937, -0.026383251449620514, -0.026383251449620542, -0.4907369153272656, 0.3952670688568713, 0.3952670688568713, 0.0896435029781486], [0.041225629773462925, 0.04122562977346284, 0.09765720275061854, 0.09765720275061851, -0.09151383037775777, -0.09151383037775783, -0.5270277766111838, -0.5270277766111838, -0.39428831645996304, 0.615141055854068, 0.615141055854068, 0.041225629773462884], [-0.8041627149412115, 0.8041627149412114, -0.4020813574706055, 0.40208135747060564, -0.4020813574706055, 0.40208135747060564, -0.4020813574706056, 0.4020813574706056, 1.1305035955454964e-16, -0.40208135747060547, 0.4020813574706057, 1.508233696769609e-16]], "inverted": false, "swapped": true, "error_lsq": 0.025843790401414542, "error_max": 0.11171856661648777, "target": "63.xyz", "model": "15.xyz", "model_rescale": 4.510870436145588, "target_rescale": 4.449845701017861},
{"mapping": [5, 6, 0, 1, 10, 11, 7, 8, 9, 2, 3, 12], "R": [[0.8645986540690097, -0.502463100517896, -1.400342679965709e-17], [-0.502463100517896, -0.8645986540690097, 2.1928184265371273e-18], [-1.3209154308808035e-17, 5.1402973874293755e-18, -1.0000000000000002]], "T": [0.013582790810922497, 0.07479146722376699, 6.373952310807002e-19], "aligned_model": [[0.08964350297814859, 0.08964350297814862, -0.5822833097518397, -0.5822833097518397, 0.5539971668557937, 0.5539971668557937, -0.026383251449620466, -0.026383251449620452, -0.4907369153272656, 0.39526706885687124, 0.39526706885687124, 0.0896435029781486], [0.041225629773462905, 0.041225629773462905, 0.09765720275061841, 0.09765720275061841, -0.09151383037775772, -0.09151383037775772, -0.5270277766111838, -0.5270277766111838, -0.3942883164599632, 0.6151410558540681, 0.6151410558540681, 0.041225629773462905], [-0.8041627149412114, 0.8041627149412115, -0.4020813574706056, 0.4020813574706056, -0.4020813574706056, 0.4020813574706056, -0.4020813574706056, 0.4020813574706056, -9.312779594582312e-17, -0.4020813574706056, 0.4020813574706056, -1.0030010764320279e-16]], "inverted": true, "swapped": true, "error_lsq": 0.025843790401414542, "error_max": 0.11171856661648785, "target": "63.xyz", "model": "16.xyz", "model_rescale": 4.510870436145588, "target_rescale": 4.449845701017861},
{"mapping": [5, 6, 0, 1, 10, 11, 7, 8, 9, 2, 3, 12], "R": [[0.8645986540690097, -0.5024631005178957, -2.252379036628924e-16], [-0.5024631005178957, -0.8645986540690097, 3.5651029812435596e-17], [-2.126537153284744e-16, 8.234990303660207e-17, -1.0]], "T": [0.013582790810922476, 0.07479146722376696, 1.2004312219617917e-16], "aligned_model": [[0.08964350297814841, 0.08964350297814877, -0.5822833097518397, -0.5822833097518395, 0.5539971668557936, 0.5539971668557938, -0.026383251449620403, -0.026383251449620223, -0.49073691532726543, 0.39526706885687085, 0.3952670688568711, 0.08964350297814859], [0.04122562977346293, 0.04122562977346288, 0.09765720275061823, 0.0976572027506182, -0.0915138303777575, -0.09151383037775755, -0.5270277766111837, -0.5270277766111837, -0.3942883164599633, 0.6151410558540681, 0.6151410558540681, 0.041225629773462905], [-0.804162714941211, 0.8041627149412114, -0.40208135747060525, 0.4020813574706057, -0.40208135747060547, 0.40208135747060547, -0.40208135747060536, 0.4020813574706056, 1.171130697578543e-16, -0.4020813574706054, 0.4020813574706055, 1.9159216926495847e-18]], "inverted": true, "swapped": true, "error_lsq": 0.025843790401414535, "error_max": 0.1117185666164878, "target": "63.xyz", "model": "17.xyz", "model_rescale": 4.510870436145588, "target_rescale": 4.449845701017861},
{"mapping": [9, 8, 3, 5, 7, 0, 6, 1, 2, 10, 11, 4, 12], "R": [[0.3574591259206954, 0.8403614359531759, 0.4074501567783826], [0.43295849864779634, -0.535673665938516, 0.7249832150254495], [0.8275082547894361, -0.08274285819759497, -0.55532306603691]], "T": [-0.09074689927867716, -0.11864634967652644, 0.07233280359866423], "aligned_model": [[0.5793860436772224, 0.33860846636432096, -0.3214379133432961, 0.20639408124645472, 0.6650790884515025, -0.0407555006380107, -0.12007654084072689, -0.3672261227251923, -0.25848279214743797, 0.25291542159004077, -0.5521535262070225, -0.6479085354304777, 0.0679878299397437], [-0.06019613128437347, -0.3456130638431409, 0.633365468330455, 0.7139742980370927, 0.23528184385193673, 0.010956376834442769, 0.1330793903420151, -0.5699385308606348, -0.5743734995469947, -0.6410910389794511, 0.07767379632220843, 0.05247056063537746, 0.0065214081480830105], [-0.44181562079273307, 0.451764331372625, -0.19730991934903674, 0.29520568858398355, 0.006810111053007772, -0.8039334719348294, 0.7401599089036007, -0.3589792516152122, 0.4364472111965742, 0.003138599526884167, -0.3706248787924018, 0.24764430097058052, -0.008507009123043141]], "inverted": true, "swapped": false, "error_lsq": 0.05034014894254231, "error_max": 0.334251742916213, "target": "63.xyz", "model": "18.xyz", "model_rescale": 4.466005644533647, "target_rescale": 4.449845701017861},
{"mapping": [5, 4, 9, 8, 7, 3, 2, 1, 0, 12, 11, 10, 13], "R": [[0.5296832919552602, -0.8464504623218501, -0.054380373836202214], [0.8461102122606667, 0.5317869240137064, -0.03605795551955117], [0.05944004484897421, -0.026912493068591267, 0.9978690288736218]], "T": [0.03848297044822373, -0.015443857448147982, 0.033862442638557165], "aligned_model": [[0.5520130256271687, 0.5088637957308029, -0.12432678807632759, -0.16747601797269346, 0.5816114004435268, 0.04351228051010988, -0.042786179282621836, -0.3192844241229585, -0.3624336540193243, 0.18673413721744736, -0.5056556984176936, -0.5488049283140595, 0.00036305061374402453], [-0.28686823550418455, -0.3154791644579364, 0.5457108804135633, 0.5170999514598114, 0.4313515239305128, 0.08852768690228877, 0.03130582899478507, -0.522973619476402, -0.5515845484301539, -0.6298282323799346, 0.16677148876994052, 0.1381605598161887, 0.05991675794853692], [-0.345542428721431, 0.4462373457799917, -0.35231537285104586, 0.4394644016503768, -0.3179765798670315, -0.7572715815609226, 0.8262879674419228, -0.40155675210035335, 0.3902230224010693, 0.019740859359697, -0.3867894244870982, 0.4049903500143245, 0.034508192940499956]], "inverted": true, "swapped": false, "error_lsq": 0.03619556386668608, "error_max": 0.3252768552560022, "target": "63.xyz", "model": "19.xyz", "model_rescale": 4.509807711582247, "target_rescale": 4.449845701017861},
{"mapping": [3, 7, 12, 4, 5, 1, 6, 11, 8, 9, 0, 2, 13], "R": [[-0.4130354892512653, 0.4542949140992294, 0.7893147760193914], [0.38646309905666565, 0.8722245320660567, -0.2997843203532609], [-0.8246502032295185, 0.18121947104470476, -0.5358279067273295]], "T": [-0.05745171249436688, -0.023676663368521554, -0.006141690318263847], "aligned_model": [[0.5540020859718539, 0.6186386007551593, -0.03481187649798171, -0.10401592805780775, 0.5222821704739437, -0.030918019374711295, -0.007659497776592097, -0.06840225617150171, -0.422488568179492, 0.20380953035225946, -0.6572161179064627, -0.6985941110916486, -0.0722960125598975], [-0.3414841547806508, -0.20631784252983523, 0.541294202854178, 0.5837331935158846, 0.345863137726801, 0.06763655673842617, 0.031552213259248486, -0.5772719385134658, -0.435586452413973, -0.6734565082030567, 0.30550661252750994, 0.13425595679751642, -0.10361409899156718], [-0.4084488751707544, 0.35155844953756077, -0.2888806969457352, 0.32584837967707847, -0.09931533107465161, -0.7585589296694908, 0.7767221602892909, -0.45296343732619415, 0.42700191421935285, 0.0018382034676228303, -0.3333952189177607, 0.44187854633270546, 0.016714835580975574]], "inverted": false, "swapped": false, "error_lsq": 0.038597083894088384, "error_max": 0.21826231944682709, "target": "63.xyz", "model": "20.xyz", "model_rescale": 4.509807711582248, "target_rescale": 4.449845701017861},
{"mapping": [10, 7, 4, 6, 8, 1, 5, 0, 2, 9, 11, 3, 12], "R": [[-0.3574591259206954, -0.8403614359531763, 0.40745015677838226], [-0.4329584986477967, 0.5356736659385157, 0.7249832150254498], [-0.8275082547894362, 0.08274285819759492, -0.5553230660369101]], "T": [-0.09074689927867717, -0.11864634967652658, 0.07233280359866433], "aligned_model": [[0.5793860436772225, 0.3386084663643213, -0.3214379133432965, 0.20639408124645442, 0.6650790884515025, -0.040755500638010964, -0.12007654084072687, -0.3672261227251923, -0.25848279214743775, 0.2529154215900412, -0.5521535262070227, -0.6479085354304778, 0.06798782993974369], [-0.06019613128437344, -0.3456130638431408, 0.6333654683304552, 0.713974298037093, 0.2352818438519369, 0.010956376834442463, 0.13307939034201527, -0.5699385308606353, -0.574373499546995, -0.6410910389794512, 0.07767379632220821, 0.05247056063537732, 0.006521408148083038], [-0.44181562079273307, 0.45176433137262517, -0.1973099193490367, 0.2952056885839838, 0.006810111053007925, -0.8039334719348297, 0.7401599089036011, -0.3589792516152124, 0.43644721119657437, 0.0031385995268841393, -0.370624878792402, 0.24764430097058054, -0.0085070091230431]], "inverted": false, "swapped": false, "error_lsq": 0.05034014894254231, "error_max": 0.33425174291621335, "target": "63.xyz", "model": "21.xyz", "model_rescale": 4.466005644533646, "target_rescale": 4.449845701017861},
{"mapping": [9, 8, 3, 5, 7, 0, 6, 1, 2, 10, 11, 4, 12], "R": [[0.357459062669014, 0.8403614771815784, 0.40745012723643326], [0.432958536807847, -0.535673607649126, 0.7249832353050508], [0.8275082621466678, -0.08274281683243545, -0.5553230612370027]], "T": [-0.0907469033470981, -0.11864635004913587, 0.07233280336819628], "aligned_model": [[0.5793859670024083, 0.33860856099363423, -0.3214378678819735, 0.20639410586057771, 0.6650791620365384, -0.040755384928552726, -0.12007649518232645, -0.36722598597145695, -0.25848287367090794, 0.25291536595950403, -0.5521538127274426, -0.6479084689248776, 0.06798772737199628], [-0.06019603167592935, -0.34561308969936144, 0.6333653935043309, 0.713974268906787, 0.23528183891781945, 0.010956307499871198, 0.13307934028960616, -0.5699386211173096, -0.5743734498625597, -0.6410909602931103, 0.07767393787510068, 0.05247046488715004, 0.006521478754621224], [-0.44181559043328056, 0.4517643453412471, -0.1973099517402648, 0.2952056796747017, 0.006810125288131769, -0.8039334885189618, 0.7401598997278169, -0.3589792684658465, 0.4364472236194764, 0.0031386296198348262, -0.37062487599206695, 0.2476442683128505, -0.008506996433639002]], "inverted": true, "swapped": false, "error_lsq": 0.05034014486547346, "error_max": 0.33425169304162033, "target": "63.xyz", "model": "22.xyz", "model_rescale": 4.46600560860683, "target_rescale": 4.449845701017861},
{"mapping": [5, 4, 9, 8, 7, 3, 2, 1, 0, 12, 11, 10, 13], "R": [[0.5296833508244255, -0.8464504253347984, -0.05438037614753573], [0.8461101752242643, 0.5317869829810035, -0.036057954932673254], [0.05944004745433443, -0.026912491198338363, 0.9978690287688691]], "T": [0.038482964359186536, -0.015443856675310987, 0.033862442709141335], "aligned_model": [[0.5520129109737123, 0.5088636788873668, -0.12432685039510637, -0.16747608248145196, 0.5816113360007857, 0.04351237538444611, -0.04278608878824501, -0.3192845624001929, -0.36243379448653845, 0.1867343711472766, -0.5056556025583436, -0.5488048346446892, 0.0003631432981005614], [-0.2868682125190235, -0.31547914124316057, 0.5457109573374445, 0.5171000286133075, 0.431351550694152, 0.08852763175797773, 0.03130577430970364, -0.5229735376503163, -0.5515844663744532, -0.6298284238204012, 0.16677147128604058, 0.13816054256190352, 0.05991670303384069], [-0.3455424357355789, 0.44623734521533553, -0.35231537712102534, 0.4394644038298891, -0.3179765843592916, -0.7572715847018421, 0.8262879771999867, -0.40155676016087927, 0.3902230207900352, 0.0197408662680972, -0.3867894242123568, 0.4049903567385577, 0.03450819624907225]], "inverted": true, "swapped": false, "error_lsq": 0.03619556733874676, "error_max": 0.3252768585803928, "target": "63.xyz", "model": "23.xyz", "model_rescale": 4.509807674373902, "target_rescale": 4.449845701017861},
{"mapping": [3, 7, 12, 4, 5, 1, 6, 11, 8, 9, 0, 2, 13], "R": [[-0.4130355294914544, 0.4542948821340949, 0.7893147733600855], [0.3864630305099716, 0.8722245626284317, -0.299784319797901], [-0.8246502151983973, 0.1812194040780685, -0.5358279109553992]], "T": [-0.05745170921138017, -0.023676658097599387, -0.006141687701504628], "aligned_model": [[0.5540021466237827, 0.6186385773433065, -0.034811754160874266, -0.10401599185656903, 0.5222821097323982, -0.030918091815257356, -0.0076595242456606455, -0.06840219188469905, -0.4224885882323565, 0.20380951335661074, -0.6572161934042247, -0.6985940565541514, -0.07229595496518441], [-0.34148405420915623, -0.20631788454942324, 0.5412944863966799, 0.583733125616277, 0.3458630683052988, 0.06763642071563301, 0.03155217276155488, -0.5772718691730697, -0.4355865360535166, -0.6734565933644947, 0.30550647802661113, 0.13425606041279986, -0.10361399689817816], [-0.40844885377106516, 0.35155842681278504, -0.2888806719361218, 0.3258483287645724, -0.09931538884983664, -0.7585589597571123, 0.7767221444271941, -0.452963383794247, 0.4270019362799235, 0.001838218665514463, -0.33339524214270333, 0.44187858145775266, 0.016714863843343836]], "inverted": false, "swapped": false, "error_lsq": 0.03859707451578714, "error_max": 0.2182622394072259, "target": "63.xyz", "model": "24.xyz", "model_rescale": 4.509807674373903, "target_rescale": 4.449845701017861},
{"mapping": [10, 7, 4, 6, 8, 1, 5, 0, 2, 9, 11, 3, 12], "R": [[-0.3574590626690137, -0.8403614771815783, 0.4074501272364335], [-0.43295853680784735, 0.5356736076491261, 0.7249832353050505], [-0.8275082621466676, 0.08274281683243484, -0.5553230612370029]], "T": [-0.0907469033470982, -0.11864635004913594, 0.07233280336819635], "aligned_model": [[0.5793859670024083, 0.3386085609936341, -0.3214378678819735, 0.20639410586057763, 0.6650791620365384, -0.04075538492855252, -0.12007649518232669, -0.36722598597145684, -0.25848287367090816, 0.25291536595950403, -0.5521538127274425, -0.6479084689248777, 0.06798772737199624], [-0.06019603167592981, -0.3456130896993613, 0.6333653935043309, 0.7139742689067872, 0.23528183891781929, 0.01095630749987063, 0.13307934028960666, -0.5699386211173099, -0.5743734498625597, -0.6410909602931103, 0.07767393787510053, 0.052470464887150306, 0.0065214787546211544], [-0.4418155904332802, 0.4517643453412473, -0.19730995174026522, 0.2952056796747014, 0.0068101252881318936, -0.8039334885189618, 0.7401598997278168, -0.3589792684658464, 0.4364472236194767, 0.0031386296198352287, -0.37062487599206717, 0.2476442683128502, -0.008506996433638989]], "inverted": false, "swapped": false, "error_lsq": 0.05034014486547346, "error_max": 0.3342516930416201, "target": "63.xyz", "model": "25.xyz", "model_rescale": 4.466005608606829, "target_rescale": 4.449845701017861},
{"mapping": [9, 8, 3, 5, 7, 0, 6, 1, 2, 10, 11, 4, 12], "R": [[0.357459152055038, 0.8403614189552415, 0.4074501689085751], [0.4329584551319906, -0.5356736871823937, 0.7249832253163786], [0.8275082662679651, -0.08274289330179396, -0.5553230437018031]], "T": [-0.09074691294720441, -0.1186463649543782, 0.07233276232783904], "aligned_model": [[0.579386034310471, 0.33860847365810554, -0.32143793945706267, 0.20639412267512866, 0.6650790913137637, -0.04075556698734556, -0.12007649498052947, -0.3672261846430036, -0.25848276590548797, 0.2529154166548129, -0.5521534813391812, -0.6479085571127208, 0.06798785175017019], [-0.060196099651942794, -0.3456130485185232, 0.6333653895002448, 0.7139742775536001, 0.23528184224329052, 0.010956341027278091, 0.13307938679178638, -0.5699385497345356, -0.5743734562507852, -0.6410909904137564, 0.0776738521908993, 0.05247049873843111, 0.006521434511028643], [-0.44181555571742737, 0.4517643502323906, -0.19731000776249863, 0.2952057587326478, 0.006810167095390687, -0.8039335635040054, 0.7401599418696477, -0.3589793803670054, 0.43644723130805857, 0.0031386274195725067, -0.3706247928523311, 0.24764417537450129, -0.008506951828941386]], "inverted": true, "swapped": false, "error_lsq": 0.050340151222976935, "error_max": 0.3342517153323443, "target": "63.xyz", "model": "26.xyz", "model_rescale": 4.466005838112752, "target_rescale": 4.449845701017861},
{"mapping": [5, 4, 9, 8, 7, 3, 2, 1, 0, 12, 11, 10, 13], "R": [[0.5296832262185888, -0.8464505034311229, -0.054380374252720416], [0.8461102536873502, 0.5317868582635744, -0.03605795312112173], [0.05944004094712089, -0.026912499314547932, 0.9978690289375901]], "T": [0.03848294483449129, -0.015443889538153038, 0.03386243884914618], "aligned_model": [[0.5520129428693087, 0.5088637143788386, -0.1243267906413172, -0.16747601913178722, 0.5816113782191059, 0.04351230791015813, -0.04278614907078196, -0.3192844533479657, -0.3624336818384358, 0.1867342120033877, -0.5056556561713041, -0.5488048846617741, 0.0003630794196880921], [-0.2868683132115524, -0.3154792391108736, 0.5457109043787598, 0.5170999784794386, 0.4313516074119941, 0.08852773958426925, 0.03130588778562683, -0.5229737555502795, -0.5515846814496007, -0.629828134547393, 0.16677149821549975, 0.13816057231617854, 0.05991681368494804], [-0.345542420382995, 0.44623732230675983, -0.352315358751467, 0.4394643839382878, -0.31797656412087333, -0.757271547596466, 0.8262879377830437, -0.40155674274623926, 0.39022299994351556, 0.019740867275953547, -0.3867894077162817, 0.40499033497347314, 0.03450819509328873]], "inverted": true, "swapped": false, "error_lsq": 0.03619556710571763, "error_max": 0.32527685346805285, "target": "63.xyz", "model": "27.xyz", "model_rescale": 4.509807893063789, "target_rescale": 4.449845701017861},
{"mapping": [3, 7, 12, 4, 5, 1, 6, 11, 8, 9, 0, 2, 13], "R": [[-0.41303546434591326, 0.45429493686067157, 0.7893147759514672], [0.3864631425576651, 0.8722245117830301, -0.29978432328810856], [-0.8246501953173904, 0.18121951160847397, -0.5358279051854022]], "T": [-0.05745172826083646, -0.023676645471677558, -0.006141725869103777], "aligned_model": [[0.5540020886063262, 0.6186385923291235, -0.03481182608631229, -0.10401597526283392, 0.5222820980118318, -0.03091806698603068, -0.007659480945542099, -0.06840223471688935, -0.42248854270758884, 0.20380953056707685, -0.6572161402606964, -0.6985940579430048, -0.07229598466833936], [-0.3414841697005476, -0.2063178936579073, 0.5412941652382864, 0.5837332185824394, 0.34586317003689393, 0.06763664159890406, 0.03155215488763827, -0.5772719238944448, -0.43558646646934607, -0.6734565150148917, 0.3055066901444496, 0.13425592739054332, -0.1036141211550021], [-0.4084488051589643, 0.35155849515715354, -0.2888806078639719, 0.32584826164246805, -0.09931543077655246, -0.7585590224681695, 0.7767221875761741, -0.452963384670507, 0.4270019310457032, 0.001838238626682697, -0.333395330049149, 0.4418785796790764, 0.016714887260056096]], "inverted": false, "swapped": false, "error_lsq": 0.038597088347819636, "error_max": 0.2182623585852317, "target": "63.xyz", "model": "28.xyz", "model_rescale": 4.5098078930637895, "target_rescale": 4.449845701017861},
