[{"mapping": [6, 5, 1, 0, 8, 7, 11, 10, 9, 3, 2, 12], "R": [[0.864598658561517, -0.5024630927875455, 3.588316523571294e-16], [-0.5024630927875455, -0.864598658561517, -9.396378201618425e-17], [3.574586977992534e-16, -9.905870194886887e-17, -1.0]], "T": [-0.013582934711857345, -0.07479135672436969, 1.9413891239585637e-16], "aligned_model": [[-0.08964364717919428, -0.08964364717919486, 0.5822831660553467, 0.5822831660553465, 0.026383102167838127, 0.026383102167837836, -0.5539973122436589, -0.5539973122436591, 0.4907367672323024, -0.39526720792655645, -0.3952672079265568, -0.08964364717919457], [-0.04122551995412221, -0.041225519954122054, -0.09765708692360037, -0.09765708692360028, 0.5270278874679162, 0.5270278874679162, 0.0915139360453263, 0.09151393604532636, 0.39428843146846754, -0.6151409487672982, -0.6151409487672982, -0.04122551995412213], [-0.8041627149412106, 0.804162714941211, -0.4020813574706052, 0.40208135747060575, -0.40208135747060547, 0.40208135747060547, -0.40208135747060564, 0.4020813574706053, 3.163190797801437e-17, -0.4020813574706055, 0.4020813574706054, -1.3570441712449933e-16]], "inverted": false, "swapped": true, "error_lsq": 0.02584378591580755, "error_max": 0.1117184143048984, "target": "64.xyz", "model": "0.xyz", "model_rescale": 4.5108708085295355, "target_rescale": 4.449845701017862},
{"mapping": [5, 6, 0, 1, 7, 8, 10, 11, 9, 2, 3, 12], "R": [[-0.8645986585615171, 0.5024630927875453, -2.3175221117202966e-18], [0.5024630927875453, 0.8645986585615171, 2.907072137242855e-17], [1.6610691079335464e-17, 2.3970037374158844e-17, -1.0]], "T": [-0.013582934711857304, -0.07479135672436968, -1.3272863866193025e-16], "aligned_model": [[-0.08964364717919454, -0.08964364717919454, 0.5822831660553466, 0.5822831660553466, 0.026383102167837885, 0.026383102167837885, -0.553997312243659, -0.553997312243659, 0.49073676723230236, -0.3952672079265564, -0.3952672079265564, -0.08964364717919454], [-0.041225519954122124, -0.041225519954122165, -0.09765708692360016, -0.09765708692360019, 0.5270278874679162, 0.5270278874679162, 0.09151393604532623, 0.09151393604532623, 0.3942884314684677, -0.6151409487672983, -0.6151409487672983, -0.041225519954122145], [-0.8041627149412109, 0.8041627149412107, -0.40208135747060547, 0.40208135747060547, -0.40208135747060547, 0.40208135747060547, -0.40208135747060547, 0.40208135747060547, 1.7913544251819995e-16, -0.40208135747060547, 0.40208135747060547, 1.6781978222619649e-16]], "inverted": true, "swapped": true, "error_lsq": 0.02584378591580755, "error_max": 0.11171841430489854, "target": "64.xyz", "model": "1.xyz", "model_rescale": 4.510870808529536, "target_rescale": 4.449845701017862},
{"mapping": [6, 5, 1, 0, 8, 7, 11, 10, 9, 3, 2, 12], "R": [[0.8645986585615171, -0.502463092787545, 2.2074515950177911e-16], [-0.502463092787545, -0.8645986585615171, -3.2859594958047124e-17], [2.0736670249955275e-16, -8.250593383954153e-17, -1.0]], "T": [-0.013582934711857307, -0.07479135672436966, 2.3348192416782106e-16], "aligned_model": [[-0.08964364717919437, -0.08964364717919474, 0.5822831660553466, 0.5822831660553464, 0.026383102167837805, 0.026383102167837624, -0.5539973122436589, -0.5539973122436591, 0.49073676723230214, -0.39526720792655606, -0.3952672079265563, -0.08964364717919454], [-0.041225519954122186, -0.04122551995412213, -0.0976570869236, -0.09765708692359998, 0.5270278874679161, 0.5270278874679161, 0.09151393604532608, 0.09151393604532608, 0.3942884314684678, -0.6151409487672983, -0.6151409487672983, -0.04122551995412216], [-0.8041627149412106, 0.804162714941211, -0.40208135747060525, 0.4020813574706057, -0.40208135747060536, 0.4020813574706056, -0.40208135747060547, 0.40208135747060547, 2.999791995358086e-17, -0.4020813574706054, 0.4020813574706055, -8.380743515506875e-17]], "inverted": false, "swapped": true, "error_lsq": 0.025843785915807545, "error_max": 0.11171841430489837, "target": "64.xyz", "model": "2.xyz", "model_rescale": 4.5108708085295355, "target_rescale": 4.449845701017862},
{"mapping": [4, 5, 9, 10, 7, 0, 1, 2, 3, 8, 11, 12, 13], "R": [[-0.5296833740901437, 0.846450410694612, 0.05438037741137233], [-0.8461101605603507, -0.5317870063125341, 0.036057954929396695], [0.05944004886453508, -0.026912490633075544, 0.9978690287001126]], "T": [0.038482980010612344, -0.015443928859913147, -0.033862440558284135], "aligned_model": [[0.508863679007763, 0.5520129114398565, -0.1674762368414665, -0.12432700440937303, 0.5816113557715225, -0.04278595337717858, 0.04351251148700838, -0.36243378757968686, -0.3192845551475934, 0.18673417994833302, -0.5488048059245363, -0.5056555734924428, 0.0003632790549149001], [-0.3154792224190773, -0.2868682941332225, 0.5171000712974667, 0.5457109995833214, 0.43135145728733404, 0.03130589007933181, 0.08852774665104128, -0.5515845198962217, -0.522973591610367, -0.629828372789583, 0.13816048364297545, 0.16677141192883022, 0.059916818365186544], [-0.44623733646402264, 0.34554243237524523, -0.43946439027580303, 0.35231537856346484, 0.3179765803360223, -0.8262879762102049, 0.7572715614683305, -0.39022301230122836, 0.4015567565380395, -0.01974085748581131, -0.4049903490061806, 0.38678941983308723, -0.03450820737093714]], "inverted": false, "swapped": false, "error_lsq": 0.03619557819447024, "error_max": 0.32527683894245535, "target": "64.xyz", "model": "3.xyz", "model_rescale": 4.509807743048502, "target_rescale": 4.449845701017862},
{"mapping": [4, 5, 9, 10, 7, 0, 1, 2, 3, 8, 11, 12, 13], "R": [[-0.529683374090144, 0.846450410694612, 0.054380377411372305], [-0.8461101605603507, -0.5317870063125344, 0.03605795492939665], [0.05944004886453505, -0.026912490633075527, 0.9978690287001128]], "T": [0.03848298001061236, -0.01544392885991316, -0.033862440558284065], "aligned_model": [[0.5088636790077631, 0.5520129114398564, -0.1674762368414664, -0.12432700440937293, 0.5816113557715227, -0.04278595337717854, 0.0435125114870084, -0.3624337875796871, -0.31928455514759363, 0.1867341799483329, -0.5488048059245363, -0.5056555734924428, 0.0003632790549149209], [-0.3154792224190774, -0.28686829413322273, 0.5171000712974668, 0.5457109995833215, 0.4313514572873339, 0.03130589007933185, 0.08852774665104127, -0.5515845198962217, -0.522973591610367, -0.6298283727895831, 0.13816048364297562, 0.16677141192883033, 0.05991681836518656], [-0.44623733646402264, 0.3455424323752452, -0.43946439027580303, 0.3523153785634648, 0.3179765803360223, -0.8262879762102051, 0.7572715614683311, -0.39022301230122836, 0.40155675653803946, -0.019740857485811343, -0.40499034900618064, 0.3867894198330872, -0.03450820737093717]], "inverted": false, "swapped": false, "error_lsq": 0.03619557819447024, "error_max": 0.32527683894245535, "target": "64.xyz", "model": "4.xyz", "model_rescale": 4.509807743048502, "target_rescale": 4.449845701017862},
{"mapping": [0, 6, 8, 5, 4, 2, 7, 11, 10, 9, 3, 1, 13], "R": [[0.41303553005868543, -0.45429487733810614, 0.789314775823623], [-0.3864630271665156, -0.8722245652320413, -0.2997843165328534], [0.8246502164811662, -0.18121940356962904, -0.5358279091531478]], "T": [-0.0574517064541711, -0.023676593939701777, -0.006141720607681694], "aligned_model": [[0.5540022339822874, 0.6186385701283281, -0.03481185490105729, -0.10401599208441845, 0.5222821019221304, -0.03091808863632691, -0.007659523878220741, -0.06840218534559281, -0.42248867927930533, 0.20380941472724348, -0.6572161826428757, -0.6985939540308099, -0.07229586002426147], [-0.34148406835742107, -0.20631781360534918, 0.5412943482432154, 0.5837331807764364, 0.34586312967842325, 0.06763648250623425, 0.031552237492664024, -0.577271797302486, -0.43558666026506626, -0.6734567113630795, 0.30550653360424745, 0.13425603383860524, -0.10361401725940783], [-0.40844869617116053, 0.35155838989364446, -0.2888807415170998, 0.325848289824087, -0.09931541988596634, -0.758558981295028, 0.7767220996036979, -0.4529634090961022, 0.4270018565755591, 0.001838146865505797, -0.33339527158497456, 0.44187872324894606, 0.016715013538892917]], "inverted": true, "swapped": false, "error_lsq": 0.038597078173565696, "error_max": 0.2182622701583899, "target": "64.xyz", "model": "5.xyz", "model_rescale": 4.509807743048502, "target_rescale": 4.449845701017862},
{"mapping": [4, 5, 9, 10, 7, 0, 1, 2, 3, 8, 11, 12, 13], "R": [[-0.529683291199443, 0.8464504626861602, 0.05438037552749779], [-0.8461102127033058, -0.5317869233448228, 0.03605795499767552], [0.05944004528340334, -0.026912494827366615, 0.9978690288003101]], "T": [0.0384829736438357, -0.01544391855326789, -0.033862441541891435], "aligned_model": [[0.5088638115031886, 0.5520130439391634, -0.16747602160355052, -0.12432678916757565, 0.5816112312838535, -0.042786062292537994, 0.043512402579411684, -0.362433662151139, -0.31928442971516413, 0.1867339573355537, -0.5488049421767471, -0.5056557097407723, 0.00036317014343684173], [-0.3154792332943196, -0.2868683039605586, 0.5170999052056949, 0.5457108345394558, 0.43135159336478135, 0.031305957187822024, 0.0885278158553439, -0.5515846245242062, -0.5229736951904453, -0.6298281925130343, 0.13816050273056918, 0.16677143206433015, 0.05991688652158296], [-0.44623735710879514, 0.34554243931046413, -0.439464411155519, 0.3523153852637403, 0.31797659601337314, -0.8262880013529317, 0.7572715914855865, -0.39022303080751886, 0.4015567656117405, -0.019740852506118102, -0.40499035811980333, 0.3867894382994559, -0.03450820493367259]], "inverted": false, "swapped": false, "error_lsq": 0.03619557528823825, "error_max": 0.32527686808487255, "target": "64.xyz", "model": "6.xyz", "model_rescale": 4.509807586411629, "target_rescale": 4.449845701017862},
{"mapping": [4, 5, 9, 10, 7, 0, 1, 2, 3, 8, 11, 12, 13], "R": [[-0.5296832911994431, 0.84645046268616, 0.0543803755274978], [-0.8461102127033056, -0.5317869233448229, 0.03605795499767551], [0.05944004528340333, -0.026912494827366622, 0.99786902880031]], "T": [0.03848297364383568, -0.015443918553267905, -0.03386244154189136], "aligned_model": [[0.5088638115031885, 0.5520130439391633, -0.16747602160355035, -0.1243267891675755, 0.5816112312838535, -0.04278606229253801, 0.04351240257941172, -0.36243366215113904, -0.31928442971516424, 0.1867339573355535, -0.548804942176747, -0.5056557097407722, 0.00036317014343684867], [-0.3154792332943197, -0.28686830396055873, 0.5170999052056949, 0.5457108345394558, 0.4313515933647811, 0.03130595718782202, 0.08852781585534387, -0.5515846245242061, -0.5229736951904452, -0.6298281925130343, 0.1381605027305693, 0.1667714320643302, 0.059916886521582946], [-0.446237357108795, 0.3455424393104639, -0.4394644111555188, 0.35231538526374007, 0.3179765960133729, -0.8262880013529316, 0.7572715914855868, -0.39022303080751863, 0.40155676561174025, -0.019740852506118133, -0.4049903581198031, 0.3867894382994558, -0.03450820493367261]], "inverted": false, "swapped": false, "error_lsq": 0.03619557528823824, "error_max": 0.3252768680848723, "target": "64.xyz", "model": "7.xyz", "model_rescale": 4.509807586411629, "target_rescale": 4.449845701017862},
{"mapping": [0, 6, 8, 5, 4, 2, 7, 11, 10, 9, 3, 1, 13], "R": [[0.41303550384649484, -0.45429491000261785, 0.7893147707397764], [-0.38646307223459014, -0.8722245407343587, -0.2997843297101086], [0.8246502084891959, -0.1812194395931367, -0.5358279092696416]], "T": [-0.05745171165418708, -0.02367659941658157, -0.006141722861156991], "aligned_model": [[0.5540021921126863, 0.6186385260708429, -0.03481198406855508, -0.10401592845659105, 0.5222821832689707, -0.03091802912093064, -0.007659585654718887, -0.06840225772106326, -0.4224885682106385, 0.20380954351492317, -0.6572161408464923, -0.6985940313384369, -0.07229591961287557], [-0.3414841922250387, -0.20631796162689497, 0.5412940811380487, 0.5837332835005079, 0.34586321368490885, 0.0676366018303601, 0.031552108188704145, -0.5772719028355205, -0.43558639024756984, -0.6734564600631691, 0.30550667164595924, 0.13425594740615948, -0.10361412240943951], [-0.4084487355358312, 0.35155838243360166, -0.28888079405580636, 0.32584833957154, -0.09931538499794458, -0.7585589860915943, 0.7767221070030862, -0.4529634662260229, 0.4270019106768882, 0.001838186107403582, -0.3333952615221098, 0.44187871360313785, 0.016714989033653465]], "inverted": true, "swapped": false, "error_lsq": 0.03859708405214201, "error_max": 0.21826236537053173, "target": "64.xyz", "model": "8.xyz", "model_rescale": 4.509807586411629, "target_rescale": 4.449845701017862},
{"mapping": [6, 7, 11, 12, 5, 0, 1, 2, 3, 8, 9, 10, 13], "R": [[0.5296834235099638, -0.8464503796196112, 0.05438037973920847], [0.8461101294922453, 0.5317870558206336, 0.03605795379993844], [-0.059440050718186, 0.026912489729463654, 0.9978690286140667]], "T": [0.03848300329988329, -0.015443883717586291, -0.03386244519368231], "aligned_model": [[0.5088636157147515, 0.5520128522765744, -0.16747609957888387, -0.12432686301706102, 0.5816113401290836, -0.04278614312846585, 0.043512329995179844, -0.362433723056389, -0.3192844864945661, 0.18673426903426288, -0.5488047109662728, -0.5056554744044499, 0.00036309343335699795], [-0.31547916251776514, -0.286868233614541, 0.5171000968538447, 0.5457110257570689, 0.43135155401510533, 0.03130581216013814, 0.08852766996658637, -0.5515845393836613, -0.5229736104804371, -0.6298284277405, 0.13816051150229527, 0.16677144040551942, 0.059916741063362255], [-0.4462373594194898, 0.3455424512378504, -0.439464420399071, 0.35231539025826913, 0.3179765962599866, -0.8262880066800814, 0.7572716146345987, -0.3902230375833706, 0.40155677307396953, -0.01974086313006003, -0.40499037644359925, 0.3867894342137409, -0.034508196022741314]], "inverted": false, "swapped": false, "error_lsq": 0.03619556357169039, "error_max": 0.3252768712299394, "target": "64.xyz", "model": "9.xyz", "model_rescale": 4.509807504472865, "target_rescale": 4.449845701017862},
{"mapping": [6, 7, 11, 12, 5, 0, 1, 2, 3, 8, 9, 10, 13], "R": [[0.5296834235099638, -0.8464503796196112, 0.054380379739208486], [0.8461101294922453, 0.5317870558206336, 0.036057953799938446], [-0.05944005071818601, 0.02691248972946366, 0.9978690286140667]], "T": [0.038483003299883294, -0.015443883717586291, -0.03386244519368226], "aligned_model": [[0.5088636157147515, 0.5520128522765744, -0.16747609957888385, -0.124326863017061, 0.5816113401290836, -0.042786143128465855, 0.04351232999517988, -0.362433723056389, -0.3192844864945661, 0.18673426903426288, -0.5488047109662728, -0.5056554744044499, 0.00036309343335699795], [-0.31547916251776514, -0.286868233614541, 0.5171000968538447, 0.5457110257570689, 0.43135155401510533, 0.03130581216013813, 0.08852766996658638, -0.5515845393836613, -0.5229736104804371, -0.6298284277405, 0.13816051150229527, 0.16677144040551942, 0.059916741063362255], [-0.44623735941948967, 0.34554245123785027, -0.4394644203990709, 0.352315390258269, 0.3179765962599865, -0.8262880066800815, 0.7572716146345989, -0.3902230375833705, 0.4015567730739694, -0.019740863130060075, -0.40499037644359914, 0.3867894342137408, -0.03450819602274137]], "inverted": false, "swapped": false, "error_lsq": 0.03619556357169039, "error_max": 0.3252768712299393, "target": "64.xyz", "model": "10.xyz", "model_rescale": 4.509807504472865, "target_rescale": 4.449845701017862},
{"mapping": [0, 4, 8, 7, 6, 2, 5, 9, 12, 11, 3, 1, 13], "R": [[-0.41303557208644176, 0.4542948563128401, 0.7893147659324016], [0.3864629582343632, 0.8722245918733122, -0.2997843278828614], [-0.8246502277353538, 0.18121932805065274, -0.5358279173735718]], "T": [-0.05745168395027678, -0.02367660794652534, -0.0061416757668896855], "aligned_model": [[0.5540021423846194, 0.6186385967354617, -0.0348118089144492, -0.1040160296141841, 0.5222820896760869, -0.03091804444664159, -0.007659522554809339, -0.06840211170297783, -0.42248859703888497, 0.20380952225138615, -0.6572161637369127, -0.6985940961959226, -0.07229597690565182], [-0.34148411811249324, -0.20631788836640405, 0.5412944423862299, 0.5837331232210721, 0.345863050533475, 0.06763651989233002, 0.031552184321193076, -0.5772717745126271, -0.43558658155294716, -0.6734566542405444, 0.3055065925799272, 0.13425602726270094, -0.10361404542489608], [-0.40844887613174746, 0.35155842150106426, -0.28888073063963654, 0.32584829266443033, -0.09931544606009164, -0.7585589633125603, 0.7767221602255863, -0.45296332989676485, 0.42700198552610563, 0.0018382468015836666, -0.3333952245880383, 0.44187860131729645, 0.016714862592774618]], "inverted": true, "swapped": false, "error_lsq": 0.03859708386346637, "error_max": 0.21826232376117483, "target": "64.xyz", "model": "11.xyz", "model_rescale": 4.509807504472865, "target_rescale": 4.449845701017862},
{"mapping": [6, 7, 11, 12, 5, 0, 1, 2, 3, 8, 9, 10, 13], "R": [[0.529683314153228, -0.8464504484042812, 0.05438037425251986], [0.8461101982972812, 0.5317869462283622, 0.03605795555003852], [-0.05944004580237473, 0.026912491844945763, 0.9978690288498322]], "T": [0.03848291231722635, -0.015443822740756553, -0.03386244037571955], "aligned_model": [[0.508863724227736, 0.552012953928806, -0.1674760594283599, -0.12432682972728983, 0.5816113472152075, -0.042786047088282445, 0.04351241231385768, -0.36243372112366823, -0.3192844914225982, 0.18673424886833095, -0.5488049750702383, -0.5056557453691682, 0.0003631826127876159], [-0.31547913902004254, -0.28686821039063004, 0.5170999844841714, 0.5457109131135839, 0.43135153947929866, 0.031305746188348166, 0.08852760344717314, -0.5515844972080534, -0.5229735685786409, -0.6298283119694711, 0.1381606074970528, 0.1667715361264653, 0.059916674817760654], [-0.44623733780714303, 0.34554242703016785, -0.43946439533224546, 0.3523153695050654, 0.3179765774798889, -0.8262879616047325, 0.7572715680698889, -0.3902230152275868, 0.4015567496097241, -0.019740862262007636, -0.4049903437654535, 0.3867894210718574, -0.03450819676742183]], "inverted": false, "swapped": false, "error_lsq": 0.036195567605752106, "error_max": 0.325276850807088, "target": "64.xyz", "model": "12.xyz", "model_rescale": 4.509807766519439, "target_rescale": 4.449845701017862},
{"mapping": [6, 7, 11, 12, 5, 0, 1, 2, 3, 8, 9, 10, 13], "R": [[0.529683314153228, -0.8464504484042812, 0.05438037425251985], [0.8461101982972812, 0.5317869462283622, 0.03605795555003851], [-0.05944004580237472, 0.026912491844945756, 0.9978690288498322]], "T": [0.03848291231722635, -0.015443822740756546, -0.03386244037571948], "aligned_model": [[0.508863724227736, 0.5520129539288059, -0.1674760594283599, -0.12432682972728985, 0.5816113472152075, -0.042786047088282445, 0.04351241231385768, -0.36243372112366823, -0.3192844914225982, 0.18673424886833095, -0.5488049750702383, -0.5056557453691682, 0.00036318261278760894], [-0.31547913902004254, -0.28686821039063004, 0.5170999844841714, 0.5457109131135839, 0.43135153947929866, 0.031305746188348166, 0.08852760344717314, -0.5515844972080534, -0.5229735685786409, -0.6298283119694711, 0.13816060749705283, 0.16677153612646534, 0.059916674817760654], [-0.4462373378071429, 0.3455424270301677, -0.43946439533224535, 0.35231536950506526, 0.3179765774798887, -0.8262879616047326, 0.7572715680698892, -0.3902230152275866, 0.401556749609724, -0.01974086226200766, -0.4049903437654534, 0.3867894210718572, -0.03450819676742185]], "inverted": false, "swapped": false, "error_lsq": 0.0361955676057521, "error_max": 0.32527685080708785, "target": "64.xyz", "model": "13.xyz", "model_rescale": 4.509807766519439, "target_rescale": 4.449845701017862},
{"mapping": [0, 4, 8, 7, 6, 2, 5, 9, 12, 11, 3, 1, 13], "R": [[-0.4130355061548508, 0.4542948966854379, 0.7893147771966349], [0.38646307012200876, 0.8722245464491754, -0.2997843158062166], [-0.8246502083230667, 0.18121944547177457, -0.5358279075371355]], "T": [-0.05745174307155282, -0.023676723977081326, -0.006141702215786655], "aligned_model": [[0.5540021516117131, 0.6186385696054431, -0.0348118219580648, -0.10401596810518488, 0.5222821237312898, -0.03091805993010832, -0.0076595222310316124, -0.06840227893167489, -0.42248858081957735, 0.2038095110168972, -0.6572161517665829, -0.698594032061236, -0.0722959402247617], [-0.34148401428208736, -0.206317877393408, 0.5412943224746977, 0.5837331324582261, 0.34586308317475367, 0.06763647752185918, 0.03155217189006437, -0.577272003357601, -0.435586505653795, -0.6734565549372674, 0.3055065268053316, 0.13425608428485736, -0.10361396499861492], [-0.4084488405549409, 0.3515584308073302, -0.28888067902230297, 0.3258483496114255, -0.0993153566036387, -0.7585589348650296, 0.7767221370223943, -0.4529634303660114, 0.4270019106502471, 0.0018382044351828823, -0.33339522864996524, 0.4418785718751874, 0.01671486566012338]], "inverted": true, "swapped": false, "error_lsq": 0.03859707482795073, "error_max": 0.2182622630791751, "target": "64.xyz", "model": "14.xyz", "model_rescale": 4.509807766519439, "target_rescale": 4.449845701017862},
{"mapping": [6, 5, 1, 0, 11, 10, 8, 7, 9, 3, 2, 12], "R": [[-0.8645986540690097, 0.5024631005178959, -2.2416010752579516e-17], [0.5024631005178959, 0.8645986540690097, -6.728154532956763e-17], [-1.4425641147653208e-17, -6.943475179961083e-17, -1.0000000000000002]], "T": [0.013582790810922493, 0.07479146722376696, 1.7266663709624205e-16], "aligned_model": [[0.08964350297814858, 0.0896435029781486, -0.5822833097518396, -0.5822833097518396, 0.5539971668557936, 0.5539971668557936, -0.026383251449620414, -0.0263832514496204, -0.4907369153272654, 0.3952670688568711, 0.3952670688568711, 0.08964350297814859], [0.04122562977346283, 0.04122562977346294, 0.0976572027506183, 0.09765720275061836, -0.09151383037775769, -0.09151383037775764, -0.5270277766111837, -0.5270277766111837, -0.3942883164599632, 0.615141055854068, 0.615141055854068, 0.041225629773462884], [-0.8041627149412108, 0.8041627149412113, -0.4020813574706055, 0.40208135747060564, -0.4020813574706055, 0.40208135747060564, -0.40208135747060547, 0.4020813574706057, -8.386447963589617e-17, -0.4020813574706056, 0.4020813574706056, -1.261763446483801e-16]], "inverted": false, "swapped": true, "error_lsq": 0.025843790401414535, "error_max": 0.11171856661648771, "target": "64.xyz", "model": "15.xyz", "model_rescale": 4.510870436145588, "target_rescale": 4.449845701017862},
{"mapping": [5, 6, 0, 1, 10, 11, 7, 8, 9, 2, 3, 12], "R": [[0.8645986540690097, -0.5024631005178958, -2.4621924340023354e-16], [-0.5024631005178958, -0.8645986540690097, 9.455649622359832e-17], [-2.603919767163497e-16, 4.196266507764729e-17, -1.0]], "T": [0.013582790810922486, 0.07479146722376696, -1.1649781753408754e-16], "aligned_model": [[0.08964350297814838, 0.08964350297814877, -0.5822833097518397, -0.5822833097518395, 0.5539971668557935, 0.5539971668557937, -0.026383251449620455, -0.02638325144962026, -0.4907369153272654, 0.3952670688568709, 0.39526706885687113, 0.08964350297814858], [0.04122562977346297, 0.041225629773462814, 0.09765720275061832, 0.09765720275061823, -0.09151383037775758, -0.09151383037775764, -0.5270277766111837, -0.5270277766111837, -0.3942883164599632, 0.615141055854068, 0.615141055854068, 0.04122562977346289], [-0.8041627149412109, 0.8041627149412107, -0.4020813574706053, 0.40208135747060564, -0.40208135747060564, 0.4020813574706053, -0.4020813574706055, 0.4020813574706054, 2.627172235653985e-16, -0.4020813574706055, 0.4020813574706054, 1.6099706889827374e-16]], "inverted": true, "swapped": true, "error_lsq": 0.025843790401414532, "error_max": 0.11171856661648771, "target": "64.xyz", "model": "16.xyz", "model_rescale": 4.510870436145588, "target_rescale": 4.449845701017862},
{"mapping": [5, 6, 0, 1, 10, 11, 7, 8, 9, 2, 3, 12], "R": [[0.8645986540690098, -0.5024631005178953, 2.624630311651221e-16], [-0.5024631005178953, -0.8645986540690098, -9.41915206741999e-17], [2.7425294700869105e-16, -5.0440126410925716e-17, -1.0]], "T": [0.013582790810922455, 0.07479146722376694, -3.301311757956028e-17], "aligned_model": [[0.08964350297814876, 0.08964350297814834, -0.5822833097518394, -0.5822833097518396, 0.5539971668557937, 0.5539971668557935, -0.026383251449620036, -0.026383251449620244, -0.4907369153272651, 0.3952670688568708, 0.3952670688568706, 0.08964350297814855], [0.04122562977346283, 0.04122562977346298, 0.09765720275061796, 0.09765720275061804, -0.09151383037775739, -0.09151383037775733, -0.5270277766111836, -0.5270277766111836, -0.39428831645996343, 0.6151410558540681, 0.6151410558540681, 0.041225629773462905], [-0.8041627149412108, 0.8041627149412108, -0.4020813574706056, 0.40208135747060536, -0.40208135747060525, 0.4020813574706057, -0.40208135747060536, 0.4020813574706056, 1.7820130723057287e-16, -0.40208135747060536, 0.4020813574706056, 2.895079901773451e-16]], "inverted": true, "swapped": true, "error_lsq": 0.025843790401414532, "error_max": 0.11171856661648773, "target": "64.xyz", "model": "17.xyz", "model_rescale": 4.510870436145588, "target_rescale": 4.449845701017862},
{"mapping": [9, 8, 3, 5, 7, 0, 6, 1, 2, 10, 11, 4, 12], "R": [[0.35745912592069495, 0.8403614359531761, 0.4074501567783827], [0.4329584986477965, -0.5356736659385157, 0.7249832150254497], [0.8275082547894365, -0.08274285819759464, -0.5553230660369097]], "T": [-0.09074689927867717, -0.11864634967652647, 0.07233280359866434], "aligned_model": [[0.5793860436772227, 0.3386084663643208, -0.3214379133432961, 0.20639408124645442, 0.6650790884515025, -0.040755500638010325, -0.12007654084072729, -0.36722612272519206, -0.2584827921474381, 0.25291542159004093, -0.5521535262070223, -0.6479085354304778, 0.06798782993974369], [-0.06019613128437333, -0.34561306384314083, 0.633365468330455, 0.7139742980370929, 0.23528184385193696, 0.010956376834442741, 0.13307939034201505, -0.5699385308606351, -0.5743734995469948, -0.6410910389794511, 0.07767379632220829, 0.052470560635377264, 0.006521408148083066], [-0.44181562079273273, 0.4517643313726254, -0.1973099193490367, 0.295205688583984, 0.0068101110530083275, -0.8039334719348294, 0.7401599089036011, -0.3589792516152124, 0.4364472111965742, 0.0031385995268843475, -0.370624878792402, 0.24764430097058038, -0.008507009123042947]], "inverted": true, "swapped": false, "error_lsq": 0.05034014894254229, "error_max": 0.3342517429162129, "target": "64.xyz", "model": "18.xyz", "model_rescale": 4.466005644533647, "target_rescale": 4.449845701017862},
{"mapping": [5, 4, 9, 8, 6, 3, 2, 1, 0, 12, 11, 10, 13], "R": [[0.5296832919552596, -0.8464504623218504, 0.05438037383620214], [0.8461102122606671, 0.5317869240137059, 0.03605795551955132], [-0.05944004484897427, 0.02691249306859114, 0.9978690288736219]], "T": [0.038482970448223706, -0.01544385744814794, -0.03386244263855709], "aligned_model": [[0.5088637957308031, 0.5520130256271688, -0.1674760179726938, -0.124326788076328, 0.5816114004435265, -0.04278617928262184, 0.04351228051010975, -0.36243365401932404, -0.3192844241229582, 0.18673413721744772, -0.5488049283140596, -0.5056556984176938, 0.0003630506137439482], [-0.3154791644579361, -0.28686823550418417, 0.5170999514598112, 0.5457108804135632, 0.43135152393051324, 0.03130582899478496, 0.0885276869022889, -0.551584548430154, -0.5229736194764021, -0.6298282323799343, 0.13816055981618833, 0.1667714887699403, 0.05991675794853693], [-0.44623734577999147, 0.3455424287214312, -0.43946440165037676, 0.3523153728510459, 0.31797657986703165, -0.8262879674419227, 0.7572715815609227, -0.3902230224010691, 0.4015567521003536, -0.01974085935969704, -0.4049903500143244, 0.3867894244870983, -0.03450819294050009]], "inverted": true, "swapped": false, "error_lsq": 0.03619556386668607, "error_max": 0.32527685525600225, "target": "64.xyz", "model": "19.xyz", "model_rescale": 4.509807711582247, "target_rescale": 4.449845701017862},
{"mapping": [3, 7, 12, 4, 5, 1, 6, 11, 8, 9, 0, 2, 13], "R": [[-0.41303548925126504, 0.4542949140992292, 0.7893147760193914], [0.38646309905666554, 0.8722245320660565, -0.29978432035326086], [-0.8246502032295185, 0.18121947104470473, -0.5358279067273292]], "T": [-0.05745171249436689, -0.023676663368521547, -0.006141690318263702], "aligned_model": [[0.5540020859718539, 0.6186386007551591, -0.03481187649798172, -0.10401592805780793, 0.5222821704739435, -0.030918019374711135, -0.007659497776592326, -0.06840225617150156, -0.422488568179492, 0.20380953035225943, -0.6572161179064625, -0.6985941110916486, -0.0722960125598975], [-0.3414841547806508, -0.20631784252983515, 0.5412942028541778, 0.5837331935158846, 0.34586313772680094, 0.06763655673842613, 0.03155221325924849, -0.5772719385134657, -0.4355864524139728, -0.6734565082030565, 0.3055066125275098, 0.1342559567975164, -0.10361409899156716], [-0.408448875170754, 0.351558449537561, -0.2888806969457351, 0.3258483796770784, -0.09931533107465138, -0.7585589296694906, 0.7767221602892909, -0.45296343732619393, 0.4270019142193529, 0.001838203467623114, -0.3333952189177607, 0.4418785463327053, 0.016714835580975723]], "inverted": false, "swapped": false, "error_lsq": 0.038597083894088384, "error_max": 0.21826231944682692, "target": "64.xyz", "model": "20.xyz", "model_rescale": 4.509807711582248, "target_rescale": 4.449845701017862},
{"mapping": [10, 7, 4, 6, 8, 1, 5, 0, 2, 9, 11, 3, 12], "R": [[-0.3574591259206952, -0.8403614359531764, 0.4074501567783821], [-0.4329584986477973, 0.5356736659385155, 0.7249832150254494], [-0.8275082547894359, 0.08274285819759458, -0.5553230660369106]], "T": [-0.09074689927867717, -0.11864634967652653, 0.07233280359866455], "aligned_model": [[0.5793860436772225, 0.3386084663643213, -0.3214379133432967, 0.20639408124645414, 0.6650790884515024, -0.040755500638010936, -0.12007654084072698, -0.36722612272519206, -0.25848279214743763, 0.2529154215900413, -0.5521535262070227, -0.6479085354304779, 0.06798782993974366], [-0.06019613128437361, -0.34561306384314033, 0.6333654683304547, 0.7139742980370931, 0.23528184385193707, 0.010956376834441853, 0.13307939034201577, -0.5699385308606355, -0.5743734995469946, -0.641091038979451, 0.07767379632220779, 0.05247056063537729, 0.006521408148083066], [-0.44181562079273295, 0.45176433137262556, -0.19730991934903697, 0.2952056885839834, 0.0068101110530078696, -0.8039334719348294, 0.7401599089036011, -0.3589792516152118, 0.4364472111965749, 0.003138599526884722, -0.37062487879240186, 0.24764430097058066, -0.008507009123042975]], "inverted": false, "swapped": false, "error_lsq": 0.0503401489425423, "error_max": 0.33425174291621323, "target": "64.xyz", "model": "21.xyz", "model_rescale": 4.466005644533646, "target_rescale": 4.449845701017862},
{"mapping": [9, 8, 3, 5, 7, 0, 6, 1, 2, 10, 11, 4, 12], "R": [[0.3574590626690138, 0.8403614771815784, 0.4074501272364333], [0.43295853680784724, -0.535673607649126, 0.7249832353050507], [0.8275082621466678, -0.08274281683243512, -0.5553230612370028]], "T": [-0.09074690334709812, -0.11864635004913585, 0.07233280336819643], "aligned_model": [[0.5793859670024083, 0.33860856099363407, -0.3214378678819735, 0.2063941058605776, 0.6650791620365383, -0.040755384928552546, -0.12007649518232662, -0.3672259859714568, -0.258482873670908, 0.25291536595950403, -0.5521538127274426, -0.6479084689248776, 0.06798772737199626], [-0.060196031675929434, -0.34561308969936133, 0.633365393504331, 0.7139742689067872, 0.23528183891781948, 0.01095630749987106, 0.1330793402896063, -0.5699386211173098, -0.5743734498625597, -0.6410909602931102, 0.07767393787510057, 0.05247046488715007, 0.006521478754621252], [-0.44181559043328017, 0.4517643453412474, -0.1973099517402649, 0.2952056796747017, 0.006810125288132032, -0.8039334885189617, 0.7401598997278171, -0.3589792684658464, 0.4364472236194766, 0.003138629619835187, -0.370624875992067, 0.24764426831285047, -0.00850699643363885]], "inverted": true, "swapped": false, "error_lsq": 0.05034014486547345, "error_max": 0.3342516930416202, "target": "64.xyz", "model": "22.xyz", "model_rescale": 4.46600560860683, "target_rescale": 4.449845701017862},
{"mapping": [5, 4, 9, 8, 6, 3, 2, 1, 0, 12, 11, 10, 13], "R": [[0.5296833508244254, -0.8464504253347984, 0.054380376147535756], [0.8461101752242643, 0.5317869829810034, 0.036057954932673254], [-0.05944004745433444, 0.026912491198338405, 0.997869028768869]], "T": [0.03848296435918651, -0.015443856675310973, -0.033862442709141224], "aligned_model": [[0.5088636788873667, 0.5520129109737124, -0.16747608248145202, -0.12432685039510645, 0.5816113360007857, -0.042786088788245066, 0.04351237538444611, -0.3624337944865384, -0.3192845624001928, 0.1867343711472766, -0.5488048346446892, -0.5056556025583436, 0.00036314329810051976], [-0.31547914124316045, -0.2868682125190234, 0.5171000286133075, 0.5457109573374445, 0.43135155069415204, 0.03130577430970365, 0.08852763175797776, -0.5515844663744532, -0.5229735376503163, -0.629828423820401, 0.13816054256190347, 0.16677147128604053, 0.0599167030338407], [-0.4462373452153353, 0.345542435735579, -0.4394644038298889, 0.35231537712102545, 0.3179765843592917, -0.8262879771999865, 0.7572715847018421, -0.39022302079003496, 0.4015567601608794, -0.019740866268097297, -0.40499035673855743, 0.3867894242123569, -0.03450819624907233]], "inverted": true, "swapped": false, "error_lsq": 0.03619556733874676, "error_max": 0.3252768585803928, "target": "64.xyz", "model": "23.xyz", "model_rescale": 4.509807674373902, "target_rescale": 4.449845701017862},
{"mapping": [3, 7, 12, 4, 5, 1, 6, 11, 8, 9, 0, 2, 13], "R": [[-0.41303552949145417, 0.45429488213409497, 0.7893147733600853], [0.38646303050997166, 0.8722245626284314, -0.29978431979790104], [-0.8246502151983973, 0.18121940407806852, -0.535827910955399]], "T": [-0.057451709211380174, -0.023676658097599362, -0.006141687701504481], "aligned_model": [[0.5540021466237824, 0.6186385773433065, -0.03481175416087416, -0.10401599185656898, 0.5222821097323982, -0.030918091815257308, -0.007659524245660652, -0.06840219188469912, -0.4224885882323566, 0.20380951335661054, -0.6572161934042244, -0.6985940565541512, -0.07229595496518444], [-0.3414840542091562, -0.20631788454942337, 0.5412944863966798, 0.5837331256162768, 0.34586306830529856, 0.06763642071563304, 0.03155217276155482, -0.5772718691730695, -0.43558653605351627, -0.6734565933644945, 0.30550647802661124, 0.13425606041279994, -0.1036139968981781], [-0.4084488537710648, 0.35155842681278526, -0.28888067193612166, 0.32584832876457254, -0.0993153888498364, -0.7585589597571122, 0.7767221444271942, -0.4529633837942467, 0.42700193627992356, 0.001838218665514665, -0.3333952421427032, 0.44187858145775266, 0.01671486384334398]], "inverted": false, "swapped": false, "error_lsq": 0.03859707451578713, "error_max": 0.21826223940722594, "target": "64.xyz", "model": "24.xyz", "model_rescale": 4.509807674373903, "target_rescale": 4.449845701017862},
{"mapping": [10, 7, 4, 6, 8, 1, 5, 0, 2, 9, 11, 3, 12], "R": [[-0.35745906266901384, -0.8403614771815783, 0.4074501272364338], [-0.43295853680784735, 0.5356736076491264, 0.7249832353050505], [-0.827508262146668, 0.08274281683243478, -0.555323061237003]], "T": [-0.09074690334709826, -0.11864635004913592, 0.07233280336819652], "aligned_model": [[0.5793859670024085, 0.338608560993634, -0.32143786788197337, 0.2063941058605778, 0.6650791620365386, -0.04075538492855249, -0.12007649518232673, -0.36722598597145706, -0.25848287367090844, 0.2529153659595039, -0.5521538127274426, -0.6479084689248779, 0.06798772737199629], [-0.060196031675930003, -0.3456130896993614, 0.6333653935043311, 0.7139742689067872, 0.23528183891781917, 0.010956307499870657, 0.13307934028960666, -0.5699386211173099, -0.5743734498625597, -0.6410909602931105, 0.0776739378751007, 0.0524704648871505, 0.006521478754621182], [-0.44181559043328006, 0.4517643453412477, -0.19730995174026517, 0.29520567967470174, 0.006810125288132171, -0.803933488518962, 0.7401598997278171, -0.35897926846584644, 0.4364472236194769, 0.0031386296198353952, -0.3706248759920672, 0.24764426831285036, -0.008506996433638808]], "inverted": false, "swapped": false, "error_lsq": 0.05034014486547346, "error_max": 0.33425169304162, "target": "64.xyz", "model": "25.xyz", "model_rescale": 4.466005608606829, "target_rescale": 4.449845701017862},
{"mapping": [9, 8, 3, 5, 7, 0, 6, 1, 2, 10, 11, 4, 12], "R": [[0.3574591520550381, 0.8403614189552417, 0.4074501689085748], [0.432958455131991, -0.5356736871823937, 0.7249832253163786], [0.8275082662679649, -0.08274289330179402, -0.5553230437018034]], "T": [-0.09074691294720438, -0.11864636495437819, 0.07233276232783924], "aligned_model": [[0.5793860343104709, 0.33860847365810576, -0.321437939457063, 0.20639412267512847, 0.6650790913137636, -0.040755566987345754, -0.12007649498052937, -0.3672261846430036, -0.2584827659054877, 0.25291541665481304, -0.5521534813391813, -0.6479085571127208, 0.06798785175017019], [-0.060196099651942836, -0.34561304851852304, 0.6333653895002448, 0.7139742775536003, 0.23528184224329063, 0.010956341027277883, 0.1330793867917866, -0.5699385497345357, -0.5743734562507852, -0.6410909904137565, 0.07767385219089915, 0.052470498738431126, 0.006521434511028684], [-0.44181555571742737, 0.4517643502323908, -0.19731000776249857, 0.2952057587326477, 0.006810167095390604, -0.8039335635040051, 0.7401599418696478, -0.358979380367005, 0.43644723130805896, 0.0031386274195727704, -0.3706247928523308, 0.24764417537450156, -0.008506951828941275]], "inverted": true, "swapped": false, "error_lsq": 0.050340151222976935, "error_max": 0.3342517153323445, "target": "64.xyz", "model": "26.xyz", "model_rescale": 4.466005838112752, "target_rescale": 4.449845701017862},
{"mapping": [5, 4, 9, 8, 6, 3, 2, 1, 0, 12, 11, 10, 13], "R": [[0.529683226218589, -0.8464505034311229, 0.05438037425272037], [0.8461102536873502, 0.5317868582635746, 0.03605795312112186], [-0.05944004094712098, 0.026912499314547804, 0.9978690289375903]], "T": [0.03848294483449129, -0.015443889538153038, -0.033862438849146095], "aligned_model": [[0.5088637143788386, 0.5520129428693087, -0.1674760191317871, -0.12432679064131712, 0.5816113782191061, -0.04278614907078192, 0.0435123079101581, -0.3624336818384359, -0.3192844533479659, 0.18673421200338758, -0.5488048846617741, -0.5056556561713041, 0.00036307941968808516], [-0.31547923911087383, -0.2868683132115525, 0.5170999784794387, 0.5457109043787599, 0.4313516074119941, 0.031305887785626735, 0.08852773958426938, -0.5515846814496007, -0.5229737555502795, -0.6298281345473931, 0.13816057231617868, 0.1667714982155, 0.059916813684948056], [-0.44623732230675967, 0.3455424203829954, -0.4394643839382878, 0.35231535875146724, 0.3179765641208736, -0.8262879377830438, 0.7572715475964663, -0.3902229999435154, 0.40155674274623965, -0.01974086727595356, -0.4049903349734731, 0.38678940771628195, -0.03450819509328886]], "inverted": true, "swapped": false, "error_lsq": 0.03619556710571763, "error_max": 0.325276853468053, "target": "64.xyz", "model": "27.xyz", "model_rescale": 4.509807893063789, "target_rescale": 4.449845701017862},
{"mapping": [3, 7, 12, 4, 5, 1, 6, 11, 8, 9, 0, 2, 13], "R": [[-0.413035464345913, 0.45429493686067157, 0.789314775951467], [0.38646314255766523, 0.8722245117830297, -0.2997843232881085], [-0.8246501953173903, 0.18121951160847413, -0.5358279051854021]], "T": [-0.05745172826083646, -0.023676645471677544, -0.006141725869103626], "aligned_model": [[0.554002088606326, 0.6186385923291234, -0.03481182608631215, -0.10401597526283397, 0.5222820980118317, -0.030918066986030515, -0.007659480945542266, -0.06840223471688929, -0.42248854270758895, 0.20380953056707674, -0.6572161402606962, -0.6985940579430047, -0.07229598466833936], [-0.34148416970054746, -0.2063178936579074, 0.5412941652382863, 0.5837332185824392, 0.3458631700368937, 0.06763664159890419, 0.031552154887638115, -0.5772719238944445, -0.43558646646934585, -0.6734565150148913, 0.3055066901444497, 0.1342559273905433, -0.10361412115500206], [-0.4084488051589641, 0.3515584951571537, -0.2888806078639717, 0.32584826164246833, -0.09931543077655218, -0.7585590224681694, 0.7767221875761742, -0.45296338467050684, 0.4270019310457032, 0.0018382386266827368, -0.33339533004914884, 0.4418785796790765, 0.016714887260056228]], "inverted": false, "swapped": false, "error_lsq": 0.038597088347819636, "error_max": 0.21826235858523177, "target": "64.xyz", "model": "28.xyz", "model_rescale": 4.5098078930637895, "target_rescale": 4.449845701017862},
