[{"mapping": [6, 5, 1, 0, 8, 7, 11, 10, 9, 3, 2, 12], "R": [[0.8645987006340367, -0.5024630203924818, 9.348044159642701e-18], [-0.5024630203924818, -0.8645987006340367, -9.383087908705157e-19], [8.55377230301829e-18, -3.885785941836229e-18, -1.0]], "T": [-0.013582947436469497, -0.07479138459206504, 1.113297924653236e-16], "aligned_model": [[-0.0896436039756957, -0.08964360397569572, 0.5822830809236673, 0.5822830809236673, 0.026383094311710924, 0.02638309431171091, -0.5539972662341278, -0.5539972662341278, 0.49073675657014315, -0.39526722042245005, -0.39526722042245005, -0.08964360397569571], [-0.04122545804754355, -0.04122545804754355, -0.09765716136170692, -0.09765716136170692, 0.5270279420543019, 0.5270279420543019, 0.091513955091048, 0.091513955091048, 0.3942885289157105, -0.6151410895447883, -0.6151410895447883, -0.04122545804754355], [-0.8041626908335863, 0.8041626908335865, -0.40208134541679325, 0.4020813454167933, -0.40208134541679325, 0.4020813454167933, -0.40208134541679325, 0.4020813454167933, 1.1560405352249023e-16, -0.40208134541679325, 0.4020813454167933, 1.1058727888523307e-16]], "inverted": false, "swapped": true, "error_lsq": 0.025843801455759843, "error_max": 0.11171855256743689, "target": "65.xyz", "model": "0.xyz", "model_rescale": 4.5108708085295355, "target_rescale": 4.449845834417745},
{"mapping": [5, 6, 0, 1, 7, 8, 10, 11, 9, 2, 3, 12], "R": [[-0.8645987006340367, 0.5024630203924819, 6.6020898741934e-18], [0.5024630203924819, 0.8645987006340367, 5.211260588687495e-17], [2.0476499027745473e-17, 4.837379735553556e-17, -1.0000000000000002]], "T": [-0.013582947436469484, -0.07479138459206504, -6.78062462501688e-17], "aligned_model": [[-0.0896436039756957, -0.0896436039756957, 0.5822830809236674, 0.5822830809236674, 0.026383094311710986, 0.026383094311710986, -0.5539972662341278, -0.5539972662341278, 0.49073675657014315, -0.3952672204224501, -0.3952672204224501, -0.0896436039756957], [-0.0412254580475435, -0.04122545804754359, -0.09765716136170696, -0.09765716136170699, 0.5270279420543019, 0.5270279420543019, 0.09151395509104808, 0.09151395509104802, 0.3942885289157105, -0.6151410895447883, -0.6151410895447883, -0.041225458047543545], [-0.8041626908335867, 0.8041626908335865, -0.40208134541679336, 0.4020813454167934, -0.4020813454167933, 0.40208134541679347, -0.40208134541679336, 0.4020813454167934, -4.003170557691044e-17, -0.4020813454167934, 0.40208134541679336, -6.655919763928848e-17]], "inverted": true, "swapped": true, "error_lsq": 0.025843801455759836, "error_max": 0.11171855256743704, "target": "65.xyz", "model": "1.xyz", "model_rescale": 4.510870808529536, "target_rescale": 4.449845834417745},
{"mapping": [6, 5, 1, 0, 8, 7, 11, 10, 9, 3, 2, 12], "R": [[0.8645987006340367, -0.5024630203924819, 1.8793652962205276e-16], [-0.5024630203924819, -0.8645987006340367, -5.265405289267838e-17], [1.8894639376525763e-16, -4.890653060185222e-17, -1.0000000000000002]], "T": [-0.013582947436469504, -0.07479138459206504, 1.6770438248808948e-16], "aligned_model": [[-0.08964360397569557, -0.08964360397569587, 0.5822830809236675, 0.5822830809236673, 0.02638309431171104, 0.02638309431171089, -0.5539972662341277, -0.5539972662341279, 0.49073675657014315, -0.39526722042245005, -0.39526722042245016, -0.08964360397569571], [-0.04122545804754359, -0.0412254580475435, -0.09765716136170699, -0.09765716136170696, 0.5270279420543019, 0.5270279420543019, 0.09151395509104802, 0.09151395509104808, 0.3942885289157105, -0.6151410895447883, -0.6151410895447883, -0.041225458047543545], [-0.8041626908335864, 0.8041626908335868, -0.4020813454167932, 0.4020813454167936, -0.4020813454167933, 0.40208134541679347, -0.4020813454167934, 0.40208134541679336, 2.377855189023817e-16, -0.40208134541679336, 0.4020813454167934, 1.5164242458566542e-16]], "inverted": false, "swapped": true, "error_lsq": 0.025843801455759843, "error_max": 0.11171855256743692, "target": "65.xyz", "model": "2.xyz", "model_rescale": 4.5108708085295355, "target_rescale": 4.449845834417745},
{"mapping": [4, 5, 9, 10, 6, 0, 1, 2, 3, 8, 11, 12, 13], "R": [[-0.5296833316276892, 0.8464504373398042, -0.054380376267968794], [-0.8461101877514715, -0.5317869635857826, -0.03605794702119494], [-0.05944004019986142, 0.02691249686424549, 0.9978690290481869]], "T": [0.038482979953626095, -0.015443968267742782, 0.03386244048982396], "aligned_model": [[0.5520129252443886, 0.5088636937195523, -0.12432703234478173, -0.16747626386961809, 0.5816113335470863, 0.04351250674384437, -0.042785956305828335, -0.3192845294677446, -0.362433760992581, 0.1867342107051938, -0.5056555824053524, -0.5488048139301887, 0.0003632752190080163], [-0.2868683118368213, -0.31547923384775023, 0.5457109478967284, 0.5171000258857994, 0.43135144136154446, 0.08852769906389532, 0.03130585504203754, -0.5229736535966676, -0.5515845756075966, -0.6298284049147883, 0.16677134075550878, 0.13816041874457988, 0.059916777052966434], [-0.34554242920904016, 0.44623733990641445, -0.3523153847208368, 0.4394643843946178, -0.31797658480451585, -0.7572715626415172, 0.8262879755893917, -0.40155675143575775, 0.39022301767969686, 0.019740864063860265, -0.3867894222058524, 0.40499034690960223, 0.03450820647393727]], "inverted": false, "swapped": false, "error_lsq": 0.03619558833106175, "error_max": 0.3252768630056069, "target": "65.xyz", "model": "3.xyz", "model_rescale": 4.509807743048502, "target_rescale": 4.449845834417745},
{"mapping": [4, 5, 9, 10, 6, 0, 1, 2, 3, 8, 11, 12, 13], "R": [[-0.5296833316276893, 0.8464504373398042, -0.05438037626796881], [-0.8461101877514715, -0.5317869635857827, -0.03605794702119498], [-0.05944004019986146, 0.026912496864245475, 0.9978690290481868]], "T": [0.038482979953626095, -0.015443968267742792, 0.03386244048982401], "aligned_model": [[0.5520129252443886, 0.5088636937195523, -0.12432703234478171, -0.16747626386961806, 0.5816113335470863, 0.043512506743844395, -0.04278595630582835, -0.3192845294677447, -0.3624337609925811, 0.18673421070519375, -0.5056555824053524, -0.5488048139301887, 0.00036327521900803017], [-0.2868683118368213, -0.3154792338477503, 0.5457109478967284, 0.5171000258857994, 0.4313514413615445, 0.08852769906389538, 0.031305855042037506, -0.5229736535966675, -0.5515845756075964, -0.6298284049147884, 0.1667713407555088, 0.1381604187445799, 0.05991677705296644], [-0.34554242920904, 0.44623733990641423, -0.3523153847208366, 0.4394643843946176, -0.3179765848045156, -0.7572715626415171, 0.8262879755893919, -0.4015567514357576, 0.39022301767969664, 0.019740864063860192, -0.3867894222058522, 0.404990346909602, 0.03450820647393722]], "inverted": false, "swapped": false, "error_lsq": 0.03619558833106174, "error_max": 0.32527686300560665, "target": "65.xyz", "model": "4.xyz", "model_rescale": 4.509807743048502, "target_rescale": 4.449845834417745},
{"mapping": [0, 6, 8, 5, 4, 2, 7, 11, 10, 9, 3, 1, 13], "R": [[0.4130355548736812, -0.4542948223824297, 0.7893147944684091], [-0.3864630002518814, -0.8722245940900886, -0.29978426726680424], [0.8246502166655294, -0.18121940244051407, -0.5358279092512803]], "T": [-0.05745170609904488, -0.023676639072890256, -0.006141720587543055], "aligned_model": [[0.5540022541883636, 0.6186385821944725, -0.034811890348447436, -0.10401602989412773, 0.5222820789065112, -0.030918094431197925, -0.007659526606166485, -0.06840215028109325, -0.4224886527044742, 0.20380945609616485, -0.657216203231837, -0.6985939634129144, -0.07229585461227563], [-0.3414840753128416, -0.20631781570108634, 0.5412943042486184, 0.5837331330452714, 0.3458631210384215, 0.06763643827518026, 0.03155219630576365, -0.5772718435855326, -0.43558672799220266, -0.6734567399990528, 0.3055064502820303, 0.13425594870085839, -0.10361406330599154], [-0.40844869613918383, 0.3515583897536097, -0.28888074208864417, 0.32584828924456066, -0.09931542054335799, -0.758558981382283, 0.7767220995415284, -0.4529634085019709, 0.42700185720631845, 0.0018381474183998313, -0.3333952715943643, 0.4418787234366533, 0.016715013648734883]], "inverted": true, "swapped": false, "error_lsq": 0.03859708391348542, "error_max": 0.21826231122121292, "target": "65.xyz", "model": "5.xyz", "model_rescale": 4.509807743048502, "target_rescale": 4.449845834417745},
{"mapping": [4, 5, 9, 10, 6, 0, 1, 2, 3, 8, 11, 12, 13], "R": [[-0.5296832487369499, 0.8464504893313707, -0.05438037438409393], [-0.8461102398944449, -0.5317868806180327, -0.03605794708947328], [-0.059440036618727404, 0.026912501058538194, 0.9978690291483843]], "T": [0.03848297358684847, -0.015443957961095475, 0.03386244147343118], "aligned_model": [[0.5520130577437076, 0.50886382621499, -0.12432681710299986, -0.1674760486317173, 0.5816112090593915, 0.04351239783624032, -0.04278606522119454, -0.3192844040352885, -0.36243363556400593, 0.18673398809243102, -0.5056557186536905, -0.5488049501824079, 0.0003631663075228872], [-0.2868683216641278, -0.3154792447229623, 0.5457107828528678, 0.5170998597940333, 0.4313515774390097, 0.08852776826819259, 0.03130592215052361, -0.5229737571767537, -0.5515846802355882, -0.6298282246382423, 0.16677136089097988, 0.13816043783214538, 0.0599168452093581], [-0.3455424361442573, 0.4462373605511885, -0.35231539142111185, 0.43946440527433395, -0.3179766004818686, -0.7572715926587739, 0.8262880007321174, -0.4015567605094563, 0.3902230361859894, 0.019740859084166888, -0.3867894406722223, 0.4049903560232235, 0.03450820403667171]], "inverted": false, "swapped": false, "error_lsq": 0.03619558542484369, "error_max": 0.3252768921480721, "target": "65.xyz", "model": "6.xyz", "model_rescale": 4.509807586411629, "target_rescale": 4.449845834417745},
{"mapping": [4, 5, 9, 10, 6, 0, 1, 2, 3, 8, 11, 12, 13], "R": [[-0.5296832487369495, 0.8464504893313708, -0.0543803743840939], [-0.846110239894445, -0.5317868806180323, -0.03605794708947329], [-0.059440036618727383, 0.026912501058538173, 0.997869029148384]], "T": [0.038482973586848455, -0.015443957961095451, 0.033862441473431225], "aligned_model": [[0.5520130577437076, 0.5088638262149902, -0.12432681710300009, -0.1674760486317175, 0.5816112090593912, 0.04351239783624025, -0.04278606522119457, -0.3192844040352883, -0.3624336355640057, 0.1867339880924313, -0.5056557186536904, -0.5488049501824078, 0.0003631663075228525], [-0.28686832166412746, -0.31547924472296196, 0.5457107828528677, 0.5170998597940332, 0.43135157743901, 0.0885277682681926, 0.031305922150523594, -0.5229737571767537, -0.5515846802355882, -0.6298282246382421, 0.16677136089097958, 0.13816043783214507, 0.0599168452093581], [-0.34554243614425717, 0.44623736055118823, -0.35231539142111173, 0.43946440527433367, -0.3179766004818685, -0.7572715926587739, 0.8262880007321175, -0.4015567605094562, 0.3902230361859892, 0.01974085908416683, -0.3867894406722222, 0.4049903560232232, 0.034508204036671646]], "inverted": false, "swapped": false, "error_lsq": 0.036195585424843676, "error_max": 0.325276892148072, "target": "65.xyz", "model": "7.xyz", "model_rescale": 4.509807586411629, "target_rescale": 4.449845834417745},
{"mapping": [0, 6, 8, 5, 4, 2, 7, 11, 10, 9, 3, 1, 13], "R": [[0.41303552866149157, -0.4542948550469471, 0.7893147893845622], [-0.38646304531996256, -0.8722245695924056, -0.29978428044406163], [0.8246502086735583, -0.1812194384640249, -0.5358279093677754]], "T": [-0.05745171129906052, -0.023676644549770164, -0.00614172284101835], "aligned_model": [[0.5540022123187688, 0.6186385381369958, -0.03481201951592568, -0.104015966266304, 0.5222821602533482, -0.030918034915808475, -0.0076595883826564085, -0.0684022226565596, -0.4224885416358265, 0.20380958488382572, -0.6572161614354607, -0.6985940407205354, -0.0722959142008835], [-0.3414841991804632, -0.20631796372263925, 0.5412940371434447, 0.5837332357693465, 0.3458632050449102, 0.06763655759931267, 0.031552067001797114, -0.57727194911857, -0.43558645797469897, -0.6734564886991353, 0.305506588323749, 0.13425586226840938, -0.10361416845602683], [-0.4084487355038556, 0.3515583822935666, -0.2888807946273485, 0.3258483389920158, -0.09931538565533504, -0.7585589861788496, 0.7767221069409175, -0.4529634656318936, 0.4270019113076459, 0.0018381866602950924, -0.3333952615314988, 0.4418787137908459, 0.016714989143495295]], "inverted": true, "swapped": false, "error_lsq": 0.03859708979207539, "error_max": 0.2182624064333593, "target": "65.xyz", "model": "8.xyz", "model_rescale": 4.509807586411629, "target_rescale": 4.449845834417745},
{"mapping": [6, 7, 11, 12, 4, 0, 1, 2, 3, 8, 9, 10, 13], "R": [[0.5296833810475012, -0.8464504062648117, -0.05438037859580492], [0.8461101566833744, 0.5317870130938742, -0.03605794589173643], [0.059440042053512034, -0.026912495960634913, 0.9978690289621407]], "T": [0.038483003242894644, -0.01544392312541408, 0.03386244512522171], "aligned_model": [[0.5520128660811064, 0.5088636304265408, -0.12432689095247731, -0.167476126607043, 0.5816113179046375, 0.04351232525201868, -0.04278614605711264, -0.31928446081471057, -0.3624336964692762, 0.18673429979113312, -0.5056554833173628, -0.5488047189719285, 0.00036308959745302155], [-0.2868682513181369, -0.3154791739464347, 0.545710974070481, 0.5171000514421832, 0.4313515380893212, 0.08852762237943064, 0.03130577712283517, -0.5229736724667382, -0.551584595095036, -0.6298284598656985, 0.16677136923219693, 0.1381604466038992, 0.05991669975113291], [-0.34554244807164536, 0.4462373628618813, -0.3523153964156418, 0.43946441451788487, -0.31797660072848133, -0.7572716158077845, 0.8262880060592687, -0.40155676797168705, 0.39022304296183963, 0.019740869708110335, -0.38678943658650655, 0.4049903743470201, 0.0345081951257421]], "inverted": false, "swapped": false, "error_lsq": 0.036195573708279985, "error_max": 0.32527689529312226, "target": "65.xyz", "model": "9.xyz", "model_rescale": 4.509807504472865, "target_rescale": 4.449845834417745},
{"mapping": [6, 7, 11, 12, 5, 0, 1, 2, 3, 8, 9, 10, 13], "R": [[0.5296833810475012, -0.8464504062648117, 0.05438037859580495], [0.8461101566833744, 0.5317870130938742, 0.03605794589173644], [-0.05944004205351206, 0.026912495960634927, 0.9978690289621407]], "T": [0.038483003242894644, -0.01544392312541408, -0.03386244512522164], "aligned_model": [[0.5088636304265408, 0.5520128660811064, -0.167476126607043, -0.12432689095247731, 0.5816113179046375, -0.042786146057112666, 0.043512325252018716, -0.3624336964692762, -0.31928446081471057, 0.18673429979113312, -0.5488047189719285, -0.5056554833173628, 0.0003630895974530146], [-0.3154791739464347, -0.2868682513181369, 0.5171000514421832, 0.545710974070481, 0.4313515380893212, 0.03130577712283516, 0.08852762237943067, -0.551584595095036, -0.5229736724667382, -0.6298284598656985, 0.1381604466038992, 0.16677136923219693, 0.05991669975113291], [-0.44623736286188104, 0.3455424480716454, -0.43946441451788465, 0.3523153964156418, 0.31797660072848133, -0.8262880060592687, 0.7572716158077848, -0.3902230429618394, 0.40155676797168705, -0.01974086970811035, -0.4049903743470199, 0.38678943658650655, -0.034508195125742123]], "inverted": false, "swapped": false, "error_lsq": 0.036195573708279985, "error_max": 0.32527689529312226, "target": "65.xyz", "model": "10.xyz", "model_rescale": 4.509807504472865, "target_rescale": 4.449845834417745},
{"mapping": [0, 4, 8, 7, 6, 2, 5, 9, 12, 11, 3, 1, 13], "R": [[-0.4130355969014303, 0.4542948013571636, 0.7893147845771893], [0.3864629313197321, 0.8722246207313562, -0.2997842786168116], [-0.8246502279197159, 0.18121932692154394, -0.5358279174717042]], "T": [-0.05745168359514964, -0.023676653079712225, -0.006141675746751144], "aligned_model": [[0.554002162590699, 0.6186386088016098, -0.03481184436184326, -0.1040160674238892, 0.5222820666604742, -0.030918050241512687, -0.007659525282753557, -0.06840207663847976, -0.42248857046406085, 0.20380956362030256, -0.657216184325876, -0.6985941055780276, -0.0722959714936645], [-0.3414841250679188, -0.20631789046214297, 0.5412943983916376, 0.5837330754899032, 0.34586304189347183, 0.06763647566128325, 0.03155214313428842, -0.5772718207956663, -0.43558664928007984, -0.6734566828765113, 0.3055065092577146, 0.13425594212494396, -0.10361409147148733], [-0.40844887609977115, 0.35155842136103005, -0.28888073121117785, 0.3258482920849074, -0.09931544671747976, -0.758558963399815, 0.7767221601634171, -0.4529633293026371, 0.4270019861568616, 0.001838247354474412, -0.3333952245974278, 0.4418786015050031, 0.016714862702616084]], "inverted": true, "swapped": false, "error_lsq": 0.03859708960338838, "error_max": 0.21826236482399558, "target": "65.xyz", "model": "11.xyz", "model_rescale": 4.509807504472865, "target_rescale": 4.449845834417745},
{"mapping": [6, 7, 11, 12, 4, 0, 1, 2, 3, 8, 9, 10, 13], "R": [[0.5296832716907496, -0.8464504750494839, -0.05438037310911576], [0.8461102254884125, 0.531786903501587, -0.03605794764183578], [0.059440037137698944, -0.026912498076116613, 0.9978690291979063]], "T": [0.0384829122602345, -0.015443862148588137, 0.033862440307258185], "aligned_model": [[0.5520129677333406, 0.5088637389395282, -0.12432685766270882, -0.16747608645652132, 0.5816113249907552, 0.043512407570698214, -0.04278605001692679, -0.3192844657427374, -0.36243369453654994, 0.18673427962520428, -0.5056557542820886, -0.5488049830759011, 0.0003631787768857142], [-0.2868682280942128, -0.31547915044869873, 0.5457108614269958, 0.5170999390725098, 0.4313515235535233, 0.08852755586002192, 0.03130571115105014, -0.5229736305649468, -0.5515845529194328, -0.6298283440946677, 0.1667714649531218, 0.13816054259863592, 0.059916633505536034], [-0.3455424238639627, 0.44623734124953474, -0.35231537566243765, 0.4394643894510599, -0.3179765819483841, -0.7572715692430741, 0.8262879609839205, -0.4015567445074415, 0.39022302060605607, 0.019740868840057407, -0.3867894234446245, 0.40499034166887293, 0.034508195870423225]], "inverted": false, "swapped": false, "error_lsq": 0.03619557774234697, "error_max": 0.3252768748702687, "target": "65.xyz", "model": "12.xyz", "model_rescale": 4.509807766519439, "target_rescale": 4.449845834417745},
{"mapping": [6, 7, 11, 12, 5, 0, 1, 2, 3, 8, 9, 10, 13], "R": [[0.5296832716907495, -0.8464504750494842, 0.05438037310911581], [0.8461102254884129, 0.5317869035015869, 0.036057947641835834], [-0.059440037137699006, 0.026912498076116655, 0.9978690291979064]], "T": [0.03848291226023451, -0.01544386214858812, -0.03386244030725815], "aligned_model": [[0.5088637389395283, 0.5520129677333409, -0.16747608645652154, -0.12432685766270904, 0.5816113249907552, -0.04278605001692684, 0.04351240757069824, -0.36243369453654983, -0.3192844657427373, 0.1867342796252045, -0.5488049830759012, -0.5056557542820888, 0.00036317877688568645], [-0.3154791504486987, -0.28686822809421275, 0.51709993907251, 0.5457108614269959, 0.4313515235535235, 0.03130571115105012, 0.08852755586002202, -0.551584552919433, -0.5229736305649471, -0.6298283440946678, 0.13816054259863583, 0.16677146495312176, 0.05991663350553607], [-0.4462373412495346, 0.3455424238639627, -0.4394643894510597, 0.35231537566243765, 0.317976581948384, -0.8262879609839208, 0.7572715692430745, -0.3902230206060558, 0.40155674450744155, -0.01974086884005746, -0.40499034166887277, 0.3867894234446246, -0.03450819587042329]], "inverted": false, "swapped": false, "error_lsq": 0.03619557774234697, "error_max": 0.32527687487026863, "target": "65.xyz", "model": "13.xyz", "model_rescale": 4.509807766519439, "target_rescale": 4.449845834417745},
{"mapping": [0, 4, 8, 7, 6, 2, 5, 9, 12, 11, 3, 1, 13], "R": [[-0.4130355309698502, 0.45429484172976176, 0.7893147958414213], [0.38646304320737523, 0.8722245753072249, -0.2997842665401667], [-0.8246502085074303, 0.18121944434265896, -0.5358279076352683]], "T": [-0.05745174271641839, -0.02367676911027216, -0.006141702195647852], "aligned_model": [[0.554002171817786, 0.618638581671592, -0.03481185740545409, -0.10401600591489174, 0.5222821007156733, -0.030918065724979286, -0.007659524958972978, -0.06840224386716182, -0.4224885542447554, 0.20380955238580967, -0.6572161723555443, -0.6985940414433439, -0.07229593481277913], [-0.3414840212375128, -0.20631787948914426, 0.5412942784801027, 0.583733084727063, 0.34586307453475407, 0.06763643329080665, 0.0315521307031646, -0.5772720496406542, -0.4355865733809256, -0.6734565835732345, 0.3055064434831155, 0.1342559991471048, -0.10361401104520393], [-0.40844884052296443, 0.35155843066729525, -0.2888806795938478, 0.3258483490318989, -0.0993153572610308, -0.7585589349522849, 0.7767221369602251, -0.4529634297718797, 0.42700191128100673, 0.0018382049880770251, -0.33339522865935517, 0.4418785720628949, 0.016714865769965406]], "inverted": true, "swapped": false, "error_lsq": 0.038597080567873365, "error_max": 0.21826230414199166, "target": "65.xyz", "model": "14.xyz", "model_rescale": 4.509807766519439, "target_rescale": 4.449845834417745},
{"mapping": [5, 6, 0, 1, 10, 11, 7, 8, 9, 2, 3, 12], "R": [[0.8645986961415113, -0.5024630281228645, -3.405790299162781e-17], [-0.5024630281228645, -0.8645986961415113, 6.01624420197026e-18], [-3.246935879952408e-17, 1.191120017599566e-17, -1.0]], "T": [0.013582803535537927, 0.0747914950914631, 1.3323409606546505e-18], "aligned_model": [[0.08964345977465091, 0.08964345977465096, -0.5822832246201558, -0.5822832246201558, 0.5539971208462591, 0.5539971208462591, -0.026383243593513083, -0.026383243593513055, -0.49073690466512127, 0.39526708135278876, 0.39526708135278876, 0.08964345977465094], [0.04122556786688279, 0.04122556786688278, 0.09765727718874717, 0.09765727718874717, -0.09151384942349788, -0.09151384942349788, -0.5270278311975671, -0.5270278311975671, -0.39428841390718644, 0.6151411966315447, 0.6151411966315447, 0.041225567866882785], [-0.8041626908335864, 0.8041626908335864, -0.4020813454167932, 0.40208134541679336, -0.4020813454167932, 0.40208134541679336, -0.4020813454167932, 0.40208134541679336, 1.568631337654488e-17, -0.4020813454167932, 0.40208134541679336, -1.4600663060652477e-18]], "inverted": true, "swapped": true, "error_lsq": 0.025843805941366236, "error_max": 0.11171870487905006, "target": "65.xyz", "model": "15.xyz", "model_rescale": 4.510870436145588, "target_rescale": 4.449845834417745},
{"mapping": [6, 5, 1, 0, 11, 10, 8, 7, 9, 3, 2, 12], "R": [[-0.8645986961415113, 0.5024630281228645, 3.70421648240151e-17], [0.5024630281228645, 0.8645986961415113, 4.4520503789966235e-17], [-9.656700261240512e-18, 5.710468783406891e-17, -1.0]], "T": [0.013582803535537927, 0.0747914950914631, 5.00265106866933e-17], "aligned_model": [[0.08964345977465096, 0.08964345977465091, -0.5822832246201558, -0.5822832246201558, 0.5539971208462591, 0.5539971208462591, -0.026383243593513055, -0.026383243593513083, -0.49073690466512127, 0.39526708135278876, 0.39526708135278876, 0.08964345977465094], [0.04122556786688282, 0.04122556786688275, 0.09765727718874719, 0.09765727718874716, -0.09151384942349786, -0.09151384942349791, -0.5270278311975671, -0.5270278311975671, -0.39428841390718644, 0.6151411966315447, 0.6151411966315447, 0.041225567866882785], [-0.8041626908335864, 0.8041626908335864, -0.4020813454167933, 0.40208134541679325, -0.4020813454167933, 0.40208134541679325, -0.40208134541679336, 0.4020813454167932, 1.0461743065153883e-17, -0.40208134541679325, 0.4020813454167933, 5.1349590061509616e-17]], "inverted": false, "swapped": true, "error_lsq": 0.025843805941366236, "error_max": 0.11171870487905007, "target": "65.xyz", "model": "16.xyz", "model_rescale": 4.510870436145588, "target_rescale": 4.449845834417745},
{"mapping": [6, 5, 1, 0, 11, 10, 8, 7, 9, 3, 2, 12], "R": [[-0.8645986961415113, 0.5024630281228647, 4.782409536827843e-17], [0.5024630281228647, 0.8645986961415113, 1.1361068091222163e-16], [1.5736516258694606e-17, 1.2225748636043794e-16, -1.0]], "T": [0.013582803535537941, 0.07479149509146311, 1.6685726203799958e-16], "aligned_model": [[0.08964345977465099, 0.08964345977465091, -0.5822832246201558, -0.5822832246201558, 0.5539971208462591, 0.5539971208462591, -0.0263832435935132, -0.026383243593513243, -0.4907369046651214, 0.3952670813527889, 0.3952670813527889, 0.08964345977465095], [0.04122556786688287, 0.04122556786688269, 0.09765727718874734, 0.09765727718874725, -0.09151384942349793, -0.09151384942349804, -0.5270278311975672, -0.5270278311975672, -0.3942884139071864, 0.6151411966315445, 0.6151411966315445, 0.04122556786688278], [-0.8041626908335862, 0.8041626908335866, -0.4020813454167932, 0.40208134541679336, -0.4020813454167932, 0.40208134541679336, -0.40208134541679325, 0.4020813454167933, 8.944614035332938e-17, -0.40208134541679313, 0.4020813454167934, 1.6668134626831812e-16]], "inverted": false, "swapped": true, "error_lsq": 0.025843805941366236, "error_max": 0.11171870487904999, "target": "65.xyz", "model": "17.xyz", "model_rescale": 4.510870436145588, "target_rescale": 4.449845834417745},
{"mapping": [9, 8, 3, 5, 7, 0, 6, 1, 2, 10, 11, 4, 12], "R": [[0.3574591043978361, 0.8403614627077545, 0.40745012047952656], [0.4329585204391675, -0.5356736243417815, 0.7249832327465701], [0.8275082526852674, -0.08274285576546048, -0.5553230695347999]], "T": [-0.09074689414512949, -0.11864639556807516, 0.07233280405249103], "aligned_model": [[0.5793860458215911, 0.3386084828892061, -0.321437945820985, 0.20639404480679097, 0.6650790758918239, -0.04075550209721024, -0.12007654819582678, -0.36722609509982795, -0.25848276419428695, 0.2529154528189733, -0.5521535309419974, -0.6479085388236028, 0.06798782880833085], [-0.06019614613394725, -0.3456130864791863, 0.6333654096313934, 0.713974268051168, 0.2352818354149906, 0.010956329278724253, 0.13307934615699107, -0.5699385926154528, -0.5743735520902271, -0.6410910680281241, 0.07767372527193994, 0.05247048773721655, 0.0065213698039499335], [-0.4418156207059924, 0.45176433284717116, -0.1973099224362886, 0.2952056850433948, 0.0068101097248593895, -0.8039334721032584, 0.7401599081657064, -0.3589792489809466, 0.43644721383738794, 0.003138602416319358, -0.3706248792094518, 0.24764430068602317, -0.008507009284923914]], "inverted": true, "swapped": false, "error_lsq": 0.050340143346052316, "error_max": 0.3342517721581717, "target": "65.xyz", "model": "18.xyz", "model_rescale": 4.466005644533647, "target_rescale": 4.449845834417745},
{"mapping": [5, 4, 9, 8, 7, 3, 2, 1, 0, 12, 11, 10, 13], "R": [[0.5296832494927686, -0.8464504889670594, -0.05438037269279794], [0.8461102394518052, 0.531786881286918, -0.03605794761134848], [0.059440036184297815, -0.026912499299762586, 0.9978690292216961]], "T": [0.03848297039123345, -0.015443896855975789, 0.03386244257009622], "aligned_model": [[0.5520130394317087, 0.5088638104426005, -0.12432681601175327, -0.1674760450008614, 0.5816113782190688, 0.043512275766944816, -0.04278618221127147, -0.3192843984430877, -0.3624336274321958, 0.18673416797432557, -0.5056557073306142, -0.5488049363197224, 0.00036304677783668277], [-0.2868682532077556, -0.31547917588658086, 0.5457108287269756, 0.5170999060481505, 0.43135150800474903, 0.08852763931513115, 0.03130579395748071, -0.5229736814627097, -0.5515846041415349, -0.6298282645051339, 0.16677141759659175, 0.13816049491776655, 0.05991671663630593], [-0.34554242555522524, 0.44623734922238406, -0.3523153790084182, 0.4394643957691911, -0.31797658433552667, -0.7572715827341089, 0.8262879668211097, -0.40155674699807, 0.3902230277795393, 0.019740865937746373, -0.3867894268598652, 0.4049903479177441, 0.03450819204350032]], "inverted": true, "swapped": false, "error_lsq": 0.036195574003286296, "error_max": 0.325276879319178, "target": "65.xyz", "model": "19.xyz", "model_rescale": 4.509807711582247, "target_rescale": 4.449845834417745},
{"mapping": [3, 7, 12, 4, 5, 1, 6, 11, 8, 9, 0, 2, 13], "R": [[-0.4130355140662663, 0.4542948591435555, 0.7893147946641771], [0.386463072142034, 0.8722245609241062, -0.299784271087212], [-0.8246502034138813, 0.18121946991558913, -0.5358279068254628]], "T": [-0.057451712139236284, -0.023676708501710365, -0.006141690298124931], "aligned_model": [[0.5540021061779348, 0.6186386128213058, -0.03481191194536279, -0.10401596586751732, 0.522282147458324, -0.030918025169587644, -0.007659500504535517, -0.06840222110699384, -0.42248854160467364, 0.20380957172116776, -0.657216138495429, -0.6985941204737478, -0.0722960071479066], [-0.34148416173608115, -0.2063178446255705, 0.5412941588595795, 0.5837331457847239, 0.34586312908680333, 0.06763651250737651, 0.03155217207234994, -0.5772719847965169, -0.43558652014110216, -0.6734565368390225, 0.3055065292052969, 0.13425587165975972, -0.10361414503816066], [-0.4084488751387779, 0.3515584493975253, -0.2888806975172793, 0.3258483790975521, -0.09931533173204381, -0.7585589297567455, 0.7767221602271212, -0.4529634367320624, 0.4270019148501126, 0.0018382040205166695, -0.3333952189271497, 0.4418785465204137, 0.016714835690817928]], "inverted": false, "swapped": false, "error_lsq": 0.038597089634015265, "error_max": 0.2182623605096449, "target": "65.xyz", "model": "20.xyz", "model_rescale": 4.509807711582248, "target_rescale": 4.449845834417745},
{"mapping": [10, 7, 4, 6, 8, 1, 5, 0, 2, 9, 11, 3, 12], "R": [[-0.3574591043978361, -0.8403614627077541, 0.4074501204795267], [-0.4329585204391674, 0.5356736243417817, 0.7249832327465697], [-0.8275082526852673, 0.08274285576546048, -0.5553230695347999]], "T": [-0.09074689414512956, -0.11864639556807517, 0.07233280405249112], "aligned_model": [[0.579386045821591, 0.338608482889206, -0.32143794582098484, 0.20639404480679108, 0.6650790758918238, -0.04075550209721028, -0.12007654819582673, -0.3672260950998281, -0.2584827641942871, 0.2529154528189732, -0.5521535309419975, -0.6479085388236027, 0.06798782880833086], [-0.060196146133947595, -0.34561308647918637, 0.6333654096313934, 0.7139742680511679, 0.2352818354149902, 0.010956329278724017, 0.1330793461569914, -0.5699385926154525, -0.574373552090227, -0.6410910680281242, 0.07767372527194004, 0.052470487737216895, 0.006521369803949864], [-0.44181562070599234, 0.4517643328471711, -0.1973099224362885, 0.29520568504339484, 0.006810109724859487, -0.8039334721032584, 0.7401599081657065, -0.3589792489809467, 0.43644721383738805, 0.0031386024163193443, -0.37062487920945175, 0.2476443006860232, -0.008507009284923858]], "inverted": false, "swapped": false, "error_lsq": 0.05034014334605231, "error_max": 0.3342517721581716, "target": "65.xyz", "model": "21.xyz", "model_rescale": 4.466005644533646, "target_rescale": 4.449845834417745},
{"mapping": [9, 8, 3, 5, 7, 0, 6, 1, 2, 10, 11, 4, 12], "R": [[0.3574590411461502, 0.8403615039361563, 0.40745009093757345], [0.4329585585992157, -0.5356735660523855, 0.724983253026172], [0.8275082600424993, -0.08274281440030107, -0.555323064734892]], "T": [-0.09074689821355006, -0.11864639594068514, 0.07233280382202296], "aligned_model": [[0.5793859691467723, 0.3386085775185216, -0.32143790035966135, 0.2063940694209119, 0.6650791494768585, -0.040755386387748255, -0.12007650253742512, -0.3672259583460853, -0.25848284571775737, 0.25291539718843536, -0.5521538174624249, -0.6479084723179984, 0.06798772624057975], [-0.06019604652550385, -0.3456131123354009, 0.6333653348052702, 0.7139742389208641, 0.23528183048087992, 0.010956259944159066, 0.13307929610458336, -0.5699386828721218, -0.5743735024057975, -0.6410909893417847, 0.07767386682481588, 0.05247039198898944, 0.006521440410483401], [-0.4418155903465398, 0.4517643468157932, -0.19730995482751607, 0.2952056761341135, 0.006810123959983941, -0.8039334886873903, 0.7401598989899228, -0.3589792658315812, 0.4364472262602893, 0.003138632509269476, -0.37062487640911773, 0.24764426802829326, -0.008506996595520025]], "inverted": true, "swapped": false, "error_lsq": 0.05034013926898392, "error_max": 0.3342517222836136, "target": "65.xyz", "model": "22.xyz", "model_rescale": 4.46600560860683, "target_rescale": 4.449845834417745},
{"mapping": [5, 4, 9, 8, 7, 3, 2, 1, 0, 12, 11, 10, 13], "R": [[0.5296833083619537, -0.8464504519799996, -0.0543803750041318], [0.8461102024153941, 0.531786940254235, -0.03605794702447088], [0.05944003878965938, -0.0269124974295092, 0.997869029116943]], "T": [0.038482964302196436, -0.015443896083140302, 0.03386244264068036], "aligned_model": [[0.5520129247782455, 0.5088636935991573, -0.124326878330524, -0.16747610950961211, 0.5816113137763359, 0.04351237064128588, -0.04278609171689033, -0.31928453672033685, -0.36243376789942494, 0.18673440190415166, -0.5056556114712595, -0.5488048426503477, 0.0003631394621977785], [-0.286868230222612, -0.3154791526718226, 0.5457109056508564, 0.5170999832016459, 0.43135153476837235, 0.08852758417082462, 0.031305739272403404, -0.5229735996366237, -0.5515845220858343, -0.6298284559455929, 0.16677140011270764, 0.13816047766349704, 0.059916661721614015], [-0.3455424325693741, 0.4462373486577268, -0.35231538327839773, 0.4394643979487032, -0.3179765888277867, -0.7572715858750273, 0.8262879765791743, -0.40155675505859734, 0.39022302616850346, 0.01974087284614786, -0.38678942658512305, 0.40499035464197786, 0.03450819535207336]], "inverted": true, "swapped": false, "error_lsq": 0.03619557747533862, "error_max": 0.325276882643576, "target": "65.xyz", "model": "23.xyz", "model_rescale": 4.509807674373902, "target_rescale": 4.449845834417745},
{"mapping": [3, 7, 12, 4, 5, 1, 6, 11, 8, 9, 0, 2, 13], "R": [[-0.4130355543064514, 0.4542948271784163, 0.7893147920048728], [0.3864630035953367, 0.8722245914864803, -0.2997842705318497], [-0.8246502153827605, 0.18121940294895375, -0.5358279110535318]], "T": [-0.0574517088562499, -0.0236767032307881, -0.0061416876813657735], "aligned_model": [[0.5540021668298587, 0.618638589409456, -0.03481178960827461, -0.10401602966627654, 0.522282086716782, -0.030918097610124547, -0.007659526973602511, -0.0684021568201934, -0.4224885616575322, 0.20380955472552648, -0.6572162139931833, -0.6985940659362582, -0.07229594955319973], [-0.34148406116458074, -0.2063178866451584, 0.5412944424020892, 0.5837330778851116, 0.34586305966529896, 0.06763637648457907, 0.03155213157465428, -0.5772719154561166, -0.43558660378064823, -0.673456622000461, 0.3055063947043918, 0.13425597527504438, -0.10361404294476816], [-0.40844885373908835, 0.35155842667275045, -0.28888067250766614, 0.32584832818504644, -0.09931538950722803, -0.7585589598443674, 0.7767221443650248, -0.45296338320011564, 0.4270019369106828, 0.001838219218408296, -0.3333952421520929, 0.44187858164546023, 0.016714863953185957]], "inverted": false, "swapped": false, "error_lsq": 0.038597080255706503, "error_max": 0.21826228047004356, "target": "65.xyz", "model": "24.xyz", "model_rescale": 4.509807674373903, "target_rescale": 4.449845834417745},
{"mapping": [10, 7, 4, 6, 8, 1, 5, 0, 2, 9, 11, 3, 12], "R": [[-0.3574590411461504, -0.8403615039361559, 0.4074500909375734], [-0.432958558599216, 0.5356735660523856, 0.7249832530261716], [-0.827508260042499, 0.0827428144003009, -0.5553230647348925]], "T": [-0.09074689821355011, -0.11864639594068518, 0.07233280382202309], "aligned_model": [[0.5793859691467722, 0.3386085775185217, -0.3214379003596613, 0.20639406942091207, 0.6650791494768586, -0.040755386387748505, -0.12007650253742491, -0.3672259583460854, -0.25848284571775737, 0.25291539718843525, -0.5521538174624249, -0.6479084723179982, 0.06798772624057972], [-0.06019604652550434, -0.3456131123354007, 0.6333653348052701, 0.7139742389208641, 0.23528183048087972, 0.010956259944158525, 0.13307929610458366, -0.5699386828721219, -0.5743735024057973, -0.6410909893417848, 0.07767386682481578, 0.05247039198898967, 0.006521440410483359], [-0.44181559034653983, 0.45176434681579336, -0.19730995482751626, 0.2952056761341133, 0.006810123959983788, -0.8039334886873905, 0.7401598989899228, -0.3589792658315809, 0.43644722626028976, 0.003138632509269712, -0.3706248764091177, 0.24764426802829329, -0.008506996595520039]], "inverted": false, "swapped": false, "error_lsq": 0.05034013926898392, "error_max": 0.33425172228361344, "target": "65.xyz", "model": "25.xyz", "model_rescale": 4.466005608606829, "target_rescale": 4.449845834417745},
{"mapping": [9, 8, 3, 5, 7, 0, 6, 1, 2, 10, 11, 4, 12], "R": [[0.35745913053218004, 0.8403614457098219, 0.40745013260971696], [0.43295847692336487, -0.5356736455856587, 0.7249832430374996], [0.8275082641637955, -0.08274289086965869, -0.5553230471996942]], "T": [-0.09074690781365577, -0.1186464108459278, 0.07233276278166606], "aligned_model": [[0.5793860364548379, 0.33860849018299044, -0.3214379719347489, 0.20639408623546443, 0.6650790787540842, -0.04075556844654343, -0.12007650233562936, -0.3672261570176373, -0.2584827379523379, 0.2529154478837441, -0.552153486074159, -0.6479085605058428, 0.06798785061875595], [-0.060196114501516226, -0.34561307115456674, 0.6333653308011804, 0.7139742475676785, 0.23528183380634599, 0.010956293471554648, 0.13307934260676563, -0.5699386114893581, -0.5743735087940158, -0.641091019462429, 0.07767378114063185, 0.05247042584026766, 0.0065213961668970505], [-0.4418155556306868, 0.4517643517069369, -0.19731001084975103, 0.2952057551920578, 0.006810165767241694, -0.8039335636724338, 0.740159941131753, -0.3589793777327387, 0.4364472339488729, 0.0031386303090084194, -0.3706247932693811, 0.24764417508994419, -0.008506951990822353]], "inverted": true, "swapped": false, "error_lsq": 0.05034014562648854, "error_max": 0.33425174457434553, "target": "65.xyz", "model": "26.xyz", "model_rescale": 4.466005838112752, "target_rescale": 4.449845834417745},
{"mapping": [5, 4, 9, 8, 7, 3, 2, 1, 0, 12, 11, 10, 13], "R": [[0.5296831837561046, -0.846450530076323, -0.054380373109316475], [0.8461102808784788, 0.5317868155367934, -0.03605794521291994], [0.059440032282445175, -0.02691250554571761, 0.997869029285664]], "T": [0.03848294477750274, -0.015443928945982833, 0.033862438780685566], "aligned_model": [[0.5520129566738493, 0.5088637290906367, -0.12432681857673769, -0.16747604615995032, 0.5816113559946486, 0.04351230316699155, -0.042786151999433704, -0.31928442766809373, -0.36243365525130633, 0.18673424276025416, -0.5056556650842232, -0.5488048926674358, 0.0003630755837789254], [-0.28686833091513336, -0.3154792505395289, 0.5457108526921739, 0.5170999330677784, 0.43135159148622265, 0.08852769199711384, 0.031305852748322746, -0.5229738175365841, -0.5515847371609797, -0.6298281666725906, 0.16677142704215947, 0.13816050741776392, 0.059916772372718294], [-0.345542417216789, 0.4462373257491523, -0.3523153649088388, 0.43946437805710253, -0.31797656858936885, -0.7572715487696526, 0.82628793716223, -0.4015567376439552, 0.3902230053219861, 0.01974087385400098, -0.3867894100890484, 0.40499033287689296, 0.03450819419628865]], "inverted": true, "swapped": false, "error_lsq": 0.0361955772423205, "error_max": 0.32527687753125556, "target": "65.xyz", "model": "27.xyz", "model_rescale": 4.509807893063789, "target_rescale": 4.449845834417745},
{"mapping": [3, 7, 12, 4, 5, 1, 6, 11, 8, 9, 0, 2, 13], "R": [[-0.4130354891609156, 0.45429488190499806, 0.7893147945962542], [0.38646311564303176, 0.872224540641082, -0.2997842740220612], [-0.8246501955017558, 0.1812195104793561, -0.5358279052835329]], "T": [-0.05745172790570698, -0.023676690604867448, -0.006141725848964969], "aligned_model": [[0.5540021088124091, 0.6186386043952727, -0.03481186153369066, -0.10401601307254613, 0.52228207499621, -0.03091807278091093, -0.0076594836734834235, -0.06840219965238112, -0.42248851613277016, 0.203809571935986, -0.6572161608496672, -0.6985940673251029, -0.07229597925634701], [-0.3414841766559788, -0.20631789575364134, 0.5412941212436903, 0.5837331708512767, 0.34586316139689166, 0.06763659736784847, 0.031552113700743734, -0.5772719701774962, -0.4355865341964722, -0.6734565436508573, 0.3055066068222336, 0.13425584225279125, -0.10361416720159375], [-0.40844880512698556, 0.35155849501712033, -0.28888060843551827, 0.32584826106293935, -0.0993154314339449, -0.7585590225554252, 0.7767221875140046, -0.45296338407637343, 0.4270019316764636, 0.0018382391795793698, -0.33339533005854094, 0.4418785798667827, 0.01671488736989864]], "inverted": false, "swapped": false, "error_lsq": 0.03859709408774858, "error_max": 0.21826239964806257, "target": "65.xyz", "model": "28.xyz", "model_rescale": 4.5098078930637895, "target_rescale": 4.449845834417745},
