[{"mapping": [6, 5, 1, 0, 8, 7, 11, 10, 9, 3, 2, 12], "R": [[0.8645987006340367, -0.5024630203924818, 7.121430418509928e-18], [-0.5024630203924818, -0.8645987006340367, -1.919048552582734e-18], [7.121430418509928e-18, -1.919048552582734e-18, -1.0]], "T": [-0.013582947436469497, -0.07479138459206504, 4.75271400224485e-17], "aligned_model": [[-0.08964360397569571, -0.08964360397569571, 0.5822830809236673, 0.5822830809236673, 0.026383094311710917, 0.026383094311710917, -0.5539972662341278, -0.5539972662341278, 0.49073675657014315, -0.39526722042245005, -0.39526722042245005, -0.08964360397569571], [-0.04122545804754355, -0.04122545804754355, -0.09765716136170692, -0.09765716136170692, 0.5270279420543019, 0.5270279420543019, 0.091513955091048, 0.091513955091048, 0.3942885289157105, -0.6151410895447883, -0.6151410895447883, -0.04122545804754355], [-0.8041626908335866, 0.8041626908335865, -0.40208134541679313, 0.40208134541679325, -0.40208134541679313, 0.40208134541679325, -0.40208134541679313, 0.40208134541679325, 1.500172160545871e-16, -0.40208134541679313, 0.40208134541679325, 1.4671985018700157e-16]], "inverted": false, "swapped": true, "error_lsq": 0.025843801455759843, "error_max": 0.11171855256743689, "target": "66.xyz", "model": "0.xyz", "model_rescale": 4.5108708085295355, "target_rescale": 4.449845834417745},
{"mapping": [5, 6, 0, 1, 7, 8, 10, 11, 9, 2, 3, 12], "R": [[-0.8645987006340367, 0.5024630203924819, 6.6020898741934e-18], [0.5024630203924819, 0.8645987006340367, 5.211260588687495e-17], [2.0476499027745473e-17, 4.837379735553556e-17, -1.0000000000000002]], "T": [-0.013582947436469484, -0.07479138459206504, -3.978529562208068e-18], "aligned_model": [[-0.0896436039756957, -0.0896436039756957, 0.5822830809236674, 0.5822830809236674, 0.026383094311710986, 0.026383094311710986, -0.5539972662341278, -0.5539972662341278, 0.49073675657014315, -0.3952672204224501, -0.3952672204224501, -0.0896436039756957], [-0.0412254580475435, -0.04122545804754359, -0.09765716136170696, -0.09765716136170699, 0.5270279420543019, 0.5270279420543019, 0.09151395509104808, 0.09151395509104802, 0.3942885289157105, -0.6151410895447883, -0.6151410895447883, -0.041225458047543545], [-0.8041626908335867, 0.8041626908335868, -0.4020813454167933, 0.4020813454167933, -0.40208134541679325, 0.40208134541679336, -0.4020813454167933, 0.4020813454167933, -7.600277436938445e-17, -0.40208134541679336, 0.40208134541679325, -1.0253026643176249e-16]], "inverted": true, "swapped": true, "error_lsq": 0.025843801455759836, "error_max": 0.11171855256743704, "target": "66.xyz", "model": "1.xyz", "model_rescale": 4.510870808529536, "target_rescale": 4.449845834417745},
{"mapping": [6, 5, 1, 0, 8, 7, 11, 10, 9, 3, 2, 12], "R": [[0.8645987006340367, -0.5024630203924818, 1.814982005253281e-16], [-0.5024630203924818, -0.8645987006340367, -5.249984001397283e-17], [1.8330233652515738e-16, -4.5804840572180983e-17, -1.0]], "T": [-0.013582947436469497, -0.07479138459206504, 1.0370505272758163e-16], "aligned_model": [[-0.08964360397569555, -0.08964360397569586, 0.5822830809236674, 0.5822830809236672, 0.026383094311710993, 0.02638309431171084, -0.5539972662341277, -0.5539972662341279, 0.49073675657014315, -0.39526722042245, -0.3952672204224501, -0.08964360397569571], [-0.041225458047543594, -0.04122545804754351, -0.09765716136170693, -0.0976571613617069, 0.5270279420543019, 0.5270279420543019, 0.09151395509104797, 0.09151395509104802, 0.3942885289157105, -0.6151410895447883, -0.6151410895447883, -0.04122545804754355], [-0.8041626908335865, 0.8041626908335866, -0.40208134541679297, 0.4020813454167934, -0.4020813454167931, 0.4020813454167933, -0.4020813454167932, 0.4020813454167932, 2.7041033656175623e-16, -0.40208134541679313, 0.40208134541679325, 1.879367601418636e-16]], "inverted": false, "swapped": true, "error_lsq": 0.025843801455759843, "error_max": 0.11171855256743689, "target": "66.xyz", "model": "2.xyz", "model_rescale": 4.5108708085295355, "target_rescale": 4.449845834417745},
{"mapping": [4, 5, 9, 10, 6, 0, 1, 2, 3, 8, 11, 12, 13], "R": [[-0.5296833316276892, 0.8464504373398042, -0.05438037626796877], [-0.8461101877514715, -0.5317869635857826, -0.03605794702119496], [-0.059440040199861426, 0.026912496864245454, 0.9978690290481869]], "T": [0.0384829799536261, -0.015443968267742789, 0.03386244048982389], "aligned_model": [[0.5520129252443887, 0.5088636937195523, -0.12432703234478173, -0.16747626386961809, 0.5816113335470863, 0.04351250674384436, -0.042785956305828314, -0.31928452946774466, -0.362433760992581, 0.1867342107051938, -0.5056555824053522, -0.5488048139301885, 0.00036327521900802323], [-0.28686831183682127, -0.31547923384775023, 0.5457109478967284, 0.5171000258857994, 0.4313514413615445, 0.08852769906389533, 0.03130585504203751, -0.5229736535966676, -0.5515845756075966, -0.6298284049147883, 0.16677134075550876, 0.13816041874457985, 0.05991677705296643], [-0.3455424292090402, 0.4462373399064144, -0.35231538472083684, 0.43946438439461777, -0.3179765848045159, -0.7572715626415172, 0.8262879755893917, -0.4015567514357578, 0.3902230176796968, 0.019740864063860178, -0.38678942220585244, 0.4049903469096022, 0.0345082064739372]], "inverted": false, "swapped": false, "error_lsq": 0.03619558833106175, "error_max": 0.3252768630056068, "target": "66.xyz", "model": "3.xyz", "model_rescale": 4.509807743048502, "target_rescale": 4.449845834417745},
{"mapping": [4, 5, 9, 10, 6, 0, 1, 2, 3, 8, 11, 12, 13], "R": [[-0.5296833316276897, 0.8464504373398041, -0.05438037626796881], [-0.8461101877514714, -0.531786963585783, -0.03605794702119493], [-0.05944004019986142, 0.026912496864245485, 0.9978690290481869]], "T": [0.03848297995362611, -0.015443968267742813, 0.03386244048982395], "aligned_model": [[0.5520129252443886, 0.5088636937195522, -0.1243270323447815, -0.16747626386961784, 0.5816113335470865, 0.04351250674384443, -0.04278595630582832, -0.3192845294677449, -0.3624337609925813, 0.18673421070519358, -0.5056555824053522, -0.5488048139301885, 0.00036327521900806486], [-0.28686831183682154, -0.3154792338477504, 0.5457109478967284, 0.5171000258857994, 0.4313514413615444, 0.08852769906389532, 0.031305855042037534, -0.5229736535966676, -0.5515845756075966, -0.6298284049147885, 0.166771340755509, 0.1381604187445801, 0.05991677705296643], [-0.3455424292090401, 0.44623733990641423, -0.35231538472083673, 0.4394643843946176, -0.3179765848045158, -0.7572715626415174, 0.8262879755893919, -0.4015567514357577, 0.39022301767969664, 0.019740864063860157, -0.38678942220585233, 0.404990346909602, 0.03450820647393717]], "inverted": false, "swapped": false, "error_lsq": 0.03619558833106175, "error_max": 0.3252768630056067, "target": "66.xyz", "model": "4.xyz", "model_rescale": 4.509807743048502, "target_rescale": 4.449845834417745},
{"mapping": [0, 6, 8, 5, 4, 2, 7, 11, 10, 9, 3, 1, 13], "R": [[0.4130355548736815, -0.45429482238243, 0.789314794468409], [-0.38646300025188174, -0.8722245940900886, -0.2997842672668043], [0.8246502166655293, -0.18121940244051418, -0.5358279092512808]], "T": [-0.05745170609904489, -0.023676639072890245, -0.006141720587543107], "aligned_model": [[0.5540022541883634, 0.6186385821944728, -0.034811890348447394, -0.10401602989412746, 0.5222820789065115, -0.030918094431198098, -0.007659526606166214, -0.06840215028109355, -0.42248865270447417, 0.2038094560961648, -0.6572162032318372, -0.6985939634129144, -0.07229585461227564], [-0.34148407531284164, -0.2063178157010866, 0.5412943042486186, 0.5837331330452715, 0.34586312103842143, 0.06763643827518045, 0.03155219630576346, -0.5772718435855325, -0.43558672799220277, -0.6734567399990528, 0.3055064502820305, 0.13425594870085839, -0.10361406330599154], [-0.4084486961391842, 0.35155838975360937, -0.2888807420886441, 0.32584828924456083, -0.09931542054335812, -0.7585589813822831, 0.7767220995415283, -0.4529634085019712, 0.4270018572063185, 0.0018381474183995017, -0.33339527159436405, 0.4418787234366536, 0.01671501364873482]], "inverted": true, "swapped": false, "error_lsq": 0.03859708391348542, "error_max": 0.2182623112212132, "target": "66.xyz", "model": "5.xyz", "model_rescale": 4.509807743048502, "target_rescale": 4.449845834417745},
{"mapping": [4, 5, 9, 10, 6, 0, 1, 2, 3, 8, 11, 12, 13], "R": [[-0.5296832487369495, 0.846450489331371, -0.0543803743840939], [-0.8461102398944452, -0.5317868806180323, -0.036057947089473304], [-0.0594400366187274, 0.026912501058538187, 0.9978690291483843]], "T": [0.03848297358684847, -0.015443957961095444, 0.03386244147343112], "aligned_model": [[0.5520130577437077, 0.5088638262149903, -0.1243268171030002, -0.1674760486317176, 0.5816112090593912, 0.04351239783624025, -0.04278606522119457, -0.31928440403528824, -0.36243363556400565, 0.1867339880924314, -0.5056557186536905, -0.5488049501824079, 0.00036316630752284557], [-0.28686832166412746, -0.31547924472296196, 0.5457107828528677, 0.5170998597940332, 0.4313515774390101, 0.0885277682681926, 0.031305922150523594, -0.5229737571767539, -0.5515846802355884, -0.6298282246382422, 0.16677136089097958, 0.13816043783214507, 0.0599168452093581], [-0.3455424361442574, 0.44623736055118846, -0.3523153914211119, 0.43946440527433384, -0.3179766004818687, -0.757271592658774, 0.8262880007321173, -0.40155676050945643, 0.3902230361859893, 0.019740859084166826, -0.38678944067222243, 0.4049903560232234, 0.034508204036671646]], "inverted": false, "swapped": false, "error_lsq": 0.03619558542484368, "error_max": 0.32527689214807215, "target": "66.xyz", "model": "6.xyz", "model_rescale": 4.509807586411629, "target_rescale": 4.449845834417745},
{"mapping": [4, 5, 9, 10, 6, 0, 1, 2, 3, 8, 11, 12, 13], "R": [[-0.5296832487369495, 0.8464504893313708, -0.0543803743840939], [-0.846110239894445, -0.5317868806180323, -0.03605794708947329], [-0.059440036618727383, 0.026912501058538173, 0.997869029148384]], "T": [0.038482973586848455, -0.015443957961095451, 0.03386244147343116], "aligned_model": [[0.5520130577437076, 0.5088638262149902, -0.12432681710300009, -0.1674760486317175, 0.5816112090593912, 0.04351239783624025, -0.04278606522119457, -0.3192844040352883, -0.3624336355640057, 0.1867339880924313, -0.5056557186536904, -0.5488049501824078, 0.0003631663075228525], [-0.28686832166412746, -0.31547924472296196, 0.5457107828528677, 0.5170998597940332, 0.43135157743901, 0.0885277682681926, 0.031305922150523594, -0.5229737571767537, -0.5515846802355882, -0.6298282246382421, 0.16677136089097958, 0.13816043783214507, 0.0599168452093581], [-0.3455424361442572, 0.4462373605511882, -0.3523153914211118, 0.4394644052743336, -0.31797660048186854, -0.7572715926587739, 0.8262880007321175, -0.40155676050945627, 0.39022303618598914, 0.019740859084166767, -0.38678944067222226, 0.40499035602322314, 0.03450820403667158]], "inverted": false, "swapped": false, "error_lsq": 0.036195585424843676, "error_max": 0.325276892148072, "target": "66.xyz", "model": "7.xyz", "model_rescale": 4.509807586411629, "target_rescale": 4.449845834417745},
{"mapping": [0, 6, 8, 5, 4, 2, 7, 11, 10, 9, 3, 1, 13], "R": [[0.4130355286614914, -0.45429485504694667, 0.7893147893845625], [-0.3864630453199618, -0.8722245695924057, -0.2997842804440616], [0.8246502086735585, -0.18121943846402447, -0.5358279093677747]], "T": [-0.05745171129906052, -0.023676644549770184, -0.006141722841018433], "aligned_model": [[0.554002212318769, 0.6186385381369958, -0.03481201951592579, -0.10401596626630433, 0.522282160253348, -0.030918034915808253, -0.0076595883826566305, -0.06840222265655915, -0.42248854163582644, 0.20380958488382594, -0.6572161614354607, -0.6985940407205357, -0.07229591420088347], [-0.3414841991804632, -0.20631796372263872, 0.5412940371434445, 0.5837332357693467, 0.3458632050449103, 0.06763655759931217, 0.03155206700179759, -0.5772719491185702, -0.4355864579746987, -0.6734564886991349, 0.30550658832374844, 0.13425586226840935, -0.10361416845602682], [-0.4084487355038551, 0.35155838229356684, -0.28888079462734895, 0.3258483389920152, -0.09931538565533508, -0.7585589861788496, 0.776722106940917, -0.45296346563189327, 0.4270019113076458, 0.0018381866602955365, -0.3333952615314994, 0.4418787137908453, 0.016714989143495257]], "inverted": true, "swapped": false, "error_lsq": 0.03859708979207539, "error_max": 0.21826240643335867, "target": "66.xyz", "model": "8.xyz", "model_rescale": 4.509807586411629, "target_rescale": 4.449845834417745},
{"mapping": [6, 7, 11, 12, 4, 0, 1, 2, 3, 8, 9, 10, 13], "R": [[0.5296833810475012, -0.8464504062648117, -0.05438037859580492], [0.8461101566833744, 0.5317870130938742, -0.03605794589173643], [0.059440042053512034, -0.026912495960634913, 0.9978690289621407]], "T": [0.038483003242894644, -0.01544392312541408, 0.03386244512522165], "aligned_model": [[0.5520128660811064, 0.5088636304265408, -0.12432689095247731, -0.167476126607043, 0.5816113179046375, 0.04351232525201868, -0.04278614605711264, -0.31928446081471057, -0.3624336964692762, 0.18673429979113312, -0.5056554833173628, -0.5488047189719285, 0.00036308959745302155], [-0.2868682513181369, -0.3154791739464347, 0.545710974070481, 0.5171000514421832, 0.4313515380893212, 0.08852762237943064, 0.03130577712283517, -0.5229736724667382, -0.551584595095036, -0.6298284598656985, 0.16677136923219693, 0.1381604466038992, 0.05991669975113291], [-0.34554244807164547, 0.4462373628618812, -0.35231539641564186, 0.4394644145178848, -0.3179766007284814, -0.7572716158077846, 0.8262880060592686, -0.4015567679716871, 0.3902230429618396, 0.019740869708110273, -0.3867894365865066, 0.40499037434702007, 0.03450819512574204]], "inverted": false, "swapped": false, "error_lsq": 0.036195573708279985, "error_max": 0.3252768952931222, "target": "66.xyz", "model": "9.xyz", "model_rescale": 4.509807504472865, "target_rescale": 4.449845834417745},
{"mapping": [6, 7, 11, 12, 4, 0, 1, 2, 3, 8, 9, 10, 13], "R": [[0.5296833810475012, -0.8464504062648117, -0.05438037859580489], [0.8461101566833744, 0.5317870130938742, -0.03605794589173642], [0.05944004205351202, -0.026912495960634893, 0.9978690289621407]], "T": [0.038483003242894644, -0.01544392312541408, 0.03386244512522169], "aligned_model": [[0.5520128660811064, 0.5088636304265408, -0.12432689095247734, -0.16747612660704297, 0.5816113179046374, 0.04351232525201867, -0.04278614605711264, -0.31928446081471057, -0.3624336964692762, 0.18673429979113312, -0.5056554833173628, -0.5488047189719285, 0.0003630895974530285], [-0.286868251318137, -0.31547917394643465, 0.545710974070481, 0.5171000514421832, 0.43135153808932114, 0.08852762237943064, 0.031305777122835166, -0.5229736724667382, -0.551584595095036, -0.6298284598656985, 0.16677136923219693, 0.1381604466038992, 0.05991669975113291], [-0.3455424480716454, 0.44623736286188104, -0.35231539641564175, 0.4394644145178847, -0.3179766007284813, -0.7572716158077846, 0.8262880060592689, -0.401556767971687, 0.39022304296183946, 0.01974086970811021, -0.3867894365865065, 0.40499037434701995, 0.034508195125741985]], "inverted": false, "swapped": false, "error_lsq": 0.03619557370827997, "error_max": 0.32527689529312204, "target": "66.xyz", "model": "10.xyz", "model_rescale": 4.509807504472865, "target_rescale": 4.449845834417745},
{"mapping": [0, 4, 8, 7, 6, 2, 5, 9, 12, 11, 3, 1, 13], "R": [[-0.41303559690143044, 0.4542948013571635, 0.7893147845771892], [0.3864629313197322, 0.872224620731356, -0.2997842786168115], [-0.8246502279197158, 0.18121932692154394, -0.5358279174717043]], "T": [-0.05745168359514964, -0.023676653079712222, -0.006141675746751204], "aligned_model": [[0.5540021625906989, 0.6186386088016097, -0.03481184436184334, -0.1040160674238892, 0.522282066660474, -0.0309180502415128, -0.0076595252827535015, -0.06840207663847982, -0.42248857046406063, 0.20380956362030256, -0.657216184325876, -0.6985941055780275, -0.07229597149366448], [-0.34148412506791864, -0.20631789046214305, 0.5412943983916376, 0.583733075489903, 0.3458630418934718, 0.06763647566128339, 0.03155214313428827, -0.5772718207956662, -0.4355866492800798, -0.6734566828765111, 0.30550650925771466, 0.1342559421249439, -0.10361409147148729], [-0.4084488760997714, 0.3515584213610298, -0.2888807312111779, 0.32584829208490734, -0.09931544671747987, -0.7585589633998151, 0.7767221601634171, -0.4529633293026372, 0.42700198615686147, 0.0018382473544742402, -0.3333952245974279, 0.4418786015050031, 0.016714862702616014]], "inverted": true, "swapped": false, "error_lsq": 0.038597089603388375, "error_max": 0.21826236482399564, "target": "66.xyz", "model": "11.xyz", "model_rescale": 4.509807504472865, "target_rescale": 4.449845834417745},
{"mapping": [6, 7, 11, 12, 4, 0, 1, 2, 3, 8, 9, 10, 13], "R": [[0.5296832716907495, -0.8464504750494842, -0.05438037310911576], [0.8461102254884129, 0.5317869035015869, -0.0360579476418358], [0.05944003713769896, -0.026912498076116634, 0.9978690291979064]], "T": [0.038482912260234516, -0.01544386214858812, 0.03386244030725813], "aligned_model": [[0.5520129677333409, 0.5088637389395283, -0.12432685766270904, -0.16747608645652154, 0.5816113249907552, 0.0435124075706982, -0.042786050016926806, -0.31928446574273733, -0.36243369453654983, 0.1867342796252045, -0.5056557542820888, -0.5488049830759012, 0.00036317877688570033], [-0.28686822809421275, -0.3154791504486987, 0.5457108614269959, 0.51709993907251, 0.4313515235535235, 0.08852755586002198, 0.03130571115105016, -0.5229736305649471, -0.551584552919433, -0.6298283440946678, 0.16677146495312176, 0.13816054259863583, 0.05991663350553607], [-0.34554242386396283, 0.44623734124953474, -0.35231537566243776, 0.4394643894510599, -0.3179765819483841, -0.7572715692430743, 0.8262879609839207, -0.4015567445074416, 0.39022302060605607, 0.019740868840057352, -0.38678942344462464, 0.40499034166887293, 0.03450819587042316]], "inverted": false, "swapped": false, "error_lsq": 0.036195577742346954, "error_max": 0.3252768748702686, "target": "66.xyz", "model": "12.xyz", "model_rescale": 4.509807766519439, "target_rescale": 4.449845834417745},
{"mapping": [6, 7, 11, 12, 4, 0, 1, 2, 3, 8, 9, 10, 13], "R": [[0.5296832716907495, -0.8464504750494841, -0.054380373109115754], [0.8461102254884127, 0.5317869035015869, -0.0360579476418358], [0.059440037137698964, -0.026912498076116616, 0.9978690291979064]], "T": [0.0384829122602345, -0.01544386214858812, 0.0338624403072582], "aligned_model": [[0.5520129677333407, 0.5088637389395283, -0.12432685766270898, -0.16747608645652148, 0.5816113249907552, 0.04351240757069819, -0.04278605001692682, -0.3192844657427374, -0.36243369453654983, 0.18673427962520445, -0.5056557542820888, -0.5488049830759012, 0.00036317877688570033], [-0.28686822809421275, -0.3154791504486987, 0.5457108614269958, 0.5170999390725098, 0.4313515235535235, 0.08852755586002198, 0.03130571115105013, -0.5229736305649471, -0.551584552919433, -0.6298283440946678, 0.16677146495312176, 0.13816054259863583, 0.059916633505536054], [-0.3455424238639627, 0.4462373412495346, -0.3523153756624376, 0.43946438945105976, -0.317976581948384, -0.7572715692430744, 0.8262879609839209, -0.4015567445074415, 0.39022302060605585, 0.01974086884005731, -0.3867894234446245, 0.4049903416688728, 0.03450819587042314]], "inverted": false, "swapped": false, "error_lsq": 0.03619557774234696, "error_max": 0.3252768748702685, "target": "66.xyz", "model": "13.xyz", "model_rescale": 4.509807766519439, "target_rescale": 4.449845834417745},
{"mapping": [0, 4, 8, 7, 6, 2, 5, 9, 12, 11, 3, 1, 13], "R": [[-0.4130355309698503, 0.45429484172976164, 0.7893147958414215], [0.3864630432073751, 0.8722245753072251, -0.29978426654016677], [-0.8246502085074305, 0.18121944434265877, -0.5358279076352684]], "T": [-0.057451742716418404, -0.023676769110272163, -0.006141702195647916], "aligned_model": [[0.5540021718177862, 0.6186385816715921, -0.034811857405454186, -0.10401600591489191, 0.5222821007156733, -0.0309180657249793, -0.007659524958973048, -0.0684022438671617, -0.4224885542447554, 0.20380955238580978, -0.6572161723555444, -0.6985940414433439, -0.07229593481277913], [-0.34148402123751287, -0.20631787948914415, 0.5412942784801028, 0.5837330847270631, 0.3458630745347542, 0.06763643329080656, 0.03155213070316472, -0.5772720496406543, -0.4355865733809256, -0.6734565835732345, 0.30550644348311545, 0.13425599914710484, -0.10361401104520394], [-0.40844884052296454, 0.3515584306672954, -0.288880679593848, 0.3258483490318988, -0.09931535726103102, -0.7585589349522852, 0.7767221369602252, -0.45296342977187976, 0.42700191128100684, 0.0018382049880770442, -0.33339522865935545, 0.441878572062895, 0.01671486576996536]], "inverted": true, "swapped": false, "error_lsq": 0.03859708056787337, "error_max": 0.2182623041419916, "target": "66.xyz", "model": "14.xyz", "model_rescale": 4.509807766519439, "target_rescale": 4.449845834417745},
{"mapping": [6, 5, 1, 0, 11, 10, 8, 7, 9, 3, 2, 12], "R": [[-0.8645986961415113, 0.5024630281228645, 5.943346025606837e-18], [0.5024630281228645, 0.8645986961415113, -1.1797107211331302e-18], [-5.731370245707065e-18, 1.966335289892537e-18, -1.0]], "T": [0.013582803535537927, 0.0747914950914631, 4.6951484123743446e-17], "aligned_model": [[0.08964345977465094, 0.08964345977465094, -0.5822832246201558, -0.5822832246201558, 0.5539971208462591, 0.5539971208462591, -0.02638324359351307, -0.02638324359351307, -0.49073690466512127, 0.39526708135278876, 0.39526708135278876, 0.08964345977465094], [0.041225567866882785, 0.041225567866882785, 0.09765727718874717, 0.09765727718874717, -0.09151384942349788, -0.09151384942349788, -0.5270278311975671, -0.5270278311975671, -0.39428841390718644, 0.6151411966315447, 0.6151411966315447, 0.041225567866882785], [-0.8041626908335866, 0.8041626908335865, -0.40208134541679313, 0.40208134541679325, -0.40208134541679313, 0.40208134541679325, -0.40208134541679313, 0.40208134541679325, 1.4430630166852243e-16, -0.40208134541679313, 0.40208134541679325, 1.4724192248735355e-16]], "inverted": false, "swapped": true, "error_lsq": 0.025843805941366236, "error_max": 0.11171870487905006, "target": "66.xyz", "model": "15.xyz", "model_rescale": 4.510870436145588, "target_rescale": 4.449845834417745},
{"mapping": [6, 5, 1, 0, 11, 10, 8, 7, 9, 3, 2, 12], "R": [[-0.8645986961415113, 0.5024630281228645, 1.7545776634891173e-17], [0.5024630281228645, 0.8645986961415113, 4.040943379256219e-17], [5.134190866824108e-18, 4.3754047827600826e-17, -1.0]], "T": [0.013582803535537927, 0.0747914950914631, -1.3655251848119714e-17], "aligned_model": [[0.08964345977465095, 0.08964345977465092, -0.5822832246201558, -0.5822832246201558, 0.5539971208462591, 0.5539971208462591, -0.026383243593513062, -0.026383243593513076, -0.49073690466512127, 0.39526708135278876, 0.39526708135278876, 0.08964345977465094], [0.04122556786688282, 0.04122556786688275, 0.09765727718874719, 0.09765727718874716, -0.09151384942349786, -0.09151384942349791, -0.5270278311975671, -0.5270278311975671, -0.39428841390718644, 0.6151411966315447, 0.6151411966315447, 0.041225567866882785], [-0.8041626908335866, 0.8041626908335865, -0.4020813454167932, 0.4020813454167932, -0.4020813454167932, 0.4020813454167932, -0.4020813454167932, 0.4020813454167932, 5.833959915355072e-17, -0.40208134541679313, 0.40208134541679325, 8.612169680352209e-17]], "inverted": false, "swapped": true, "error_lsq": 0.025843805941366236, "error_max": 0.11171870487905007, "target": "66.xyz", "model": "16.xyz", "model_rescale": 4.510870436145588, "target_rescale": 4.449845834417745},
{"mapping": [6, 5, 1, 0, 11, 10, 8, 7, 9, 3, 2, 12], "R": [[-0.8645986961415113, 0.5024630281228646, -2.2624788236304026e-18], [0.5024630281228646, 0.8645986961415113, 4.5406654191133464e-17], [2.477130120276331e-17, 3.8121722049017294e-17, -1.0]], "T": [0.013582803535537934, 0.07479149509146311, 9.869896443339217e-17], "aligned_model": [[0.08964345977465095, 0.08964345977465095, -0.5822832246201558, -0.5822832246201558, 0.5539971208462591, 0.5539971208462591, -0.026383243593513118, -0.026383243593513118, -0.49073690466512127, 0.3952670813527888, 0.3952670813527888, 0.08964345977465095], [0.04122556786688282, 0.04122556786688275, 0.09765727718874725, 0.09765727718874723, -0.0915138494234979, -0.09151384942349795, -0.5270278311975671, -0.5270278311975671, -0.3942884139071864, 0.6151411966315447, 0.6151411966315447, 0.041225567866882785], [-0.8041626908335865, 0.8041626908335866, -0.4020813454167931, 0.4020813454167933, -0.4020813454167931, 0.4020813454167933, -0.4020813454167931, 0.4020813454167933, 1.7833941335806031e-16, -0.4020813454167931, 0.4020813454167933, 1.968015478396832e-16]], "inverted": false, "swapped": true, "error_lsq": 0.025843805941366236, "error_max": 0.11171870487905007, "target": "66.xyz", "model": "17.xyz", "model_rescale": 4.510870436145588, "target_rescale": 4.449845834417745},
{"mapping": [9, 8, 3, 5, 7, 0, 6, 1, 2, 10, 11, 4, 12], "R": [[0.35745910439783635, 0.8403614627077542, 0.40745012047952633], [0.4329585204391675, -0.5356736243417815, 0.7249832327465698], [0.8275082526852671, -0.08274285576546075, -0.5553230695348002]], "T": [-0.09074689414512944, -0.1186463955680751, 0.072332804052491], "aligned_model": [[0.5793860458215908, 0.3386084828892061, -0.321437945820985, 0.20639404480679108, 0.6650790758918236, -0.040755502097210475, -0.1200765481958265, -0.367226095099828, -0.2584827641942868, 0.2529154528189733, -0.5521535309419975, -0.6479085388236026, 0.06798782880833083], [-0.060196146133947304, -0.34561308647918626, 0.6333654096313934, 0.7139742680511679, 0.23528183541499054, 0.010956329278724197, 0.13307934615699119, -0.5699385926154525, -0.5743735520902269, -0.6410910680281241, 0.07767372527193994, 0.05247048773721663, 0.0065213698039499335], [-0.4418156207059927, 0.4517643328471709, -0.1973099224362886, 0.2952056850433944, 0.006810109724858973, -0.8039334721032583, 0.7401599081657063, -0.35897924898094635, 0.43644721383738794, 0.003138602416319275, -0.3706248792094516, 0.24764430068602333, -0.008507009284924011]], "inverted": true, "swapped": false, "error_lsq": 0.05034014334605231, "error_max": 0.3342517721581717, "target": "66.xyz", "model": "18.xyz", "model_rescale": 4.466005644533647, "target_rescale": 4.449845834417745},
{"mapping": [5, 4, 9, 8, 7, 3, 2, 1, 0, 12, 11, 10, 13], "R": [[0.5296832494927683, -0.8464504889670594, -0.05438037269279794], [0.8461102394518052, 0.5317868812869178, -0.036057947611348465], [0.0594400361842978, -0.026912499299762607, 0.9978690292216958]], "T": [0.03848297039123343, -0.015443896855975782, 0.03386244257009616], "aligned_model": [[0.5520130394317085, 0.5088638104426004, -0.12432681601175333, -0.1674760450008615, 0.5816113782190686, 0.043512275766944795, -0.042786182211271485, -0.31928439844308754, -0.36243362743219565, 0.18673416797432568, -0.5056557073306143, -0.5488049363197225, 0.00036304677783666195], [-0.2868682532077555, -0.31547917588658075, 0.5457108287269755, 0.5170999060481504, 0.43135150800474903, 0.08852763931513113, 0.03130579395748071, -0.5229736814627097, -0.5515846041415349, -0.6298282645051337, 0.16677141759659167, 0.13816049491776647, 0.059916716636305926], [-0.3455424255552252, 0.4462373492223839, -0.35231537900841825, 0.43946439576919083, -0.31797658433552667, -0.7572715827341087, 0.8262879668211095, -0.40155674699807, 0.3902230277795391, 0.01974086593774633, -0.38678942685986517, 0.4049903479177439, 0.03450819204350026]], "inverted": true, "swapped": false, "error_lsq": 0.03619557400328628, "error_max": 0.3252768793191778, "target": "66.xyz", "model": "19.xyz", "model_rescale": 4.509807711582247, "target_rescale": 4.449845834417745},
{"mapping": [3, 7, 12, 4, 5, 1, 6, 11, 8, 9, 0, 2, 13], "R": [[-0.4130355140662663, 0.45429485914355544, 0.7893147946641771], [0.38646307214203407, 0.8722245609241062, -0.29978427108721195], [-0.8246502034138813, 0.18121946991558915, -0.5358279068254628]], "T": [-0.057451712139236284, -0.023676708501710365, -0.0061416902981249995], "aligned_model": [[0.5540021061779348, 0.6186386128213058, -0.03481191194536282, -0.10401596586751732, 0.522282147458324, -0.030918025169587644, -0.007659500504535517, -0.06840222110699384, -0.4224885416046736, 0.20380957172116781, -0.657216138495429, -0.6985941204737478, -0.0722960071479066], [-0.34148416173608104, -0.20631784462557054, 0.5412941588595795, 0.5837331457847239, 0.3458631290868034, 0.06763651250737654, 0.03155217207234987, -0.5772719847965169, -0.43558652014110216, -0.6734565368390225, 0.305506529205297, 0.13425587165975966, -0.10361414503816066], [-0.408448875138778, 0.35155844939752523, -0.2888806975172793, 0.32584837909755204, -0.09931533173204386, -0.7585589297567455, 0.7767221602271212, -0.45296343673206246, 0.4270019148501125, 0.001838204020516601, -0.33339521892714974, 0.44187854652041364, 0.01671483569081786]], "inverted": false, "swapped": false, "error_lsq": 0.038597089634015265, "error_max": 0.21826236050964493, "target": "66.xyz", "model": "20.xyz", "model_rescale": 4.509807711582248, "target_rescale": 4.449845834417745},
{"mapping": [10, 7, 4, 6, 8, 1, 5, 0, 2, 9, 11, 3, 12], "R": [[-0.3574591043978361, -0.8403614627077541, 0.4074501204795267], [-0.4329585204391674, 0.5356736243417817, 0.7249832327465697], [-0.8275082526852673, 0.08274285576546048, -0.5553230695347999]], "T": [-0.09074689414512956, -0.11864639556807517, 0.07233280405249105], "aligned_model": [[0.579386045821591, 0.338608482889206, -0.32143794582098484, 0.20639404480679108, 0.6650790758918238, -0.04075550209721028, -0.12007654819582673, -0.3672260950998281, -0.2584827641942871, 0.2529154528189732, -0.5521535309419975, -0.6479085388236027, 0.06798782880833086], [-0.060196146133947595, -0.34561308647918637, 0.6333654096313934, 0.7139742680511679, 0.2352818354149902, 0.010956329278724017, 0.1330793461569914, -0.5699385926154525, -0.574373552090227, -0.6410910680281242, 0.07767372527194004, 0.052470487737216895, 0.006521369803949864], [-0.4418156207059924, 0.45176433284717105, -0.1973099224362886, 0.2952056850433948, 0.006810109724859417, -0.8039334721032584, 0.7401599081657065, -0.3589792489809468, 0.43644721383738794, 0.003138602416319275, -0.3706248792094518, 0.2476443006860231, -0.008507009284923928]], "inverted": false, "swapped": false, "error_lsq": 0.05034014334605231, "error_max": 0.33425177215817153, "target": "66.xyz", "model": "21.xyz", "model_rescale": 4.466005644533646, "target_rescale": 4.449845834417745},
{"mapping": [9, 8, 3, 5, 7, 0, 6, 1, 2, 10, 11, 4, 12], "R": [[0.35745904114615035, 0.8403615039361557, 0.407450090937574], [0.43295855859921584, -0.535673566052386, 0.7249832530261713], [0.827508260042499, -0.08274281440030062, -0.5553230647348921]], "T": [-0.09074689821355013, -0.11864639594068503, 0.0723328038220229], "aligned_model": [[0.5793859691467723, 0.33860857751852114, -0.3214379003596608, 0.20639406942091237, 0.6650791494768588, -0.0407553863877481, -0.12007650253742508, -0.3672259583460856, -0.2584828457177578, 0.25291539718843475, -0.5521538174624245, -0.6479084723179982, 0.06798772624057976], [-0.06019604652550457, -0.3456131123354009, 0.6333653348052702, 0.713974238920864, 0.23528183048087936, 0.010956259944158622, 0.1330792961045837, -0.5699386828721217, -0.574373502405797, -0.6410909893417849, 0.07767386682481607, 0.05247039198898999, 0.006521440410483345], [-0.4418155903465396, 0.45176434681579325, -0.19730995482751645, 0.2952056761341131, 0.006810123959983871, -0.8039334886873902, 0.7401598989899224, -0.35897926583158085, 0.43644722626028937, 0.00313863250926974, -0.3706248764091178, 0.24764426802829292, -0.008506996595520122]], "inverted": true, "swapped": false, "error_lsq": 0.05034013926898392, "error_max": 0.33425172228361294, "target": "66.xyz", "model": "22.xyz", "model_rescale": 4.46600560860683, "target_rescale": 4.449845834417745},
{"mapping": [5, 4, 9, 8, 7, 3, 2, 1, 0, 12, 11, 10, 13], "R": [[0.5296833083619537, -0.8464504519799995, -0.05438037500413179], [0.846110202415394, 0.531786940254235, -0.03605794702447086], [0.059440038789659366, -0.026912497429509186, 0.997869029116943]], "T": [0.03848296430219643, -0.01544389608314031, 0.0338624426406803], "aligned_model": [[0.5520129247782454, 0.5088636935991573, -0.12432687833052396, -0.16747610950961206, 0.5816113137763359, 0.04351237064128588, -0.04278609171689032, -0.31928453672033685, -0.36243376789942494, 0.18673440190415158, -0.5056556114712595, -0.5488048426503477, 0.0003631394621977854], [-0.286868230222612, -0.3154791526718226, 0.5457109056508563, 0.5170999832016457, 0.43135153476837235, 0.08852758417082458, 0.03130573927240339, -0.5229735996366237, -0.5515845220858343, -0.6298284559455929, 0.16677140011270764, 0.13816047766349704, 0.05991666172161399], [-0.34554243256937417, 0.4462373486577267, -0.3523153832783978, 0.43946439794870307, -0.3179765888277868, -0.7572715858750274, 0.8262879765791742, -0.40155675505859745, 0.3902230261685034, 0.019740872846147797, -0.3867894265851231, 0.40499035464197775, 0.03450819535207329]], "inverted": true, "swapped": false, "error_lsq": 0.03619557747533862, "error_max": 0.325276882643576, "target": "66.xyz", "model": "23.xyz", "model_rescale": 4.509807674373902, "target_rescale": 4.449845834417745},
{"mapping": [3, 7, 12, 4, 5, 1, 6, 11, 8, 9, 0, 2, 13], "R": [[-0.4130355543064514, 0.4542948271784163, 0.7893147920048728], [0.3864630035953367, 0.8722245914864803, -0.2997842705318497], [-0.8246502153827605, 0.18121940294895375, -0.5358279110535318]], "T": [-0.0574517088562499, -0.0236767032307881, -0.006141687681365841], "aligned_model": [[0.5540021668298587, 0.618638589409456, -0.03481178960827461, -0.10401602966627654, 0.522282086716782, -0.030918097610124547, -0.007659526973602511, -0.0684021568201934, -0.4224885616575322, 0.20380955472552648, -0.6572162139931833, -0.6985940659362582, -0.07229594955319973], [-0.34148406116458074, -0.2063178866451584, 0.5412944424020892, 0.5837330778851116, 0.34586305966529896, 0.06763637648457907, 0.03155213157465428, -0.5772719154561166, -0.43558660378064823, -0.673456622000461, 0.3055063947043918, 0.13425597527504438, -0.10361404294476816], [-0.40844885373908846, 0.35155842667275033, -0.28888067250766625, 0.32584832818504633, -0.0993153895072281, -0.7585589598443674, 0.7767221443650248, -0.45296338320011575, 0.42700193691068267, 0.0018382192184082284, -0.333395242152093, 0.4418785816454601, 0.016714863953185888]], "inverted": false, "swapped": false, "error_lsq": 0.038597080255706503, "error_max": 0.21826228047004353, "target": "66.xyz", "model": "24.xyz", "model_rescale": 4.509807674373903, "target_rescale": 4.449845834417745},
{"mapping": [10, 7, 4, 6, 8, 1, 5, 0, 2, 9, 11, 3, 12], "R": [[-0.35745904114615057, -0.8403615039361558, 0.4074500909375737], [-0.4329585585992158, 0.5356735660523858, 0.7249832530261713], [-0.8275082600424989, 0.0827428144003009, -0.5553230647348922]], "T": [-0.09074689821355016, -0.11864639594068514, 0.07233280382202299], "aligned_model": [[0.5793859691467721, 0.33860857751852164, -0.32143790035966113, 0.20639406942091232, 0.6650791494768588, -0.04075538638774849, -0.12007650253742487, -0.3672259583460857, -0.2584828457177576, 0.252915397188435, -0.5521538174624249, -0.6479084723179983, 0.06798772624057974], [-0.06019604652550457, -0.34561311233540076, 0.63336533480527, 0.7139742389208639, 0.23528183048087936, 0.010956259944158456, 0.13307929610458374, -0.5699386828721217, -0.5743735024057971, -0.6410909893417847, 0.07767386682481593, 0.05247039198898991, 0.00652144041048329], [-0.4418155903465397, 0.4517643468157932, -0.19730995482751623, 0.29520567613411325, 0.006810123959983802, -0.8039334886873903, 0.7401598989899226, -0.3589792658315809, 0.4364472262602895, 0.0031386325092695733, -0.3706248764091177, 0.24764426802829315, -0.00850699659552008]], "inverted": false, "swapped": false, "error_lsq": 0.05034013926898391, "error_max": 0.33425172228361333, "target": "66.xyz", "model": "25.xyz", "model_rescale": 4.466005608606829, "target_rescale": 4.449845834417745},
{"mapping": [9, 8, 3, 5, 7, 0, 6, 1, 2, 10, 11, 4, 12], "R": [[0.35745913053218004, 0.8403614457098221, 0.4074501326097165], [0.43295847692336475, -0.5356736455856582, 0.7249832430375001], [0.8275082641637955, -0.08274289086965897, -0.555323047199694]], "T": [-0.09074690781365571, -0.11864641084592786, 0.07233276278166598], "aligned_model": [[0.5793860364548378, 0.3386084901829908, -0.3214379719347492, 0.20639408623546415, 0.6650790787540842, -0.04075556844654363, -0.12007650233562928, -0.36722615701763706, -0.25848273795233756, 0.2529154478837443, -0.5521534860741591, -0.6479085605058427, 0.06798785061875592], [-0.060196114501515796, -0.34561307115456674, 0.6333653308011804, 0.7139742475676785, 0.23528183380634637, 0.010956293471555023, 0.13307934260676535, -0.5699386114893581, -0.5743735087940162, -0.641091019462429, 0.07767378114063173, 0.05247042584026729, 0.006521396166897064], [-0.44181555563068686, 0.45176435170693674, -0.19731001084975083, 0.29520575519205783, 0.0068101657672416105, -0.8039335636724338, 0.7401599411317529, -0.3589793777327388, 0.43644723394887275, 0.0031386303090081558, -0.370624793269381, 0.24764417508994427, -0.008506951990822437]], "inverted": true, "swapped": false, "error_lsq": 0.05034014562648854, "error_max": 0.3342517445743459, "target": "66.xyz", "model": "26.xyz", "model_rescale": 4.466005838112752, "target_rescale": 4.449845834417745},
{"mapping": [5, 4, 9, 8, 7, 3, 2, 1, 0, 12, 11, 10, 13], "R": [[0.5296831837561046, -0.846450530076323, -0.05438037310931649], [0.8461102808784788, 0.5317868155367934, -0.036057945212919953], [0.05944003228244519, -0.026912505545717617, 0.997869029285664]], "T": [0.03848294477750274, -0.015443928945982833, 0.033862438780685504], "aligned_model": [[0.5520129566738493, 0.5088637290906367, -0.12432681857673766, -0.16747604615995032, 0.5816113559946486, 0.043512303166991555, -0.04278615199943372, -0.31928442766809373, -0.36243365525130633, 0.18673424276025416, -0.5056556650842232, -0.5488048926674358, 0.0003630755837789254], [-0.28686833091513336, -0.3154792505395289, 0.5457108526921739, 0.5170999330677784, 0.43135159148622265, 0.08852769199711386, 0.03130585274832273, -0.5229738175365841, -0.5515847371609797, -0.6298281666725906, 0.16677142704215947, 0.13816050741776392, 0.059916772372718294], [-0.3455424172167891, 0.44623732574915226, -0.35231536490883886, 0.4394643780571025, -0.3179765685893689, -0.7572715487696526, 0.82628793716223, -0.4015567376439553, 0.39022300532198606, 0.019740873854000914, -0.3867894100890485, 0.40499033287689284, 0.03450819419628859]], "inverted": true, "swapped": false, "error_lsq": 0.03619557724232049, "error_max": 0.32527687753125545, "target": "66.xyz", "model": "27.xyz", "model_rescale": 4.509807893063789, "target_rescale": 4.449845834417745},
{"mapping": [3, 7, 12, 4, 5, 1, 6, 11, 8, 9, 0, 2, 13], "R": [[-0.4130354891609156, 0.45429488190499806, 0.7893147945962542], [0.38646311564303176, 0.872224540641082, -0.2997842740220612], [-0.8246501955017558, 0.1812195104793561, -0.5358279052835329]], "T": [-0.05745172790570698, -0.023676690604867448, -0.006141725848965037], "aligned_model": [[0.5540021088124091, 0.6186386043952727, -0.03481186153369066, -0.10401601307254613, 0.52228207499621, -0.03091807278091093, -0.0076594836734834235, -0.06840219965238112, -0.42248851613277016, 0.203809571935986, -0.6572161608496672, -0.6985940673251029, -0.07229597925634701], [-0.3414841766559788, -0.20631789575364134, 0.5412941212436903, 0.5837331708512767, 0.34586316139689166, 0.06763659736784847, 0.031552113700743734, -0.5772719701774962, -0.4355865341964722, -0.6734565436508573, 0.3055066068222336, 0.13425584225279125, -0.10361416720159375], [-0.4084488051269856, 0.3515584950171203, -0.2888806084355183, 0.3258482610629393, -0.09931543143394497, -0.7585590225554252, 0.7767221875140046, -0.4529633840763735, 0.42700193167646355, 0.0018382391795793021, -0.333395330058541, 0.44187857986678264, 0.01671488736989857]], "inverted": false, "swapped": false, "error_lsq": 0.03859709408774858, "error_max": 0.21826239964806254, "target": "66.xyz", "model": "28.xyz", "model_rescale": 4.5098078930637895, "target_rescale": 4.449845834417745},
