[{"mapping": [6, 5, 1, 0, 8, 7, 11, 10, 9, 3, 2, 12], "R": [[0.8645987006340367, -0.5024630203924818, 3.497039634756636e-16], [-0.5024630203924818, -0.8645987006340367, -9.150408638122298e-17], [3.483310120489952e-16, -9.659899554329402e-17, -1.0]], "T": [-0.013582947436469497, -0.07479138459206504, 1.752089499296479e-16], "aligned_model": [[-0.08964360397569543, -0.08964360397569598, 0.5822830809236674, 0.5822830809236672, 0.026383094311711056, 0.026383094311710778, -0.5539972662341277, -0.5539972662341279, 0.49073675657014315, -0.3952672204224499, -0.3952672204224502, -0.08964360397569571], [-0.04122545804754363, -0.041225458047543476, -0.09765716136170696, -0.09765716136170688, 0.5270279420543019, 0.5270279420543019, 0.09151395509104797, 0.09151395509104802, 0.3942885289157105, -0.6151410895447883, -0.6151410895447883, -0.04122545804754355], [-0.8041626908335862, 0.8041626908335866, -0.40208134541679297, 0.4020813454167936, -0.40208134541679325, 0.4020813454167933, -0.4020813454167934, 0.40208134541679313, 9.252463913017566e-18, -0.4020813454167933, 0.40208134541679325, -1.538575390099805e-16]], "inverted": false, "swapped": true, "error_lsq": 0.025843801455759843, "error_max": 0.11171855256743692, "target": "67.xyz", "model": "0.xyz", "model_rescale": 4.5108708085295355, "target_rescale": 4.449845834417745},
{"mapping": [5, 6, 0, 1, 7, 8, 10, 11, 9, 2, 3, 12], "R": [[-0.8645987006340368, 0.5024630203924816, -5.876191125020125e-17], [0.5024630203924816, 0.8645987006340368, -1.5273350830827956e-16], [-2.593746778602175e-17, -1.6157888023742744e-16, -1.0]], "T": [-0.01358294743646946, -0.07479138459206504, -1.0077785033778704e-16], "aligned_model": [[-0.0896436039756957, -0.08964360397569561, 0.5822830809236674, 0.5822830809236674, 0.026383094311710768, 0.02638309431171081, -0.5539972662341278, -0.5539972662341278, 0.49073675657014293, -0.3952672204224499, -0.3952672204224499, -0.08964360397569565], [-0.0412254580475437, -0.04122545804754345, -0.09765716136170685, -0.09765716136170671, 0.5270279420543018, 0.527027942054302, 0.09151395509104775, 0.09151395509104786, 0.39428852891571053, -0.6151410895447884, -0.6151410895447882, -0.04122545804754357], [-0.8041626908335865, 0.8041626908335863, -0.40208134541679336, 0.4020813454167932, -0.4020813454167934, 0.40208134541679313, -0.4020813454167933, 0.40208134541679325, 9.73394955479659e-17, -0.4020813454167932, 0.40208134541679336, 1.979613339319444e-16]], "inverted": true, "swapped": true, "error_lsq": 0.02584380145575983, "error_max": 0.11171855256743708, "target": "67.xyz", "model": "1.xyz", "model_rescale": 4.510870808529536, "target_rescale": 4.449845834417745},
{"mapping": [6, 5, 1, 0, 8, 7, 11, 10, 9, 3, 2, 12], "R": [[0.8645987006340368, -0.5024630203924816, 2.24041055212134e-16], [-0.5024630203924816, -0.8645987006340368, -3.374775253447992e-17], [2.1066260289502235e-16, -8.339408230317722e-17, -1.0]], "T": [-0.01358294743646948, -0.07479138459206504, 2.1513211475727097e-16], "aligned_model": [[-0.0896436039756955, -0.08964360397569586, 0.5822830809236675, 0.5822830809236673, 0.026383094311710858, 0.026383094311710677, -0.5539972662341277, -0.5539972662341279, 0.49073675657014293, -0.39526722042244977, -0.39526722042245, -0.08964360397569568], [-0.0412254580475436, -0.041225458047543545, -0.0976571613617068, -0.09765716136170677, 0.5270279420543019, 0.5270279420543019, 0.0915139550910478, 0.0915139550910478, 0.39428852891571053, -0.6151410895447883, -0.6151410895447883, -0.04122545804754357], [-0.8041626908335862, 0.8041626908335866, -0.402081345416793, 0.4020813454167935, -0.40208134541679313, 0.4020813454167934, -0.40208134541679325, 0.4020813454167933, 1.2893684125923703e-17, -0.4020813454167932, 0.40208134541679336, -1.0243772601782414e-16]], "inverted": false, "swapped": true, "error_lsq": 0.025843801455759832, "error_max": 0.11171855256743686, "target": "67.xyz", "model": "2.xyz", "model_rescale": 4.5108708085295355, "target_rescale": 4.449845834417745},
{"mapping": [4, 5, 9, 10, 7, 0, 1, 2, 3, 8, 11, 12, 13], "R": [[-0.5296833316276897, 0.846450437339804, 0.05438037626796883], [-0.8461101877514713, -0.531786963585783, 0.03605794702119498], [0.05944004019986148, -0.02691249686424546, 0.9978690290481869]], "T": [0.0384829799536261, -0.01544396826774282, -0.033862440489823904], "aligned_model": [[0.5088636937195521, 0.5520129252443885, -0.16747626386961784, -0.12432703234478143, 0.5816113335470865, -0.042785956305828314, 0.04351250674384444, -0.3624337609925813, -0.3192845294677449, 0.1867342107051935, -0.5488048139301884, -0.5056555824053521, 0.0003632752190080579], [-0.31547923384775045, -0.2868683118368215, 0.5171000258857994, 0.5457109478967284, 0.43135144136154435, 0.03130585504203749, 0.08852769906389536, -0.5515845756075964, -0.5229736535966675, -0.6298284049147885, 0.1381604187445801, 0.16677134075550903, 0.05991677705296643], [-0.44623733990641423, 0.3455424292090404, -0.4394643843946176, 0.352315384720837, 0.317976584804516, -0.8262879755893917, 0.7572715626415172, -0.3902230176796966, 0.40155675143575803, -0.01974086406386017, -0.404990346909602, 0.3867894222058526, -0.03450820647393722]], "inverted": false, "swapped": false, "error_lsq": 0.036195588331061755, "error_max": 0.32527686300560676, "target": "67.xyz", "model": "3.xyz", "model_rescale": 4.509807743048502, "target_rescale": 4.449845834417745},
{"mapping": [4, 5, 9, 10, 7, 0, 1, 2, 3, 8, 11, 12, 13], "R": [[-0.5296833316276893, 0.8464504373398042, 0.05438037626796859], [-0.8461101877514715, -0.5317869635857827, 0.036057947021194914], [0.05944004019986129, -0.026912496864245322, 0.9978690290481868]], "T": [0.0384829799536261, -0.015443968267742792, -0.03386244048982382], "aligned_model": [[0.5088636937195524, 0.5520129252443886, -0.16747626386961798, -0.12432703234478179, 0.5816113335470863, -0.042785956305828175, 0.043512506743844236, -0.362433760992581, -0.3192845294677448, 0.18673421070519375, -0.5488048139301884, -0.5056555824053524, 0.00036327521900802323], [-0.31547923384775023, -0.2868683118368214, 0.5171000258857994, 0.5457109478967284, 0.43135144136154446, 0.03130585504203756, 0.08852769906389532, -0.5515845756075964, -0.5229736535966675, -0.6298284049147884, 0.13816041874457993, 0.16677134075550878, 0.05991677705296644], [-0.446237339906414, 0.3455424292090402, -0.43946438439461744, 0.3523153847208368, 0.31797658480451596, -0.8262879755893916, 0.7572715626415174, -0.3902230176796966, 0.40155675143575764, -0.01974086406386021, -0.40499034690960195, 0.3867894222058523, -0.034508206473937236]], "inverted": false, "swapped": false, "error_lsq": 0.03619558833106174, "error_max": 0.3252768630056067, "target": "67.xyz", "model": "4.xyz", "model_rescale": 4.509807743048502, "target_rescale": 4.449845834417745},
{"mapping": [0, 6, 8, 5, 4, 2, 7, 11, 10, 9, 3, 1, 13], "R": [[0.41303555487368226, -0.45429482238242885, 0.7893147944684091], [-0.3864630002518807, -0.8722245940900891, -0.2997842672668035], [0.8246502166655294, -0.18121940244051352, -0.5358279092512809]], "T": [-0.05745170609904488, -0.023676639072890304, -0.006141720587542957], "aligned_model": [[0.5540022541883636, 0.6186385821944731, -0.03481189034844827, -0.10401602989412817, 0.5222820789065108, -0.030918094431198535, -0.007659526606165985, -0.06840215028109298, -0.4224886527044735, 0.20380945609616558, -0.6572162032318376, -0.6985939634129144, -0.07229585461227553], [-0.3414840753128411, -0.20631781570108554, 0.5412943042486182, 0.5837331330452714, 0.345863121038422, 0.06763643827517998, 0.031552196305763905, -0.5772718435855327, -0.435586727992203, -0.6734567399990524, 0.30550645028202944, 0.13425594870085772, -0.1036140633059916], [-0.40844869613918416, 0.3515583897536094, -0.28888074208864434, 0.3258482892445606, -0.09931542054335843, -0.7585589813822831, 0.7767220995415285, -0.45296340850197075, 0.427001857206319, 0.001838147418399957, -0.333395271594364, 0.44187872343665385, 0.016715013648735018]], "inverted": true, "swapped": false, "error_lsq": 0.03859708391348542, "error_max": 0.2182623112212126, "target": "67.xyz", "model": "5.xyz", "model_rescale": 4.509807743048502, "target_rescale": 4.449845834417745},
{"mapping": [4, 5, 9, 10, 7, 0, 1, 2, 3, 8, 11, 12, 13], "R": [[-0.5296832487369495, 0.846450489331371, 0.05438037438409391], [-0.8461102398944452, -0.5317868806180323, 0.036057947089473345], [0.05944003661872744, -0.026912501058538173, 0.9978690291483843]], "T": [0.03848297358684846, -0.015443957961095451, -0.03386244147343113], "aligned_model": [[0.5088638262149903, 0.5520130577437077, -0.1674760486317176, -0.1243268171030002, 0.5816112090593912, -0.042786065221194575, 0.04351239783624025, -0.36243363556400565, -0.31928440403528824, 0.1867339880924314, -0.5488049501824079, -0.5056557186536905, 0.00036316630752283863], [-0.31547924472296196, -0.28686832166412746, 0.5170998597940332, 0.5457107828528677, 0.4313515774390101, 0.03130592215052355, 0.08852776826819263, -0.5515846802355884, -0.5229737571767539, -0.6298282246382422, 0.13816043783214502, 0.16677136089097958, 0.0599168452093581], [-0.4462373605511883, 0.3455424361442575, -0.4394644052743337, 0.35231539142111207, 0.31797660048186877, -0.8262880007321173, 0.757271592658774, -0.3902230361859892, 0.4015567605094566, -0.019740859084166805, -0.40499035602322325, 0.38678944067222254, -0.03450820403667165]], "inverted": false, "swapped": false, "error_lsq": 0.03619558542484368, "error_max": 0.32527689214807204, "target": "67.xyz", "model": "6.xyz", "model_rescale": 4.509807586411629, "target_rescale": 4.449845834417745},
{"mapping": [4, 5, 9, 10, 7, 0, 1, 2, 3, 8, 11, 12, 13], "R": [[-0.5296832487369495, 0.846450489331371, 0.05438037438409388], [-0.8461102398944452, -0.5317868806180323, 0.036057947089473345], [0.05944003661872742, -0.026912501058538145, 0.9978690291483843]], "T": [0.03848297358684847, -0.015443957961095444, -0.03386244147343105], "aligned_model": [[0.5088638262149903, 0.5520130577437077, -0.16747604863171758, -0.12432681710300023, 0.5816112090593912, -0.04278606522119454, 0.043512397836240245, -0.36243363556400565, -0.31928440403528824, 0.1867339880924314, -0.5488049501824079, -0.5056557186536905, 0.00036316630752283863], [-0.31547924472296196, -0.28686832166412746, 0.5170998597940332, 0.5457107828528677, 0.4313515774390101, 0.03130592215052355, 0.08852776826819264, -0.5515846802355884, -0.5229737571767539, -0.6298282246382422, 0.13816043783214504, 0.1667713608909796, 0.0599168452093581], [-0.44623736055118807, 0.34554243614425745, -0.43946440527433356, 0.35231539142111196, 0.3179766004818687, -0.8262880007321174, 0.7572715926587742, -0.390223036185989, 0.4015567605094565, -0.019740859084166826, -0.4049903560232231, 0.38678944067222243, -0.03450820403667167]], "inverted": false, "swapped": false, "error_lsq": 0.036195585424843676, "error_max": 0.325276892148072, "target": "67.xyz", "model": "7.xyz", "model_rescale": 4.509807586411629, "target_rescale": 4.449845834417745},
{"mapping": [0, 6, 8, 5, 4, 2, 7, 11, 10, 9, 3, 1, 13], "R": [[0.4130355286614913, -0.4542948550469468, 0.7893147893845625], [-0.3864630453199617, -0.8722245695924058, -0.2997842804440618], [0.8246502086735585, -0.1812194384640243, -0.5358279093677747]], "T": [-0.05745171129906052, -0.023676644549770184, -0.006141722841018292], "aligned_model": [[0.554002212318769, 0.6186385381369957, -0.03481201951592573, -0.10401596626630427, 0.5222821602533481, -0.030918034915808197, -0.007659588382656686, -0.06840222265655921, -0.4224885416358265, 0.2038095848838259, -0.6572161614354607, -0.6985940407205357, -0.07229591420088347], [-0.34148419918046335, -0.20631796372263866, 0.5412940371434445, 0.5837332357693468, 0.34586320504491025, 0.06763655759931199, 0.0315520670017978, -0.5772719491185704, -0.4355864579746987, -0.6734564886991351, 0.30550658832374844, 0.13425586226840952, -0.10361416845602682], [-0.4084487355038549, 0.351558382293567, -0.28888079462734884, 0.32584833899201526, -0.09931538565533504, -0.7585589861788495, 0.7767221069409171, -0.452963465631893, 0.42700191130764603, 0.0018381866602957334, -0.33339526153149923, 0.4418787137908455, 0.01671498914349541]], "inverted": true, "swapped": false, "error_lsq": 0.0385970897920754, "error_max": 0.21826240643335873, "target": "67.xyz", "model": "8.xyz", "model_rescale": 4.509807586411629, "target_rescale": 4.449845834417745},
{"mapping": [6, 7, 11, 12, 5, 0, 1, 2, 3, 8, 9, 10, 13], "R": [[0.5296833810475012, -0.8464504062648117, 0.054380378595804905], [0.8461101566833744, 0.5317870130938742, 0.03605794589173643], [-0.059440042053512034, 0.0269124959606349, 0.9978690289621407]], "T": [0.038483003242894644, -0.015443923125414087, -0.03386244512522162], "aligned_model": [[0.5088636304265408, 0.5520128660811064, -0.16747612660704297, -0.12432689095247731, 0.5816113179046375, -0.04278614605711264, 0.043512325252018674, -0.3624336964692762, -0.31928446081471057, 0.18673429979113312, -0.5488047189719285, -0.5056554833173628, 0.00036308959745302155], [-0.3154791739464347, -0.2868682513181369, 0.5171000514421832, 0.545710974070481, 0.4313515380893212, 0.031305777122835166, 0.08852762237943063, -0.551584595095036, -0.5229736724667382, -0.6298284598656985, 0.1381604466038992, 0.16677136923219693, 0.0599166997511329], [-0.4462373628618811, 0.3455424480716456, -0.43946441451788476, 0.3523153964156419, 0.3179766007284815, -0.8262880060592686, 0.7572716158077846, -0.39022304296183946, 0.4015567679716872, -0.01974086970811024, -0.40499037434701995, 0.3867894365865067, -0.03450819512574201]], "inverted": false, "swapped": false, "error_lsq": 0.036195573708279985, "error_max": 0.32527689529312215, "target": "67.xyz", "model": "9.xyz", "model_rescale": 4.509807504472865, "target_rescale": 4.449845834417745},
{"mapping": [6, 7, 11, 12, 5, 0, 1, 2, 3, 8, 9, 10, 13], "R": [[0.5296833810475012, -0.8464504062648117, 0.05438037859580489], [0.8461101566833744, 0.5317870130938742, 0.03605794589173642], [-0.05944004205351202, 0.026912495960634893, 0.9978690289621407]], "T": [0.038483003242894644, -0.01544392312541408, -0.03386244512522157], "aligned_model": [[0.5088636304265408, 0.5520128660811064, -0.16747612660704297, -0.12432689095247734, 0.5816113179046374, -0.042786146057112624, 0.043512325252018674, -0.3624336964692762, -0.31928446081471057, 0.18673429979113312, -0.5488047189719285, -0.5056554833173628, 0.0003630895974530146], [-0.31547917394643465, -0.286868251318137, 0.5171000514421832, 0.545710974070481, 0.43135153808932114, 0.03130577712283517, 0.08852762237943065, -0.551584595095036, -0.5229736724667382, -0.6298284598656985, 0.1381604466038992, 0.16677136923219693, 0.05991669975113291], [-0.4462373628618809, 0.3455424480716455, -0.4394644145178846, 0.35231539641564186, 0.3179766007284814, -0.8262880060592686, 0.7572716158077849, -0.39022304296183935, 0.4015567679716871, -0.019740869708110283, -0.40499037434701984, 0.3867894365865066, -0.034508195125742054]], "inverted": false, "swapped": false, "error_lsq": 0.03619557370827997, "error_max": 0.325276895293122, "target": "67.xyz", "model": "10.xyz", "model_rescale": 4.509807504472865, "target_rescale": 4.449845834417745},
{"mapping": [0, 4, 8, 7, 6, 2, 5, 9, 12, 11, 3, 1, 13], "R": [[-0.41303559690143044, 0.4542948013571635, 0.7893147845771892], [0.3864629313197322, 0.872224620731356, -0.2997842786168115], [-0.8246502279197158, 0.18121932692154394, -0.5358279174717043]], "T": [-0.05745168359514964, -0.023676653079712222, -0.0061416757467510665], "aligned_model": [[0.5540021625906989, 0.6186386088016097, -0.03481184436184334, -0.1040160674238892, 0.522282066660474, -0.0309180502415128, -0.0076595252827535015, -0.06840207663847982, -0.42248857046406063, 0.20380956362030256, -0.657216184325876, -0.6985941055780275, -0.07229597149366448], [-0.34148412506791864, -0.20631789046214305, 0.5412943983916376, 0.583733075489903, 0.3458630418934718, 0.06763647566128339, 0.03155214313428827, -0.5772718207956662, -0.4355866492800798, -0.6734566828765111, 0.30550650925771466, 0.1342559421249439, -0.10361409147148729], [-0.4084488760997712, 0.35155842136103, -0.28888073121117774, 0.3258482920849075, -0.09931544671747973, -0.758558963399815, 0.7767221601634172, -0.45296332930263705, 0.42700198615686163, 0.0018382473544743781, -0.3333952245974277, 0.44187860150500324, 0.016714862702616153]], "inverted": true, "swapped": false, "error_lsq": 0.03859708960338838, "error_max": 0.2182623648239957, "target": "67.xyz", "model": "11.xyz", "model_rescale": 4.509807504472865, "target_rescale": 4.449845834417745},
{"mapping": [6, 7, 11, 12, 5, 0, 1, 2, 3, 8, 9, 10, 13], "R": [[0.5296832716907495, -0.8464504750494841, 0.05438037310911571], [0.8461102254884127, 0.5317869035015869, 0.036057947641835925], [-0.059440037137699034, 0.026912498076116505, 0.9978690291979064]], "T": [0.0384829122602345, -0.015443862148588127, -0.03386244030725816], "aligned_model": [[0.5088637389395283, 0.5520129677333407, -0.16747608645652146, -0.12432685766270898, 0.5816113249907552, -0.042786050016926765, 0.04351240757069815, -0.36243369453654983, -0.3192844657427374, 0.18673427962520445, -0.5488049830759012, -0.5056557542820888, 0.0003631787768856934], [-0.31547915044869873, -0.2868682280942127, 0.5170999390725098, 0.5457108614269958, 0.4313515235535236, 0.031305711151050034, 0.08852755586002205, -0.551584552919433, -0.5229736305649471, -0.6298283440946678, 0.13816054259863578, 0.1667714649531218, 0.05991663350553604], [-0.44623734124953457, 0.34554242386396306, -0.43946438945105987, 0.35231537566243776, 0.31797658194838424, -0.8262879609839207, 0.7572715692430743, -0.39022302060605585, 0.4015567445074418, -0.01974086884005729, -0.4049903416688729, 0.38678942344462475, -0.034508195870423204]], "inverted": false, "swapped": false, "error_lsq": 0.03619557774234697, "error_max": 0.32527687487026863, "target": "67.xyz", "model": "12.xyz", "model_rescale": 4.509807766519439, "target_rescale": 4.449845834417745},
{"mapping": [6, 7, 11, 12, 5, 0, 1, 2, 3, 8, 9, 10, 13], "R": [[0.5296832716907494, -0.8464504750494843, 0.054380373109115705], [0.846110225488413, 0.5317869035015867, 0.03605794764183594], [-0.05944003713769904, 0.02691249807611651, 0.9978690291979065]], "T": [0.038482912260234516, -0.015443862148588113, -0.03386244030725808], "aligned_model": [[0.5088637389395284, 0.5520129677333409, -0.1674760864565216, -0.12432685766270915, 0.5816113249907552, -0.042786050016926765, 0.04351240757069816, -0.36243369453654967, -0.3192844657427372, 0.1867342796252046, -0.5488049830759013, -0.5056557542820889, 0.00036317877688568645], [-0.3154791504486986, -0.2868682280942126, 0.5170999390725101, 0.545710861426996, 0.43135152355352374, 0.031305711151050034, 0.08852755586002209, -0.551584552919433, -0.5229736305649471, -0.6298283440946677, 0.13816054259863564, 0.16677146495312167, 0.059916633505536054], [-0.44623734124953446, 0.3455424238639629, -0.43946438945105976, 0.3523153756624376, 0.3179765819483841, -0.8262879609839207, 0.7572715692430746, -0.3902230206060557, 0.40155674450744167, -0.019740868840057307, -0.40499034166887277, 0.3867894234446246, -0.034508195870423225]], "inverted": false, "swapped": false, "error_lsq": 0.03619557774234695, "error_max": 0.32527687487026846, "target": "67.xyz", "model": "13.xyz", "model_rescale": 4.509807766519439, "target_rescale": 4.449845834417745},
{"mapping": [0, 4, 8, 7, 6, 2, 5, 9, 12, 11, 3, 1, 13], "R": [[-0.41303553096985035, 0.45429484172976203, 0.7893147958414212], [0.3864630432073755, 0.8722245753072247, -0.2997842665401669], [-0.8246502085074302, 0.1812194443426589, -0.5358279076352686]], "T": [-0.057451742716418404, -0.023676769110272142, -0.006141702195647771], "aligned_model": [[0.5540021718177859, 0.6186385816715921, -0.03481185740545402, -0.10401600591489152, 0.5222821007156734, -0.030918065724979467, -0.00765952495897277, -0.06840224386716204, -0.4224885542447554, 0.2038095523858095, -0.6572161723555444, -0.6985940414433438, -0.07229593481277916], [-0.341484021237513, -0.2063178794891445, 0.5412942784801028, 0.583733084727063, 0.34586307453475396, 0.06763643329080679, 0.03155213070316447, -0.577272049640654, -0.43558657338092555, -0.6734565835732345, 0.30550644348311573, 0.13425599914710493, -0.10361401104520393], [-0.4084488405229645, 0.3515584306672953, -0.2888806795938476, 0.3258483490318991, -0.09931535726103083, -0.758558934952285, 0.7767221369602251, -0.45296342977187964, 0.4270019112810069, 0.0018382049880769948, -0.333395228659355, 0.44187857206289516, 0.016714865769965486]], "inverted": true, "swapped": false, "error_lsq": 0.03859708056787337, "error_max": 0.21826230414199196, "target": "67.xyz", "model": "14.xyz", "model_rescale": 4.509807766519439, "target_rescale": 4.449845834417745},
{"mapping": [6, 5, 1, 0, 11, 10, 8, 7, 9, 3, 2, 12], "R": [[-0.8645986961415113, 0.5024630281228645, -4.153260749795675e-17], [0.5024630281228645, 0.8645986961415113, -2.0558563090926307e-17], [2.557912042556878e-17, -3.8643506572219624e-17, -1.0]], "T": [0.013582803535537927, 0.0747914950914631, 1.5844922702577627e-16], "aligned_model": [[0.08964345977465091, 0.08964345977465096, -0.5822832246201558, -0.5822832246201558, 0.5539971208462591, 0.5539971208462591, -0.026383243593513083, -0.026383243593513055, -0.49073690466512127, 0.39526708135278876, 0.39526708135278876, 0.08964345977465094], [0.04122556786688277, 0.0412255678668828, 0.09765727718874717, 0.09765727718874717, -0.09151384942349788, -0.09151384942349788, -0.5270278311975671, -0.5270278311975671, -0.39428841390718644, 0.6151411966315447, 0.6151411966315447, 0.041225567866882785], [-0.8041626908335863, 0.8041626908335865, -0.4020813454167932, 0.40208134541679336, -0.4020813454167932, 0.40208134541679336, -0.4020813454167932, 0.40208134541679336, -1.103578080175111e-16, -0.4020813454167932, 0.40208134541679336, -1.4341605956459199e-16]], "inverted": false, "swapped": true, "error_lsq": 0.025843805941366236, "error_max": 0.11171870487905006, "target": "67.xyz", "model": "15.xyz", "model_rescale": 4.510870436145588, "target_rescale": 4.449845834417745},
{"mapping": [6, 5, 1, 0, 11, 10, 8, 7, 9, 3, 2, 12], "R": [[-0.8645986961415113, 0.5024630281228645, -2.4176486560771156e-17], [0.5024630281228645, 0.8645986961415113, 4.3848564713982147e-17], [4.293524136275436e-17, 2.576362123268883e-17, -1.0]], "T": [0.013582803535537927, 0.0747914950914631, 9.956307770986499e-17], "aligned_model": [[0.08964345977465092, 0.08964345977465095, -0.5822832246201558, -0.5822832246201558, 0.5539971208462591, 0.5539971208462591, -0.026383243593513076, -0.026383243593513062, -0.49073690466512127, 0.39526708135278876, 0.39526708135278876, 0.08964345977465094], [0.04122556786688282, 0.04122556786688275, 0.09765727718874719, 0.09765727718874716, -0.09151384942349786, -0.09151384942349791, -0.5270278311975671, -0.5270278311975671, -0.39428841390718644, 0.6151411966315447, 0.6151411966315447, 0.041225567866882785], [-0.8041626908335863, 0.8041626908335865, -0.40208134541679325, 0.4020813454167933, -0.40208134541679325, 0.4020813454167933, -0.40208134541679325, 0.4020813454167933, -2.0820908082955006e-16, -0.40208134541679325, 0.4020813454167933, -2.0314397589689936e-16]], "inverted": false, "swapped": true, "error_lsq": 0.025843805941366236, "error_max": 0.11171870487905007, "target": "67.xyz", "model": "16.xyz", "model_rescale": 4.510870436145588, "target_rescale": 4.449845834417745},
{"mapping": [5, 6, 0, 1, 10, 11, 7, 8, 9, 2, 3, 12], "R": [[0.8645986961415113, -0.5024630281228645, 5.645581319201435e-17], [-0.5024630281228645, -0.8645986961415113, -8.890410005032727e-18], [5.327872480780689e-17, -2.0680321953083546e-17, -1.0]], "T": [0.013582803535537927, 0.0747914950914631, -2.457715409071809e-18], "aligned_model": [[0.08964345977465098, 0.0896434597746509, -0.5822832246201558, -0.5822832246201558, 0.5539971208462591, 0.5539971208462591, -0.02638324359351305, -0.02638324359351309, -0.49073690466512127, 0.39526708135278876, 0.39526708135278876, 0.08964345977465094], [0.04122556786688278, 0.04122556786688279, 0.09765727718874717, 0.09765727718874717, -0.09151384942349788, -0.09151384942349788, -0.5270278311975671, -0.5270278311975671, -0.39428841390718644, 0.6151411966315447, 0.6151411966315447, 0.041225567866882785], [-0.8041626908335864, 0.8041626908335864, -0.40208134541679325, 0.4020813454167933, -0.40208134541679313, 0.4020813454167934, -0.4020813454167932, 0.40208134541679336, 2.726371745131262e-16, -0.4020813454167932, 0.40208134541679336, 3.0153112208735533e-16]], "inverted": true, "swapped": true, "error_lsq": 0.025843805941366236, "error_max": 0.11171870487905006, "target": "67.xyz", "model": "17.xyz", "model_rescale": 4.510870436145588, "target_rescale": 4.449845834417745},
{"mapping": [9, 8, 3, 5, 7, 0, 6, 1, 2, 10, 11, 4, 12], "R": [[0.35745910439783596, 0.8403614627077542, 0.4074501204795268], [0.4329585204391677, -0.5356736243417816, 0.7249832327465697], [0.8275082526852672, -0.08274285576546014, -0.5553230695348]], "T": [-0.0907468941451295, -0.1186463955680751, 0.07233280405249112], "aligned_model": [[0.5793860458215911, 0.33860848288920586, -0.3214379458209848, 0.20639404480679102, 0.6650790758918238, -0.04075550209721, -0.12007654819582689, -0.3672260950998279, -0.2584827641942871, 0.25291545281897326, -0.5521535309419973, -0.6479085388236027, 0.06798782880833086], [-0.060196146133947415, -0.3456130864791862, 0.6333654096313934, 0.7139742680511681, 0.23528183541499048, 0.010956329278723975, 0.13307934615699146, -0.5699385926154528, -0.5743735520902269, -0.6410910680281241, 0.07767372527193986, 0.052470487737216714, 0.006521369803949906], [-0.44181562070599223, 0.4517643328471713, -0.19730992243628873, 0.2952056850433946, 0.006810109724859487, -0.8039334721032583, 0.7401599081657064, -0.35897924898094635, 0.43644721383738805, 0.0031386024163196774, -0.37062487920945175, 0.24764430068602308, -0.008507009284923817]], "inverted": true, "swapped": false, "error_lsq": 0.050340143346052316, "error_max": 0.3342517721581714, "target": "67.xyz", "model": "18.xyz", "model_rescale": 4.466005644533647, "target_rescale": 4.449845834417745},
{"mapping": [5, 4, 9, 8, 6, 3, 2, 1, 0, 12, 11, 10, 13], "R": [[0.5296832494927683, -0.8464504889670593, 0.054380372692797906], [0.8461102394518051, 0.5317868812869178, 0.03605794761134851], [-0.05944003618429782, 0.026912499299762537, 0.9978690292216958]], "T": [0.03848297039123343, -0.015443896855975789, -0.033862442570096095], "aligned_model": [[0.5088638104426004, 0.5520130394317085, -0.1674760450008614, -0.1243268160117533, 0.5816113782190686, -0.04278618221127146, 0.04351227576694477, -0.36243362743219565, -0.31928439844308754, 0.18673416797432563, -0.5488049363197224, -0.5056557073306142, 0.00036304677783664807], [-0.31547917588658075, -0.2868682532077555, 0.5170999060481503, 0.5457108287269754, 0.4313515080047489, 0.03130579395748067, 0.08852763931513118, -0.5515846041415348, -0.5229736814627095, -0.6298282645051337, 0.13816049491776644, 0.1667714175965917, 0.05991671663630592], [-0.4462373492223836, 0.34554242555522546, -0.4394643957691907, 0.35231537900841836, 0.31797658433552684, -0.8262879668211094, 0.7572715827341088, -0.39022302777953893, 0.40155674699807015, -0.01974086593774642, -0.4049903479177437, 0.3867894268598654, -0.0345081920435004]], "inverted": true, "swapped": false, "error_lsq": 0.03619557400328629, "error_max": 0.3252768793191778, "target": "67.xyz", "model": "19.xyz", "model_rescale": 4.509807711582247, "target_rescale": 4.449845834417745},
{"mapping": [3, 7, 12, 4, 5, 1, 6, 11, 8, 9, 0, 2, 13], "R": [[-0.4130355140662663, 0.45429485914355544, 0.7893147946641771], [0.38646307214203407, 0.8722245609241062, -0.29978427108721195], [-0.8246502034138813, 0.18121946991558915, -0.5358279068254628]], "T": [-0.057451712139236284, -0.023676708501710365, -0.006141690298124862], "aligned_model": [[0.5540021061779348, 0.6186386128213058, -0.03481191194536282, -0.10401596586751732, 0.522282147458324, -0.030918025169587644, -0.007659500504535517, -0.06840222110699384, -0.4224885416046736, 0.20380957172116781, -0.657216138495429, -0.6985941204737478, -0.0722960071479066], [-0.34148416173608104, -0.20631784462557054, 0.5412941588595795, 0.5837331457847239, 0.3458631290868034, 0.06763651250737654, 0.03155217207234987, -0.5772719847965169, -0.43558652014110216, -0.6734565368390225, 0.305506529205297, 0.13425587165975966, -0.10361414503816066], [-0.4084488751387778, 0.3515584493975254, -0.28888069751727913, 0.3258483790975522, -0.09931533173204372, -0.7585589297567454, 0.7767221602271213, -0.4529634367320623, 0.4270019148501127, 0.0018382040205167389, -0.3333952189271496, 0.4418785465204138, 0.016714835690817997]], "inverted": false, "swapped": false, "error_lsq": 0.038597089634015265, "error_max": 0.21826236050964498, "target": "67.xyz", "model": "20.xyz", "model_rescale": 4.509807711582248, "target_rescale": 4.449845834417745},
{"mapping": [10, 7, 4, 6, 8, 1, 5, 0, 2, 9, 11, 3, 12], "R": [[-0.3574591043978357, -0.8403614627077545, 0.40745012047952667], [-0.4329585204391677, 0.5356736243417812, 0.7249832327465698], [-0.8275082526852673, 0.08274285576546003, -0.5553230695347999]], "T": [-0.09074689414512956, -0.1186463955680752, 0.07233280405249119], "aligned_model": [[0.5793860458215913, 0.338608482889206, -0.3214379458209851, 0.20639404480679063, 0.6650790758918237, -0.04075550209721, -0.12007654819582711, -0.36722609509982773, -0.25848276419428706, 0.25291545281897354, -0.5521535309419975, -0.6479085388236029, 0.06798782880833086], [-0.0601961461339474, -0.34561308647918604, 0.6333654096313932, 0.713974268051168, 0.2352818354149906, 0.010956329278723823, 0.13307934615699146, -0.5699385926154529, -0.574373552090227, -0.6410910680281241, 0.0776737252719397, 0.05247048773721662, 0.00652136980394992], [-0.4418156207059919, 0.45176433284717143, -0.19730992243628864, 0.29520568504339484, 0.006810109724859778, -0.8039334721032583, 0.7401599081657065, -0.35897924898094663, 0.43644721383738816, 0.0031386024163196913, -0.3706248792094518, 0.247644300686023, -0.008507009284923747]], "inverted": false, "swapped": false, "error_lsq": 0.050340143346052316, "error_max": 0.33425177215817176, "target": "67.xyz", "model": "21.xyz", "model_rescale": 4.466005644533646, "target_rescale": 4.449845834417745},
{"mapping": [9, 8, 3, 5, 7, 0, 6, 1, 2, 10, 11, 4, 12], "R": [[0.35745904114615007, 0.840361503936156, 0.40745009093757406], [0.4329585585992162, -0.5356735660523859, 0.7249832530261713], [0.8275082600424992, -0.08274281440030024, -0.5553230647348923]], "T": [-0.09074689821355013, -0.11864639594068503, 0.07233280382202306], "aligned_model": [[0.5793859691467725, 0.33860857751852125, -0.3214379003596609, 0.20639406942091215, 0.6650791494768589, -0.04075538638774791, -0.12007650253742534, -0.36722595834608546, -0.2584828457177578, 0.252915397188435, -0.5521538174624245, -0.6479084723179984, 0.06798772624057976], [-0.06019604652550452, -0.34561311233540065, 0.6333653348052701, 0.7139742389208642, 0.23528183048087958, 0.010956259944158345, 0.1330792961045839, -0.5699386828721219, -0.574373502405797, -0.6410909893417848, 0.07767386682481582, 0.05247039198898988, 0.006521440410483373], [-0.44181559034653944, 0.45176434681579375, -0.19730995482751662, 0.2952056761341131, 0.006810123959984149, -0.8039334886873903, 0.7401598989899227, -0.35897926583158074, 0.4364472262602897, 0.0031386325092701145, -0.370624876409118, 0.24764426802829292, -0.008506996595519942]], "inverted": true, "swapped": false, "error_lsq": 0.05034013926898392, "error_max": 0.33425172228361294, "target": "67.xyz", "model": "22.xyz", "model_rescale": 4.46600560860683, "target_rescale": 4.449845834417745},
{"mapping": [5, 4, 9, 8, 6, 3, 2, 1, 0, 12, 11, 10, 13], "R": [[0.5296833083619537, -0.8464504519799995, 0.054380375004131766], [0.846110202415394, 0.531786940254235, 0.036057947024470856], [-0.059440038789659345, 0.026912497429509165, 0.997869029116943]], "T": [0.03848296430219643, -0.01544389608314031, -0.03386244264068021], "aligned_model": [[0.5088636935991573, 0.5520129247782454, -0.16747610950961206, -0.12432687833052396, 0.5816113137763359, -0.04278609171689031, 0.04351237064128586, -0.36243376789942494, -0.31928453672033685, 0.18673440190415158, -0.5488048426503476, -0.5056556114712596, 0.00036313946219777155], [-0.3154791526718226, -0.286868230222612, 0.5170999832016457, 0.5457109056508563, 0.43135153476837235, 0.03130573927240339, 0.08852758417082458, -0.5515845220858343, -0.5229735996366237, -0.6298284559455929, 0.13816047766349704, 0.16677140011270764, 0.05991666172161399], [-0.4462373486577265, 0.34554243256937434, -0.43946439794870296, 0.3523153832783979, 0.31797658882778695, -0.8262879765791741, 0.7572715858750275, -0.39022302616850335, 0.4015567550585975, -0.0197408728461479, -0.40499035464197763, 0.3867894265851232, -0.034508195352073404]], "inverted": true, "swapped": false, "error_lsq": 0.03619557747533862, "error_max": 0.325276882643576, "target": "67.xyz", "model": "23.xyz", "model_rescale": 4.509807674373902, "target_rescale": 4.449845834417745},
{"mapping": [3, 7, 12, 4, 5, 1, 6, 11, 8, 9, 0, 2, 13], "R": [[-0.413035554306452, 0.4542948271784165, 0.7893147920048723], [0.3864630035953369, 0.8722245914864803, -0.2997842705318496], [-0.8246502153827603, 0.18121940294895367, -0.5358279110535323]], "T": [-0.0574517088562499, -0.0236767032307881, -0.006141687681365677], "aligned_model": [[0.5540021668298583, 0.6186385894094564, -0.034811789608274774, -0.10401602966627627, 0.522282086716782, -0.030918097610125102, -0.0076595269736019, -0.06840215682019374, -0.42248856165753185, 0.20380955472552648, -0.6572162139931835, -0.6985940659362577, -0.07229594955319972], [-0.34148406116458063, -0.20631788664515852, 0.5412944424020893, 0.5837330778851116, 0.345863059665299, 0.06763637648457928, 0.0315521315746541, -0.5772719154561166, -0.4355866037806484, -0.673456622000461, 0.3055063947043919, 0.1342559752750443, -0.10361404294476817], [-0.40844885373908874, 0.35155842667275006, -0.28888067250766597, 0.3258483281850467, -0.0993153895072282, -0.7585589598443673, 0.776722144365025, -0.45296338320011575, 0.427001936910683, 0.0018382192184081148, -0.3333952421520924, 0.44187858164546073, 0.016714863953186047]], "inverted": false, "swapped": false, "error_lsq": 0.038597080255706503, "error_max": 0.21826228047004392, "target": "67.xyz", "model": "24.xyz", "model_rescale": 4.509807674373903, "target_rescale": 4.449845834417745},
{"mapping": [10, 7, 4, 6, 8, 1, 5, 0, 2, 9, 11, 3, 12], "R": [[-0.3574590411461504, -0.8403615039361559, 0.40745009093757356], [-0.43295855859921606, 0.5356735660523857, 0.7249832530261714], [-0.8275082600424988, 0.08274281440030073, -0.5553230647348925]], "T": [-0.09074689821355013, -0.11864639594068516, 0.07233280382202316], "aligned_model": [[0.5793859691467723, 0.33860857751852164, -0.32143790035966124, 0.2063940694209121, 0.6650791494768588, -0.040755386387748435, -0.12007650253742495, -0.3672259583460855, -0.2584828457177575, 0.25291539718843514, -0.5521538174624249, -0.6479084723179983, 0.06798772624057974], [-0.06019604652550453, -0.3456131123354007, 0.63336533480527, 0.7139742389208641, 0.23528183048087953, 0.01095625994415833, 0.1330792961045839, -0.5699386828721219, -0.5743735024057972, -0.6410909893417848, 0.07767386682481575, 0.05247039198898981, 0.006521440410483331], [-0.44181559034653967, 0.4517643468157934, -0.1973099548275163, 0.295205676134113, 0.006810123959983802, -0.8039334886873902, 0.7401598989899225, -0.35897926583158063, 0.43644722626028987, 0.0031386325092698925, -0.3706248764091176, 0.24764426802829326, -0.00850699659551997]], "inverted": false, "swapped": false, "error_lsq": 0.05034013926898392, "error_max": 0.3342517222836134, "target": "67.xyz", "model": "25.xyz", "model_rescale": 4.466005608606829, "target_rescale": 4.449845834417745},
{"mapping": [9, 8, 3, 5, 7, 0, 6, 1, 2, 10, 11, 4, 12], "R": [[0.35745913053218004, 0.8403614457098219, 0.4074501326097171], [0.43295847692336487, -0.5356736455856587, 0.7249832430374996], [0.8275082641637956, -0.08274289086965869, -0.5553230471996942]], "T": [-0.09074690781365578, -0.1186464108459278, 0.07233276278166613], "aligned_model": [[0.5793860364548379, 0.33860849018299044, -0.3214379719347488, 0.2063940862354645, 0.6650790787540843, -0.04075556844654339, -0.1200765023356294, -0.3672261570176373, -0.258482737952338, 0.252915447883744, -0.552153486074159, -0.6479085605058428, 0.06798785061875597], [-0.060196114501516226, -0.34561307115456674, 0.6333653308011804, 0.7139742475676785, 0.23528183380634599, 0.010956293471554648, 0.13307934260676563, -0.5699386114893581, -0.5743735087940158, -0.641091019462429, 0.07767378114063185, 0.05247042584026766, 0.0065213961668970505], [-0.44181555563068675, 0.451764351706937, -0.19731001084975097, 0.29520575519205794, 0.006810165767241819, -0.803933563672434, 0.7401599411317531, -0.35897937773273875, 0.43644723394887297, 0.003138630309008461, -0.3706247932693811, 0.24764417508994424, -0.008506951990822284]], "inverted": true, "swapped": false, "error_lsq": 0.05034014562648854, "error_max": 0.33425174457434553, "target": "67.xyz", "model": "26.xyz", "model_rescale": 4.466005838112752, "target_rescale": 4.449845834417745},
{"mapping": [5, 4, 9, 8, 6, 3, 2, 1, 0, 12, 11, 10, 13], "R": [[0.5296831837561046, -0.846450530076323, 0.054380373109316434], [0.8461102808784788, 0.5317868155367934, 0.03605794521292005], [-0.059440032282445245, 0.02691250554571752, 0.997869029285664]], "T": [0.03848294477750274, -0.01544392894598284, -0.03386243878068543], "aligned_model": [[0.5088637290906367, 0.5520129566738493, -0.1674760461599503, -0.12432681857673769, 0.5816113559946486, -0.042786151999433676, 0.04351230316699151, -0.36243365525130633, -0.31928442766809373, 0.18673424276025416, -0.5488048926674358, -0.5056556650842232, 0.0003630755837789115], [-0.31547925053952897, -0.2868683309151333, 0.5170999330677784, 0.5457108526921739, 0.4313515914862227, 0.03130585274832265, 0.08852769199711391, -0.5515847371609797, -0.5229738175365841, -0.6298281666725906, 0.13816050741776387, 0.16677142704215953, 0.05991677237271828], [-0.446237325749152, 0.34554241721678935, -0.43946437805710237, 0.35231536490883897, 0.31797656858936907, -0.8262879371622299, 0.7572715487696527, -0.39022300532198584, 0.4015567376439555, -0.019740873854000966, -0.4049903328768927, 0.38678941008904866, -0.03450819419628872]], "inverted": true, "swapped": false, "error_lsq": 0.03619557724232049, "error_max": 0.3252768775312555, "target": "67.xyz", "model": "27.xyz", "model_rescale": 4.509807893063789, "target_rescale": 4.449845834417745},
{"mapping": [3, 7, 12, 4, 5, 1, 6, 11, 8, 9, 0, 2, 13], "R": [[-0.4130354891609156, 0.45429488190499806, 0.7893147945962542], [0.38646311564303176, 0.872224540641082, -0.2997842740220612], [-0.8246501955017558, 0.1812195104793561, -0.5358279052835329]], "T": [-0.05745172790570698, -0.023676690604867448, -0.006141725848964899], "aligned_model": [[0.5540021088124091, 0.6186386043952727, -0.03481186153369066, -0.10401601307254613, 0.52228207499621, -0.03091807278091093, -0.0076594836734834235, -0.06840219965238112, -0.42248851613277016, 0.203809571935986, -0.6572161608496672, -0.6985940673251029, -0.07229597925634701], [-0.3414841766559788, -0.20631789575364134, 0.5412941212436903, 0.5837331708512767, 0.34586316139689166, 0.06763659736784847, 0.031552113700743734, -0.5772719701774962, -0.4355865341964722, -0.6734565436508573, 0.3055066068222336, 0.13425584225279125, -0.10361416720159375], [-0.40844880512698545, 0.35155849501712044, -0.28888060843551816, 0.32584826106293946, -0.09931543143394483, -0.7585590225554251, 0.7767221875140047, -0.4529633840763733, 0.4270019316764637, 0.00183823917957944, -0.33339533005854083, 0.4418785798667828, 0.01671488736989871]], "inverted": false, "swapped": false, "error_lsq": 0.03859709408774858, "error_max": 0.2182623996480626, "target": "67.xyz", "model": "28.xyz", "model_rescale": 4.5098078930637895, "target_rescale": 4.449845834417745},
