[{"mapping": [6, 5, 1, 0, 8, 7, 11, 10, 9, 3, 2, 12], "R": [[0.8645986173931584, -0.5024631636267871, 7.121431780637428e-18], [-0.5024631636267871, -0.8645986173931584, -1.9190495523664412e-18], [7.121431780637428e-18, -1.9190495523664412e-18, -1.0000000000000002]], "T": [-0.013582877083159098, -0.07479139490297247, 1.1135485734647203e-16], "aligned_model": [[-0.08964368256681943, -0.08964368256681943, 0.5822831138283094, 0.5822831138283094, 0.026383111229576636, 0.026383111229576636, -0.5539973283134624, -0.5539973283134624, 0.49073675697621966, -0.395267090481976, -0.395267090481976, -0.08964368256681943], [-0.04122549605257904, -0.04122549605257904, -0.09765711704915887, -0.09765711704915887, 0.527027891532038, 0.527027891532038, 0.09151399557956426, 0.09151399557956426, 0.3942883998998946, -0.6151410023081276, -0.6151410023081276, -0.04122549605257904], [-0.804162700321332, 0.8041627003213322, -0.4020813501606661, 0.40208135016066615, -0.4020813501606661, 0.40208135016066615, -0.4020813501606661, 0.40208135016066615, 1.1404614784582134e-16, -0.4020813501606661, 0.40208135016066615, 1.1074878088587618e-16]], "inverted": false, "swapped": true, "error_lsq": 0.025843789070289128, "error_max": 0.11171843421997697, "target": "68.xyz", "model": "0.xyz", "model_rescale": 4.5108708085295355, "target_rescale": 4.44984578191717},
{"mapping": [5, 6, 0, 1, 7, 8, 10, 11, 9, 2, 3, 12], "R": [[-0.8645986173931581, 0.5024631636267872, 2.209771179609745e-19], [0.5024631636267872, 0.8645986173931581, 5.4622522720407616e-17], [2.7254749060707493e-17, 4.7337590484370585e-17, -1.0]], "T": [-0.013582877083159098, -0.07479139490297247, -6.81687498423194e-17], "aligned_model": [[-0.0896436825668194, -0.0896436825668194, 0.5822831138283093, 0.5822831138283093, 0.026383111229576747, 0.026383111229576747, -0.5539973283134624, -0.5539973283134624, 0.49073675697621977, -0.3952670904819761, -0.3952670904819761, -0.0896436825668194], [-0.04122549605257899, -0.04122549605257907, -0.09765711704915897, -0.097657117049159, 0.5270278915320379, 0.5270278915320379, 0.09151399557956437, 0.09151399557956431, 0.3942883998998945, -0.6151410023081275, -0.6151410023081275, -0.04122549605257903], [-0.804162700321332, 0.8041627003213317, -0.402081350160666, 0.40208135016066604, -0.40208135016066593, 0.4020813501606661, -0.402081350160666, 0.40208135016066604, -4.2434984993750085e-17, -0.40208135016066604, 0.402081350160666, -6.635210346731845e-17]], "inverted": true, "swapped": true, "error_lsq": 0.025843789070289117, "error_max": 0.11171843421997703, "target": "68.xyz", "model": "1.xyz", "model_rescale": 4.510870808529536, "target_rescale": 4.44984578191717},
{"mapping": [6, 5, 1, 0, 8, 7, 11, 10, 9, 3, 2, 12], "R": [[0.8645986173931581, -0.5024631636267871, 1.8793650962746753e-16], [-0.5024631636267871, -0.8645986173931581, -5.265406553436255e-17], [1.8894637472781233e-16, -4.890654092725488e-17, -1.0]], "T": [-0.013582877083159112, -0.07479139490297247, 1.6770439679107648e-16], "aligned_model": [[-0.08964368256681926, -0.08964368256681957, 0.5822831138283094, 0.5822831138283092, 0.026383111229576754, 0.0263831112295766, -0.5539973283134623, -0.5539973283134625, 0.49073675697621966, -0.39526709048197595, -0.39526709048197606, -0.08964368256681941], [-0.04122549605257908, -0.041225496052579, -0.09765711704915894, -0.09765711704915891, 0.5270278915320378, 0.5270278915320378, 0.09151399557956426, 0.09151399557956431, 0.3942883998998945, -0.6151410023081275, -0.6151410023081275, -0.04122549605257904], [-0.8041627003213316, 0.8041627003213321, -0.4020813501606658, 0.4020813501606662, -0.40208135016066593, 0.4020813501606661, -0.40208135016066604, 0.402081350160666, 2.3778551029640234e-16, -0.402081350160666, 0.40208135016066604, 1.5164241345123522e-16]], "inverted": false, "swapped": true, "error_lsq": 0.025843789070289117, "error_max": 0.11171843421997688, "target": "68.xyz", "model": "2.xyz", "model_rescale": 4.5108708085295355, "target_rescale": 4.44984578191717},
{"mapping": [4, 5, 9, 10, 6, 0, 1, 2, 3, 8, 11, 12, 13], "R": [[-0.5296834529525585, 0.8464503604656237, -0.05438039109707299], [-0.8461101106159894, -0.5317870859067284, -0.03605795302327246], [-0.05944005704618213, 0.026912497662717083, 0.9978690280231676]], "T": [0.038482920352656685, -0.015443933553017309, 0.03386244114376353], "aligned_model": [[0.5520128302025042, 0.5088635869112091, -0.12432700737190475, -0.1674762506631998, 0.5816113417126921, 0.04351246976029186, -0.04278601682229821, -0.3192846579844141, -0.36243390127570907, 0.18673406272644297, -0.505655611693309, -0.548804854984604, 0.0003632264689968287], [-0.28686834584524956, -0.3154792726186507, 0.545711011422235, 0.5171000846488338, 0.4313514027066449, 0.08852774402402865, 0.03130589047722637, -0.522973561300911, -0.5515844880743122, -0.6298283913627399, 0.16677145969689525, 0.1381605329234941, 0.059916817250627516], [-0.3455424273606805, 0.44623734094145134, -0.35231537785772005, 0.4394643904444118, -0.3179765727114195, -0.7572715604973276, 0.8262879761069358, -0.4015567612735015, 0.3902230070286304, 0.01974085762996979, -0.38678942427884266, 0.4049903440232892, 0.03450820780480402]], "inverted": false, "swapped": false, "error_lsq": 0.036195582988038426, "error_max": 0.3252768114589666, "target": "68.xyz", "model": "3.xyz", "model_rescale": 4.509807743048502, "target_rescale": 4.44984578191717},
{"mapping": [4, 5, 9, 10, 6, 0, 1, 2, 3, 8, 11, 12, 13], "R": [[-0.5296834529525583, 0.8464503604656237, -0.05438039109707293], [-0.8461101106159894, -0.5317870859067282, -0.03605795302327244], [-0.05944005704618209, 0.026912497662717052, 0.9978690280231675]], "T": [0.03848292035265668, -0.015443933553017299, 0.033862441143763584], "aligned_model": [[0.5520128302025041, 0.5088635869112093, -0.12432700737190486, -0.16747625066319985, 0.581611341712692, 0.04351246976029181, -0.04278601682229819, -0.31928465798441397, -0.36243390127570896, 0.18673406272644305, -0.505655611693309, -0.548804854984604, 0.00036322646899682176], [-0.28686834584524945, -0.3154792726186506, 0.5457110114222349, 0.5171000846488337, 0.43135140270664496, 0.08852774402402863, 0.03130589047722638, -0.522973561300911, -0.5515844880743122, -0.6298283913627398, 0.16677145969689514, 0.13816053292349403, 0.05991681725062751], [-0.34554242736068036, 0.4462373409414511, -0.3523153778577199, 0.4394643904444116, -0.3179765727114194, -0.7572715604973276, 0.8262879761069359, -0.40155676127350126, 0.3902230070286302, 0.01974085762996975, -0.38678942427884244, 0.40499034402328904, 0.03450820780480398]], "inverted": false, "swapped": false, "error_lsq": 0.03619558298803842, "error_max": 0.3252768114589665, "target": "68.xyz", "model": "4.xyz", "model_rescale": 4.509807743048502, "target_rescale": 4.44984578191717},
{"mapping": [0, 6, 8, 5, 4, 2, 7, 11, 10, 9, 3, 1, 13], "R": [[0.41303549218827906, -0.4542949544461029, 0.7893147512606106], [-0.38646306655448137, -0.8722245241297686, -0.29978438534370944], [0.824650216990266, -0.18121940809806353, -0.5358279068380957]], "T": [-0.057451766518021155, -0.02367658969168849, -0.006141720775944901], "aligned_model": [[0.5540021472000308, 0.6186384922981853, -0.034811863380881075, -0.10401599929358903, 0.5222820752229307, -0.03091813746904666, -0.007659582218334474, -0.06840229299070795, -0.42248877788167244, 0.20380929663484731, -0.6572162119855665, -0.6985940018330087, -0.0722959273164891], [-0.34148411745381163, -0.2063178707957282, 0.5412943513354272, 0.5837331881649513, 0.3458630824675447, 0.06763648668767913, 0.03155223490167839, -0.5772717907102415, -0.43558662476082644, -0.673456730458233, 0.3055065923850857, 0.13425609394100155, -0.10361401175640494], [-0.4084486948078144, 0.35155839193514504, -0.28888073986438395, 0.32584829132324633, -0.09931541654988113, -0.7585589810753095, 0.7767220998082726, -0.45296341100267956, 0.4270018536524808, 0.0018381457793532697, -0.333395273202182, 0.4418787209384404, 0.01671501306531313]], "inverted": true, "swapped": false, "error_lsq": 0.03859707959826452, "error_max": 0.21826228151836294, "target": "68.xyz", "model": "5.xyz", "model_rescale": 4.509807743048502, "target_rescale": 4.44984578191717},
{"mapping": [4, 5, 9, 10, 6, 0, 1, 2, 3, 8, 11, 12, 13], "R": [[-0.5296833700618537, 0.8464504124571851, -0.054380389213198405], [-0.8461101627589577, -0.5317870029390133, -0.036057953091551825], [-0.059440053465049686, 0.026912501857009358, 0.997869028123365]], "T": [0.03848291398588088, -0.015443923246370898, 0.03386244212737082], "aligned_model": [[0.552012962701813, 0.5088637194066362, -0.12432679213012868, -0.16747603542530543, 0.5816112172250314, 0.043512360852701035, -0.042786125737652426, -0.3192845325519889, -0.3624337758471657, 0.18673384011368693, -0.5056557479416381, -0.5488049912368149, 0.00036311755752430064], [-0.28686835567259233, -0.31547928349390003, 0.545710846378348, 0.5170999185570402, 0.43135153878411, 0.08852781322834204, 0.031305957585726615, -0.5229736648810042, -0.551584592702312, -0.6298282110861683, 0.1667714798324029, 0.1381605520110952, 0.059916885407034326], [-0.34554243429589776, 0.4462373615862254, -0.3523153845579939, 0.4394644113241293, -0.317976588388771, -0.7572715905145845, 0.8262880012496615, -0.4015567703472014, 0.3902230255349218, 0.01974085265027508, -0.38678944274521276, 0.4049903531369104, 0.03450820536753856]], "inverted": false, "swapped": false, "error_lsq": 0.036195580081795686, "error_max": 0.3252768406014152, "target": "68.xyz", "model": "6.xyz", "model_rescale": 4.509807586411629, "target_rescale": 4.44984578191717},
{"mapping": [4, 5, 9, 10, 6, 0, 1, 2, 3, 8, 11, 12, 13], "R": [[-0.529683370061854, 0.8464504124571847, -0.05438038921319807], [-0.8461101627589572, -0.5317870029390135, -0.03605795309155157], [-0.05944005346504931, 0.026912501857009177, 0.9978690281233646]], "T": [0.03848291398588087, -0.015443923246370912, 0.033862442127370836], "aligned_model": [[0.5520129627018127, 0.5088637194066362, -0.12432679213012858, -0.16747603542530504, 0.5816112172250313, 0.043512360852700806, -0.042786125737652156, -0.3192845325519892, -0.36243377584716563, 0.18673384011368666, -0.505655747941638, -0.5488049912368146, 0.00036311755752433533], [-0.28686835567259256, -0.31547928349390003, 0.5457108463783478, 0.5170999185570402, 0.43135153878410953, 0.08852781322834181, 0.031305957585726796, -0.5229736648810039, -0.5515845927023115, -0.6298282110861682, 0.16677147983240295, 0.13816055201109548, 0.05991688540703431], [-0.34554243429589765, 0.4462373615862249, -0.3523153845579937, 0.43946441132412883, -0.3179765883887711, -0.7572715905145841, 0.8262880012496615, -0.4015567703472009, 0.39022302553492166, 0.01974085265027508, -0.3867894427452124, 0.4049903531369102, 0.03450820536753847]], "inverted": false, "swapped": false, "error_lsq": 0.03619558008179568, "error_max": 0.32527684060141515, "target": "68.xyz", "model": "7.xyz", "model_rescale": 4.509807586411629, "target_rescale": 4.44984578191717},
{"mapping": [0, 6, 8, 5, 4, 2, 7, 11, 10, 9, 3, 1, 13], "R": [[0.413035465976086, -0.4542949871106118, 0.7893147461767623], [-0.38646311162255387, -0.8722244996320832, -0.29978439852096317], [0.8246502089982947, -0.18121944412157112, -0.535827906954591]], "T": [-0.05745177171803763, -0.023676595168567842, -0.006141723029420169], "aligned_model": [[0.5540021053304185, 0.6186384482406876, -0.03481199254840339, -0.10401593566575275, 0.5222821565697779, -0.03091807795364078, -0.00765964399484316, -0.06840236536618773, -0.4224886668129808, 0.20380942542254987, -0.6572161701891714, -0.6985940791406429, -0.0722959869051124], [-0.34148424132142463, -0.20631801881726985, 0.5412940842302725, 0.5837332908890167, 0.34586316647402343, 0.06763660601180027, 0.0315521055977234, -0.5772718962432689, -0.4355863547433406, -0.6734564791583338, 0.3055067304267935, 0.13425600750856187, -0.1036141169064313], [-0.40844873417248684, 0.35155838447510046, -0.28888079240309145, 0.3258483410707005, -0.09931538166185938, -0.7585589858718754, 0.7767221072076603, -0.4529634681326012, 0.42700190775381147, 0.0018381850212516107, -0.33339526313931556, 0.4418787112926328, 0.01671498856007316]], "inverted": true, "swapped": false, "error_lsq": 0.03859708547683978, "error_max": 0.2182623767305437, "target": "68.xyz", "model": "8.xyz", "model_rescale": 4.509807586411629, "target_rescale": 4.44984578191717},
{"mapping": [6, 7, 11, 12, 4, 0, 1, 2, 3, 8, 9, 10, 13], "R": [[0.5296835023723835, -0.8464503293906133, -0.05438039342490906], [0.8461100795478743, 0.5317871354148328, -0.036057951893813805], [0.059440058899833566, -0.026912496759104287, 0.9978690279371216]], "T": [0.03848294364193192, -0.015443888410693166, 0.03386244577916212], "aligned_model": [[0.5520127710392254, 0.5088635236182004, -0.12432686597958492, -0.16747611340060986, 0.5816113260702667, 0.043512288268457516, -0.04278620657359233, -0.31928458933139303, -0.3624338367524179, 0.18673415181236191, -0.5056555126053115, -0.5488047600263364, 0.0003630408474325983], [-0.2868682853265675, -0.3154792127173376, 0.5457110375959702, 0.5171001102052, 0.43135149943441226, 0.08852766733959064, 0.0313058125580504, -0.5229735801709845, -0.5515845075617547, -0.6298284463136672, 0.16677148817357984, 0.1381605607828097, 0.05991673994882052], [-0.34554244622328634, 0.4462373638969178, -0.35231538955252256, 0.4394644205676816, -0.3179765886353837, -0.757271613663598, 0.8262880065768101, -0.4015567778094309, 0.39022303231077327, 0.019740863274219044, -0.38678943865949494, 0.4049903714607092, 0.0345081964566061]], "inverted": false, "swapped": false, "error_lsq": 0.036195568365251035, "error_max": 0.3252768437464448, "target": "68.xyz", "model": "9.xyz", "model_rescale": 4.509807504472865, "target_rescale": 4.44984578191717},
{"mapping": [6, 7, 11, 12, 5, 0, 1, 2, 3, 8, 9, 10, 13], "R": [[0.5296835023723835, -0.8464503293906133, 0.054380393424909065], [0.8461100795478743, 0.5317871354148328, 0.03605795189381387], [-0.05944005889983363, 0.026912496759104267, 0.9978690279371216]], "T": [0.03848294364193192, -0.015443888410693166, -0.03386244577916205], "aligned_model": [[0.5088635236182004, 0.5520127710392254, -0.16747611340060986, -0.12432686597958492, 0.5816113260702667, -0.04278620657359233, 0.04351228826845753, -0.3624338367524179, -0.31928458933139303, 0.18673415181236191, -0.5488047600263364, -0.5056555126053115, 0.00036304084743259135], [-0.31547921271733764, -0.28686828532656744, 0.5171001102052, 0.5457110375959702, 0.4313514994344123, 0.031305812558050344, 0.0885276673395907, -0.5515845075617547, -0.5229735801709845, -0.6298284463136672, 0.1381605607828097, 0.16677148817357984, 0.05991673994882052], [-0.44623736389691754, 0.3455424462232864, -0.43946442056768137, 0.35231538955252256, 0.3179765886353837, -0.8262880065768102, 0.7572716136635982, -0.39022303231077293, 0.401556777809431, -0.019740863274219037, -0.40499037146070893, 0.386789438659495, -0.03450819645660613]], "inverted": false, "swapped": false, "error_lsq": 0.03619556836525105, "error_max": 0.32527684374644483, "target": "68.xyz", "model": "10.xyz", "model_rescale": 4.509807504472865, "target_rescale": 4.44984578191717},
{"mapping": [0, 4, 8, 7, 6, 2, 5, 9, 12, 11, 3, 1, 13], "R": [[-0.4130355342160449, 0.4542949334208383, 0.7893147413693871], [0.3864629976223339, 0.872224550771042, -0.29978439669371365], [-0.8246502282444517, 0.1812193325790878, -0.5358279150585228]], "T": [-0.05745174401412829, -0.023676603698514268, -0.0061416759351527106], "aligned_model": [[0.5540020556023584, 0.6186385189053135, -0.03481181739426671, -0.10401603682336008, 0.5222820629768793, -0.03091809327936052, -0.007659580894925806, -0.06840221934809143, -0.42248869564124336, 0.20380940415899607, -0.6572161930796, -0.6985941439981203, -0.07229604419788113], [-0.3414841672088729, -0.20631794555678512, 0.5412944454784382, 0.5837331306095893, 0.3458630033225989, 0.06763652407377267, 0.0315521817302053, -0.5772717679203883, -0.43558654604871677, -0.6734566733357072, 0.3055066513607631, 0.13425608736510788, -0.10361403992188245], [-0.4084488747684043, 0.3515584235425622, -0.2888807289869188, 0.32584829416359096, -0.0993154427240075, -0.7585589630928411, 0.7767221604301606, -0.45296333180334286, 0.42700198260302813, 0.0018382457154296284, -0.3333952262052427, 0.4418785990067925, 0.016714862119194263]], "inverted": true, "swapped": false, "error_lsq": 0.038597085288165175, "error_max": 0.21826233512116336, "target": "68.xyz", "model": "11.xyz", "model_rescale": 4.509807504472865, "target_rescale": 4.44984578191717},
{"mapping": [6, 7, 11, 12, 4, 0, 1, 2, 3, 8, 9, 10, 13], "R": [[0.5296833930156405, -0.8464503981753021, -0.0543803879382191], [0.8461101483529291, 0.5317870258225542, -0.036057953643914564], [0.059440053984020316, -0.02691249887458705, 0.9978690281728871]], "T": [0.03848285265928063, -0.015443827433853977, 0.03386244096119851], "aligned_model": [[0.5520128726914628, 0.5088636321311923, -0.12432683268983423, -0.16747607325010466, 0.5816113331563811, 0.04351237058712606, -0.042786110533414815, -0.3192845942594136, -0.36243383481968405, 0.1867341316464507, -0.5056557835700243, -0.5488050241302947, 0.00036313002685562507], [-0.2868682621026573, -0.31547918921961643, 0.5457109249524801, 0.5170999978355209, 0.4313514848986142, 0.08852760082016993, 0.031305746586251695, -0.5229735382691929, -0.5515844653861521, -0.6298283305426331, 0.166771583894543, 0.13816065677758388, 0.05991667370321081], [-0.345542422015603, 0.4462373422845719, -0.35231536879931913, 0.43946439550085575, -0.3179765698552868, -0.7572715670988875, 0.8262879615014619, -0.4015567543451848, 0.39022300995499015, 0.019740862406166994, -0.3867894255176136, 0.4049903387825613, 0.03450819720128719]], "inverted": false, "swapped": false, "error_lsq": 0.036195572399309164, "error_max": 0.3252768233235932, "target": "68.xyz", "model": "12.xyz", "model_rescale": 4.509807766519439, "target_rescale": 4.44984578191717},
{"mapping": [6, 7, 11, 12, 4, 0, 1, 2, 3, 8, 9, 10, 13], "R": [[0.5296833930156405, -0.8464503981753019, -0.05438038793821907], [0.8461101483529289, 0.5317870258225542, -0.03605795364391456], [0.05944005398402028, -0.026912498874587028, 0.997869028172887]], "T": [0.03848285265928062, -0.015443827433853984, 0.03386244096119857], "aligned_model": [[0.5520128726914627, 0.5088636321311923, -0.12432683268983413, -0.16747607325010455, 0.5816113331563811, 0.043512370587126044, -0.042786110533414794, -0.31928459425941363, -0.362433834819684, 0.1867341316464506, -0.5056557835700242, -0.5488050241302946, 0.00036313002685563894], [-0.2868682621026573, -0.31547918921961643, 0.5457109249524799, 0.5170999978355209, 0.4313514848986141, 0.0885276008201699, 0.03130574658625167, -0.5229735382691929, -0.5515844653861519, -0.629828330542633, 0.16677158389454302, 0.1381606567775839, 0.059916673703210785], [-0.3455424220156028, 0.4462373422845717, -0.35231536879931896, 0.43946439550085553, -0.31797656985528666, -0.7572715670988874, 0.8262879615014621, -0.40155675434518456, 0.39022300995498993, 0.019740862406166963, -0.3867894255176134, 0.4049903387825611, 0.03450819720128716]], "inverted": false, "swapped": false, "error_lsq": 0.03619557239930916, "error_max": 0.3252768233235931, "target": "68.xyz", "model": "13.xyz", "model_rescale": 4.509807766519439, "target_rescale": 4.44984578191717},
{"mapping": [0, 4, 8, 7, 6, 2, 5, 9, 12, 11, 3, 1, 13], "R": [[-0.4130354682844496, 0.4542949737934303, 0.7893147526336195], [0.38646310950997, 0.8722245053469032, -0.2997843846170696], [-0.8246502088321632, 0.18121945000020445, -0.5358279052220899]], "T": [-0.05745180313541461, -0.02367671972906503, -0.006141702384050052], "aligned_model": [[0.5540020648294599, 0.6186384917752983, -0.03481183043789626, -0.10401597531436016, 0.5222820970320832, -0.030918108762835537, -0.00765958057114504, -0.06840238657680955, -0.4224886794219254, 0.20380939292451797, -0.6572161811092789, -0.6985940798634267, -0.07229600751698355], [-0.3414840633784679, -0.20631793458378406, 0.5412943255669062, 0.5837331398467386, 0.3458630359638755, 0.06763648170330078, 0.03155216929907907, -0.5772719967653488, -0.43558647014956575, -0.6734565740324289, 0.30550658558616384, 0.13425614438725825, -0.1036139594956047], [-0.4084488391915996, 0.3515584328488253, -0.28888067736958745, 0.325848351110585, -0.0993153532675585, -0.7585589346453111, 0.7767221372269687, -0.4529634322725889, 0.4270019077271735, 0.0018382033490299708, -0.33339523026716755, 0.4418785695646873, 0.016714865186543987]], "inverted": true, "swapped": false, "error_lsq": 0.03859707625264668, "error_max": 0.2182622744391545, "target": "68.xyz", "model": "14.xyz", "model_rescale": 4.509807766519439, "target_rescale": 4.44984578191717},
{"mapping": [6, 5, 1, 0, 11, 10, 8, 7, 9, 3, 2, 12], "R": [[-0.8645986129006554, 0.5024631713571281, -3.265037635934283e-17], [0.5024631713571281, 0.8645986129006554, -1.1825149170248325e-16], [-3.1187549427568685e-17, -1.186456873509196e-16, -1.0]], "T": [0.01358273318222376, 0.07479150540236999, 1.0217553038612878e-16], "aligned_model": [[0.08964353836577271, 0.08964353836577277, -0.5822832575248031, -0.5822832575248031, 0.5539971829255973, 0.5539971829255973, -0.026383260511353788, -0.02638326051135376, -0.49073690507117834, 0.39526695141228446, 0.39526695141228446, 0.08964353836577274], [0.041225605871919896, 0.04122560587192009, 0.09765723287616995, 0.09765723287617004, -0.09151388991199043, -0.09151388991199032, -0.527027780675306, -0.527027780675306, -0.3942882848913956, 0.615141109394902, 0.615141109394902, 0.04122560587191999], [-0.8041627003213317, 0.804162700321332, -0.402081350160666, 0.40208135016066604, -0.402081350160666, 0.40208135016066604, -0.40208135016066593, 0.4020813501606661, 1.7411114131023582e-16, -0.40208135016066604, 0.402081350160666, 1.0366133416050265e-16]], "inverted": false, "swapped": true, "error_lsq": 0.025843793555912365, "error_max": 0.11171858653168984, "target": "68.xyz", "model": "15.xyz", "model_rescale": 4.510870436145588, "target_rescale": 4.44984578191717},
{"mapping": [6, 5, 1, 0, 11, 10, 8, 7, 9, 3, 2, 12], "R": [[-0.8645986129006554, 0.5024631713571284, -3.510792060487921e-17], [0.5024631713571284, 0.8645986129006554, -1.2737123191944766e-16], [-3.3645093673105066e-17, -1.27765427567884e-16, -1.0000000000000002]], "T": [0.013582733182223774, 0.07479150540237, 3.7776551703542906e-17], "aligned_model": [[0.08964353836577273, 0.08964353836577278, -0.5822832575248031, -0.5822832575248031, 0.5539971829255973, 0.5539971829255973, -0.026383260511353885, -0.026383260511353857, -0.49073690507117856, 0.3952669514122847, 0.3952669514122847, 0.08964353836577275], [0.04122560587191988, 0.04122560587192009, 0.09765723287617006, 0.09765723287617017, -0.09151388991199058, -0.09151388991199047, -0.5270277806753061, -0.5270277806753061, -0.39428828489139556, 0.615141109394902, 0.615141109394902, 0.041225605871919986], [-0.8041627003213321, 0.8041627003213321, -0.40208135016066615, 0.4020813501606661, -0.40208135016066615, 0.4020813501606661, -0.4020813501606661, 0.40208135016066615, 1.1522943628105785e-16, -0.4020813501606662, 0.40208135016066604, 3.938154496769351e-17]], "inverted": false, "swapped": true, "error_lsq": 0.025843793555912372, "error_max": 0.11171858653168991, "target": "68.xyz", "model": "16.xyz", "model_rescale": 4.510870436145588, "target_rescale": 4.44984578191717},
{"mapping": [6, 5, 1, 0, 11, 10, 8, 7, 9, 3, 2, 12], "R": [[-0.8645986129006555, 0.5024631713571279, 4.026406333379893e-18], [0.5024631713571279, 0.8645986129006555, 9.197913190968552e-17], [4.273490098720152e-17, 8.154815076036301e-17, -1.0]], "T": [0.01358273318222374, 0.07479150540236999, 1.6617320011202023e-16], "aligned_model": [[0.08964353836577271, 0.08964353836577271, -0.5822832575248033, -0.5822832575248033, 0.5539971829255972, 0.5539971829255972, -0.026383260511353656, -0.026383260511353656, -0.49073690507117823, 0.3952669514122844, 0.3952669514122844, 0.08964353836577271], [0.04122560587192009, 0.04122560587191994, 0.0976572328761699, 0.09765723287616981, -0.0915138899119902, -0.09151388991199026, -0.527027780675306, -0.527027780675306, -0.3942882848913958, 0.6151411093949022, 0.6151411093949022, 0.041225605871920014], [-0.8041627003213317, 0.804162700321332, -0.40208135016066593, 0.4020813501606661, -0.40208135016066593, 0.4020813501606661, -0.402081350160666, 0.40208135016066604, 1.2099705241891097e-16, -0.4020813501606659, 0.40208135016066615, 1.6339208951915474e-16]], "inverted": false, "swapped": true, "error_lsq": 0.025843793555912375, "error_max": 0.11171858653169005, "target": "68.xyz", "model": "17.xyz", "model_rescale": 4.510870436145588, "target_rescale": 4.44984578191717},
{"mapping": [9, 8, 3, 5, 7, 0, 6, 1, 2, 10, 11, 4, 12], "R": [[0.35745917219954965, 0.8403613840210671, 0.4074502232869796], [0.4329584653855035, -0.5356737467826256, 0.7249831751557366], [0.8275082522014161, -0.08274286225445926, -0.5553230692889475]], "T": [-0.09074696807181713, -0.11864634186607577, 0.07233280414810354], "aligned_model": [[0.5793859775898084, 0.3386083779131324, -0.32143791141433875, 0.2063940937070864, 0.6650790532905206, -0.04075556193894482, -0.1200765816703018, -0.3672262373163331, -0.2584829026630342, 0.25291530221242015, -0.5521535786459437, -0.647908586791727, 0.06798777271435409], [-0.06019618852664928, -0.345613096787025, 0.6333654979522142, 0.7139742775911376, 0.23528177896232932, 0.010956378698517275, 0.1330794018417834, -0.5699384970508371, -0.574373475146457, -0.6410910642760036, 0.07767384788335514, 0.05247062220285993, 0.006521400602897451], [-0.4418156241121142, 0.45176432978837294, -0.19730991847542007, 0.29520568636519856, 0.006810106863051155, -0.8039334718374453, 0.7401599092905202, -0.3589792489121235, 0.43644721329003006, 0.003138598813207494, -0.3706248758878861, 0.24764430444990165, -0.008507009635291815]], "inverted": true, "swapped": false, "error_lsq": 0.050340145407665626, "error_max": 0.33425182349678595, "target": "68.xyz", "model": "18.xyz", "model_rescale": 4.466005644533647, "target_rescale": 4.44984578191717},
{"mapping": [5, 4, 9, 8, 7, 3, 2, 1, 0, 12, 11, 10, 13], "R": [[0.5296833708176699, -0.8464504120928756, -0.05438038752190104], [0.8461101623163193, 0.5317870036078954, -0.03605795361342732], [0.05944005303061929, -0.02691250009823267, 0.9978690281966768]], "T": [0.03848291079027466, -0.015443862141250587, 0.0338624432240366], "aligned_model": [[0.5520129443898244, 0.5088637036342585, -0.12432679103887784, -0.16747603179444387, 0.5816113863846968, 0.043512238783385476, -0.04278624272774659, -0.3192845269597764, -0.3624337677153424, 0.1867340199955776, -0.5056557366185552, -0.5488049773741213, 0.0003629980278194514], [-0.2868682872162157, -0.3154792146575143, 0.5457108922524548, 0.5170999648111564, 0.4313514693498263, 0.08852768427529811, 0.03130582939270102, -0.5229735891669621, -0.5515845166082606, -0.6298282509530849, 0.16677153653801122, 0.13816060909671266, 0.059916756833999565], [-0.3455424237068656, 0.44623735025742095, -0.3523153721452994, 0.43946440181898716, -0.3179765722424292, -0.7572715805899222, 0.826287967338651, -0.4015567568358134, 0.3902230171284732, 0.019740859503855547, -0.38678942893285406, 0.4049903450314325, 0.034508193374364206]], "inverted": true, "swapped": false, "error_lsq": 0.03619556866023864, "error_max": 0.3252768277724899, "target": "68.xyz", "model": "19.xyz", "model_rescale": 4.509807711582247, "target_rescale": 4.44984578191717},
{"mapping": [3, 7, 12, 4, 5, 1, 6, 11, 8, 9, 0, 2, 13], "R": [[-0.41303545138086273, 0.4542949912072213, 0.7893147514563742], [0.3864631384446252, 0.8722244909637823, -0.2997843891641144], [-0.8246502037386138, 0.1812194755731335, -0.5358279044122852]], "T": [-0.05745177255822334, -0.023676659120507985, -0.00614169048652669], "aligned_model": [[0.5540019991895871, 0.6186385229250181, -0.03481188497782397, -0.1040159352669767, 0.5222821437747418, -0.03091806820743284, -0.007659556116700467, -0.06840236381663181, -0.4224886667818347, 0.20380941225988378, -0.6572161472491513, -0.6985941588938495, -0.07229607985213121], [-0.3414842038770257, -0.2063178997202143, 0.5412942059463912, 0.5837332009043935, 0.345863090515918, 0.06763656091986382, 0.03155221066826118, -0.5772719319212153, -0.4355864169097442, -0.6734565272982197, 0.3055066713083393, 0.13425601689992506, -0.10361409348855032], [-0.4084488738074146, 0.35155845157905485, -0.28888069529302, 0.3258483811762384, -0.09931532773857202, -0.7585589294497713, 0.7767221604938652, -0.4529634392327708, 0.4270019112962804, 0.0018382023814700011, -0.33339522053496096, 0.441878544022206, 0.01671483510739575]], "inverted": false, "swapped": false, "error_lsq": 0.03859708531878285, "error_max": 0.21826233080683322, "target": "68.xyz", "model": "20.xyz", "model_rescale": 4.509807711582248, "target_rescale": 4.44984578191717},
{"mapping": [10, 7, 4, 6, 8, 1, 5, 0, 2, 9, 11, 3, 12], "R": [[-0.35745917219955015, -0.8403613840210669, 0.40745022328697905], [-0.43295846538550314, 0.5356737467826254, 0.7249831751557367], [-0.827508252201416, 0.08274286225446004, -0.5553230692889473]], "T": [-0.09074696807181712, -0.11864634186607587, 0.07233280414810361], "aligned_model": [[0.5793859775898079, 0.3386083779131328, -0.3214379114143391, 0.20639409370708647, 0.6650790532905205, -0.04075556193894553, -0.12007658167030125, -0.3672262373163333, -0.25848290266303386, 0.2529153022124202, -0.5521535786459439, -0.6479085867917268, 0.06798777271435405], [-0.06019618852664921, -0.34561309678702506, 0.6333654979522141, 0.7139742775911375, 0.2352817789623292, 0.010956378698517344, 0.13307940184178318, -0.569938497050837, -0.5743734751464571, -0.6410910642760035, 0.07767384788335516, 0.05247062220285986, 0.006521400602897409], [-0.4418156241121145, 0.45176432978837244, -0.1973099184754194, 0.2952056863651989, 0.006810106863051002, -0.8039334718374452, 0.7401599092905203, -0.35897924891212374, 0.4364472132900299, 0.0031385988132069803, -0.37062487588788573, 0.24764430444990204, -0.008507009635291801]], "inverted": false, "swapped": false, "error_lsq": 0.05034014540766562, "error_max": 0.33425182349678667, "target": "68.xyz", "model": "21.xyz", "model_rescale": 4.466005644533646, "target_rescale": 4.44984578191717},
{"mapping": [9, 8, 3, 5, 7, 0, 6, 1, 2, 10, 11, 4, 12], "R": [[0.35745910894786903, 0.8403614252494784, 0.4074501937450278], [0.432958503545563, -0.5356736884932342, 0.7249831954353427], [0.8275082595586476, -0.08274282088929946, -0.5553230644890406]], "T": [-0.09074697214023753, -0.1186463422386852, 0.07233280391763565], "aligned_model": [[0.5793859009150041, 0.3386084725424451, -0.3214378659530275, 0.20639411832120197, 0.6650791268755544, -0.04075544622949362, -0.12007653601190726, -0.36722610056260285, -0.25848298418649596, 0.25291524658189485, -0.5521538651663507, -0.6479085202861367, 0.0679876701466133], [-0.060196088918194335, -0.3456131226432519, 0.6333654231260835, 0.7139742484608311, 0.23528177402820927, 0.01095630936393388, 0.13307935178936992, -0.5699385873075273, -0.5743734254620152, -0.6410909855896555, 0.07767398943627118, 0.05247052645462236, 0.006521471209446017], [-0.4418155937526611, 0.45176434375699465, -0.19730995086664893, 0.29520567745591564, 0.00681012109817454, -0.8039334884215782, 0.7401599001147358, -0.35897926576275807, 0.43644722571293293, 0.0031386289061589856, -0.3706248730875499, 0.2476442717921712, -0.008506996945887232]], "inverted": true, "swapped": false, "error_lsq": 0.05034014133059276, "error_max": 0.33425177362219044, "target": "68.xyz", "model": "22.xyz", "model_rescale": 4.46600560860683, "target_rescale": 4.44984578191717},
{"mapping": [5, 4, 9, 8, 7, 3, 2, 1, 0, 12, 11, 10, 13], "R": [[0.5296834296868408, -0.8464503751058127, -0.054380389833235426], [0.8461101252799051, 0.5317870625751985, -0.03605795302654912], [0.05944005563598073, -0.026912498227979368, 0.9978690280919238]], "T": [0.038482904701237636, -0.015443861368413653, 0.03386244329462074], "aligned_model": [[0.5520128297363676, 0.508863586790821, -0.12432685335764299, -0.1674760963031895, 0.5816113219419633, 0.04351233365771822, -0.04278615223337481, -0.31928466523700816, -0.3624339081825547, 0.18673425392538223, -0.5056556407592045, -0.548804883704751, 0.0003630907121717139], [-0.28686826423105, -0.31547919144273345, 0.5457109691763433, 0.5171000419646599, 0.43135149611346485, 0.08852762913097792, 0.03130577470761092, -0.5229735073408595, -0.5515844345525429, -0.6298284423935757, 0.166771519054108, 0.1381605918424245, 0.05991670191929442], [-0.34554243072101454, 0.4462373496927637, -0.35231537641527905, 0.4394644039984992, -0.3179765767346894, -0.7572715837308408, 0.8262879770967155, -0.40155676489634085, 0.3902230155174374, 0.019740866412257328, -0.38678942865811183, 0.40499035175566633, 0.03450819668293732]], "inverted": true, "swapped": false, "error_lsq": 0.036195572132305884, "error_max": 0.3252768310969005, "target": "68.xyz", "model": "23.xyz", "model_rescale": 4.509807674373902, "target_rescale": 4.44984578191717},
{"mapping": [3, 7, 12, 4, 5, 1, 6, 11, 8, 9, 0, 2, 13], "R": [[-0.4130354916210528, 0.45429495924209407, 0.7893147487970684], [0.3864630698979381, 0.8722245215261576, -0.29978438860875806], [-0.8246502157074942, 0.18121940860649982, -0.5358279086403523]], "T": [-0.05745176927523613, -0.023676653849585866, -0.006141687869767604], "aligned_model": [[0.5540020598415245, 0.6186384995131595, -0.03481176264068711, -0.10401599906574152, 0.5222820830331929, -0.030918140647987737, -0.007659582585774906, -0.06840229952982471, -0.4224886868347106, 0.20380939526422379, -0.657216222746922, -0.6985941043563435, -0.07229602225740962], [-0.34148410330553935, -0.20631794173980417, 0.5412944894888825, 0.5837331330047917, 0.34586302109441847, 0.06763642489707819, 0.03155217017056905, -0.5772718625808243, -0.43558650054928416, -0.6734566124596574, 0.30550653680745143, 0.13425612051520686, -0.10361399139516622], [-0.40844885240772305, 0.3515584288542812, -0.28888067028340486, 0.3258483302637323, -0.09931538551375514, -0.7585589595373939, 0.7767221446317686, -0.452963385700824, 0.42700193335684883, 0.0018382175793613892, -0.3333952437599064, 0.4418785791472514, 0.01671486336976426]], "inverted": false, "swapped": false, "error_lsq": 0.03859707594048234, "error_max": 0.2182622507671865, "target": "68.xyz", "model": "24.xyz", "model_rescale": 4.509807674373903, "target_rescale": 4.44984578191717},
{"mapping": [10, 7, 4, 6, 8, 1, 5, 0, 2, 9, 11, 3, 12], "R": [[-0.3574591089478684, -0.8403614252494787, 0.40745019374502844], [-0.43295850354556237, 0.5356736884932343, 0.7249831954353432], [-0.8275082595586484, 0.08274282088929913, -0.5553230644890398]], "T": [-0.09074697214023769, -0.11864634223868535, 0.0723328039176356], "aligned_model": [[0.5793859009150046, 0.33860847254244486, -0.3214378659530275, 0.20639411832120175, 0.6650791268755545, -0.04075544622949301, -0.12007653601190797, -0.3672261005626027, -0.2584829841864965, 0.25291524658189496, -0.5521538651663505, -0.6479085202861372, 0.06798767014661333], [-0.06019608891819421, -0.34561312264325234, 0.6333654231260838, 0.713974248460831, 0.23528177402820905, 0.010956309363934283, 0.13307935178936953, -0.5699385873075271, -0.5743734254620158, -0.6410909855896556, 0.0776739894362715, 0.05247052645462229, 0.006521471209445975], [-0.4418155937526607, 0.4517643437569948, -0.19730995086664865, 0.29520567745591664, 0.006810121098175428, -0.8039334884215783, 0.7401599001147361, -0.3589792657627589, 0.4364472257129325, 0.003138628906158708, -0.3706248730875504, 0.2476442717921707, -0.008506996945887108]], "inverted": false, "swapped": false, "error_lsq": 0.050340141330592766, "error_max": 0.3342517736221906, "target": "68.xyz", "model": "25.xyz", "model_rescale": 4.466005608606829, "target_rescale": 4.44984578191717},
{"mapping": [9, 8, 3, 5, 7, 0, 6, 1, 2, 10, 11, 4, 12], "R": [[0.35745919833388773, 0.8403613670231317, 0.40745023541717057], [0.4329584218696979, -0.5356737680264996, 0.7249831854466644], [0.8275082636799436, -0.08274289735865786, -0.5553230469538426]], "T": [-0.09074698174034575, -0.1186463571439263, 0.07233276287727872], "aligned_model": [[0.5793859682230598, 0.3386083852069199, -0.3214379375281155, 0.20639413513575705, 0.665079056152781, -0.040755628288284565, -0.12007653581010416, -0.36722629923414574, -0.25848287642107787, 0.25291529727719864, -0.5521535337780972, -0.6479086084739767, 0.06798779452478333], [-0.06019615689421692, -0.345613081462406, 0.6333654191220051, 0.7139742571076422, 0.23528177735368477, 0.010956342891357218, 0.13307939829155152, -0.5699385159247334, -0.5743734318502496, -0.6410910157103076, 0.0776739037520395, 0.05247056030591435, 0.006521426965841237], [-0.441815559036809, 0.45176434864813875, -0.1973100068888828, 0.2952057565138606, 0.0068101629054328205, -0.8039335634066207, 0.7401599422565666, -0.35897937766391474, 0.4364472334015156, 0.0031386267058968464, -0.3706247899478152, 0.2476441788538231, -0.008506952341190394]], "inverted": true, "swapped": false, "error_lsq": 0.050340147688099905, "error_max": 0.33425179591293197, "target": "68.xyz", "model": "26.xyz", "model_rescale": 4.466005838112752, "target_rescale": 4.44984578191717},
{"mapping": [5, 4, 9, 8, 7, 3, 2, 1, 0, 12, 11, 10, 13], "R": [[0.5296833050810076, -0.8464504532021514, -0.054380387938419296], [0.8461102037430056, 0.5317869378577728, -0.03605795121499755], [0.0594400491287655, -0.02691250634419, 0.9978690282606452]], "T": [0.03848288517653932, -0.015443894231253572, 0.033862439434625254], "aligned_model": [[0.5520128616319554, 0.5088636222822855, -0.12432679360386183, -0.16747603295353164, 0.5816113641602864, 0.043512266183439084, -0.042786212515900576, -0.31928455618479956, -0.3624337955344694, 0.1867340947815233, -0.505655694372164, -0.5488049337218337, 0.00036302683376926437], [-0.28686836492357937, -0.3154792893104471, 0.5457109162176523, 0.5170999918307846, 0.4313515528313058, 0.0885277369572756, 0.03130588818354018, -0.5229737252408349, -0.5515846496277026, -0.6298281531205518, 0.16677154598356964, 0.13816062159670195, 0.05991681257040789], [-0.34554241536843083, 0.4462373267841881, -0.3523153580457206, 0.4394643841068983, -0.31797655649627105, -0.7572715466254654, 0.8262879376797725, -0.40155674748170017, 0.39022299467091875, 0.019740867420113162, -0.3867894121620372, 0.4049903299905817, 0.034508195527153465]], "inverted": true, "swapped": false, "error_lsq": 0.036195571899270626, "error_max": 0.32527682598453717, "target": "68.xyz", "model": "27.xyz", "model_rescale": 4.509807893063789, "target_rescale": 4.44984578191717},
{"mapping": [3, 7, 12, 4, 5, 1, 6, 11, 8, 9, 0, 2, 13], "R": [[-0.4130354264755032, 0.4542950139686617, 0.7893147513884513], [0.3864631819456219, 0.8722244706807532, -0.29978439209896346], [-0.8246501958264876, 0.18121951613690357, -0.5358279028703546]], "T": [-0.05745178832469113, -0.02367664122366243, -0.006141726037366796], "aligned_model": [[0.5540020018240591, 0.618638514498976, -0.03481183456615648, -0.10401598247200075, 0.5222820713126339, -0.03091811581874123, -0.007659539285658677, -0.06840234236201717, -0.4224886413099349, 0.20380941247469972, -0.6572161696033759, -0.6985941057452097, -0.0722960519605754], [-0.341484218796924, -0.20631795084828602, 0.5412941683304945, 0.5837332259709532, 0.34586312282601694, 0.06763664578034542, 0.03155215229665023, -0.5772719173021967, -0.43558643096511857, -0.6734565341100548, 0.3055067489252817, 0.13425598749294831, -0.1036141156519878], [-0.408448803795622, 0.35155849719865023, -0.28888060621125744, 0.32584826314162696, -0.0993154274404714, -0.7585590222484505, 0.7767221877807485, -0.4529633865770832, 0.4270019281226297, 0.0018382375405313562, -0.3333953316663521, 0.4418785773685743, 0.016714886786476188]], "inverted": false, "swapped": false, "error_lsq": 0.03859708977251634, "error_max": 0.21826236994525147, "target": "68.xyz", "model": "28.xyz", "model_rescale": 4.5098078930637895, "target_rescale": 4.44984578191717},
