[{"mapping": [6, 5, 1, 0, 8, 7, 11, 10, 9, 3, 2, 12], "R": [[0.864598617393158, -0.5024631636267873, -2.077118214790222e-16], [-0.5024631636267873, -0.864598617393158, 5.4821507909221585e-17], [-2.0713314196583546e-16, 5.696893900131092e-17, -1.0]], "T": [-0.013582877083159133, -0.07479139490297247, 3.758892526608141e-17], "aligned_model": [[-0.0896436825668196, -0.08964368256681926, 0.5822831138283092, 0.5822831138283094, 0.026383111229576713, 0.02638311122957688, -0.5539973283134624, -0.5539973283134622, 0.4907367569762197, -0.39526709048197634, -0.3952670904819761, -0.08964368256681943], [-0.041225496052578976, -0.04122549605257906, -0.09765711704915905, -0.09765711704915908, 0.5270278915320378, 0.5270278915320378, 0.09151399557956445, 0.0915139955795644, 0.39428839989989434, -0.6151410023081274, -0.6151410023081274, -0.04122549605257902], [-0.8041627003213321, 0.804162700321332, -0.40208135016066593, 0.4020813501606658, -0.4020813501606658, 0.40208135016066593, -0.4020813501606657, 0.40208135016066604, 5.835022380670513e-17, -0.40208135016066576, 0.402081350160666, 1.550265735634509e-16]], "inverted": false, "swapped": true, "error_lsq": 0.025843789070289124, "error_max": 0.11171843421997683, "target": "69.xyz", "model": "0.xyz", "model_rescale": 4.5108708085295355, "target_rescale": 4.44984578191717},
{"mapping": [5, 6, 0, 1, 7, 8, 10, 11, 9, 2, 3, 12], "R": [[-0.8645986173931581, 0.5024631636267872, 2.209771179609745e-19], [0.5024631636267872, 0.8645986173931581, 5.4622522720407616e-17], [2.7254749060707493e-17, 4.7337590484370585e-17, -1.0]], "T": [-0.013582877083159098, -0.07479139490297247, -4.341033056237411e-18], "aligned_model": [[-0.0896436825668194, -0.0896436825668194, 0.5822831138283093, 0.5822831138283093, 0.026383111229576747, 0.026383111229576747, -0.5539973283134624, -0.5539973283134624, 0.49073675697621977, -0.3952670904819761, -0.3952670904819761, -0.0896436825668194], [-0.04122549605257899, -0.04122549605257907, -0.09765711704915897, -0.097657117049159, 0.5270278915320379, 0.5270278915320379, 0.09151399557956437, 0.09151399557956431, 0.3942883998998945, -0.6151410023081275, -0.6151410023081275, -0.04122549605257903], [-0.804162700321332, 0.8041627003213321, -0.4020813501606659, 0.4020813501606659, -0.4020813501606658, 0.40208135016066593, -0.4020813501606659, 0.4020813501606659, -7.840605486555793e-17, -0.40208135016066593, 0.4020813501606658, -1.023231733391263e-16]], "inverted": true, "swapped": true, "error_lsq": 0.025843789070289117, "error_max": 0.11171843421997701, "target": "69.xyz", "model": "1.xyz", "model_rescale": 4.510870808529536, "target_rescale": 4.44984578191717},
{"mapping": [6, 5, 1, 0, 8, 7, 11, 10, 9, 3, 2, 12], "R": [[0.8645986173931585, -0.5024631636267868, 1.5526182308494993e-16], [-0.5024631636267868, -0.8645986173931585, -4.54298037573689e-17], [1.5706596049206051e-16, -3.8734801300662744e-17, -1.0000000000000002]], "T": [-0.013582877083159074, -0.07479139490297247, 1.0247988744813634e-16], "aligned_model": [[-0.08964368256681927, -0.08964368256681952, 0.5822831138283096, 0.5822831138283093, 0.02638311122957653, 0.026383111229576404, -0.5539973283134624, -0.5539973283134626, 0.49073675697621955, -0.3952670904819758, -0.3952670904819759, -0.0896436825668194], [-0.0412254960525791, -0.04122549605257903, -0.09765711704915869, -0.09765711704915866, 0.5270278915320379, 0.5270278915320379, 0.09151399557956406, 0.09151399557956412, 0.3942883998998948, -0.6151410023081278, -0.6151410023081278, -0.041225496052579066], [-0.8041627003213322, 0.8041627003213323, -0.40208135016066576, 0.4020813501606662, -0.4020813501606659, 0.4020813501606661, -0.402081350160666, 0.402081350160666, 2.5927005688317897e-16, -0.40208135016066593, 0.40208135016066604, 1.889444425836103e-16]], "inverted": false, "swapped": true, "error_lsq": 0.025843789070289128, "error_max": 0.11171843421997715, "target": "69.xyz", "model": "2.xyz", "model_rescale": 4.5108708085295355, "target_rescale": 4.44984578191717},
{"mapping": [4, 5, 9, 10, 6, 0, 1, 2, 3, 8, 11, 12, 13], "R": [[-0.5296834529525585, 0.8464503604656237, -0.05438039109707298], [-0.8461101106159894, -0.5317870859067284, -0.03605795302327248], [-0.05944005704618214, 0.026912497662717062, 0.9978690280231676]], "T": [0.038482920352656685, -0.015443933553017309, 0.033862441143763466], "aligned_model": [[0.5520128302025042, 0.5088635869112093, -0.12432700737190475, -0.1674762506631998, 0.5816113417126921, 0.043512469760291855, -0.0427860168222982, -0.3192846579844141, -0.36243390127570907, 0.18673406272644297, -0.505655611693309, -0.548804854984604, 0.0003632264689968287], [-0.28686834584524956, -0.3154792726186507, 0.545711011422235, 0.5171000846488338, 0.4313514027066449, 0.08852774402402867, 0.03130589047722636, -0.522973561300911, -0.5515844880743122, -0.6298283913627399, 0.16677145969689525, 0.1381605329234941, 0.059916817250627516], [-0.3455424273606806, 0.4462373409414513, -0.3523153778577201, 0.43946439044441177, -0.31797657271141955, -0.7572715604973277, 0.8262879761069357, -0.40155676127350154, 0.39022300702863033, 0.019740857629969716, -0.38678942427884266, 0.40499034402328915, 0.03450820780480396]], "inverted": false, "swapped": false, "error_lsq": 0.03619558298803842, "error_max": 0.32527681145896653, "target": "69.xyz", "model": "3.xyz", "model_rescale": 4.509807743048502, "target_rescale": 4.44984578191717},
{"mapping": [4, 5, 9, 10, 6, 0, 1, 2, 3, 8, 11, 12, 13], "R": [[-0.5296834529525585, 0.8464503604656237, -0.05438039109707315], [-0.8461101106159894, -0.5317870859067284, -0.03605795302327251], [-0.059440057046182264, 0.02691249766271718, 0.9978690280231676]], "T": [0.03848292035265668, -0.015443933553017316, 0.033862441143763536], "aligned_model": [[0.5520128302025042, 0.5088635869112091, -0.12432700737190469, -0.16747625066319985, 0.5816113417126922, 0.04351246976029199, -0.04278601682229836, -0.319284657984414, -0.3624339012757091, 0.18673406272644297, -0.5056556116933089, -0.5488048549846041, 0.0003632264689968287], [-0.28686834584524956, -0.3154792726186507, 0.545711011422235, 0.5171000846488338, 0.4313514027066449, 0.08852774402402869, 0.03130589047722632, -0.522973561300911, -0.5515844880743122, -0.6298283913627399, 0.16677145969689525, 0.1381605329234941, 0.0599168172506275], [-0.3455424273606804, 0.4462373409414512, -0.35231537785772, 0.4394643904444116, -0.3179765727114193, -0.7572715604973278, 0.8262879761069359, -0.40155676127350154, 0.39022300702863005, 0.01974085762996968, -0.38678942427884266, 0.40499034402328893, 0.03450820780480393]], "inverted": false, "swapped": false, "error_lsq": 0.03619558298803842, "error_max": 0.32527681145896636, "target": "69.xyz", "model": "4.xyz", "model_rescale": 4.509807743048502, "target_rescale": 4.44984578191717},
{"mapping": [0, 6, 8, 5, 4, 2, 7, 11, 10, 9, 3, 1, 13], "R": [[0.41303549218827906, -0.4542949544461029, 0.7893147512606106], [-0.38646306655448137, -0.8722245241297686, -0.29978438534370944], [0.824650216990266, -0.18121940809806353, -0.5358279068380957]], "T": [-0.057451766518021155, -0.02367658969168849, -0.006141720775944969], "aligned_model": [[0.5540021472000308, 0.6186384922981853, -0.034811863380881075, -0.10401599929358903, 0.5222820752229307, -0.03091813746904666, -0.007659582218334474, -0.06840229299070795, -0.42248877788167244, 0.20380929663484731, -0.6572162119855665, -0.6985940018330087, -0.0722959273164891], [-0.34148411745381163, -0.2063178707957282, 0.5412943513354272, 0.5837331881649513, 0.3458630824675447, 0.06763648668767913, 0.03155223490167839, -0.5772717907102415, -0.43558662476082644, -0.673456730458233, 0.3055065923850857, 0.13425609394100155, -0.10361401175640494], [-0.40844869480781454, 0.35155839193514493, -0.28888073986438406, 0.3258482913232462, -0.0993154165498812, -0.7585589810753096, 0.7767220998082724, -0.4529634110026797, 0.42700185365248067, 0.001838145779353202, -0.3333952732021821, 0.4418787209384403, 0.016715013065313065]], "inverted": true, "swapped": false, "error_lsq": 0.038597079598264514, "error_max": 0.21826228151836288, "target": "69.xyz", "model": "5.xyz", "model_rescale": 4.509807743048502, "target_rescale": 4.44984578191717},
{"mapping": [4, 5, 9, 10, 6, 0, 1, 2, 3, 8, 11, 12, 13], "R": [[-0.529683370061854, 0.8464504124571847, -0.05438038921319837], [-0.8461101627589572, -0.5317870029390135, -0.036057953091551805], [-0.059440053465049665, 0.026912501857009302, 0.9978690281233646]], "T": [0.03848291398588087, -0.015443923246370918, 0.033862442127370745], "aligned_model": [[0.5520129627018128, 0.508863719406636, -0.12432679213012844, -0.16747603542530515, 0.5816112172250314, 0.043512360852701035, -0.04278612573765238, -0.3192845325519891, -0.3624337758471658, 0.18673384011368666, -0.5056557479416379, -0.5488049912368147, 0.0003631175575243284], [-0.28686835567259245, -0.31547928349390014, 0.5457108463783478, 0.5170999185570401, 0.43135153878410964, 0.088527813228342, 0.0313059575857266, -0.5229736648810039, -0.5515845927023116, -0.6298282110861682, 0.16677147983240306, 0.13816055201109537, 0.0599168854070343], [-0.3455424342958977, 0.44623736158622507, -0.3523153845579937, 0.43946441132412906, -0.31797658838877096, -0.7572715905145841, 0.8262880012496612, -0.4015567703472013, 0.3902230255349216, 0.019740852650274986, -0.38678944274521265, 0.4049903531369101, 0.034508205367538486]], "inverted": false, "swapped": false, "error_lsq": 0.036195580081795686, "error_max": 0.325276840601415, "target": "69.xyz", "model": "6.xyz", "model_rescale": 4.509807586411629, "target_rescale": 4.44984578191717},
{"mapping": [4, 5, 9, 10, 6, 0, 1, 2, 3, 8, 11, 12, 13], "R": [[-0.5296833700618537, 0.846450412457185, -0.05438038921319805], [-0.8461101627589576, -0.5317870029390133, -0.036057953091551624], [-0.05944005346504933, 0.026912501857009156, 0.9978690281233649]], "T": [0.03848291398588088, -0.015443923246370898, 0.03386244212737079], "aligned_model": [[0.5520129627018129, 0.5088637194066363, -0.12432679213012876, -0.1674760354253052, 0.5816112172250312, 0.04351236085270077, -0.04278612573765216, -0.3192845325519891, -0.3624337758471655, 0.18673384011368688, -0.5056557479416381, -0.5488049912368147, 0.0003631175575243145], [-0.2868683556725924, -0.3154792834939, 0.5457108463783479, 0.5170999185570403, 0.4313515387841098, 0.08852781322834188, 0.03130595758572677, -0.5229736648810042, -0.5515845927023117, -0.6298282110861683, 0.16677147983240284, 0.1381605520110953, 0.059916885407034326], [-0.3455424342958978, 0.44623736158622496, -0.3523153845579938, 0.43946441132412895, -0.31797658838877124, -0.7572715905145845, 0.8262880012496616, -0.40155677034720105, 0.3902230255349217, 0.01974085265027501, -0.38678944274521254, 0.40499035313691023, 0.03450820536753842]], "inverted": false, "swapped": false, "error_lsq": 0.03619558008179567, "error_max": 0.32527684060141526, "target": "69.xyz", "model": "7.xyz", "model_rescale": 4.509807586411629, "target_rescale": 4.44984578191717},
{"mapping": [0, 6, 8, 5, 4, 2, 7, 11, 10, 9, 3, 1, 13], "R": [[0.4130354659760865, -0.45429498711061184, 0.7893147461767619], [-0.38646311162255426, -0.872224499632083, -0.29978439852096284], [0.8246502089982942, -0.18121944412157134, -0.5358279069545915]], "T": [-0.057451771718037635, -0.023676595168567842, -0.006141723029420217], "aligned_model": [[0.5540021053304182, 0.6186384482406877, -0.034811992548403586, -0.1040159356657526, 0.5222821565697778, -0.030918077953641286, -0.007659643994842667, -0.06840236536618796, -0.4224886668129805, 0.20380942542254984, -0.6572161701891717, -0.6985940791406425, -0.07229598690511238], [-0.34148424132142435, -0.20631801881727002, 0.5412940842302726, 0.5837332908890166, 0.34586316647402354, 0.06763660601180063, 0.031552105597723, -0.5772718962432687, -0.43558635474334084, -0.6734564791583338, 0.30550673042679366, 0.1342560075085616, -0.1036141169064313], [-0.4084487341724872, 0.3515583844751001, -0.2888807924030912, 0.3258483410707007, -0.09931538166185948, -0.7585589858718754, 0.7767221072076603, -0.4529634681326015, 0.42700190775381136, 0.0018381850212511467, -0.3333952631393152, 0.44187871129263306, 0.016714988560073075]], "inverted": true, "swapped": false, "error_lsq": 0.03859708547683976, "error_max": 0.21826237673054402, "target": "69.xyz", "model": "8.xyz", "model_rescale": 4.509807586411629, "target_rescale": 4.44984578191717},
{"mapping": [6, 7, 11, 12, 4, 0, 1, 2, 3, 8, 9, 10, 13], "R": [[0.5296835023723835, -0.846450329390613, -0.05438039342490909], [0.8461100795478741, 0.5317871354148328, -0.036057951893813805], [0.0594400588998336, -0.0269124967591043, 0.9978690279371215]], "T": [0.038482943641931916, -0.015443888410693173, 0.03386244577916206], "aligned_model": [[0.5520127710392253, 0.5088635236182003, -0.12432686597958481, -0.16747611340060975, 0.5816113260702666, 0.04351228826845755, -0.042786206573592334, -0.31928458933139303, -0.362433836752418, 0.1867341518123618, -0.5056555126053114, -0.5488047600263363, 0.00036304084743260523], [-0.2868682853265675, -0.3154792127173376, 0.5457110375959702, 0.5171001102052, 0.43135149943441214, 0.08852766733959061, 0.03130581255805037, -0.5229735801709844, -0.5515845075617546, -0.6298284463136671, 0.1667714881735799, 0.13816056078280975, 0.05991673994882049], [-0.34554244622328634, 0.4462373638969177, -0.3523153895525226, 0.4394644205676814, -0.3179765886353837, -0.7572716136635979, 0.82628800657681, -0.401556777809431, 0.39022303231077304, 0.01974086327421897, -0.386789438659495, 0.40499037146070904, 0.034508196456606036]], "inverted": false, "swapped": false, "error_lsq": 0.036195568365251035, "error_max": 0.32527684374644467, "target": "69.xyz", "model": "9.xyz", "model_rescale": 4.509807504472865, "target_rescale": 4.44984578191717},
{"mapping": [6, 7, 11, 12, 4, 0, 1, 2, 3, 8, 9, 10, 13], "R": [[0.5296835023723838, -0.846450329390613, -0.05438039342490906], [0.8461100795478741, 0.5317871354148331, -0.03605795189381384], [0.05944005889983362, -0.026912496759104253, 0.9978690279371216]], "T": [0.03848294364193193, -0.015443888410693187, 0.0338624457791621], "aligned_model": [[0.5520127710392253, 0.5088635236182004, -0.12432686597958471, -0.16747611340060958, 0.5816113260702668, 0.04351228826845756, -0.04278620657359229, -0.31928458933139325, -0.36243383675241814, 0.1867341518123617, -0.5056555126053115, -0.5488047600263364, 0.0003630408474326399], [-0.28686828532656766, -0.31547921271733775, 0.5457110375959703, 0.5171001102052001, 0.4313514994344121, 0.08852766733959065, 0.03130581255805036, -0.5229735801709844, -0.5515845075617546, -0.6298284463136672, 0.16677148817358003, 0.1381605607828099, 0.059916739948820505], [-0.34554244622328634, 0.4462373638969176, -0.3523153895525225, 0.4394644205676814, -0.31797658863538364, -0.7572716136635981, 0.8262880065768103, -0.40155677780943094, 0.390223032310773, 0.019740863274218885, -0.38678943865949494, 0.404990371460709, 0.03450819645660599]], "inverted": false, "swapped": false, "error_lsq": 0.03619556836525103, "error_max": 0.3252768437464446, "target": "69.xyz", "model": "10.xyz", "model_rescale": 4.509807504472865, "target_rescale": 4.44984578191717},
{"mapping": [0, 4, 8, 7, 6, 2, 5, 9, 12, 11, 3, 1, 13], "R": [[-0.4130355342160449, 0.45429493342083827, 0.7893147413693871], [0.38646299762233394, 0.872224550771042, -0.29978439669371365], [-0.8246502282444517, 0.1812193325790878, -0.5358279150585229]], "T": [-0.05745174401412829, -0.023676603698514268, -0.006141675935152775], "aligned_model": [[0.5540020556023584, 0.6186385189053135, -0.03481181739426671, -0.10401603682336014, 0.5222820629768793, -0.03091809327936052, -0.007659580894925806, -0.06840221934809143, -0.4224886956412433, 0.20380940415899612, -0.6572161930796, -0.6985941439981203, -0.07229604419788113], [-0.341484167208873, -0.20631794555678518, 0.5412944454784382, 0.5837331306095893, 0.3458630033225989, 0.0676365240737727, 0.03155218173020527, -0.5772717679203883, -0.43558654604871677, -0.6734566733357072, 0.3055066513607631, 0.13425608736510786, -0.10361403992188246], [-0.4084488747684045, 0.35155842354256206, -0.2888807289869189, 0.3258482941635909, -0.09931544272400762, -0.7585589630928413, 0.7767221604301606, -0.45296333180334303, 0.427001982603028, 0.0018382457154295087, -0.33339522620524276, 0.4418785990067925, 0.0167148621191942]], "inverted": true, "swapped": false, "error_lsq": 0.038597085288165175, "error_max": 0.21826233512116333, "target": "69.xyz", "model": "11.xyz", "model_rescale": 4.509807504472865, "target_rescale": 4.44984578191717},
{"mapping": [6, 7, 11, 12, 4, 0, 1, 2, 3, 8, 9, 10, 13], "R": [[0.5296833930156404, -0.846450398175302, -0.0543803879382191], [0.846110148352929, 0.5317870258225541, -0.03605795364391457], [0.059440053984020316, -0.026912498874587056, 0.997869028172887]], "T": [0.03848285265928062, -0.01544382743385397, 0.03386244096119844], "aligned_model": [[0.5520128726914628, 0.5088636321311923, -0.12432683268983422, -0.16747607325010466, 0.581611333156381, 0.04351237058712605, -0.04278611053341482, -0.3192845942594136, -0.36243383481968405, 0.18673413164645072, -0.5056557835700242, -0.5488050241302946, 0.0003631300268556181], [-0.28686826210265726, -0.3154791892196164, 0.54571092495248, 0.5170999978355207, 0.4313514848986142, 0.08852760082016992, 0.03130574658625168, -0.5229735382691929, -0.5515844653861521, -0.629828330542633, 0.16677158389454294, 0.13816065677758382, 0.0599166737032108], [-0.345542422015603, 0.4462373422845718, -0.35231536879931913, 0.43946439550085564, -0.3179765698552868, -0.7572715670988875, 0.8262879615014617, -0.40155675434518473, 0.39022300995499, 0.019740862406166924, -0.3867894255176136, 0.4049903387825612, 0.03450819720128712]], "inverted": false, "swapped": false, "error_lsq": 0.03619557239930916, "error_max": 0.3252768233235931, "target": "69.xyz", "model": "12.xyz", "model_rescale": 4.509807766519439, "target_rescale": 4.44984578191717},
{"mapping": [6, 7, 11, 12, 4, 0, 1, 2, 3, 8, 9, 10, 13], "R": [[0.5296833930156405, -0.8464503981753019, -0.05438038793821908], [0.8461101483529289, 0.5317870258225542, -0.036057953643914564], [0.059440053984020295, -0.026912498874587035, 0.997869028172887]], "T": [0.03848285265928062, -0.015443827433853984, 0.03386244096119851], "aligned_model": [[0.5520128726914627, 0.5088636321311923, -0.12432683268983413, -0.16747607325010455, 0.5816113331563811, 0.04351237058712606, -0.042786110533414794, -0.31928459425941363, -0.362433834819684, 0.1867341316464506, -0.5056557835700242, -0.5488050241302946, 0.00036313002685563894], [-0.2868682621026573, -0.31547918921961643, 0.5457109249524799, 0.5170999978355209, 0.4313514848986141, 0.0885276008201699, 0.031305746586251654, -0.5229735382691929, -0.5515844653861519, -0.629828330542633, 0.16677158389454302, 0.1381606567775839, 0.059916673703210785], [-0.34554242201560287, 0.4462373422845716, -0.352315368799319, 0.4394643955008555, -0.3179765698552867, -0.7572715670988875, 0.826287961501462, -0.4015567543451846, 0.3902230099549899, 0.019740862406166897, -0.38678942551761347, 0.404990338782561, 0.034508197201287096]], "inverted": false, "swapped": false, "error_lsq": 0.03619557239930916, "error_max": 0.32527682332359303, "target": "69.xyz", "model": "13.xyz", "model_rescale": 4.509807766519439, "target_rescale": 4.44984578191717},
{"mapping": [0, 4, 8, 7, 6, 2, 5, 9, 12, 11, 3, 1, 13], "R": [[-0.4130354682844499, 0.4542949737934304, 0.7893147526336193], [0.3864631095099701, 0.8722245053469031, -0.2997843846170695], [-0.824650208832163, 0.18121945000020437, -0.5358279052220902]], "T": [-0.05745180313541462, -0.023676719729065022, -0.006141702384050104], "aligned_model": [[0.5540020648294597, 0.6186384917752985, -0.03481183043789639, -0.10401597531436005, 0.5222820970320832, -0.030918108762835822, -0.007659580571144714, -0.06840238657680972, -0.42248867942192525, 0.20380939292451797, -0.657216181109279, -0.6985940798634265, -0.07229600751698355], [-0.3414840633784678, -0.20631793458378409, 0.5412943255669062, 0.5837331398467385, 0.34586303596387546, 0.06763648170330086, 0.03155216929907897, -0.5772719967653487, -0.4355864701495658, -0.6734565740324289, 0.3055065855861639, 0.13425614438725825, -0.10361395949560467], [-0.4084488391915999, 0.351558432848825, -0.2888806773695874, 0.3258483511105851, -0.09931535326755873, -0.7585589346453111, 0.7767221372269687, -0.452963432272589, 0.4270019077271735, 0.0018382033490296967, -0.3333952302671674, 0.4418785695646875, 0.016714865186543932]], "inverted": true, "swapped": false, "error_lsq": 0.03859707625264668, "error_max": 0.21826227443915464, "target": "69.xyz", "model": "14.xyz", "model_rescale": 4.509807766519439, "target_rescale": 4.44984578191717},
{"mapping": [6, 5, 1, 0, 11, 10, 8, 7, 9, 3, 2, 12], "R": [[-0.8645986129006554, 0.5024631713571283, 2.6701143250539616e-17], [0.5024631713571283, 0.8645986129006554, 5.114924953102627e-17], [2.6148427146183123e-18, 5.763991131196192e-17, -1.0]], "T": [0.013582733182223767, 0.07479150540236999, 5.071054350857111e-17], "aligned_model": [[0.08964353836577277, 0.08964353836577271, -0.5822832575248031, -0.5822832575248031, 0.5539971829255973, 0.5539971829255973, -0.02638326051135381, -0.026383260511353836, -0.49073690507117845, 0.3952669514122846, 0.3952669514122846, 0.08964353836577274], [0.04122560587192003, 0.041225605871919944, 0.09765723287617006, 0.09765723287617004, -0.0915138899119904, -0.09151388991199046, -0.5270277806753061, -0.5270277806753061, -0.39428828489139556, 0.615141109394902, 0.615141109394902, 0.041225605871919986], [-0.8041627003213321, 0.804162700321332, -0.4020813501606658, 0.40208135016066593, -0.4020813501606658, 0.40208135016066593, -0.4020813501606659, 0.4020813501606659, 1.1305034001769925e-16, -0.40208135016066576, 0.402081350160666, 1.5082337005060191e-16]], "inverted": false, "swapped": true, "error_lsq": 0.025843793555912365, "error_max": 0.11171858653168987, "target": "69.xyz", "model": "15.xyz", "model_rescale": 4.510870436145588, "target_rescale": 4.44984578191717},
{"mapping": [6, 5, 1, 0, 11, 10, 8, 7, 9, 3, 2, 12], "R": [[-0.8645986129006554, 0.5024631713571281, 2.386211470104922e-17], [0.5024631713571281, 0.8645986129006554, 4.0613853113678384e-17], [-2.241858348720822e-19, 4.710451489461403e-17, -1.0]], "T": [0.01358273318222376, 0.07479150540236999, -1.3794576919148072e-17], "aligned_model": [[0.08964353836577275, 0.08964353836577273, -0.5822832575248031, -0.5822832575248031, 0.5539971829255973, 0.5539971829255973, -0.026383260511353767, -0.02638326051135378, -0.49073690507117834, 0.39526695141228446, 0.39526695141228446, 0.08964353836577274], [0.04122560587192003, 0.04122560587191996, 0.09765723287617001, 0.09765723287616998, -0.09151388991199035, -0.0915138899119904, -0.527027780675306, -0.527027780675306, -0.3942882848913956, 0.615141109394902, 0.615141109394902, 0.04122560587191999], [-0.8041627003213321, 0.804162700321332, -0.4020813501606659, 0.4020813501606659, -0.4020813501606659, 0.4020813501606659, -0.4020813501606659, 0.4020813501606659, 5.491893898316138e-17, -0.4020813501606658, 0.40208135016066593, 8.645594088312758e-17]], "inverted": false, "swapped": true, "error_lsq": 0.025843793555912365, "error_max": 0.11171858653168984, "target": "69.xyz", "model": "16.xyz", "model_rescale": 4.510870436145588, "target_rescale": 4.44984578191717},
{"mapping": [6, 5, 1, 0, 11, 10, 8, 7, 9, 3, 2, 12], "R": [[-0.8645986129006553, 0.5024631713571285, -2.2624777061953973e-18], [0.5024631713571285, 0.8645986129006553, 4.540664416708086e-17], [2.4771301515371298e-17, 3.8121709839951996e-17, -1.0000000000000002]], "T": [0.013582733182223788, 0.07479150540237, 9.869896411673364e-17], "aligned_model": [[0.08964353836577275, 0.08964353836577275, -0.5822832575248031, -0.5822832575248031, 0.5539971829255973, 0.5539971829255973, -0.02638326051135394, -0.02638326051135394, -0.4907369050711785, 0.39526695141228474, 0.39526695141228474, 0.08964353836577275], [0.041225605871920014, 0.041225605871919944, 0.09765723287617027, 0.09765723287617024, -0.09151388991199058, -0.09151388991199064, -0.5270277806753061, -0.5270277806753061, -0.39428828489139556, 0.615141109394902, 0.615141109394902, 0.04122560587191998], [-0.8041627003213322, 0.8041627003213323, -0.4020813501606659, 0.4020813501606661, -0.4020813501606659, 0.4020813501606661, -0.4020813501606659, 0.4020813501606661, 1.7833942358913042e-16, -0.4020813501606659, 0.4020813501606661, 1.9680155004245332e-16]], "inverted": false, "swapped": true, "error_lsq": 0.025843793555912375, "error_max": 0.11171858653168992, "target": "69.xyz", "model": "17.xyz", "model_rescale": 4.510870436145588, "target_rescale": 4.44984578191717},
{"mapping": [9, 8, 3, 5, 7, 0, 6, 1, 2, 10, 11, 4, 12], "R": [[0.35745917219954987, 0.8403613840210671, 0.407450223286979], [0.43295846538550287, -0.535673746782625, 0.7249831751557373], [0.8275082522014163, -0.0827428622544602, -0.5553230692889469]], "T": [-0.09074696807181704, -0.11864634186607585, 0.0723328041481034], "aligned_model": [[0.579385977589808, 0.33860837791313264, -0.321437911414339, 0.20639409370708628, 0.6650790532905204, -0.04075556193894522, -0.12007658167030144, -0.36722623731633297, -0.25848290266303375, 0.2529153022124203, -0.5521535786459438, -0.6479085867917268, 0.06798777271435408], [-0.06019618852664853, -0.3456130967870252, 0.6333654979522142, 0.7139742775911375, 0.23528177896232966, 0.010956378698518024, 0.13307940184178263, -0.5699384970508368, -0.5743734751464574, -0.6410910642760034, 0.0776738478833552, 0.05247062220285938, 0.006521400602897506], [-0.4418156241121146, 0.45176432978837233, -0.19730991847541934, 0.29520568636519895, 0.006810106863051016, -0.8039334718374453, 0.7401599092905202, -0.358979248912124, 0.4364472132900295, 0.003138598813206689, -0.37062487588788584, 0.24764430444990193, -0.008507009635291898]], "inverted": true, "swapped": false, "error_lsq": 0.05034014540766562, "error_max": 0.33425182349678656, "target": "69.xyz", "model": "18.xyz", "model_rescale": 4.466005644533647, "target_rescale": 4.44984578191717},
{"mapping": [5, 4, 9, 8, 7, 3, 2, 1, 0, 12, 11, 10, 13], "R": [[0.5296833708176699, -0.8464504120928756, -0.05438038752190104], [0.8461101623163193, 0.5317870036078954, -0.03605795361342732], [0.05944005303061929, -0.02691250009823267, 0.9978690281966768]], "T": [0.03848291079027466, -0.015443862141250587, 0.03386244322403654], "aligned_model": [[0.5520129443898244, 0.5088637036342585, -0.12432679103887784, -0.16747603179444387, 0.5816113863846968, 0.043512238783385476, -0.04278624272774659, -0.3192845269597764, -0.3624337677153424, 0.1867340199955776, -0.5056557366185552, -0.5488049773741213, 0.0003629980278194514], [-0.2868682872162157, -0.3154792146575143, 0.5457108922524548, 0.5170999648111564, 0.4313514693498263, 0.08852768427529811, 0.03130582939270102, -0.5229735891669621, -0.5515845166082606, -0.6298282509530849, 0.16677153653801122, 0.13816060909671266, 0.059916756833999565], [-0.34554242370686566, 0.4462373502574209, -0.35231537214529945, 0.4394644018189871, -0.31797657224242926, -0.7572715805899223, 0.8262879673386508, -0.40155675683581343, 0.3902230171284731, 0.019740859503855485, -0.3867894289328541, 0.40499034503143244, 0.03450819337436414]], "inverted": true, "swapped": false, "error_lsq": 0.03619556866023864, "error_max": 0.3252768277724899, "target": "69.xyz", "model": "19.xyz", "model_rescale": 4.509807711582247, "target_rescale": 4.44984578191717},
{"mapping": [3, 7, 12, 4, 5, 1, 6, 11, 8, 9, 0, 2, 13], "R": [[-0.4130354513808629, 0.4542949912072215, 0.7893147514563741], [0.3864631384446253, 0.8722244909637824, -0.29978438916411454], [-0.8246502037386139, 0.1812194755731334, -0.5358279044122854]], "T": [-0.05745177255822334, -0.02367665912050798, -0.006141690486526752], "aligned_model": [[0.554001999189587, 0.6186385229250182, -0.03481188497782394, -0.10401593526697653, 0.5222821437747419, -0.030918068207433008, -0.007659556116700245, -0.06840236381663198, -0.4224886667818347, 0.20380941225988372, -0.6572161472491513, -0.6985941588938493, -0.07229607985213121], [-0.3414842038770259, -0.20631789972021441, 0.5412942059463912, 0.5837332009043936, 0.345863090515918, 0.06763656091986384, 0.031552210668261194, -0.5772719319212154, -0.43558641690974426, -0.6734565272982198, 0.3055066713083394, 0.13425601689992517, -0.10361409348855033], [-0.40844887380741485, 0.3515584515790548, -0.2888806952930202, 0.3258483811762384, -0.09931532773857223, -0.7585589294497717, 0.7767221604938653, -0.45296343923277094, 0.42700191129628046, 0.0018382023814698832, -0.333395220534961, 0.4418785440222061, 0.0167148351073957]], "inverted": false, "swapped": false, "error_lsq": 0.038597085318782844, "error_max": 0.21826233080683327, "target": "69.xyz", "model": "20.xyz", "model_rescale": 4.509807711582248, "target_rescale": 4.44984578191717},
{"mapping": [10, 7, 4, 6, 8, 1, 5, 0, 2, 9, 11, 3, 12], "R": [[-0.35745917219954987, -0.840361384021067, 0.4074502232869799], [-0.43295846538550287, 0.5356737467826258, 0.724983175155737], [-0.8275082522014165, 0.0827428622544597, -0.5553230692889469]], "T": [-0.09074696807181723, -0.11864634186607588, 0.07233280414810347], "aligned_model": [[0.5793859775898084, 0.3386083779131325, -0.32143791141433875, 0.2063940937070867, 0.6650790532905207, -0.04075556193894497, -0.12007658167030169, -0.3672262373163334, -0.2584829026630344, 0.2529153022124201, -0.5521535786459439, -0.6479085867917271, 0.0679877727143541], [-0.06019618852664933, -0.3456130967870254, 0.6333654979522145, 0.7139742775911375, 0.2352817789623291, 0.010956378698517663, 0.13307940184178307, -0.5699384970508369, -0.5743734751464574, -0.6410910642760038, 0.0776738478833555, 0.0524706222028601, 0.006521400602897395], [-0.4418156241121143, 0.45176432978837266, -0.1973099184754196, 0.29520568636519917, 0.006810106863051418, -0.8039334718374455, 0.7401599092905204, -0.3589792489121243, 0.43644721329002967, 0.003138598813206897, -0.3706248758878862, 0.24764430444990168, -0.008507009635291829]], "inverted": false, "swapped": false, "error_lsq": 0.050340145407665626, "error_max": 0.3342518234967862, "target": "69.xyz", "model": "21.xyz", "model_rescale": 4.466005644533646, "target_rescale": 4.44984578191717},
{"mapping": [9, 8, 3, 5, 7, 0, 6, 1, 2, 10, 11, 4, 12], "R": [[0.35745910894786903, 0.8403614252494784, 0.4074501937450278], [0.432958503545563, -0.5356736884932342, 0.7249831954353427], [0.8275082595586476, -0.08274282088929946, -0.5553230644890406]], "T": [-0.09074697214023753, -0.1186463422386852, 0.07233280391763558], "aligned_model": [[0.5793859009150041, 0.3386084725424451, -0.3214378659530275, 0.20639411832120197, 0.6650791268755544, -0.04075544622949362, -0.12007653601190726, -0.36722610056260285, -0.25848298418649596, 0.25291524658189485, -0.5521538651663507, -0.6479085202861367, 0.0679876701466133], [-0.060196088918194335, -0.3456131226432519, 0.6333654231260835, 0.7139742484608311, 0.23528177402820927, 0.01095630936393388, 0.13307935178936992, -0.5699385873075273, -0.5743734254620152, -0.6410909855896555, 0.07767398943627118, 0.05247052645462236, 0.006521471209446017], [-0.44181559375266116, 0.4517643437569946, -0.197309950866649, 0.2952056774559156, 0.006810121098174471, -0.8039334884215783, 0.7401599001147356, -0.3589792657627581, 0.4364472257129329, 0.003138628906158916, -0.37062487308754993, 0.24764427179217113, -0.008506996945887302]], "inverted": true, "swapped": false, "error_lsq": 0.05034014133059275, "error_max": 0.3342517736221904, "target": "69.xyz", "model": "22.xyz", "model_rescale": 4.46600560860683, "target_rescale": 4.44984578191717},
{"mapping": [5, 4, 9, 8, 7, 3, 2, 1, 0, 12, 11, 10, 13], "R": [[0.5296834296868408, -0.8464503751058127, -0.054380389833235426], [0.8461101252799051, 0.5317870625751985, -0.03605795302654912], [0.05944005563598073, -0.02691249822797937, 0.9978690280919238]], "T": [0.038482904701237636, -0.015443861368413653, 0.033862443294620674], "aligned_model": [[0.5520128297363676, 0.508863586790821, -0.12432685335764299, -0.1674760963031895, 0.5816113219419633, 0.04351233365771822, -0.04278615223337481, -0.31928466523700816, -0.3624339081825547, 0.18673425392538223, -0.5056556407592045, -0.548804883704751, 0.0003630907121717139], [-0.28686826423105, -0.31547919144273345, 0.5457109691763433, 0.5171000419646599, 0.43135149611346485, 0.08852762913097792, 0.03130577470761092, -0.5229735073408595, -0.5515844345525429, -0.6298284423935757, 0.166771519054108, 0.1381605918424245, 0.05991670191929442], [-0.3455424307210146, 0.44623734969276363, -0.3523153764152791, 0.4394644039984991, -0.31797657673468943, -0.7572715837308409, 0.8262879770967154, -0.4015567648963409, 0.3902230155174373, 0.019740866412257266, -0.3867894286581119, 0.4049903517556663, 0.03450819668293726]], "inverted": true, "swapped": false, "error_lsq": 0.03619557213230588, "error_max": 0.3252768310969004, "target": "69.xyz", "model": "23.xyz", "model_rescale": 4.509807674373902, "target_rescale": 4.44984578191717},
{"mapping": [3, 7, 12, 4, 5, 1, 6, 11, 8, 9, 0, 2, 13], "R": [[-0.41303549162105313, 0.45429495924209407, 0.7893147487970682], [0.3864630698979382, 0.8722245215261576, -0.2997843886087579], [-0.824650215707494, 0.18121940860649974, -0.5358279086403528]], "T": [-0.05745176927523613, -0.02367665384958587, -0.006141687869767649], "aligned_model": [[0.5540020598415244, 0.6186384995131595, -0.03481176264068725, -0.10401599906574141, 0.5222820830331927, -0.03091814064798807, -0.007659582585774573, -0.06840229952982488, -0.42248868683471036, 0.20380939526422379, -0.6572162227469222, -0.6985941043563434, -0.07229602225740961], [-0.34148410330553924, -0.2063179417398042, 0.5412944894888826, 0.5837331330047916, 0.34586302109441847, 0.06763642489707837, 0.0315521701705689, -0.5772718625808242, -0.4355865005492843, -0.6734566124596573, 0.30550653680745143, 0.13425612051520672, -0.10361399139516622], [-0.40844885240772344, 0.3515584288542808, -0.28888067028340486, 0.32584833026373233, -0.0993153855137554, -0.7585589595373939, 0.7767221446317685, -0.4529633857008241, 0.42700193335684883, 0.0018382175793610943, -0.33339524375990626, 0.4418785791472517, 0.016714863369764216]], "inverted": false, "swapped": false, "error_lsq": 0.03859707594048233, "error_max": 0.2182622507671866, "target": "69.xyz", "model": "24.xyz", "model_rescale": 4.509807674373903, "target_rescale": 4.44984578191717},
{"mapping": [10, 7, 4, 6, 8, 1, 5, 0, 2, 9, 11, 3, 12], "R": [[-0.3574591089478693, -0.8403614252494787, 0.407450193745028], [-0.4329585035455628, 0.5356736884932345, 0.724983195435343], [-0.8275082595586479, 0.08274282088929968, -0.5553230644890406]], "T": [-0.09074697214023764, -0.11864634223868531, 0.07233280391763564], "aligned_model": [[0.5793859009150042, 0.3386084725424453, -0.3214378659530277, 0.20639411832120208, 0.6650791268755547, -0.040755446229493814, -0.12007653601190725, -0.36722610056260313, -0.2584829841864962, 0.2529152465818949, -0.552153865166351, -0.647908520286137, 0.06798767014661333], [-0.06019608891819461, -0.3456131226432522, 0.6333654231260838, 0.713974248460831, 0.235281774028209, 0.01095630936393388, 0.13307935178936986, -0.5699385873075273, -0.5743734254620155, -0.6410909855896558, 0.07767398943627143, 0.05247052645462258, 0.006521471209445989], [-0.44181559375266133, 0.4517643437569946, -0.19730995086664882, 0.2952056774559161, 0.006810121098174582, -0.8039334884215785, 0.7401599001147361, -0.3589792657627585, 0.436447225712933, 0.0031386289061586525, -0.37062487308755004, 0.24764427179217122, -0.008506996945887274]], "inverted": false, "swapped": false, "error_lsq": 0.050340141330592766, "error_max": 0.33425177362219066, "target": "69.xyz", "model": "25.xyz", "model_rescale": 4.466005608606829, "target_rescale": 4.44984578191717},
{"mapping": [9, 8, 3, 5, 7, 0, 6, 1, 2, 10, 11, 4, 12], "R": [[0.35745919833388773, 0.8403613670231317, 0.40745023541717057], [0.4329584218696979, -0.5356737680264996, 0.7249831854466644], [0.8275082636799436, -0.08274289735865786, -0.5553230469538426]], "T": [-0.09074698174034575, -0.1186463571439263, 0.07233276287727865], "aligned_model": [[0.5793859682230598, 0.3386083852069199, -0.3214379375281155, 0.20639413513575705, 0.665079056152781, -0.040755628288284565, -0.12007653581010416, -0.36722629923414574, -0.25848287642107787, 0.25291529727719864, -0.5521535337780972, -0.6479086084739767, 0.06798779452478333], [-0.06019615689421692, -0.345613081462406, 0.6333654191220051, 0.7139742571076422, 0.23528177735368477, 0.010956342891357218, 0.13307939829155152, -0.5699385159247334, -0.5743734318502496, -0.6410910157103076, 0.0776739037520395, 0.05247056030591435, 0.006521426965841237], [-0.44181555903680914, 0.45176434864813864, -0.1973100068888829, 0.29520575651386055, 0.006810162905432751, -0.8039335634066208, 0.7401599422565664, -0.35897937766391486, 0.4364472334015155, 0.003138626705896777, -0.37062478994781534, 0.247644178853823, -0.008506952341190463]], "inverted": true, "swapped": false, "error_lsq": 0.050340147688099905, "error_max": 0.3342517959129319, "target": "69.xyz", "model": "26.xyz", "model_rescale": 4.466005838112752, "target_rescale": 4.44984578191717},
{"mapping": [5, 4, 9, 8, 7, 3, 2, 1, 0, 12, 11, 10, 13], "R": [[0.5296833050810077, -0.8464504532021511, -0.05438038793841922], [0.8461102037430053, 0.5317869378577729, -0.03605795121499768], [0.059440049128765576, -0.026912506344189843, 0.997869028260645]], "T": [0.03848288517653931, -0.015443894231253582, 0.033862439434625184], "aligned_model": [[0.5520128616319552, 0.5088636222822854, -0.1243267936038617, -0.16747603295353147, 0.5816113641602864, 0.04351226618343905, -0.04278621251590047, -0.3192845561847997, -0.3624337955344694, 0.18673409478152309, -0.5056556943721637, -0.5488049337218335, 0.0003630268337692921], [-0.28686836492357937, -0.3154792893104472, 0.5457109162176522, 0.5170999918307845, 0.4313515528313056, 0.08852773695727569, 0.03130588818354006, -0.5229737252408346, -0.5515846496277024, -0.6298281531205516, 0.16677154598356977, 0.13816062159670198, 0.059916812570407874], [-0.3455424153684309, 0.4462373267841879, -0.35231535804572056, 0.43946438410689825, -0.31797655649627105, -0.7572715466254653, 0.8262879376797724, -0.4015567474817002, 0.3902229946709186, 0.019740867420112995, -0.3867894121620371, 0.4049903299905817, 0.03450819552715341]], "inverted": true, "swapped": false, "error_lsq": 0.036195571899270626, "error_max": 0.325276825984537, "target": "69.xyz", "model": "27.xyz", "model_rescale": 4.509807893063789, "target_rescale": 4.44984578191717},
{"mapping": [3, 7, 12, 4, 5, 1, 6, 11, 8, 9, 0, 2, 13], "R": [[-0.4130354264755034, 0.45429501396866173, 0.7893147513884511], [0.38646318194562196, 0.8722244706807532, -0.2997843920989635], [-0.8246501958264876, 0.18121951613690346, -0.5358279028703549]], "T": [-0.05745178832469114, -0.02367664122366243, -0.0061417260373668545], "aligned_model": [[0.5540020018240589, 0.618638514498976, -0.03481183456615657, -0.10401598247200064, 0.5222820713126339, -0.030918115818741404, -0.007659539285658518, -0.06840234236201734, -0.4224886413099348, 0.20380941247469972, -0.6572161696033759, -0.6985941057452095, -0.0722960519605754], [-0.34148421879692403, -0.20631795084828605, 0.5412941683304946, 0.5837332259709532, 0.34586312282601694, 0.06763664578034544, 0.03155215229665022, -0.5772719173021967, -0.4355864309651187, -0.6734565341100549, 0.30550674892528173, 0.13425598749294837, -0.1036141156519878], [-0.40844880379562226, 0.35155849719865007, -0.28888060621125755, 0.32584826314162696, -0.0993154274404716, -0.7585590222484506, 0.7767221877807486, -0.45296338657708324, 0.4270019281226298, 0.0018382375405312703, -0.33339533166635205, 0.44187857736857444, 0.01671488678647614]], "inverted": false, "swapped": false, "error_lsq": 0.038597089772516316, "error_max": 0.2182623699452515, "target": "69.xyz", "model": "28.xyz", "model_rescale": 4.5098078930637895, "target_rescale": 4.44984578191717},
