[{"mapping": [6, 5, 1, 0, 8, 7, 11, 10, 9, 3, 2, 12], "R": [[0.8645986173931581, -0.502463163626787, 2.6563509578273863e-17], [-0.502463163626787, -0.8645986173931581, -3.996693599908253e-18], [2.497496496474233e-17, -9.891649299105188e-18, -1.0]], "T": [-0.013582877083159108, -0.07479139490297246, 1.7858773487226116e-16], "aligned_model": [[-0.08964368256681939, -0.08964368256681944, 0.5822831138283092, 0.5822831138283092, 0.02638311122957664, 0.026383111229576612, -0.5539973283134623, -0.5539973283134623, 0.49073675697621966, -0.39526709048197595, -0.39526709048197595, -0.08964368256681941], [-0.04122549605257903, -0.04122549605257903, -0.09765711704915886, -0.09765711704915886, 0.5270278915320378, 0.5270278915320378, 0.09151399557956424, 0.09151399557956424, 0.3942883998998945, -0.6151410023081275, -0.6151410023081275, -0.04122549605257903], [-0.8041627003213316, 0.8041627003213321, -0.40208135016066593, 0.40208135016066604, -0.40208135016066593, 0.40208135016066604, -0.40208135016066593, 0.40208135016066604, -1.0928689388529538e-16, -0.40208135016066593, 0.40208135016066604, -1.229632196495153e-16]], "inverted": false, "swapped": true, "error_lsq": 0.025843789070289128, "error_max": 0.11171843421997686, "target": "70.xyz", "model": "0.xyz", "model_rescale": 4.5108708085295355, "target_rescale": 4.44984578191717},
{"mapping": [6, 5, 1, 0, 8, 7, 11, 10, 9, 3, 2, 12], "R": [[0.8645986173931579, -0.5024631636267877, -4.0291065199293687e-17], [-0.5024631636267877, -0.8645986173931579, 4.0644704007223194e-17], [-5.525806582475064e-17, -1.4896578803069045e-17, -1.0000000000000002]], "T": [-0.01358287708315914, -0.07479139490297249, 1.0957702974145177e-16], "aligned_model": [[-0.08964368256681947, -0.08964368256681941, 0.5822831138283093, 0.5822831138283093, 0.026383111229576997, 0.026383111229577025, -0.5539973283134623, -0.5539973283134623, 0.49073675697621993, -0.3952670904819764, -0.3952670904819764, -0.08964368256681944], [-0.04122549605257897, -0.04122549605257904, -0.09765711704915926, -0.09765711704915929, 0.5270278915320379, 0.5270278915320379, 0.09151399557956466, 0.0915139955795646, 0.3942883998998943, -0.6151410023081274, -0.6151410023081274, -0.041225496052579004], [-0.804162700321332, 0.8041627003213322, -0.4020813501606661, 0.4020813501606661, -0.4020813501606661, 0.4020813501606661, -0.40208135016066604, 0.40208135016066615, -1.9107329607385664e-16, -0.4020813501606661, 0.4020813501606661, -1.853904833358542e-16]], "inverted": false, "swapped": true, "error_lsq": 0.025843789070289128, "error_max": 0.111718434219977, "target": "70.xyz", "model": "1.xyz", "model_rescale": 4.510870808529536, "target_rescale": 4.44984578191717},
{"mapping": [5, 6, 0, 1, 7, 8, 10, 11, 9, 2, 3, 12], "R": [[-0.8645986173931584, 0.5024631636267869, 6.64103502277802e-18], [0.5024631636267869, 0.8645986173931584, 1.5845237071045043e-17], [2.219818248380316e-18, 1.7036645531193695e-17, -1.0000000000000002]], "T": [-0.013582877083159087, -0.07479139490297247, -1.9970710496646527e-17], "aligned_model": [[-0.08964368256681941, -0.08964368256681941, 0.5822831138283093, 0.5822831138283093, 0.026383111229576536, 0.026383111229576536, -0.5539973283134624, -0.5539973283134624, 0.49073675697621966, -0.3952670904819759, -0.3952670904819759, -0.08964368256681941], [-0.04122549605257904, -0.041225496052579066, -0.09765711704915875, -0.09765711704915878, 0.5270278915320379, 0.5270278915320379, 0.09151399557956415, 0.09151399557956415, 0.39428839989989467, -0.6151410023081276, -0.6151410023081276, -0.04122549605257905], [-0.8041627003213321, 0.8041627003213321, -0.402081350160666, 0.4020813501606662, -0.402081350160666, 0.4020813501606662, -0.402081350160666, 0.4020813501606662, 2.9020753438337453e-16, -0.402081350160666, 0.4020813501606662, 2.794523866287325e-16]], "inverted": true, "swapped": true, "error_lsq": 0.025843789070289128, "error_max": 0.11171843421997694, "target": "70.xyz", "model": "2.xyz", "model_rescale": 4.5108708085295355, "target_rescale": 4.44984578191717},
{"mapping": [4, 5, 9, 10, 7, 0, 1, 2, 3, 8, 11, 12, 13], "R": [[-0.5296834529525587, 0.8464503604656234, 0.05438039109707293], [-0.8461101106159891, -0.5317870859067286, 0.03605795302327248], [0.05944005704618213, -0.026912497662717007, 0.9978690280231675]], "T": [0.03848292035265668, -0.015443933553017337, -0.03386244114376346], "aligned_model": [[0.508863586911209, 0.552012830202504, -0.1674762506631996, -0.12432700737190461, 0.5816113417126922, -0.042786016822298135, 0.04351246976029184, -0.3624339012757092, -0.3192846579844142, 0.1867340627264427, -0.5488048549846037, -0.5056556116933087, 0.00036322646899685646], [-0.31547927261865083, -0.2868683458452497, 0.5171000846488338, 0.545711011422235, 0.4313514027066446, 0.03130589047722633, 0.08852774402402865, -0.5515844880743119, -0.5229735613009108, -0.6298283913627399, 0.13816053292349423, 0.16677145969689539, 0.05991681725062749], [-0.446237340941451, 0.34554242736068075, -0.4394643904444116, 0.35231537785772016, 0.31797657271141966, -0.8262879761069356, 0.7572715604973276, -0.3902230070286301, 0.40155676127350165, -0.019740857629969688, -0.404990344023289, 0.3867894242788428, -0.03450820780480396]], "inverted": false, "swapped": false, "error_lsq": 0.03619558298803842, "error_max": 0.3252768114589664, "target": "70.xyz", "model": "3.xyz", "model_rescale": 4.509807743048502, "target_rescale": 4.44984578191717},
{"mapping": [4, 5, 9, 10, 7, 0, 1, 2, 3, 8, 11, 12, 13], "R": [[-0.5296834529525587, 0.8464503604656235, 0.05438039109707295], [-0.8461101106159892, -0.5317870859067286, 0.036057953023272526], [0.059440057046182174, -0.026912497662717, 0.9978690280231675]], "T": [0.038482920352656685, -0.01544393355301733, -0.03386244114376338], "aligned_model": [[0.508863586911209, 0.552012830202504, -0.1674762506631996, -0.12432700737190461, 0.5816113417126922, -0.04278601682229814, 0.043512469760291876, -0.3624339012757092, -0.3192846579844142, 0.18673406272644275, -0.5488048549846039, -0.5056556116933089, 0.00036322646899685646], [-0.31547927261865083, -0.2868683458452497, 0.5171000846488338, 0.545711011422235, 0.4313514027066446, 0.03130589047722629, 0.08852774402402869, -0.5515844880743119, -0.5229735613009108, -0.6298283913627399, 0.1381605329234942, 0.1667714596968954, 0.05991681725062749], [-0.44623734094145084, 0.34554242736068064, -0.43946439044441143, 0.35231537785772005, 0.31797657271141955, -0.8262879761069356, 0.7572715604973279, -0.39022300702863, 0.4015567612735015, -0.019740857629969685, -0.4049903440232888, 0.38678942427884266, -0.03450820780480398]], "inverted": false, "swapped": false, "error_lsq": 0.03619558298803841, "error_max": 0.32527681145896636, "target": "70.xyz", "model": "4.xyz", "model_rescale": 4.509807743048502, "target_rescale": 4.44984578191717},
{"mapping": [0, 6, 8, 5, 4, 2, 7, 11, 10, 9, 3, 1, 13], "R": [[0.41303549218827923, -0.4542949544461028, 0.7893147512606105], [-0.3864630665544815, -0.8722245241297684, -0.2997843853437092], [0.8246502169902656, -0.1812194080980636, -0.5358279068380958]], "T": [-0.057451766518021155, -0.02367658969168849, -0.006141720775944806], "aligned_model": [[0.5540021472000307, 0.6186384922981853, -0.034811863380881186, -0.10401599929358908, 0.5222820752229307, -0.030918137469046827, -0.007659582218334363, -0.068402292990708, -0.42248877788167233, 0.20380929663484743, -0.6572162119855667, -0.6985940018330086, -0.0722959273164891], [-0.3414841174538114, -0.20631787079572822, 0.5412943513354272, 0.583733188164951, 0.3458630824675446, 0.0676364866876793, 0.031552234901678196, -0.5772717907102412, -0.4355866247608265, -0.673456730458233, 0.3055065923850857, 0.13425609394100138, -0.10361401175640494], [-0.4084486948078144, 0.3515583919351449, -0.2888807398643837, 0.3258482913232465, -0.09931541654988103, -0.7585589810753092, 0.7767220998082724, -0.4529634110026795, 0.4270018536524807, 0.0018381457793531708, -0.3333952732021817, 0.4418787209384405, 0.016715013065313207]], "inverted": true, "swapped": false, "error_lsq": 0.03859707959826452, "error_max": 0.21826228151836313, "target": "70.xyz", "model": "5.xyz", "model_rescale": 4.509807743048502, "target_rescale": 4.44984578191717},
{"mapping": [4, 5, 9, 10, 7, 0, 1, 2, 3, 8, 11, 12, 13], "R": [[-0.529683370061854, 0.8464504124571847, 0.05438038921319804], [-0.8461101627589572, -0.5317870029390135, 0.03605795309155164], [0.059440053465049346, -0.026912501857009115, 0.9978690281233646]], "T": [0.03848291398588087, -0.015443923246370918, -0.033862442127370704], "aligned_model": [[0.5088637194066362, 0.5520129627018127, -0.16747603542530504, -0.12432679213012858, 0.5816112172250313, -0.042786125737652114, 0.04351236085270077, -0.36243377584716563, -0.3192845325519892, 0.18673384011368666, -0.5488049912368145, -0.505655747941638, 0.0003631175575243284], [-0.3154792834939001, -0.2868683556725925, 0.5170999185570402, 0.5457108463783478, 0.4313515387841096, 0.03130595758572674, 0.08852781322834186, -0.5515845927023115, -0.5229736648810039, -0.6298282110861682, 0.13816055201109542, 0.166771479832403, 0.0599168854070343], [-0.4462373615862248, 0.34554243429589804, -0.43946441132412883, 0.352315384557994, 0.3179765883887714, -0.8262880012496611, 0.7572715905145843, -0.39022302553492155, 0.4015567703472012, -0.019740852650275004, -0.4049903531369101, 0.3867894427452127, -0.034508205367538444]], "inverted": false, "swapped": false, "error_lsq": 0.03619558008179568, "error_max": 0.32527684060141526, "target": "70.xyz", "model": "6.xyz", "model_rescale": 4.509807586411629, "target_rescale": 4.44984578191717},
{"mapping": [4, 5, 9, 10, 7, 0, 1, 2, 3, 8, 11, 12, 13], "R": [[-0.529683370061854, 0.8464504124571847, 0.054380389213198044], [-0.8461101627589572, -0.5317870029390135, 0.036057953091551624], [0.05944005346504934, -0.02691250185700913, 0.9978690281233646]], "T": [0.03848291398588087, -0.015443923246370912, -0.033862442127370634], "aligned_model": [[0.5088637194066362, 0.5520129627018127, -0.16747603542530504, -0.12432679213012858, 0.5816112172250312, -0.04278612573765213, 0.04351236085270079, -0.36243377584716563, -0.3192845325519892, 0.18673384011368666, -0.5488049912368145, -0.5056557479416381, 0.00036311755752432145], [-0.3154792834939001, -0.2868683556725925, 0.5170999185570402, 0.5457108463783478, 0.4313515387841096, 0.031305957585726754, 0.08852781322834187, -0.5515845927023115, -0.5229736648810039, -0.6298282110861682, 0.13816055201109545, 0.16677147983240298, 0.05991688540703431], [-0.44623736158622473, 0.3455424342958978, -0.4394644113241287, 0.3523153845579938, 0.3179765883887713, -0.8262880012496612, 0.7572715905145845, -0.3902230255349214, 0.40155677034720116, -0.019740852650275042, -0.40499035313691, 0.38678944274521254, -0.03450820536753847]], "inverted": false, "swapped": false, "error_lsq": 0.03619558008179567, "error_max": 0.3252768406014151, "target": "70.xyz", "model": "7.xyz", "model_rescale": 4.509807586411629, "target_rescale": 4.44984578191717},
{"mapping": [0, 6, 8, 5, 4, 2, 7, 11, 10, 9, 3, 1, 13], "R": [[0.4130354659760865, -0.45429498711061184, 0.7893147461767619], [-0.38646311162255426, -0.872224499632083, -0.29978439852096284], [0.8246502089982942, -0.18121944412157134, -0.5358279069545915]], "T": [-0.057451771718037635, -0.023676595168567842, -0.006141723029420063], "aligned_model": [[0.5540021053304182, 0.6186384482406877, -0.034811992548403586, -0.1040159356657526, 0.5222821565697778, -0.030918077953641286, -0.007659643994842667, -0.06840236536618796, -0.4224886668129805, 0.20380942542254984, -0.6572161701891717, -0.6985940791406425, -0.07229598690511238], [-0.34148424132142435, -0.20631801881727002, 0.5412940842302726, 0.5837332908890166, 0.34586316647402354, 0.06763660601180063, 0.031552105597723, -0.5772718962432687, -0.43558635474334084, -0.6734564791583338, 0.30550673042679366, 0.1342560075085616, -0.1036141169064313], [-0.40844873417248706, 0.3515583844751003, -0.28888079240309106, 0.3258483410707009, -0.09931538166185933, -0.7585589858718753, 0.7767221072076604, -0.45296346813260135, 0.4270019077538115, 0.001838185021251301, -0.33339526313931506, 0.44187871129263323, 0.01671498856007323]], "inverted": true, "swapped": false, "error_lsq": 0.03859708547683977, "error_max": 0.21826237673054408, "target": "70.xyz", "model": "8.xyz", "model_rescale": 4.509807586411629, "target_rescale": 4.44984578191717},
{"mapping": [6, 7, 11, 12, 5, 0, 1, 2, 3, 8, 9, 10, 13], "R": [[0.5296835023723835, -0.8464503293906133, 0.05438039342490911], [0.8461100795478743, 0.5317871354148328, 0.036057951893813826], [-0.059440058899833614, 0.026912496759104308, 0.9978690279371216]], "T": [0.038482943641931916, -0.015443888410693166, -0.03386244577916202], "aligned_model": [[0.5088635236182004, 0.5520127710392254, -0.16747611340060986, -0.1243268659795849, 0.5816113260702667, -0.04278620657359236, 0.043512288268457544, -0.362433836752418, -0.31928458933139303, 0.18673415181236191, -0.5488047600263364, -0.5056555126053115, 0.00036304084743259135], [-0.3154792127173376, -0.2868682853265675, 0.5171001102052, 0.5457110375959702, 0.43135149943441226, 0.031305812558050386, 0.08852766733959065, -0.5515845075617547, -0.5229735801709845, -0.6298284463136672, 0.1381605607828097, 0.16677148817357984, 0.05991673994882052], [-0.44623736389691765, 0.3455424462232865, -0.43946442056768137, 0.3523153895525228, 0.31797658863538386, -0.82628800657681, 0.7572716136635981, -0.390223032310773, 0.40155677780943116, -0.01974086327421893, -0.40499037146070893, 0.3867894386594952, -0.034508196456605994]], "inverted": false, "swapped": false, "error_lsq": 0.036195568365251035, "error_max": 0.32527684374644467, "target": "70.xyz", "model": "9.xyz", "model_rescale": 4.509807504472865, "target_rescale": 4.44984578191717},
{"mapping": [6, 7, 11, 12, 5, 0, 1, 2, 3, 8, 9, 10, 13], "R": [[0.5296835023723835, -0.846450329390613, 0.054380393424909024], [0.8461100795478741, 0.5317871354148328, 0.03605795189381382], [-0.05944005889983357, 0.026912496759104242, 0.9978690279371215]], "T": [0.038482943641931916, -0.015443888410693173, -0.033862445779161955], "aligned_model": [[0.5088635236182003, 0.5520127710392252, -0.16747611340060972, -0.12432686597958484, 0.5816113260702666, -0.04278620657359229, 0.0435122882684575, -0.3624338367524179, -0.31928458933139303, 0.1867341518123618, -0.5488047600263363, -0.5056555126053114, 0.0003630408474325983], [-0.3154792127173376, -0.2868682853265675, 0.5171001102052, 0.5457110375959702, 0.43135149943441214, 0.03130581255805036, 0.08852766733959062, -0.5515845075617546, -0.5229735801709844, -0.6298284463136671, 0.13816056078280975, 0.1667714881735799, 0.05991673994882049], [-0.4462373638969174, 0.3455424462232864, -0.43946442056768126, 0.35231538955252256, 0.31797658863538375, -0.82628800657681, 0.7572716136635982, -0.3902230323107728, 0.401556777809431, -0.01974086327421895, -0.4049903714607088, 0.386789438659495, -0.034508196456606036]], "inverted": false, "swapped": false, "error_lsq": 0.03619556836525103, "error_max": 0.32527684374644456, "target": "70.xyz", "model": "10.xyz", "model_rescale": 4.509807504472865, "target_rescale": 4.44984578191717},
{"mapping": [0, 4, 8, 7, 6, 2, 5, 9, 12, 11, 3, 1, 13], "R": [[-0.4130355342160449, 0.45429493342083827, 0.7893147413693871], [0.38646299762233394, 0.872224550771042, -0.29978439669371365], [-0.8246502282444517, 0.1812193325790878, -0.5358279150585229]], "T": [-0.05745174401412829, -0.023676603698514268, -0.00614167593515262], "aligned_model": [[0.5540020556023584, 0.6186385189053135, -0.03481181739426671, -0.10401603682336014, 0.5222820629768793, -0.03091809327936052, -0.007659580894925806, -0.06840221934809143, -0.4224886956412433, 0.20380940415899612, -0.6572161930796, -0.6985941439981203, -0.07229604419788113], [-0.341484167208873, -0.20631794555678518, 0.5412944454784382, 0.5837331306095893, 0.3458630033225989, 0.0676365240737727, 0.03155218173020527, -0.5772717679203883, -0.43558654604871677, -0.6734566733357072, 0.3055066513607631, 0.13425608736510786, -0.10361403992188246], [-0.40844887476840436, 0.3515584235425622, -0.28888072898691874, 0.32584829416359107, -0.09931544272400747, -0.7585589630928411, 0.7767221604301608, -0.45296333180334286, 0.4270019826030282, 0.001838245715429663, -0.3333952262052426, 0.44187859900679266, 0.016714862119194353]], "inverted": true, "swapped": false, "error_lsq": 0.03859708528816518, "error_max": 0.2182623351211634, "target": "70.xyz", "model": "11.xyz", "model_rescale": 4.509807504472865, "target_rescale": 4.44984578191717},
{"mapping": [6, 7, 11, 12, 5, 0, 1, 2, 3, 8, 9, 10, 13], "R": [[0.5296833930156405, -0.8464503981753019, 0.05438038793821909], [0.8461101483529289, 0.5317870258225542, 0.036057953643914564], [-0.05944005398402029, 0.026912498874587038, 0.997869028172887]], "T": [0.038482852659280614, -0.015443827433853984, -0.03386244096119845], "aligned_model": [[0.5088636321311922, 0.5520128726914627, -0.16747607325010455, -0.12432683268983413, 0.5816113331563811, -0.0427861105334148, 0.04351237058712605, -0.36243383481968405, -0.3192845942594136, 0.1867341316464506, -0.5488050241302946, -0.5056557835700242, 0.00036313002685562507], [-0.31547918921961643, -0.2868682621026573, 0.5170999978355209, 0.54571092495248, 0.4313514848986141, 0.03130574658625167, 0.0885276008201699, -0.5515844653861519, -0.5229735382691928, -0.629828330542633, 0.1381606567775839, 0.16677158389454302, 0.059916673703210785], [-0.4462373422845716, 0.34554242201560315, -0.4394643955008554, 0.3523153687993193, 0.317976569855287, -0.8262879615014618, 0.7572715670988874, -0.3902230099549899, 0.4015567543451849, -0.01974086240616694, -0.404990338782561, 0.38678942551761375, -0.03450819720128713]], "inverted": false, "swapped": false, "error_lsq": 0.036195572399309164, "error_max": 0.32527682332359314, "target": "70.xyz", "model": "12.xyz", "model_rescale": 4.509807766519439, "target_rescale": 4.44984578191717},
{"mapping": [6, 7, 11, 12, 5, 0, 1, 2, 3, 8, 9, 10, 13], "R": [[0.5296833930156403, -0.8464503981753021, 0.054380387938219], [0.8461101483529291, 0.531787025822554, 0.036057953643914654], [-0.05944005398402032, 0.02691249887458693, 0.997869028172887]], "T": [0.03848285265928063, -0.015443827433853967, -0.03386244096119837], "aligned_model": [[0.5088636321311923, 0.5520128726914627, -0.16747607325010472, -0.12432683268983434, 0.5816113331563809, -0.04278611053341473, 0.04351237058712598, -0.3624338348196839, -0.3192845942594135, 0.1867341316464508, -0.5488050241302945, -0.5056557835700243, 0.0003631300268556112], [-0.3154791892196164, -0.28686826210265715, 0.5170999978355207, 0.54571092495248, 0.4313514848986143, 0.03130574658625161, 0.08852760082017, -0.5515844653861521, -0.5229735382691929, -0.629828330542633, 0.13816065677758374, 0.1667715838945429, 0.059916673703210806], [-0.44623734228457146, 0.34554242201560303, -0.4394643955008554, 0.3523153687993191, 0.31797656985528683, -0.8262879615014618, 0.7572715670988878, -0.3902230099549897, 0.4015567543451848, -0.019740862406166897, -0.40499033878256097, 0.3867894255176135, -0.03450819720128716]], "inverted": false, "swapped": false, "error_lsq": 0.03619557239930916, "error_max": 0.325276823323593, "target": "70.xyz", "model": "13.xyz", "model_rescale": 4.509807766519439, "target_rescale": 4.44984578191717},
{"mapping": [0, 4, 8, 7, 6, 2, 5, 9, 12, 11, 3, 1, 13], "R": [[-0.4130354682844496, 0.4542949737934303, 0.7893147526336195], [0.38646310950997, 0.8722245053469032, -0.2997843846170696], [-0.8246502088321632, 0.18121945000020445, -0.5358279052220899]], "T": [-0.05745180313541461, -0.02367671972906503, -0.006141702384049965], "aligned_model": [[0.5540020648294599, 0.6186384917752983, -0.03481183043789626, -0.10401597531436016, 0.5222820970320832, -0.030918108762835537, -0.00765958057114504, -0.06840238657680955, -0.4224886794219254, 0.20380939292451797, -0.6572161811092789, -0.6985940798634267, -0.07229600751698355], [-0.3414840633784679, -0.20631793458378406, 0.5412943255669062, 0.5837331398467386, 0.3458630359638755, 0.06763648170330078, 0.03155216929907907, -0.5772719967653488, -0.43558647014956575, -0.6734565740324289, 0.30550658558616384, 0.13425614438725825, -0.1036139594956047], [-0.4084488391915995, 0.3515584328488254, -0.2888806773695874, 0.3258483511105851, -0.09931535326755841, -0.758558934645311, 0.7767221372269688, -0.45296343227258884, 0.42700190772717356, 0.0018382033490300575, -0.3333952302671675, 0.44187856956468735, 0.016714865186544074]], "inverted": true, "swapped": false, "error_lsq": 0.038597076252646696, "error_max": 0.2182622744391545, "target": "70.xyz", "model": "14.xyz", "model_rescale": 4.509807766519439, "target_rescale": 4.44984578191717},
{"mapping": [6, 5, 1, 0, 11, 10, 8, 7, 9, 3, 2, 12], "R": [[-0.8645986129006551, 0.5024631713571285, -8.07217929626049e-18], [0.5024631713571285, 0.8645986129006551, -3.2866490903328846e-17], [-9.53500622803462e-18, -3.2472295254892514e-17, -1.0]], "T": [0.013582733182223802, 0.07479150540236999, 1.7512175201664974e-16], "aligned_model": [[0.08964353836577275, 0.08964353836577275, -0.5822832575248029, -0.5822832575248029, 0.5539971829255972, 0.5539971829255972, -0.026383260511353982, -0.026383260511353982, -0.4907369050711785, 0.39526695141228474, 0.39526695141228474, 0.08964353836577275], [0.04122560587191994, 0.04122560587191999, 0.09765723287617031, 0.09765723287617034, -0.09151388991199062, -0.09151388991199062, -0.5270277806753059, -0.5270277806753059, -0.39428828489139534, 0.6151411093949017, 0.6151411093949017, 0.041225605871919965], [-0.8041627003213316, 0.8041627003213321, -0.40208135016066593, 0.40208135016066604, -0.40208135016066593, 0.40208135016066604, -0.40208135016066593, 0.40208135016066604, -1.0478664275378763e-16, -0.40208135016066593, 0.40208135016066604, -1.2378539108229974e-16]], "inverted": false, "swapped": true, "error_lsq": 0.025843793555912365, "error_max": 0.1117185865316897, "target": "70.xyz", "model": "15.xyz", "model_rescale": 4.510870436145588, "target_rescale": 4.44984578191717},
{"mapping": [6, 5, 1, 0, 11, 10, 8, 7, 9, 3, 2, 12], "R": [[-0.8645986129006551, 0.5024631713571284, -1.8532424226703345e-17], [0.5024631713571284, 0.8645986129006551, -4.991512832669271e-17], [-9.057405397633846e-18, -5.246841136390176e-17, -1.0]], "T": [0.013582733182223795, 0.07479150540236999, 1.1027317767938586e-16], "aligned_model": [[0.08964353836577273, 0.08964353836577275, -0.5822832575248029, -0.5822832575248029, 0.5539971829255972, 0.5539971829255972, -0.02638326051135394, -0.026383260511353927, -0.4907369050711784, 0.3952669514122847, 0.3952669514122847, 0.08964353836577274], [0.04122560587191993, 0.041225605871920014, 0.0976572328761702, 0.09765723287617023, -0.0915138899119906, -0.09151388991199054, -0.5270277806753059, -0.5270277806753059, -0.39428828489139534, 0.6151411093949017, 0.6151411093949017, 0.04122560587191997], [-0.8041627003213317, 0.804162700321332, -0.402081350160666, 0.402081350160666, -0.402081350160666, 0.402081350160666, -0.40208135016066593, 0.40208135016066604, -1.563627388843426e-16, -0.40208135016066604, 0.40208135016066593, -1.888573272205065e-16]], "inverted": false, "swapped": true, "error_lsq": 0.025843793555912365, "error_max": 0.11171858653168969, "target": "70.xyz", "model": "16.xyz", "model_rescale": 4.510870436145588, "target_rescale": 4.44984578191717},
{"mapping": [5, 6, 0, 1, 10, 11, 7, 8, 9, 2, 3, 12], "R": [[0.8645986129006554, -0.5024631713571281, 3.924037958714202e-17], [-0.5024631713571281, -0.8645986129006554, -5.83203775892552e-18], [3.685756194856242e-17, -1.4674473815861638e-17, -1.0]], "T": [0.01358273318222376, 0.07479150540236999, -2.028655701559155e-17], "aligned_model": [[0.08964353836577277, 0.08964353836577271, -0.5822832575248031, -0.5822832575248031, 0.5539971829255973, 0.5539971829255973, -0.02638326051135376, -0.026383260511353788, -0.49073690507117834, 0.39526695141228446, 0.39526695141228446, 0.08964353836577274], [0.041225605871919986, 0.04122560587192, 0.09765723287617, 0.09765723287617, -0.09151388991199037, -0.09151388991199037, -0.527027780675306, -0.527027780675306, -0.3942882848913956, 0.615141109394902, 0.615141109394902, 0.04122560587191999], [-0.8041627003213319, 0.8041627003213319, -0.4020813501606659, 0.4020813501606661, -0.4020813501606659, 0.4020813501606661, -0.4020813501606659, 0.4020813501606661, 2.620557999687064e-16, -0.4020813501606659, 0.4020813501606661, 2.8229021541865796e-16]], "inverted": true, "swapped": true, "error_lsq": 0.025843793555912365, "error_max": 0.11171858653168984, "target": "70.xyz", "model": "17.xyz", "model_rescale": 4.510870436145588, "target_rescale": 4.44984578191717},
{"mapping": [9, 8, 3, 5, 7, 0, 6, 1, 2, 10, 11, 4, 12], "R": [[0.3574591721995497, 0.8403613840210671, 0.4074502232869798], [0.4329584653855032, -0.5356737467826256, 0.724983175155737], [0.8275082522014163, -0.08274286225445943, -0.5553230692889473]], "T": [-0.09074696807181715, -0.11864634186607581, 0.07233280414810359], "aligned_model": [[0.5793859775898085, 0.33860837791313236, -0.32143791141433864, 0.20639409370708656, 0.6650790532905207, -0.04075556193894475, -0.12007658167030182, -0.36722623731633314, -0.2584829026630343, 0.2529153022124201, -0.5521535786459437, -0.647908586791727, 0.0679877727143541], [-0.06019618852664904, -0.34561309678702523, 0.6333654979522144, 0.7139742775911376, 0.23528177896232938, 0.010956378698517621, 0.13307940184178307, -0.569938497050837, -0.5743734751464573, -0.6410910642760036, 0.0776738478833553, 0.05247062220285981, 0.006521400602897465], [-0.44181562411211417, 0.4517643297883729, -0.19730991847541982, 0.29520568636519884, 0.006810106863051363, -0.8039334718374452, 0.7401599092905204, -0.3589792489121236, 0.4364472132900299, 0.0031385988132073828, -0.3706248758878862, 0.24764430444990176, -0.008507009635291732]], "inverted": true, "swapped": false, "error_lsq": 0.050340145407665626, "error_max": 0.334251823496786, "target": "70.xyz", "model": "18.xyz", "model_rescale": 4.466005644533647, "target_rescale": 4.44984578191717},
{"mapping": [5, 4, 9, 8, 6, 3, 2, 1, 0, 12, 11, 10, 13], "R": [[0.5296833708176699, -0.8464504120928756, 0.054380387521901004], [0.8461101623163193, 0.5317870036078954, 0.03605795361342743], [-0.05944005303061937, 0.026912500098232588, 0.9978690281966768]], "T": [0.03848291079027466, -0.015443862141250594, -0.03386244322403646], "aligned_model": [[0.5088637036342585, 0.5520129443898244, -0.16747603179444384, -0.12432679103887784, 0.5816113863846968, -0.04278624272774656, 0.04351223878338545, -0.3624337677153424, -0.3192845269597764, 0.1867340199955776, -0.5488049773741213, -0.5056557366185552, 0.0003629980278194375], [-0.31547921465751433, -0.28686828721621566, 0.5170999648111563, 0.545710892252455, 0.4313514693498264, 0.03130582939270092, 0.0885276842752982, -0.5515845166082607, -0.522973589166962, -0.6298282509530849, 0.13816060909671263, 0.16677153653801124, 0.05991675683399955], [-0.4462373502574207, 0.3455424237068659, -0.439464401818987, 0.35231537214529957, 0.3179765722424294, -0.8262879673386507, 0.7572715805899224, -0.3902230171284729, 0.40155675683581366, -0.01974085950385554, -0.40499034503143233, 0.38678942893285423, -0.034508193374364275]], "inverted": true, "swapped": false, "error_lsq": 0.03619556866023864, "error_max": 0.3252768277724899, "target": "70.xyz", "model": "19.xyz", "model_rescale": 4.509807711582247, "target_rescale": 4.44984578191717},
{"mapping": [3, 7, 12, 4, 5, 1, 6, 11, 8, 9, 0, 2, 13], "R": [[-0.4130354513808626, 0.45429499120722117, 0.7893147514563744], [0.3864631384446251, 0.8722244909637825, -0.29978438916411443], [-0.8246502037386142, 0.18121947557313356, -0.535827904412285]], "T": [-0.05745177255822334, -0.02367665912050799, -0.006141690486526622], "aligned_model": [[0.5540019991895875, 0.6186385229250181, -0.03481188497782397, -0.1040159352669768, 0.5222821437747418, -0.03091806820743273, -0.007659556116700578, -0.06840236381663164, -0.4224886667818347, 0.2038094122598839, -0.6572161472491513, -0.6985941588938496, -0.07229607985213121], [-0.3414842038770258, -0.20631789972021417, 0.5412942059463912, 0.5837332009043936, 0.3458630905159181, 0.06763656091986374, 0.03155221066826132, -0.5772719319212155, -0.4355864169097442, -0.6734565272982197, 0.30550667130833925, 0.13425601689992508, -0.10361409348855034], [-0.4084488738074143, 0.3515584515790553, -0.28888069529302013, 0.32584838117623843, -0.09931532773857182, -0.7585589294497714, 0.7767221604938657, -0.4529634392327708, 0.4270019112962805, 0.001838202381470263, -0.3333952205349613, 0.4418785440222059, 0.01671483510739583]], "inverted": false, "swapped": false, "error_lsq": 0.03859708531878285, "error_max": 0.21826233080683305, "target": "70.xyz", "model": "20.xyz", "model_rescale": 4.509807711582248, "target_rescale": 4.44984578191717},
{"mapping": [10, 7, 4, 6, 8, 1, 5, 0, 2, 9, 11, 3, 12], "R": [[-0.35745917219955015, -0.8403613840210667, 0.40745022328697955], [-0.4329584653855031, 0.5356737467826258, 0.7249831751557366], [-0.8275082522014162, 0.08274286225445993, -0.5553230692889473]], "T": [-0.09074696807181719, -0.11864634186607584, 0.0723328041481037], "aligned_model": [[0.5793859775898081, 0.33860837791313253, -0.3214379114143387, 0.20639409370708672, 0.6650790532905207, -0.04075556193894529, -0.12007658167030139, -0.3672262373163334, -0.2584829026630342, 0.2529153022124199, -0.5521535786459439, -0.6479085867917268, 0.06798777271435409], [-0.06019618852664951, -0.34561309678702523, 0.6333654979522144, 0.7139742775911375, 0.23528177896232896, 0.010956378698517372, 0.13307940184178332, -0.5699384970508368, -0.5743734751464571, -0.6410910642760037, 0.0776738478833554, 0.052470622202860195, 0.0065214006028973814], [-0.4418156241121144, 0.45176432978837266, -0.19730991847541937, 0.29520568636519906, 0.006810106863051252, -0.8039334718374451, 0.7401599092905206, -0.35897924891212374, 0.43644721329003, 0.0031385988132070636, -0.37062487588788584, 0.24764430444990207, -0.008507009635291704]], "inverted": false, "swapped": false, "error_lsq": 0.050340145407665626, "error_max": 0.33425182349678634, "target": "70.xyz", "model": "21.xyz", "model_rescale": 4.466005644533646, "target_rescale": 4.44984578191717},
{"mapping": [9, 8, 3, 5, 7, 0, 6, 1, 2, 10, 11, 4, 12], "R": [[0.3574591089478692, 0.8403614252494784, 0.40745019374502806], [0.4329585035455631, -0.5356736884932345, 0.7249831954353424], [0.8275082595586476, -0.0827428208892993, -0.5553230644890407]], "T": [-0.09074697214023758, -0.11864634223868514, 0.07233280391763575], "aligned_model": [[0.5793859009150042, 0.3386084725424451, -0.32143786595302737, 0.2063941183212022, 0.6650791268755545, -0.04075544622949362, -0.12007653601190726, -0.3672261005626031, -0.2584829841864962, 0.2529152465818947, -0.5521538651663507, -0.6479085202861368, 0.06798767014661333], [-0.06019608891819472, -0.34561312264325195, 0.6333654231260835, 0.7139742484608309, 0.235281774028209, 0.010956309363933603, 0.13307935178937014, -0.5699385873075273, -0.574373425462015, -0.6410909855896556, 0.0776739894362713, 0.05247052645462269, 0.006521471209445989], [-0.441815593752661, 0.4517643437569948, -0.197309950866649, 0.2952056774559157, 0.006810121098174637, -0.8039334884215782, 0.7401599001147359, -0.35897926576275796, 0.43644722571293315, 0.00313862890615918, -0.37062487308754993, 0.2476442717921712, -0.00850699694588715]], "inverted": true, "swapped": false, "error_lsq": 0.05034014133059276, "error_max": 0.33425177362219033, "target": "70.xyz", "model": "22.xyz", "model_rescale": 4.46600560860683, "target_rescale": 4.44984578191717},
{"mapping": [5, 4, 9, 8, 6, 3, 2, 1, 0, 12, 11, 10, 13], "R": [[0.5296834296868407, -0.8464503751058129, 0.05438038983323541], [0.8461101252799054, 0.5317870625751984, 0.03605795302654923], [-0.059440055635980815, 0.026912498227979316, 0.9978690280919239]], "T": [0.038482904701237636, -0.01544386136841365, -0.03386244329462056], "aligned_model": [[0.5088635867908211, 0.5520128297363677, -0.16747609630318963, -0.12432685335764312, 0.5816113219419633, -0.04278615223337483, 0.043512333657718186, -0.3624339081825546, -0.31928466523700805, 0.1867342539253824, -0.5488048837047511, -0.5056556407592047, 0.00036309071217167227], [-0.31547919144273345, -0.2868682642310499, 0.5171000419646598, 0.5457109691763434, 0.431351496113465, 0.03130577470761083, 0.08852762913097802, -0.5515844345525431, -0.5229735073408595, -0.6298284423935757, 0.13816059184242435, 0.16677151905410792, 0.05991670191929442], [-0.4462373496927635, 0.3455424307210148, -0.43946440399849906, 0.35231537641527927, 0.3179765767346896, -0.8262879770967155, 0.757271583730841, -0.39022301551743716, 0.4015567648963412, -0.01974086641225729, -0.4049903517556662, 0.3867894286581121, -0.03450819668293735]], "inverted": true, "swapped": false, "error_lsq": 0.036195572132305884, "error_max": 0.3252768310969004, "target": "70.xyz", "model": "23.xyz", "model_rescale": 4.509807674373902, "target_rescale": 4.44984578191717},
{"mapping": [3, 7, 12, 4, 5, 1, 6, 11, 8, 9, 0, 2, 13], "R": [[-0.41303549162105313, 0.45429495924209407, 0.7893147487970682], [0.3864630698979382, 0.8722245215261576, -0.2997843886087579], [-0.824650215707494, 0.18121940860649974, -0.5358279086403528]], "T": [-0.05745176927523613, -0.02367665384958587, -0.006141687869767495], "aligned_model": [[0.5540020598415244, 0.6186384995131595, -0.03481176264068725, -0.10401599906574141, 0.5222820830331927, -0.03091814064798807, -0.007659582585774573, -0.06840229952982488, -0.42248868683471036, 0.20380939526422379, -0.6572162227469222, -0.6985941043563434, -0.07229602225740961], [-0.34148410330553924, -0.2063179417398042, 0.5412944894888826, 0.5837331330047916, 0.34586302109441847, 0.06763642489707837, 0.0315521701705689, -0.5772718625808242, -0.4355865005492843, -0.6734566124596573, 0.30550653680745143, 0.13425612051520672, -0.10361399139516622], [-0.4084488524077233, 0.35155842885428096, -0.2888806702834047, 0.3258483302637325, -0.09931538551375525, -0.7585589595373938, 0.7767221446317686, -0.45296338570082395, 0.427001933356849, 0.0018382175793612487, -0.3333952437599061, 0.44187857914725187, 0.016714863369764372]], "inverted": false, "swapped": false, "error_lsq": 0.03859707594048233, "error_max": 0.21826225076718667, "target": "70.xyz", "model": "24.xyz", "model_rescale": 4.509807674373903, "target_rescale": 4.44984578191717},
{"mapping": [10, 7, 4, 6, 8, 1, 5, 0, 2, 9, 11, 3, 12], "R": [[-0.3574591089478687, -0.8403614252494787, 0.407450193745028], [-0.43295850354556276, 0.535673688493234, 0.724983195435343], [-0.8275082595586479, 0.08274282088929924, -0.5553230644890401]], "T": [-0.09074697214023764, -0.11864634223868532, 0.07233280391763573], "aligned_model": [[0.5793859009150044, 0.3386084725424451, -0.3214378659530277, 0.2063941183212017, 0.6650791268755545, -0.040755446229493425, -0.12007653601190764, -0.36722610056260274, -0.2584829841864962, 0.252915246581895, -0.5521538651663508, -0.647908520286137, 0.0679876701466133], [-0.06019608891819435, -0.34561312264325206, 0.6333654231260836, 0.713974248460831, 0.23528177402820916, 0.010956309363933978, 0.13307935178936975, -0.5699385873075272, -0.5743734254620155, -0.6410909855896555, 0.07767398943627125, 0.05247052645462229, 0.006521471209446003], [-0.4418155937526608, 0.45176434375699487, -0.1973099508666487, 0.29520567745591636, 0.006810121098175179, -0.8039334884215782, 0.740159900114736, -0.35897926576275846, 0.4364472257129328, 0.0031386289061589023, -0.3706248730875501, 0.24764427179217097, -0.008506996945887066]], "inverted": false, "swapped": false, "error_lsq": 0.050340141330592766, "error_max": 0.3342517736221907, "target": "70.xyz", "model": "25.xyz", "model_rescale": 4.466005608606829, "target_rescale": 4.44984578191717},
{"mapping": [9, 8, 3, 5, 7, 0, 6, 1, 2, 10, 11, 4, 12], "R": [[0.35745919833388784, 0.8403613670231318, 0.4074502354171704], [0.4329584218696978, -0.5356737680264995, 0.7249831854466646], [0.8275082636799437, -0.08274289735865809, -0.5553230469538425]], "T": [-0.09074698174034572, -0.11864635714392632, 0.07233276287727879], "aligned_model": [[0.5793859682230599, 0.33860838520692005, -0.3214379375281156, 0.206394135135757, 0.6650790561527812, -0.040755628288284704, -0.12007653581010404, -0.3672262992341458, -0.25848287642107776, 0.25291529727719875, -0.5521535337780973, -0.6479086084739767, 0.06798779452478333], [-0.060196156894216674, -0.345613081462406, 0.6333654191220052, 0.7139742571076423, 0.2352817773536849, 0.010956342891357412, 0.13307939829155138, -0.5699385159247335, -0.5743734318502498, -0.6410910157103077, 0.0776739037520395, 0.05247056030591421, 0.006521426965841265], [-0.4418155590368091, 0.4517643486481387, -0.1973100068888825, 0.2952057565138609, 0.006810162905432834, -0.8039335634066207, 0.7401599422565667, -0.3589793776639148, 0.4364472334015156, 0.003138626705896791, -0.37062478994781517, 0.24764417885382328, -0.00850695234119031]], "inverted": true, "swapped": false, "error_lsq": 0.05034014768809991, "error_max": 0.3342517959129322, "target": "70.xyz", "model": "26.xyz", "model_rescale": 4.466005838112752, "target_rescale": 4.44984578191717},
{"mapping": [5, 4, 9, 8, 6, 3, 2, 1, 0, 12, 11, 10, 13], "R": [[0.5296833050810076, -0.8464504532021514, 0.05438038793841925], [0.8461102037430056, 0.5317869378577728, 0.0360579512149977], [-0.05944004912876559, 0.02691250634418988, 0.9978690282606452]], "T": [0.03848288517653932, -0.015443894231253572, -0.03386243943462511], "aligned_model": [[0.5088636222822857, 0.5520128616319554, -0.16747603295353164, -0.12432679360386183, 0.5816113641602864, -0.04278621251590052, 0.04351226618343904, -0.36243379553446936, -0.3192845561847996, 0.1867340947815233, -0.5488049337218337, -0.505655694372164, 0.0003630268337692505], [-0.31547928931044716, -0.2868683649235793, 0.5170999918307846, 0.5457109162176523, 0.43135155283130583, 0.03130588818354006, 0.08852773695727571, -0.5515846496277026, -0.5229737252408349, -0.6298281531205518, 0.1381606215967019, 0.1667715459835697, 0.05991681257040789], [-0.4462373267841878, 0.3455424153684311, -0.43946438410689814, 0.3523153580457208, 0.3179765564962713, -0.8262879376797724, 0.7572715466254655, -0.3902229946709185, 0.40155674748170045, -0.019740867420113127, -0.4049903299905815, 0.38678941216203744, -0.03450819552715353]], "inverted": true, "swapped": false, "error_lsq": 0.036195571899270626, "error_max": 0.32527682598453717, "target": "70.xyz", "model": "27.xyz", "model_rescale": 4.509807893063789, "target_rescale": 4.44984578191717},
{"mapping": [3, 7, 12, 4, 5, 1, 6, 11, 8, 9, 0, 2, 13], "R": [[-0.4130354264755034, 0.4542950139686618, 0.7893147513884511], [0.3864631819456219, 0.8722244706807532, -0.2997843920989635], [-0.8246501958264876, 0.1812195161369034, -0.5358279028703549]], "T": [-0.05745178832469114, -0.02367664122366243, -0.006141726037366699], "aligned_model": [[0.5540020018240589, 0.618638514498976, -0.03481183456615657, -0.10401598247200064, 0.5222820713126339, -0.030918115818741404, -0.007659539285658518, -0.06840234236201734, -0.4224886413099349, 0.20380941247469966, -0.6572161696033759, -0.6985941057452095, -0.0722960519605754], [-0.34148421879692403, -0.20631795084828602, 0.5412941683304945, 0.5837332259709532, 0.34586312282601694, 0.06763664578034541, 0.031552152296650246, -0.5772719173021967, -0.43558643096511857, -0.6734565341100549, 0.30550674892528173, 0.13425598749294837, -0.1036141156519878], [-0.4084488037956221, 0.35155849719865023, -0.2888806062112574, 0.32584826314162707, -0.09931542744047146, -0.7585590222484505, 0.7767221877807488, -0.45296338657708307, 0.42700192812263, 0.0018382375405314256, -0.3333953316663519, 0.4418785773685746, 0.016714886786476296]], "inverted": false, "swapped": false, "error_lsq": 0.03859708977251634, "error_max": 0.21826236994525156, "target": "70.xyz", "model": "28.xyz", "model_rescale": 4.5098078930637895, "target_rescale": 4.44984578191717},
