[{"mapping": [6, 5, 1, 0, 8, 7, 11, 10, 9, 3, 2, 12], "R": [[0.8645986788326759, -0.5024630579065406, 4.917072034220145e-16], [-0.5024630579065406, -0.8645986788326759, -2.40293076243229e-16], [5.458677923341258e-16, -3.930762877356346e-17, -1.0]], "T": [-0.01358290304698052, -0.07479141176726763, 1.4278315246717182e-16], "aligned_model": [[-0.08964365329847392, -0.0896436532984747, 0.5822830116553727, 0.5822830116553722, 0.02638306662352895, 0.026383066623528562, -0.5539972977056873, -0.5539972977056877, 0.4907369053293059, -0.39526709238982655, -0.395267092389827, -0.0896436532984743], [-0.041225426338132296, -0.04122542633813191, -0.09765715733702682, -0.09765715733702662, 0.527027953932088, 0.5270279539320882, 0.09151400349175205, 0.09151400349175222, 0.39428841118524827, -0.615141142546845, -0.6151411425468448, -0.0412254263381321], [-0.8041626698931532, 0.8041626698931534, -0.4020813349465764, 0.4020813349465771, -0.4020813349465768, 0.4020813349465767, -0.402081334946577, 0.4020813349465765, 2.780442014133125e-16, -0.4020813349465767, 0.4020813349465768, 9.731785977492716e-17]], "inverted": false, "swapped": true, "error_lsq": 0.025843806926866053, "error_max": 0.11171856899081781, "target": "71.xyz", "model": "0.xyz", "model_rescale": 4.5108708085295355, "target_rescale": 4.4498459502919365},
{"mapping": [6, 5, 1, 0, 8, 7, 11, 10, 9, 3, 2, 12], "R": [[0.8645986788326759, -0.5024630579065407, -3.2120214153874914e-18], [-0.5024630579065407, -0.8645986788326759, 8.65560037534341e-19], [-3.2120214153874914e-18, 8.65560037534341e-19, -1.0000000000000002]], "T": [-0.013582903046980507, -0.07479141176726763, 4.715710169403757e-17], "aligned_model": [[-0.08964365329847429, -0.08964365329847429, 0.5822830116553724, 0.5822830116553724, 0.026383066623528826, 0.026383066623528826, -0.5539972977056875, -0.5539972977056875, 0.49073690532930603, -0.3952670923898269, -0.3952670923898269, -0.08964365329847429], [-0.04122542633813209, -0.04122542633813209, -0.09765715733702678, -0.09765715733702678, 0.5270279539320881, 0.5270279539320881, 0.09151400349175219, 0.09151400349175219, 0.39428841118524827, -0.6151411425468449, -0.6151411425468449, -0.04122542633813209], [-0.8041626698931535, 0.8041626698931535, -0.4020813349465769, 0.40208133494657683, -0.4020813349465769, 0.40208133494657683, -0.4020813349465769, 0.40208133494657683, 4.5943232418490205e-17, -0.4020813349465769, 0.40208133494657683, 4.743046382832373e-17]], "inverted": false, "swapped": true, "error_lsq": 0.025843806926866053, "error_max": 0.11171856899081792, "target": "71.xyz", "model": "1.xyz", "model_rescale": 4.510870808529536, "target_rescale": 4.4498459502919365},
{"mapping": [5, 6, 0, 1, 7, 8, 10, 11, 9, 2, 3, 12], "R": [[-0.8645986788326756, 0.502463057906541, -2.3520843311476118e-17], [0.502463057906541, 0.8645986788326756, -2.426612465945857e-16], [-1.0159222194719609e-16, -2.2162294806439377e-16, -1.0]], "T": [-0.013582903046980569, -0.07479141176726763, 6.697002935809378e-17], "aligned_model": [[-0.08964365329847435, -0.08964365329847432, 0.5822830116553722, 0.5822830116553722, 0.026383066623529034, 0.026383066623529048, -0.5539972977056875, -0.5539972977056875, 0.4907369053293061, -0.39526709238982716, -0.39526709238982716, -0.08964365329847433], [-0.04122542633813225, -0.04122542633813186, -0.09765715733702712, -0.09765715733702693, 0.5270279539320879, 0.5270279539320881, 0.0915140034917523, 0.09151400349175252, 0.394288411185248, -0.6151411425468448, -0.6151411425468446, -0.04122542633813205], [-0.8041626698931532, 0.8041626698931534, -0.4020813349465766, 0.4020813349465769, -0.4020813349465768, 0.4020813349465767, -0.4020813349465766, 0.4020813349465769, -5.871949242362349e-17, -0.40208133494657644, 0.40208133494657705, 6.061387847950274e-17]], "inverted": true, "swapped": true, "error_lsq": 0.025843806926866053, "error_max": 0.11171856899081774, "target": "71.xyz", "model": "2.xyz", "model_rescale": 4.5108708085295355, "target_rescale": 4.4498459502919365},
{"mapping": [4, 5, 9, 10, 6, 0, 1, 2, 3, 8, 11, 12, 13], "R": [[-0.5296833798265376, 0.846450406402588, -0.05438038834386751], [-0.8461101570800924, -0.5317870124563454, -0.03605794598498535], [-0.05944004728663458, 0.026912504224776396, 0.9978690284275358]], "T": [0.038482937357544655, -0.015443970778364412, 0.03386244104824126], "aligned_model": [[0.5520128707963523, 0.5088636296896449, -0.12432703871097239, -0.16747627981767976, 0.5816113202418987, 0.04351247806914191, -0.04278600414427278, -0.3192845969705914, -0.3624338380772988, 0.1867341328196576, -0.5056556102792469, -0.5488048513859543, 0.0003632369624345655], [-0.28686834316379395, -0.31547926435252094, 0.5457109555878401, 0.517100034399113, 0.4313514082696529, 0.08852769792803716, 0.03130585555058313, -0.5229736345589341, -0.5515845557476612, -0.6298284159451892, 0.1667713705099937, 0.13816044932126664, 0.059916776739310146], [-0.3455424240773394, 0.4462373445456467, -0.3523153846125625, 0.4394643840104236, -0.3179765778649279, -0.7572715618139235, 0.8262879754320483, -0.40155675552940434, 0.39022301309358176, 0.019740864814560645, -0.3867894267150757, 0.4049903419079104, 0.034508206809062504]], "inverted": false, "swapped": false, "error_lsq": 0.03619559340971557, "error_max": 0.32527684126442175, "target": "71.xyz", "model": "3.xyz", "model_rescale": 4.509807743048502, "target_rescale": 4.4498459502919365},
{"mapping": [4, 5, 9, 10, 6, 0, 1, 2, 3, 8, 11, 12, 13], "R": [[-0.5296833798265376, 0.846450406402588, -0.0543803883438675], [-0.8461101570800924, -0.5317870124563454, -0.03605794598498535], [-0.05944004728663458, 0.026912504224776375, 0.9978690284275358]], "T": [0.038482937357544655, -0.01544397077836442, 0.03386244104824132], "aligned_model": [[0.5520128707963523, 0.5088636296896449, -0.12432703871097242, -0.16747627981767974, 0.5816113202418987, 0.0435124780691419, -0.04278600414427278, -0.3192845969705914, -0.3624338380772988, 0.1867341328196576, -0.5056556102792469, -0.5488048513859543, 0.00036323696243457243], [-0.28686834316379395, -0.31547926435252094, 0.5457109555878401, 0.517100034399113, 0.4313514082696529, 0.08852769792803718, 0.031305855550583114, -0.5229736345589341, -0.5515845557476612, -0.6298284159451892, 0.16677137050999363, 0.13816044932126664, 0.059916776739310146], [-0.3455424240773393, 0.4462373445456465, -0.3523153846125624, 0.4394643840104234, -0.3179765778649278, -0.7572715618139235, 0.8262879754320487, -0.40155675552940423, 0.3902230130935816, 0.019740864814560603, -0.3867894267150756, 0.4049903419079102, 0.03450820680906247]], "inverted": false, "swapped": false, "error_lsq": 0.036195593409715565, "error_max": 0.3252768412644216, "target": "71.xyz", "model": "4.xyz", "model_rescale": 4.509807743048502, "target_rescale": 4.4498459502919365},
{"mapping": [0, 6, 8, 5, 4, 2, 7, 11, 10, 9, 3, 1, 13], "R": [[0.4130355318182748, -0.4542948669505901, 0.7893147808814557], [-0.3864630232001441, -0.8722245701957361, -0.29978430720414384], [0.8246502174586506, -0.18121940571917008, -0.5358279069217942]], "T": [-0.05745174881719909, -0.023676636213955576, -0.006141720739118574], "aligned_model": [[0.5540021964605141, 0.6186385286974894, -0.0348119027354679, -0.10401604232771491, 0.5222820556920756, -0.030918129663502582, -0.007659569322301253, -0.06840222007337335, -0.4224887183663799, 0.20380937965341064, -0.6572162276832931, -0.6985939995790668, -0.07229590155927658], [-0.34148410341564117, -0.20631784856542382, 0.5412943064579708, 0.5837331377030778, 0.3458630940071217, 0.06763644115380565, 0.031552195130532285, -0.577271839329948, -0.43558670700709434, -0.6734567507030504, 0.30550648484976173, 0.134255983976271, -0.103614059719685], [-0.40844869464492056, 0.35155839173488357, -0.28888074110950673, 0.3258482900494227, -0.09931541789011708, -0.758558981267484, 0.7767220996744233, -0.45296340972042526, 0.42700185495621557, 0.0018381470166758266, -0.3333952733279443, 0.4418787212341588, 0.01671501329461924]], "inverted": true, "swapped": false, "error_lsq": 0.03859708508456186, "error_max": 0.21826230237430122, "target": "71.xyz", "model": "5.xyz", "model_rescale": 4.509807743048502, "target_rescale": 4.4498459502919365},
{"mapping": [4, 5, 9, 10, 6, 0, 1, 2, 3, 8, 11, 12, 13], "R": [[-0.5296832969358017, 0.8464504583941586, -0.054380386459992915], [-0.8461102092230703, -0.5317869294885992, -0.03605794605326372], [-0.05944004370549994, 0.026912508419070016, 0.9978690285277332]], "T": [0.0384829309907676, -0.01544396047171677, 0.033862442031848454], "aligned_model": [[0.5520130032956705, 0.5088637621850814, -0.12432682346919938, -0.16747606457978836, 0.581611195754212, 0.04351236916154239, -0.042786113059635526, -0.3192844715381414, -0.3624337126487303, 0.1867339102069048, -0.5056557465275834, -0.5488049876381723, 0.0003631280509534332], [-0.28686835299110847, -0.3154792752277411, 0.5457107905439674, 0.5170998683073348, 0.4313515443471251, 0.08852776713234072, 0.031305922659075495, -0.5229737381390273, -0.5515846603756599, -0.6298282356686306, 0.16677139064547303, 0.1381604684088404, 0.0599168448957081], [-0.3455424310125552, 0.4462373651904222, -0.3523153913128359, 0.4394644048901415, -0.3179765935422815, -0.7572715918311813, 0.8262880005747731, -0.401556764603102, 0.3902230315998753, 0.01974085983486549, -0.3867894451814472, 0.4049903510215302, 0.03450820437179599]], "inverted": false, "swapped": false, "error_lsq": 0.036195590503495, "error_max": 0.32527687040692427, "target": "71.xyz", "model": "6.xyz", "model_rescale": 4.509807586411629, "target_rescale": 4.4498459502919365},
{"mapping": [4, 5, 9, 10, 6, 0, 1, 2, 3, 8, 11, 12, 13], "R": [[-0.5296832969358019, 0.8464504583941583, -0.05438038645999295], [-0.8461102092230701, -0.5317869294885993, -0.03605794605326371], [-0.05944004370549995, 0.026912508419070037, 0.9978690285277331]], "T": [0.038482930990767585, -0.015443960471716783, 0.03386244203184851], "aligned_model": [[0.5520130032956704, 0.5088637621850813, -0.12432682346919932, -0.1674760645797883, 0.5816111957542122, 0.04351236916154244, -0.042786113059635554, -0.31928447153814143, -0.36243371264873037, 0.18673391020690464, -0.5056557465275834, -0.5488049876381723, 0.000363128050953454], [-0.2868683529911086, -0.3154792752277412, 0.5457107905439673, 0.5170998683073347, 0.43135154434712497, 0.08852776713234069, 0.03130592265907548, -0.5229737381390271, -0.5515846603756598, -0.6298282356686306, 0.16677139064547308, 0.1381604684088405, 0.05991684489570809], [-0.34554243101255505, 0.44623736519042195, -0.35231539131283574, 0.43946440489014127, -0.31797659354228136, -0.7572715918311812, 0.8262880005747734, -0.40155676460310186, 0.39022303159987515, 0.01974085983486545, -0.38678944518144703, 0.40499035102152997, 0.03450820437179595]], "inverted": false, "swapped": false, "error_lsq": 0.036195590503495, "error_max": 0.3252768704069241, "target": "71.xyz", "model": "7.xyz", "model_rescale": 4.509807586411629, "target_rescale": 4.4498459502919365},
{"mapping": [0, 6, 8, 5, 4, 2, 7, 11, 10, 9, 3, 1, 13], "R": [[0.41303550560608004, -0.45429489961511804, 0.7893147757976026], [-0.3864630682682296, -0.8722245456980451, -0.299784320381411], [0.8246502094666778, -0.18121944174268007, -0.5358279070382914]], "T": [-0.057451754017215, -0.023676641690834655, -0.006141722992593772], "aligned_model": [[0.5540021545909076, 0.6186384846400035, -0.03481203190295322, -0.10401597869987714, 0.5222821370389212, -0.030918070148107907, -0.007659631098794889, -0.06840229244885335, -0.42248860729772253, 0.20380950844107595, -0.6572161858869063, -0.6985940768866888, -0.07229596114789077], [-0.3414842272832677, -0.20631799658698285, 0.5412940393528043, 0.5837332404271504, 0.345863178013599, 0.06763656047793554, 0.03155206582656846, -0.5772719448629805, -0.4355864369895913, -0.6734564994031426, 0.30550662289148683, 0.13425589754383474, -0.1036141648697164], [-0.40844873400959436, 0.3515583842748382, -0.2888807936482117, 0.32584833979687866, -0.099315383002095, -0.75855898606405, 0.7767221070738118, -0.4529634668503484, 0.42700190905754476, 0.0018381862585711015, -0.3333952632650764, 0.4418787115883528, 0.016714988789379364]], "inverted": true, "swapped": false, "error_lsq": 0.03859709096314626, "error_max": 0.2182623975864898, "target": "71.xyz", "model": "8.xyz", "model_rescale": 4.509807586411629, "target_rescale": 4.4498459502919365},
{"mapping": [6, 7, 11, 12, 4, 0, 1, 2, 3, 8, 9, 10, 13], "R": [[0.5296834292463541, -0.8464503753275887, -0.054380390671703666], [0.8461101260119885, 0.5317870619644416, -0.03605794485552642], [0.05944004914028564, -0.026912503321165182, 0.9978690283414898]], "T": [0.03848296064681585, -0.01544392563603747, 0.033862445683639344], "aligned_model": [[0.5520128116330719, 0.5088635663966347, -0.12432689731866207, -0.1674761425550993, 0.581611304599459, 0.04351229657731306, -0.042786193895561306, -0.31928452831756216, -0.3624337735539993, 0.18673422190558925, -0.5056555111912543, -0.5488047564276916, 0.00036305134087587926], [-0.28686828264511033, -0.3154792044512058, 0.5457109817615857, 0.5171000599554902, 0.4313515049974261, 0.08852762124358271, 0.031305777631391744, -0.5229736534290063, -0.5515845752351017, -0.6298284708961059, 0.1667713989866799, 0.1381604771805844, 0.05991669943748723], [-0.34554244293994546, 0.4462373675011129, -0.3523153963073661, 0.4394644141336923, -0.3179765937888935, -0.7572716149801929, 0.8262880059019236, -0.4015567720653331, 0.3902230383757253, 0.019740870458811385, -0.3867894410957288, 0.40499036934532956, 0.03450819546086533]], "inverted": false, "swapped": false, "error_lsq": 0.036195578786923185, "error_max": 0.3252768735519376, "target": "71.xyz", "model": "9.xyz", "model_rescale": 4.509807504472865, "target_rescale": 4.4498459502919365},
{"mapping": [6, 7, 11, 12, 5, 0, 1, 2, 3, 8, 9, 10, 13], "R": [[0.5296834292463543, -0.8464503753275885, 0.05438039067170365], [0.8461101260119883, 0.5317870619644417, 0.03605794485552643], [-0.05944004914028565, 0.02691250332116516, 0.9978690283414897]], "T": [0.03848296064681585, -0.01544392563603748, -0.03386244568363926], "aligned_model": [[0.5088635663966345, 0.5520128116330717, -0.16747614255509913, -0.12432689731866199, 0.5816113045994591, -0.042786193895561264, 0.043512296577313085, -0.3624337735539994, -0.31928452831756227, 0.18673422190558908, -0.5488047564276914, -0.5056555111912542, 0.0003630513408759001], [-0.31547920445120586, -0.2868682826451104, 0.5171000599554902, 0.5457109817615857, 0.4313515049974259, 0.03130577763139171, 0.0885276212435827, -0.5515845752351016, -0.5229736534290061, -0.6298284708961059, 0.13816047718058452, 0.16677139898668, 0.0599166994374872], [-0.4462373675011127, 0.34554244293994546, -0.43946441413369214, 0.352315396307366, 0.3179765937888935, -0.8262880059019236, 0.7572716149801932, -0.39022303837572503, 0.40155677206533313, -0.01974087045881139, -0.40499036934532934, 0.3867894410957288, -0.034508195460865344]], "inverted": false, "swapped": false, "error_lsq": 0.03619557878692319, "error_max": 0.3252768735519376, "target": "71.xyz", "model": "10.xyz", "model_rescale": 4.509807504472865, "target_rescale": 4.4498459502919365},
{"mapping": [0, 4, 8, 7, 6, 2, 5, 9, 12, 11, 3, 1, 13], "R": [[-0.41303557384603273, 0.4542948459253285, 0.7893147709902308], [0.386462954267999, 0.8722245968370037, -0.2997843185541513], [-0.8246502287128337, 0.1812193302001979, -0.5358279151422243]], "T": [-0.057451726313304786, -0.02367665022077871, -0.0061416758983262884], "aligned_model": [[0.5540021048628441, 0.6186385553046247, -0.03481185674885999, -0.10401607985747599, 0.5222820434460342, -0.03091808547382089, -0.007659567998885543, -0.06840214643076317, -0.42248863612596044, 0.20380948717754985, -0.6572162087773311, -0.6985941417441763, -0.07229601844066638], [-0.3414841531707136, -0.20631792332648358, 0.5412944006009881, 0.5837330801477111, 0.34586301486217186, 0.06763647853990752, 0.03155214195905562, -0.5772718165400849, -0.43558662829497596, -0.6734566935805152, 0.30550654382544673, 0.13425597740036477, -0.10361408788517434], [-0.40844887460551305, 0.351558423342299, -0.2888807302320391, 0.3258482928897707, -0.09931544406424242, -0.7585589632850156, 0.7767221602963122, -0.45296333052109156, 0.4270019839067614, 0.0018382469527483116, -0.3333952263310025, 0.44187859930251316, 0.01671486234850026]], "inverted": true, "swapped": false, "error_lsq": 0.038597090774461176, "error_max": 0.21826235597710178, "target": "71.xyz", "model": "11.xyz", "model_rescale": 4.509807504472865, "target_rescale": 4.4498459502919365},
{"mapping": [6, 7, 11, 12, 4, 0, 1, 2, 3, 8, 9, 10, 13], "R": [[0.5296833198895983, -0.8464504441122724, -0.05438038518501313], [0.8461101948170382, 0.5317869523721499, -0.03605794660562648], [0.0594400442244709, -0.026912505436646948, 0.9978690285772553]], "T": [0.03848286966415921, -0.015443864659205726, 0.03386244086567496], "aligned_model": [[0.5520129132853094, 0.508863674909627, -0.12432686402890639, -0.16747610240458877, 0.581611311685571, 0.0435123788959863, -0.04278609785537842, -0.3192845332455823, -0.3624337716212647, 0.18673420173967298, -0.5056557821559771, -0.5488050205316595, 0.00036314052030393673], [-0.28686825942118654, -0.31547918095347083, 0.5457108691180974, 0.5170999475858131, 0.4313514904616336, 0.08852755472416962, 0.03130571165960112, -0.5229736115272178, -0.5515845330595021, -0.6298283551250721, 0.1667714947076154, 0.13816057317533115, 0.05991663319188537], [-0.34554241873226216, 0.44623734588876696, -0.35231537555416165, 0.43946438906686747, -0.3179765750087968, -0.7572715684154818, 0.8262879608265761, -0.40155674860108703, 0.3902230160199421, 0.019740869590758353, -0.3867894279538487, 0.40499033666718043, 0.03450819620554717]], "inverted": false, "swapped": false, "error_lsq": 0.03619558282098724, "error_max": 0.32527685312908267, "target": "71.xyz", "model": "12.xyz", "model_rescale": 4.509807766519439, "target_rescale": 4.4498459502919365},
{"mapping": [6, 7, 11, 12, 5, 0, 1, 2, 3, 8, 9, 10, 13], "R": [[0.5296833198895982, -0.8464504441122727, 0.054380385185013175], [0.8461101948170384, 0.5317869523721498, 0.036057946605626515], [-0.05944004422447094, 0.026912505436646972, 0.9978690285772555]], "T": [0.0384828696641592, -0.015443864659205712, -0.03386244086567492], "aligned_model": [[0.5088636749096271, 0.5520129132853095, -0.1674761024045889, -0.1243268640289065, 0.581611311685571, -0.0427860978553785, 0.043512378895986324, -0.36243377162126467, -0.31928453324558226, 0.18673420173967312, -0.5488050205316597, -0.5056557821559773, 0.00036314052030390204], [-0.3154791809534708, -0.2868682594211865, 0.5170999475858132, 0.5457108691180975, 0.4313514904616339, 0.03130571165960112, 0.08852755472416968, -0.5515845330595022, -0.5229736115272179, -0.6298283551250721, 0.13816057317533106, 0.16677149470761535, 0.0599166331918854], [-0.44623734588876673, 0.3455424187322622, -0.43946438906686724, 0.3523153755541617, 0.3179765750087968, -0.8262879608265763, 0.7572715684154822, -0.39022301601994186, 0.4015567486010871, -0.0197408695907584, -0.4049903366671802, 0.38678942795384874, -0.03450819620554722]], "inverted": false, "swapped": false, "error_lsq": 0.03619558282098724, "error_max": 0.3252768531290828, "target": "71.xyz", "model": "13.xyz", "model_rescale": 4.509807766519439, "target_rescale": 4.4498459502919365},
{"mapping": [0, 4, 8, 7, 6, 2, 5, 9, 12, 11, 3, 1, 13], "R": [[-0.41303550791444993, 0.45429488629792736, 0.7893147822544602], [0.3864630661556382, 0.8722245514128693, -0.2997843064775104], [-0.8246502093005466, 0.18121944762130893, -0.5358279053057917]], "T": [-0.05745178543457949, -0.02367676625133542, -0.006141702347223222], "aligned_model": [[0.5540021140899335, 0.6186385281746088, -0.034811869792477065, -0.10401601834847493, 0.5222820775012356, -0.030918100957293165, -0.007659567675101592, -0.0684023136594605, -0.42248861990665, 0.20380947594306045, -0.6572161968070036, -0.6985940776094871, -0.07229598175977701], [-0.34148404934031074, -0.20631791235348457, 0.5412942806894534, 0.5837330893848685, 0.3458630475034504, 0.06763643616943016, 0.031552129527933466, -0.5772720453850646, -0.43558655239582034, -0.6734565942772384, 0.3055064780508482, 0.13425603442252523, -0.10361400745889268], [-0.4084488390287082, 0.3515584326485615, -0.2888806786147104, 0.3258483498367617, -0.09931535460779672, -0.7585589348374859, 0.77672213709312, -0.4529634309903338, 0.42700190903090973, 0.00183820458635131, -0.3333952303929274, 0.4418785698604085, 0.016714865415850322]], "inverted": true, "swapped": false, "error_lsq": 0.038597081738943495, "error_max": 0.21826229529509153, "target": "71.xyz", "model": "14.xyz", "model_rescale": 4.509807766519439, "target_rescale": 4.4498459502919365},
{"mapping": [5, 6, 0, 1, 10, 11, 7, 8, 9, 2, 3, 12], "R": [[0.8645986743401619, -0.5024630656369031, -1.6842461066640228e-17], [-0.5024630656369031, -0.8645986743401619, 2.957868044751702e-18], [-1.60481889563583e-17, 5.905345830048786e-18, -1.0]], "T": [0.013582759146047299, 0.07479152226666552, 6.574626781298541e-19], "aligned_model": [[0.08964350909742813, 0.08964350909742816, -0.5822831553518633, -0.5822831553518633, 0.5539971523178203, 0.5539971523178203, -0.02638321590531905, -0.026383215905319037, -0.49073705342427415, 0.3952669533201516, 0.3952669533201516, 0.08964350909742815], [0.04122553615747208, 0.04122553615747208, 0.09765727316405198, 0.09765727316405198, -0.0915138978241905, -0.0915138978241905, -0.5270278430753551, -0.5270278430753551, -0.3942882961767352, 0.6151412496336107, 0.6151412496336107, 0.04122553615747208], [-0.8041626698931533, 0.8041626698931533, -0.40208133494657666, 0.40208133494657683, -0.40208133494657666, 0.40208133494657683, -0.40208133494657666, 0.40208133494657683, 7.763973281069123e-18, -0.40208133494657666, 0.40208133494657683, -7.228712993286981e-19]], "inverted": true, "swapped": true, "error_lsq": 0.02584381141247782, "error_max": 0.11171872130256744, "target": "71.xyz", "model": "15.xyz", "model_rescale": 4.510870436145588, "target_rescale": 4.4498459502919365},
{"mapping": [5, 6, 0, 1, 10, 11, 7, 8, 9, 2, 3, 12], "R": [[0.8645986743401619, -0.5024630656369031, -1.4003432445534036e-17], [-0.5024630656369031, -0.8645986743401619, 2.1928202926413255e-18], [-1.3209160335252109e-17, 5.140298077938411e-18, -1.0]], "T": [0.013582759146047299, 0.07479152226666552, -6.319032085029574e-17], "aligned_model": [[0.08964350909742813, 0.08964350909742816, -0.5822831553518633, -0.5822831553518633, 0.5539971523178203, 0.5539971523178203, -0.02638321590531905, -0.026383215905319037, -0.49073705342427415, 0.3952669533201516, 0.3952669533201516, 0.08964350909742815], [0.04122553615747208, 0.04122553615747208, 0.09765727316405198, 0.09765727316405198, -0.0915138978241905, -0.0915138978241905, -0.5270278430753551, -0.5270278430753551, -0.3942882961767352, 0.6151412496336107, 0.6151412496336107, 0.04122553615747208], [-0.8041626698931534, 0.8041626698931532, -0.4020813349465767, 0.4020813349465768, -0.4020813349465767, 0.4020813349465768, -0.4020813349465767, 0.4020813349465768, -5.715672016877405e-17, -0.4020813349465767, 0.4020813349465768, -6.432903659947931e-17]], "inverted": true, "swapped": true, "error_lsq": 0.02584381141247782, "error_max": 0.11171872130256744, "target": "71.xyz", "model": "16.xyz", "model_rescale": 4.510870436145588, "target_rescale": 4.4498459502919365},
{"mapping": [6, 5, 1, 0, 11, 10, 8, 7, 9, 3, 2, 12], "R": [[-0.8645986743401619, 0.5024630656369031, -2.3625543853269395e-17], [0.5024630656369031, 0.8645986743401619, -1.0634944734701677e-17], [1.5082946961824838e-17, -2.1065922311156788e-17, -1.0]], "T": [0.013582759146047299, 0.07479152226666552, 1.584794970717675e-16], "aligned_model": [[0.08964350909742813, 0.08964350909742816, -0.5822831553518633, -0.5822831553518633, 0.5539971523178203, 0.5539971523178203, -0.02638321590531905, -0.026383215905319037, -0.49073705342427415, 0.3952669533201516, 0.3952669533201516, 0.08964350909742815], [0.04122553615747207, 0.041225536157472084, 0.09765727316405198, 0.09765727316405198, -0.0915138978241905, -0.0915138978241905, -0.5270278430753551, -0.5270278430753551, -0.3942882961767352, 0.6151412496336107, 0.6151412496336107, 0.04122553615747208], [-0.8041626698931532, 0.8041626698931534, -0.40208133494657666, 0.40208133494657683, -0.40208133494657666, 0.40208133494657683, -0.40208133494657666, 0.40208133494657683, 1.753829648650297e-16, -0.40208133494657666, 0.40208133494657683, 1.5703949289551563e-16]], "inverted": false, "swapped": true, "error_lsq": 0.02584381141247782, "error_max": 0.11171872130256744, "target": "71.xyz", "model": "17.xyz", "model_rescale": 4.510870436145588, "target_rescale": 4.4498459502919365},
{"mapping": [9, 8, 3, 5, 7, 0, 6, 1, 2, 10, 11, 4, 12], "R": [[0.35745913539152097, 0.8403614298732955, 0.40745016100924164], [0.4329584995619722, -0.5356736751629646, 0.7249832076637697], [0.827508250220016, -0.0827428602280173, -0.5553230725434473]], "T": [-0.0907469421841821, -0.11864639028719753, 0.0723328045751243], "aligned_model": [[0.5793859983008988, 0.33860842336585995, -0.3214379500247373, 0.20639404835587155, 0.6650790488430297, -0.04075554744195843, -0.12007657712129816, -0.3672261729191282, -0.25848283762239804, 0.252915372823729, -0.5521535697196197, -0.6479085755019071, 0.06798778785477173], [-0.06019618176418812, -0.34561310680187607, 0.6333654286125299, 0.7139742555786825, 0.23528179499463414, 0.010956330788655877, 0.13307935378217223, -0.5699385710078544, -0.5743735363671838, -0.6410910835606984, 0.07767375803747775, 0.05247052681601963, 0.006521365429326603], [-0.44181562415865866, 0.4517643310497172, -0.19730992120773633, 0.29520568311112705, 0.006810105516717999, -0.8039334719846495, 0.7401599086441262, -0.3589792464516502, 0.4364472157335519, 0.003138601374340494, -0.37062487615270095, 0.24764430432526285, -0.00850700979944738]], "inverted": true, "swapped": false, "error_lsq": 0.05034013822145145, "error_max": 0.3342518566244151, "target": "71.xyz", "model": "18.xyz", "model_rescale": 4.466005644533647, "target_rescale": 4.4498459502919365},
{"mapping": [5, 4, 9, 8, 7, 3, 2, 1, 0, 12, 11, 10, 13], "R": [[0.5296832976916186, -0.8464504580298489, -0.054380384768695285], [0.8461102087804317, 0.531786930157482, -0.03605794657513897], [0.059440043271069366, -0.026912506660293153, 0.997869028601045]], "T": [0.03848292779515613, -0.01544389936659676, 0.033862443128513504], "aligned_model": [[0.5520129849836758, 0.5088637464126976, -0.12432682237795226, -0.16747606094893036, 0.5816113649138839, 0.04351224709223788, -0.04278623004971833, -0.31928446594593585, -0.3624337045169139, 0.18673409008879852, -0.5056557352045054, -0.5488049737754835, 0.00036300852125978333], [-0.28686828453473373, -0.3154792063913571, 0.5457108364180748, 0.5170999145614513, 0.4313514749128558, 0.08852763817928627, 0.031305794466039455, -0.5229736624249841, -0.5515845842816076, -0.6298282755355317, 0.1667714473510828, 0.1381605254944594, 0.059916716322662864], [-0.345542420423524, 0.4462373538616169, -0.35231537890014203, 0.4394643953849989, -0.3179765773959391, -0.7572715819065177, 0.8262879666637641, -0.40155675109171485, 0.39022302319342606, 0.019740866688446483, -0.38678943136908905, 0.40499034291605185, 0.034508192378623105]], "inverted": true, "swapped": false, "error_lsq": 0.036195579081926235, "error_max": 0.32527685757797414, "target": "71.xyz", "model": "19.xyz", "model_rescale": 4.509807711582247, "target_rescale": 4.4498459502919365},
{"mapping": [3, 7, 12, 4, 5, 1, 6, 11, 8, 9, 0, 2, 13], "R": [[-0.41303549101086456, 0.4542949037117229, 0.7893147810772141], [0.38646309509029686, 0.8722245370297486, -0.29978431102455805], [-0.8246502042069972, 0.18121947319423815, -0.535827904495987]], "T": [-0.05745175485739428, -0.023676705642775124, -0.0061416904497000315], "aligned_model": [[0.5540020484500736, 0.6186385593243243, -0.034811924332390706, -0.10401597830109532, 0.5222821242438899, -0.0309180604018982, -0.007659543220660862, -0.06840229089929134, -0.422488607266566, 0.20380949527841918, -0.6572161629468833, -0.6985941566398965, -0.0722960540949115], [-0.3414841898388773, -0.2063178774899141, 0.5412941610689329, 0.5837331504425277, 0.34586310205549586, 0.06763651538599758, 0.03155217089711781, -0.5772719805409288, -0.4355864991559963, -0.6734565475430282, 0.3055065637730294, 0.13425590693518633, -0.10361414145184547], [-0.40844887364452287, 0.3515584513787909, -0.2888806965381426, 0.325848379902415, -0.09931532907881035, -0.7585589296419464, 0.7767221603600163, -0.452963437950516, 0.4270019126000165, 0.0018382036187911685, -0.33339522066072097, 0.4418785443179276, 0.016714835336702434]], "inverted": false, "swapped": false, "error_lsq": 0.03859709080508326, "error_max": 0.21826235166277053, "target": "71.xyz", "model": "20.xyz", "model_rescale": 4.509807711582248, "target_rescale": 4.4498459502919365},
{"mapping": [10, 7, 4, 6, 8, 1, 5, 0, 2, 9, 11, 3, 12], "R": [[-0.3574591353915212, -0.8403614298732955, 0.4074501610092412], [-0.43295849956197197, 0.5356736751629645, 0.7249832076637699], [-0.8275082502200158, 0.08274286022801786, -0.5553230725434471]], "T": [-0.09074694218418211, -0.11864639028719765, 0.07233280457512438], "aligned_model": [[0.5793859983008985, 0.33860842336586033, -0.3214379500247377, 0.20639404835587138, 0.6650790488430297, -0.04075554744195892, -0.1200765771212979, -0.36722617291912824, -0.25848283762239777, 0.2529153728237292, -0.55215356971962, -0.6479085755019071, 0.06798778785477172], [-0.06019618176418806, -0.3456131068018762, 0.6333654286125299, 0.7139742555786823, 0.23528179499463414, 0.010956330788655988, 0.13307935378217212, -0.5699385710078544, -0.574373536367184, -0.6410910835606984, 0.07767375803747781, 0.0524705268160196, 0.006521365429326603], [-0.4418156241586588, 0.45176433104971697, -0.19730992120773583, 0.2952056831111274, 0.006810105516717971, -0.8039334719846495, 0.7401599086441264, -0.35897924645165047, 0.43644721573355183, 0.003138601374340133, -0.3706248761527007, 0.24764430432526313, -0.008507009799447365]], "inverted": false, "swapped": false, "error_lsq": 0.05034013822145145, "error_max": 0.3342518566244157, "target": "71.xyz", "model": "21.xyz", "model_rescale": 4.466005644533646, "target_rescale": 4.4498459502919365},
{"mapping": [9, 8, 3, 5, 7, 0, 6, 1, 2, 10, 11, 4, 12], "R": [[0.35745907213983696, 0.8403614711017023, 0.4074501314672876], [0.4329585377220252, -0.5356736168735692, 0.7249832279433744], [0.8275082575772479, -0.08274281886285872, -0.5553230677435395]], "T": [-0.09074694625260242, -0.11864639065980748, 0.07233280434465629], "aligned_model": [[0.579385921626086, 0.3386085179951752, -0.3214379045634201, 0.20639407296998913, 0.6650791224280638, -0.04075543173250147, -0.1200765314628994, -0.36722603616539, -0.25848291914586374, 0.2529153171931974, -0.552153856240039, -0.6479085089963086, 0.06798768528702488], [-0.060196082155738684, -0.3456131326580955, 0.6333653537864032, 0.7139742264483777, 0.23528179006052075, 0.010956261454083571, 0.13307930372976146, -0.5699386612645327, -0.5743734866827499, -0.641091004874355, 0.07767389959036974, 0.05247043106778698, 0.006521436035866496], [-0.4418155937992061, 0.4517643450183385, -0.1973099535989638, 0.29520567420184557, 0.006810119751841717, -0.8039334885687821, 0.7401598994683424, -0.35897926330228525, 0.4364472281564538, 0.003138631467290695, -0.37062487335236505, 0.247644271667533, -0.008506997110043032]], "inverted": true, "swapped": false, "error_lsq": 0.050340134144380384, "error_max": 0.33425180674985167, "target": "71.xyz", "model": "22.xyz", "model_rescale": 4.46600560860683, "target_rescale": 4.4498459502919365},
{"mapping": [5, 4, 9, 8, 7, 3, 2, 1, 0, 12, 11, 10, 13], "R": [[0.529683356560801, -0.846450421042786, -0.05438038708002945], [0.8461101717440177, 0.5317869891247968, -0.036057945988261425], [0.05944004587643178, -0.026912504790039496, 0.9978690284962923]], "T": [0.03848292170611915, -0.015443898593760906, 0.03386244319909761], "aligned_model": [[0.5520128703302142, 0.5088636295692558, -0.12432688469671878, -0.16747612545767715, 0.5816113004711524, 0.043512341966576024, -0.042786139555340774, -0.3192846042231798, -0.36243384498413816, 0.18673432401861384, -0.5056556393451517, -0.5488048801061101, 0.00036310120561763165], [-0.28686826154958334, -0.3154791831765922, 0.5457109133419593, 0.5170999917149506, 0.4313515016764833, 0.08852758303497446, 0.03130573978095679, -0.5229735805988905, -0.5515845022258993, -0.6298284669760045, 0.16677142986719315, 0.1381605082401843, 0.05991666140796562], [-0.345542427437674, 0.4462373532969588, -0.3523153831701221, 0.43946439756451067, -0.3179765818881996, -0.7572715850474356, 0.8262879764218298, -0.4015567591522438, 0.390223021582389, 0.019740873596849888, -0.38678943109434627, 0.4049903496402865, 0.03450819568719698]], "inverted": true, "swapped": false, "error_lsq": 0.036195582553976494, "error_max": 0.3252768609023939, "target": "71.xyz", "model": "23.xyz", "model_rescale": 4.509807674373902, "target_rescale": 4.4498459502919365},
{"mapping": [3, 7, 12, 4, 5, 1, 6, 11, 8, 9, 0, 2, 13], "R": [[-0.4130355312510501, 0.45429487174658667, 0.789314778417911], [0.3864630265436033, 0.8722245675921237, -0.29978431046919646], [-0.8246502161758776, 0.18121940622760518, -0.5358279087240542]], "T": [-0.057451751574407614, -0.023676700371852953, -0.006141687832940972], "aligned_model": [[0.5540021091020035, 0.6186385359124712, -0.034811801995286, -0.10401604209985775, 0.5222820635023456, -0.030918132842439647, -0.007659569689732068, -0.06840222661248711, -0.42248862731943104, 0.2038094782827723, -0.657216238444643, -0.6985941021024027, -0.07229599650019965], [-0.3414840892673808, -0.2063179195095022, 0.5412944446114367, 0.5837330825429188, 0.3458630326339939, 0.06763637936320485, 0.03155213039942272, -0.5772719112005315, -0.4355865827955413, -0.6734566327044663, 0.3055064292721298, 0.1342560105504689, -0.10361403935845592], [-0.4084488522448316, 0.3515584286540177, -0.2888806715285279, 0.3258483289899095, -0.09931538685399284, -0.7585589597295687, 0.77672214449792, -0.4529633844185698, 0.42700193466058484, 0.001838218816682475, -0.33339524388566627, 0.44187857944297276, 0.016714863599070606]], "inverted": false, "swapped": false, "error_lsq": 0.03859708142677591, "error_max": 0.21826227162312486, "target": "71.xyz", "model": "24.xyz", "model_rescale": 4.509807674373903, "target_rescale": 4.4498459502919365},
{"mapping": [10, 7, 4, 6, 8, 1, 5, 0, 2, 9, 11, 3, 12], "R": [[-0.35745907213983713, -0.840361471101702, 0.40745013146728765], [-0.43295853772202575, 0.5356736168735693, 0.7249832279433737], [-0.8275082575772474, 0.08274281886285839, -0.55532306774354]], "T": [-0.09074694625260249, -0.11864639065980748, 0.07233280434465642], "aligned_model": [[0.5793859216260857, 0.3386085179951752, -0.32143790456342003, 0.20639407296998924, 0.6650791224280638, -0.04075543173250165, -0.12007653146289925, -0.3672260361653902, -0.2584829191458638, 0.2529153171931972, -0.5521538562400391, -0.6479085089963085, 0.06798768528702487], [-0.06019608215573946, -0.3456131326580951, 0.633365353786403, 0.7139742264483777, 0.23528179006052036, 0.010956261454082683, 0.13307930372976218, -0.5699386612645327, -0.5743734866827493, -0.641091004874355, 0.07767389959036944, 0.052470431067787426, 0.006521436035866385], [-0.4418155937992062, 0.4517643450183386, -0.19730995359896417, 0.29520567420184507, 0.006810119751841509, -0.803933488568782, 0.7401598994683422, -0.3589792633022848, 0.4364472281564543, 0.003138631467291028, -0.37062487335236505, 0.24764427166753297, -0.008506997110043046]], "inverted": false, "swapped": false, "error_lsq": 0.05034013414438037, "error_max": 0.3342518067498514, "target": "71.xyz", "model": "25.xyz", "model_rescale": 4.466005608606829, "target_rescale": 4.4498459502919365},
{"mapping": [9, 8, 3, 5, 7, 0, 6, 1, 2, 10, 11, 4, 12], "R": [[0.3574591615258641, 0.8403614128753625, 0.40745017313942933], [0.4329584560461701, -0.5356736964068392, 0.7249832179546988], [0.8275082616985421, -0.08274289533221735, -0.555323050208344]], "T": [-0.0907469558527091, -0.11864640556504949, 0.0723327633042998], "aligned_model": [[0.5793859889341465, 0.33860843065964774, -0.32143797613850866, 0.20639408978454354, 0.6650790517052899, -0.04075561379129709, -0.1200765312610987, -0.3672262348369393, -0.2584828113804436, 0.25291536788850427, -0.552153524851779, -0.6479085971841508, 0.06798780966519867], [-0.060196150131755805, -0.34561309147725555, 0.6333653497823176, 0.7139742350951915, 0.23528179338599106, 0.010956294981489062, 0.13307935023194492, -0.5699385898817575, -0.5743734930709741, -0.6410910349950024, 0.07767381390616529, 0.052470464919070925, 0.006521391792272624], [-0.441815559083355, 0.4517643499094822, -0.19731000962119852, 0.2952057532597878, 0.006810161559097666, -0.8039335635538243, 0.7401599416101724, -0.3589793752034398, 0.4364472358450383, 0.003138629267029569, -0.37062479021262906, 0.247644178729186, -0.008506952505346332]], "inverted": true, "swapped": false, "error_lsq": 0.05034014050188752, "error_max": 0.334251829040605, "target": "71.xyz", "model": "26.xyz", "model_rescale": 4.466005838112752, "target_rescale": 4.4498459502919365},
{"mapping": [5, 4, 9, 8, 7, 3, 2, 1, 0, 12, 11, 10, 13], "R": [[0.5296832319549678, -0.8464504991391099, -0.05438038518521345], [0.8461102502071028, 0.5317868644073709, -0.036057944176710044], [0.05944003936921607, -0.02691251290624799, 0.9978690286650136]], "T": [0.03848290218142378, -0.015443931456603006, 0.033862439339102504], "aligned_model": [[0.5520129022258086, 0.5088636650607267, -0.12432682494292865, -0.16747606210801055, 0.5816113426894741, 0.04351227449228823, -0.0427861998378756, -0.3192844951709565, -0.3624337323360384, 0.18673416487472524, -0.505655692958112, -0.5488049301231939, 0.00036303732720632115], [-0.28686836224211404, -0.3154792810443075, 0.5457108603832747, 0.5170999415810812, 0.43135155839432354, 0.08852769086126686, 0.03130585325687993, -0.5229737984988535, -0.551584717301047, -0.6298281777029957, 0.16677145679665456, 0.1381605379944611, 0.059916772059073385], [-0.34554241208508946, 0.4462373303883839, -0.3523153648005625, 0.43946437767291086, -0.3179765616497817, -0.7572715479420614, 0.8262879370048853, -0.4015567417376008, 0.39022300073587257, 0.019740874604701728, -0.3867894145982716, 0.4049903278752018, 0.034508194531411865]], "inverted": true, "swapped": false, "error_lsq": 0.03619558232095807, "error_max": 0.32527685579005383, "target": "71.xyz", "model": "27.xyz", "model_rescale": 4.509807893063789, "target_rescale": 4.4498459502919365},
{"mapping": [3, 7, 12, 4, 5, 1, 6, 11, 8, 9, 0, 2, 13], "R": [[-0.41303546610550834, 0.45429492647316483, 0.7893147810092926], [0.3864631385912938, 0.8722245167467225, -0.29978431395940824], [-0.8246501962948727, 0.18121951375800666, -0.5358279029540546]], "T": [-0.057451770623863904, -0.02367668774593127, -0.006141726000540225], "aligned_model": [[0.554002051084548, 0.6186385508982871, -0.03481187392071917, -0.10401602550612275, 0.5222820517817789, -0.030918108013214082, -0.00765952638961441, -0.06840226944467719, -0.4224885817946654, 0.20380949549323613, -0.6572161853011156, -0.6985941034912546, -0.07229602620335342], [-0.341484204758776, -0.20631792861798534, 0.541294123453041, 0.5837331755090834, 0.3458631343655873, 0.06763660024647217, 0.03155211252551069, -0.5772719659219091, -0.4355865132113672, -0.6734565543548632, 0.3055066413899682, 0.13425587752821594, -0.10361416361528], [-0.4084488036327287, 0.3515584969983878, -0.2888806074563815, 0.32584826186780186, -0.09931542878070992, -0.7585590224406259, 0.7767221876468996, -0.4529633852948271, 0.4270019294263663, 0.0018382387778545185, -0.3333953317921141, 0.44187857766429456, 0.01671488701578302]], "inverted": false, "swapped": false, "error_lsq": 0.03859709525881886, "error_max": 0.2182623908012002, "target": "71.xyz", "model": "28.xyz", "model_rescale": 4.5098078930637895, "target_rescale": 4.4498459502919365},
