[{"mapping": [6, 5, 1, 0, 8, 7, 11, 10, 9, 3, 2, 12], "R": [[0.8645986788326759, -0.5024630579065406, 4.917072034220145e-16], [-0.5024630579065406, -0.8645986788326759, -2.40293076243229e-16], [5.458677923341258e-16, -3.930762877356346e-17, -1.0]], "T": [-0.01358290304698052, -0.07479141176726763, 7.895543599577484e-17], "aligned_model": [[-0.08964365329847392, -0.0896436532984747, 0.5822830116553727, 0.5822830116553722, 0.02638306662352895, 0.026383066623528562, -0.5539972977056873, -0.5539972977056877, 0.4907369053293059, -0.39526709238982655, -0.395267092389827, -0.0896436532984743], [-0.041225426338132296, -0.04122542633813191, -0.09765715733702682, -0.09765715733702662, 0.527027953932088, 0.5270279539320882, 0.09151400349175205, 0.09151400349175222, 0.39428841118524827, -0.615141142546845, -0.6151411425468448, -0.0412254263381321], [-0.8041626698931534, 0.8041626698931535, -0.4020813349465763, 0.40208133494657694, -0.40208133494657666, 0.40208133494657655, -0.4020813349465769, 0.40208133494657633, 3.140152678235853e-16, -0.4020813349465766, 0.4020813349465766, 1.332889261852e-16]], "inverted": false, "swapped": true, "error_lsq": 0.025843806926866053, "error_max": 0.11171856899081781, "target": "72.xyz", "model": "0.xyz", "model_rescale": 4.5108708085295355, "target_rescale": 4.4498459502919365},
{"mapping": [6, 5, 1, 0, 8, 7, 11, 10, 9, 3, 2, 12], "R": [[0.8645986788326759, -0.5024630579065407, -3.2120214153874914e-18], [-0.5024630579065407, -0.8645986788326759, 8.65560037534341e-19], [-3.2120214153874914e-18, 8.65560037534341e-19, -1.0000000000000002]], "T": [-0.013582903046980507, -0.07479141176726763, -1.667061477735942e-17], "aligned_model": [[-0.08964365329847429, -0.08964365329847429, 0.5822830116553724, 0.5822830116553724, 0.026383066623528826, 0.026383066623528826, -0.5539972977056875, -0.5539972977056875, 0.49073690532930603, -0.3952670923898269, -0.3952670923898269, -0.08964365329847429], [-0.04122542633813209, -0.04122542633813209, -0.09765715733702678, -0.09765715733702678, 0.5270279539320881, 0.5270279539320881, 0.09151400349175219, 0.09151400349175219, 0.39428841118524827, -0.6151411425468449, -0.6151411425468449, -0.04122542633813209], [-0.8041626698931538, 0.8041626698931537, -0.4020813349465767, 0.4020813349465767, -0.4020813349465767, 0.4020813349465767, -0.4020813349465767, 0.4020813349465767, 8.191429882876305e-17, -0.4020813349465767, 0.4020813349465767, 8.340153023859656e-17]], "inverted": false, "swapped": true, "error_lsq": 0.025843806926866053, "error_max": 0.11171856899081792, "target": "72.xyz", "model": "1.xyz", "model_rescale": 4.510870808529536, "target_rescale": 4.4498459502919365},
{"mapping": [6, 5, 1, 0, 8, 7, 11, 10, 9, 3, 2, 12], "R": [[0.8645986788326755, -0.5024630579065412, -6.290263359551345e-16], [-0.5024630579065412, -0.8645986788326755, 2.741356602048733e-16], [-6.815983811255371e-16, 7.904516663370751e-17, -1.0]], "T": [-0.013582903046980586, -0.07479141176726764, 5.702114088470433e-17], "aligned_model": [[-0.08964365329847485, -0.08964365329847385, 0.5822830116553721, 0.5822830116553726, 0.026383066623528913, 0.026383066623529412, -0.5539972977056876, -0.5539972977056872, 0.4907369053293062, -0.39526709238982755, -0.395267092389827, -0.08964365329847435], [-0.04122542633813183, -0.041225426338132275, -0.09765715733702707, -0.09765715733702729, 0.5270279539320882, 0.527027953932088, 0.09151400349175262, 0.0915140034917524, 0.39428841118524793, -0.6151411425468446, -0.6151411425468448, -0.04122542633813205], [-0.8041626698931533, 0.8041626698931537, -0.40208133494657694, 0.4020813349465763, -0.4020813349465764, 0.40208133494657683, -0.40208133494657616, 0.40208133494657705, -3.1819010492284184e-17, -0.40208133494657644, 0.4020813349465768, 2.1386577238311308e-16]], "inverted": false, "swapped": true, "error_lsq": 0.025843806926866053, "error_max": 0.1117185689908177, "target": "72.xyz", "model": "2.xyz", "model_rescale": 4.5108708085295355, "target_rescale": 4.4498459502919365},
{"mapping": [4, 5, 9, 10, 6, 0, 1, 2, 3, 8, 11, 12, 13], "R": [[-0.5296833798265376, 0.846450406402588, -0.05438038834386752], [-0.8461101570800924, -0.5317870124563454, -0.03605794598498536], [-0.0594400472866346, 0.026912504224776396, 0.9978690284275358]], "T": [0.038482937357544655, -0.015443970778364412, 0.033862441048241196], "aligned_model": [[0.5520128707963523, 0.5088636296896449, -0.12432703871097239, -0.16747627981767976, 0.5816113202418987, 0.043512478069141915, -0.04278600414427278, -0.3192845969705914, -0.3624338380772988, 0.1867341328196576, -0.5056556102792469, -0.5488048513859543, 0.0003632369624345655], [-0.28686834316379395, -0.31547926435252094, 0.5457109555878401, 0.517100034399113, 0.4313514082696529, 0.08852769792803718, 0.03130585555058313, -0.5229736345589341, -0.5515845557476612, -0.6298284159451892, 0.1667713705099937, 0.13816044932126664, 0.059916776739310146], [-0.3455424240773395, 0.4462373445456466, -0.35231538461256257, 0.43946438401042354, -0.31797657786492795, -0.7572715618139235, 0.8262879754320483, -0.4015567555294044, 0.3902230130935817, 0.019740864814560576, -0.38678942671507577, 0.40499034190791033, 0.03450820680906244]], "inverted": false, "swapped": false, "error_lsq": 0.03619559340971557, "error_max": 0.32527684126442163, "target": "72.xyz", "model": "3.xyz", "model_rescale": 4.509807743048502, "target_rescale": 4.4498459502919365},
{"mapping": [4, 5, 9, 10, 6, 0, 1, 2, 3, 8, 11, 12, 13], "R": [[-0.5296833798265376, 0.846450406402588, -0.05438038834386752], [-0.8461101570800924, -0.5317870124563454, -0.03605794598498536], [-0.0594400472866346, 0.026912504224776396, 0.9978690284275358]], "T": [0.038482937357544655, -0.01544397077836442, 0.03386244104824126], "aligned_model": [[0.5520128707963523, 0.5088636296896449, -0.12432703871097239, -0.16747627981767976, 0.5816113202418987, 0.04351247806914192, -0.04278600414427279, -0.3192845969705914, -0.3624338380772988, 0.1867341328196576, -0.5056556102792469, -0.5488048513859543, 0.00036323696243457243], [-0.28686834316379395, -0.31547926435252094, 0.5457109555878401, 0.517100034399113, 0.4313514082696529, 0.08852769792803718, 0.031305855550583114, -0.5229736345589341, -0.5515845557476612, -0.6298284159451892, 0.16677137050999366, 0.13816044932126662, 0.059916776739310146], [-0.34554242407733937, 0.44623734454564645, -0.35231538461256245, 0.43946438401042337, -0.3179765778649278, -0.7572715618139236, 0.8262879754320486, -0.4015567555294043, 0.39022301309358154, 0.019740864814560537, -0.38678942671507566, 0.40499034190791017, 0.0345082068090624]], "inverted": false, "swapped": false, "error_lsq": 0.036195593409715565, "error_max": 0.32527684126442147, "target": "72.xyz", "model": "4.xyz", "model_rescale": 4.509807743048502, "target_rescale": 4.4498459502919365},
{"mapping": [0, 6, 8, 5, 4, 2, 7, 11, 10, 9, 3, 1, 13], "R": [[0.41303553181827435, -0.45429486695059024, 0.7893147808814559], [-0.3864630232001441, -0.8722245701957358, -0.299784307204144], [0.8246502174586509, -0.1812194057191702, -0.5358279069217939]], "T": [-0.05745174881719908, -0.02367663621395557, -0.006141720739118651], "aligned_model": [[0.5540021964605143, 0.6186385286974891, -0.03481190273546765, -0.10401604232771491, 0.5222820556920758, -0.030918129663502186, -0.007659569322301579, -0.06840222007337318, -0.42248871836638013, 0.2038093796534106, -0.6572162276832929, -0.698593999579067, -0.07229590155927659], [-0.3414841034156412, -0.20631784856542393, 0.5412943064579708, 0.5837331377030777, 0.34586309400712145, 0.0676364411538056, 0.031552195130532305, -0.577271839329948, -0.4355867070070942, -0.6734567507030504, 0.30550648484976184, 0.13425598397627111, -0.10361405971968499], [-0.4084486946449205, 0.3515583917348837, -0.28888074110950684, 0.3258482900494225, -0.099315417890117, -0.7585589812674841, 0.7767220996744232, -0.45296340972042537, 0.42700185495621534, 0.0018381470166758335, -0.3333952733279446, 0.4418787212341585, 0.016715013294619163]], "inverted": true, "swapped": false, "error_lsq": 0.03859708508456187, "error_max": 0.21826230237430105, "target": "72.xyz", "model": "5.xyz", "model_rescale": 4.509807743048502, "target_rescale": 4.4498459502919365},
{"mapping": [4, 5, 9, 10, 6, 0, 1, 2, 3, 8, 11, 12, 13], "R": [[-0.5296832969358017, 0.8464504583941586, -0.05438038645999292], [-0.8461102092230703, -0.5317869294885992, -0.03605794605326371], [-0.059440043705499934, 0.026912508419070023, 0.9978690285277332]], "T": [0.0384829309907676, -0.01544396047171677, 0.0338624420318484], "aligned_model": [[0.5520130032956705, 0.5088637621850814, -0.12432682346919938, -0.16747606457978836, 0.581611195754212, 0.0435123691615424, -0.04278611305963554, -0.3192844715381414, -0.36243371264873037, 0.1867339102069048, -0.5056557465275834, -0.5488049876381723, 0.0003631280509534332], [-0.28686835299110847, -0.3154792752277411, 0.5457107905439674, 0.5170998683073348, 0.4313515443471251, 0.0885277671323407, 0.0313059226590755, -0.5229737381390273, -0.5515846603756599, -0.6298282356686306, 0.16677139064547303, 0.13816046840884044, 0.0599168448957081], [-0.3455424310125553, 0.4462373651904221, -0.35231539131283596, 0.43946440489014144, -0.3179765935422816, -0.7572715918311813, 0.8262880005747731, -0.4015567646031021, 0.3902230315998753, 0.01974085983486544, -0.38678944518144726, 0.40499035102153014, 0.034508204371795935]], "inverted": false, "swapped": false, "error_lsq": 0.036195590503494995, "error_max": 0.3252768704069242, "target": "72.xyz", "model": "6.xyz", "model_rescale": 4.509807586411629, "target_rescale": 4.4498459502919365},
{"mapping": [4, 5, 9, 10, 6, 0, 1, 2, 3, 8, 11, 12, 13], "R": [[-0.5296832969358019, 0.8464504583941583, -0.054380386459992935], [-0.8461102092230701, -0.5317869294885993, -0.036057946053263706], [-0.05944004370549995, 0.026912508419070023, 0.9978690285277331]], "T": [0.038482930990767585, -0.015443960471716783, 0.03386244203184845], "aligned_model": [[0.5520130032956704, 0.5088637621850813, -0.12432682346919932, -0.1674760645797883, 0.5816111957542122, 0.04351236916154243, -0.04278611305963554, -0.31928447153814143, -0.36243371264873037, 0.18673391020690464, -0.5056557465275834, -0.5488049876381723, 0.000363128050953454], [-0.2868683529911086, -0.3154792752277412, 0.5457107905439673, 0.5170998683073347, 0.43135154434712497, 0.08852776713234069, 0.03130592265907549, -0.5229737381390271, -0.5515846603756598, -0.6298282356686306, 0.16677139064547308, 0.1381604684088405, 0.05991684489570809], [-0.3455424310125551, 0.4462373651904219, -0.3523153913128358, 0.4394644048901412, -0.3179765935422814, -0.7572715918311813, 0.8262880005747733, -0.4015567646031019, 0.3902230315998751, 0.01974085983486538, -0.3867894451814471, 0.4049903510215299, 0.034508204371795886]], "inverted": false, "swapped": false, "error_lsq": 0.036195590503494995, "error_max": 0.3252768704069241, "target": "72.xyz", "model": "7.xyz", "model_rescale": 4.509807586411629, "target_rescale": 4.4498459502919365},
{"mapping": [0, 6, 8, 5, 4, 2, 7, 11, 10, 9, 3, 1, 13], "R": [[0.4130355056060806, -0.4542948996151178, 0.7893147757976027], [-0.3864630682682294, -0.8722245456980455, -0.29978432038141084], [0.8246502094666779, -0.18121944174267982, -0.5358279070382919]], "T": [-0.05745175401721501, -0.023676641690834672, -0.006141722992593828], "aligned_model": [[0.5540021545909078, 0.6186384846400037, -0.03481203190295355, -0.1040159786998773, 0.5222821370389211, -0.03091807014810819, -0.007659631098794674, -0.06840229244885335, -0.42248860729772225, 0.20380950844107623, -0.6572161858869067, -0.6985940768866888, -0.07229596114789075], [-0.34148422728326766, -0.20631799658698255, 0.5412940393528043, 0.5837332404271505, 0.3458631780135994, 0.06763656047793543, 0.03155206582656859, -0.577271944862981, -0.4355864369895915, -0.6734564994031427, 0.30550662289148656, 0.1342558975438346, -0.10361416486971645], [-0.40844873400959475, 0.351558384274838, -0.2888807936482119, 0.32584833979687866, -0.09931538300209536, -0.7585589860640504, 0.776722107073812, -0.4529634668503485, 0.42700190905754504, 0.0018381862585710182, -0.33339526326507624, 0.4418787115883532, 0.016714988789379326]], "inverted": true, "swapped": false, "error_lsq": 0.03859709096314626, "error_max": 0.21826239758648977, "target": "72.xyz", "model": "8.xyz", "model_rescale": 4.509807586411629, "target_rescale": 4.4498459502919365},
{"mapping": [6, 7, 11, 12, 4, 0, 1, 2, 3, 8, 9, 10, 13], "R": [[0.5296834292463541, -0.8464503753275887, -0.05438039067170367], [0.8461101260119885, 0.5317870619644416, -0.03605794485552645], [0.059440049140285674, -0.026912503321165186, 0.9978690283414898]], "T": [0.03848296064681585, -0.01544392563603747, 0.03386244568363928], "aligned_model": [[0.5520128116330719, 0.5088635663966347, -0.12432689731866207, -0.1674761425550993, 0.581611304599459, 0.043512296577313064, -0.042786193895561306, -0.31928452831756216, -0.3624337735539993, 0.18673422190558925, -0.5056555111912543, -0.5488047564276916, 0.00036305134087587926], [-0.28686828264511033, -0.3154792044512058, 0.5457109817615857, 0.5171000599554902, 0.4313515049974261, 0.08852762124358274, 0.031305777631391724, -0.5229736534290063, -0.5515845752351017, -0.6298284708961059, 0.16677139898667992, 0.13816047718058438, 0.05991669943748723], [-0.3455424429399455, 0.44623736750111287, -0.3523153963073661, 0.4394644141336923, -0.31797659378889354, -0.757271614980193, 0.8262880059019235, -0.4015567720653332, 0.3902230383757252, 0.01974087045881131, -0.3867894410957289, 0.4049903693453295, 0.03450819546086527]], "inverted": false, "swapped": false, "error_lsq": 0.036195578786923185, "error_max": 0.3252768735519375, "target": "72.xyz", "model": "9.xyz", "model_rescale": 4.509807504472865, "target_rescale": 4.4498459502919365},
{"mapping": [6, 7, 11, 12, 4, 0, 1, 2, 3, 8, 9, 10, 13], "R": [[0.5296834292463541, -0.8464503753275887, -0.05438039067170365], [0.8461101260119885, 0.5317870619644416, -0.036057944855526436], [0.05944004914028565, -0.026912503321165168, 0.9978690283414898]], "T": [0.03848296064681585, -0.01544392563603747, 0.03386244568363932], "aligned_model": [[0.5520128116330719, 0.5088635663966347, -0.1243268973186621, -0.16747614255509924, 0.581611304599459, 0.04351229657731305, -0.042786193895561306, -0.31928452831756216, -0.3624337735539993, 0.18673422190558925, -0.5056555111912543, -0.5488047564276916, 0.0003630513408758862], [-0.28686828264511033, -0.3154792044512058, 0.5457109817615857, 0.5171000599554902, 0.4313515049974261, 0.08852762124358274, 0.031305777631391724, -0.5229736534290063, -0.5515845752351017, -0.6298284708961059, 0.1667713989866799, 0.1381604771805844, 0.05991669943748723], [-0.3455424429399454, 0.44623736750111276, -0.35231539630736597, 0.4394644141336922, -0.3179765937888934, -0.7572716149801931, 0.8262880059019237, -0.4015567720653331, 0.3902230383757251, 0.01974087045881125, -0.38678944109572877, 0.4049903693453294, 0.034508195460865206]], "inverted": false, "swapped": false, "error_lsq": 0.03619557878692318, "error_max": 0.3252768735519374, "target": "72.xyz", "model": "10.xyz", "model_rescale": 4.509807504472865, "target_rescale": 4.4498459502919365},
{"mapping": [0, 4, 8, 7, 6, 2, 5, 9, 12, 11, 3, 1, 13], "R": [[-0.41303557384603246, 0.4542948459253282, 0.7893147709902315], [0.3864629542679985, 0.8722245968370042, -0.2997843185541513], [-0.8246502287128343, 0.18121933020019781, -0.5358279151422237]], "T": [-0.057451726313304786, -0.02367665022077873, -0.006141675898326389], "aligned_model": [[0.5540021048628446, 0.6186385553046247, -0.03481185674886002, -0.10401607985747643, 0.5222820434460345, -0.03091808547382039, -0.007659567998886042, -0.06840214643076267, -0.4224886361259607, 0.20380948717755012, -0.6572162087773312, -0.6985941417441769, -0.07229601844066638], [-0.3414841531707137, -0.2063179233264832, 0.5412944006009881, 0.5837330801477113, 0.345863014862172, 0.06763647853990717, 0.031552141959056014, -0.5772718165400852, -0.435586628294976, -0.6734566935805152, 0.30550654382544634, 0.13425597740036474, -0.10361408788517437], [-0.4084488746055126, 0.3515584233422996, -0.2888807302320395, 0.32584829288977035, -0.09931544406424232, -0.7585589632850159, 0.7767221602963124, -0.4529633305210914, 0.4270019839067614, 0.0018382469527487106, -0.3333952263310032, 0.4418785993025127, 0.016714862348500194]], "inverted": true, "swapped": false, "error_lsq": 0.03859709077446119, "error_max": 0.21826235597710128, "target": "72.xyz", "model": "11.xyz", "model_rescale": 4.509807504472865, "target_rescale": 4.4498459502919365},
{"mapping": [6, 7, 11, 12, 4, 0, 1, 2, 3, 8, 9, 10, 13], "R": [[0.5296833198895983, -0.8464504441122724, -0.05438038518501313], [0.8461101948170382, 0.5317869523721499, -0.03605794660562649], [0.0594400442244709, -0.026912505436646944, 0.9978690285772553]], "T": [0.03848286966415921, -0.015443864659205726, 0.0338624408656749], "aligned_model": [[0.5520129132853094, 0.508863674909627, -0.12432686402890639, -0.16747610240458877, 0.581611311685571, 0.0435123788959863, -0.04278609785537842, -0.3192845332455823, -0.3624337716212647, 0.18673420173967298, -0.5056557821559771, -0.5488050205316595, 0.00036314052030393673], [-0.28686825942118654, -0.31547918095347083, 0.5457108691180974, 0.5170999475858131, 0.4313514904616336, 0.08852755472416962, 0.03130571165960112, -0.5229736115272178, -0.5515845330595021, -0.6298283551250721, 0.16677149470761543, 0.13816057317533115, 0.05991663319188537], [-0.3455424187322622, 0.4462373458887669, -0.3523153755541617, 0.4394643890668674, -0.31797657500879684, -0.7572715684154818, 0.8262879608265761, -0.4015567486010871, 0.390223016019942, 0.01974086959075829, -0.38678942795384874, 0.4049903366671804, 0.034508196205547105]], "inverted": false, "swapped": false, "error_lsq": 0.03619558282098724, "error_max": 0.3252768531290826, "target": "72.xyz", "model": "12.xyz", "model_rescale": 4.509807766519439, "target_rescale": 4.4498459502919365},
{"mapping": [6, 7, 11, 12, 4, 0, 1, 2, 3, 8, 9, 10, 13], "R": [[0.5296833198895984, -0.8464504441122724, -0.05438038518501315], [0.8461101948170382, 0.53178695237215, -0.03605794660562649], [0.0594400442244709, -0.026912505436646944, 0.9978690285772555]], "T": [0.0384828696641592, -0.01544386465920573, 0.03386244086567497], "aligned_model": [[0.5520129132853093, 0.508863674909627, -0.12432686402890636, -0.1674761024045887, 0.581611311685571, 0.043512378895986324, -0.04278609785537846, -0.31928453324558237, -0.3624337716212648, 0.18673420173967292, -0.5056557821559771, -0.5488050205316595, 0.00036314052030394367], [-0.2868682594211866, -0.3154791809534709, 0.5457108691180974, 0.5170999475858131, 0.4313514904616336, 0.08852755472416964, 0.03130571165960111, -0.5229736115272178, -0.5515845330595021, -0.6298283551250722, 0.1667714947076155, 0.1381605731753312, 0.05991663319188538], [-0.34554241873226216, 0.4462373458887668, -0.35231537555416165, 0.4394643890668673, -0.3179765750087968, -0.757271568415482, 0.8262879608265765, -0.40155674860108703, 0.3902230160199419, 0.019740869590758263, -0.3867894279538487, 0.40499033666718026, 0.03450819620554708]], "inverted": false, "swapped": false, "error_lsq": 0.03619558282098724, "error_max": 0.3252768531290826, "target": "72.xyz", "model": "13.xyz", "model_rescale": 4.509807766519439, "target_rescale": 4.4498459502919365},
{"mapping": [0, 4, 8, 7, 6, 2, 5, 9, 12, 11, 3, 1, 13], "R": [[-0.41303550791445, 0.45429488629792714, 0.7893147822544602], [0.3864630661556381, 0.8722245514128694, -0.29978430647751025], [-0.8246502093005466, 0.1812194476213089, -0.5358279053057916]], "T": [-0.05745178543457949, -0.023676766251335427, -0.006141702347223292], "aligned_model": [[0.5540021140899335, 0.6186385281746088, -0.034811869792477204, -0.10401601834847504, 0.5222820775012353, -0.03091810095729322, -0.007659567675101592, -0.0684023136594604, -0.4224886199066499, 0.20380947594306056, -0.6572161968070037, -0.6985940776094871, -0.07229598175977699], [-0.3414840493403106, -0.2063179123534844, 0.5412942806894533, 0.5837330893848685, 0.3458630475034506, 0.06763643616943013, 0.03155212952793347, -0.5772720453850646, -0.43558655239582045, -0.6734565942772384, 0.3055064780508481, 0.1342560344225251, -0.1036140074588927], [-0.4084488390287082, 0.3515584326485615, -0.28888067861471045, 0.3258483498367616, -0.0993153546077968, -0.7585589348374859, 0.7767221370931198, -0.4529634309903338, 0.4270019090309097, 0.0018382045863512952, -0.33339523039292757, 0.4418785698604084, 0.016714865415850252]], "inverted": true, "swapped": false, "error_lsq": 0.03859708173894349, "error_max": 0.21826229529509142, "target": "72.xyz", "model": "14.xyz", "model_rescale": 4.509807766519439, "target_rescale": 4.4498459502919365},
{"mapping": [6, 5, 1, 0, 11, 10, 8, 7, 9, 3, 2, 12], "R": [[-0.8645986743401618, 0.5024630656369032, 2.6701144834906744e-17], [0.5024630656369032, 0.8645986743401618, 5.114927348536903e-17], [2.6148463329338655e-18, 5.763993313867466e-17, -1.0]], "T": [0.01358275914604731, 0.07479152226666552, 5.0710547295448265e-17], "aligned_model": [[0.08964350909742819, 0.08964350909742813, -0.5822831553518633, -0.5822831553518633, 0.5539971523178202, 0.5539971523178202, -0.026383215905319102, -0.02638321590531913, -0.49073705342427415, 0.39526695332015166, 0.39526695332015166, 0.08964350909742816], [0.041225536157472105, 0.04122553615747202, 0.0976572731640521, 0.09765727316405204, -0.09151389782419053, -0.09151389782419059, -0.5270278430753551, -0.5270278430753551, -0.3942882961767351, 0.6151412496336106, 0.6151412496336106, 0.04122553615747206], [-0.8041626698931535, 0.8041626698931534, -0.40208133494657655, 0.40208133494657666, -0.40208133494657655, 0.40208133494657666, -0.4020813349465766, 0.4020813349465766, 1.1305032189853613e-16, -0.4020813349465765, 0.4020813349465767, 1.5082336347451628e-16]], "inverted": false, "swapped": true, "error_lsq": 0.025843811412477824, "error_max": 0.11171872130256734, "target": "72.xyz", "model": "15.xyz", "model_rescale": 4.510870436145588, "target_rescale": 4.4498459502919365},
{"mapping": [6, 5, 1, 0, 11, 10, 8, 7, 9, 3, 2, 12], "R": [[-0.8645986743401619, 0.5024630656369031, 2.386211621380053e-17], [0.5024630656369031, 0.8645986743401619, 4.061387423842463e-17], [-2.241822881723434e-19, 4.7104533891730245e-17, -1.0]], "T": [0.013582759146047299, 0.07479152226666552, -1.3794573612874645e-17], "aligned_model": [[0.08964350909742816, 0.08964350909742813, -0.5822831553518633, -0.5822831553518633, 0.5539971523178203, 0.5539971523178203, -0.026383215905319037, -0.02638321590531905, -0.49073705342427415, 0.3952669533201516, 0.3952669533201516, 0.08964350909742815], [0.04122553615747211, 0.04122553615747204, 0.097657273164052, 0.09765727316405197, -0.09151389782419048, -0.09151389782419053, -0.5270278430753551, -0.5270278430753551, -0.3942882961767352, 0.6151412496336107, 0.6151412496336107, 0.04122553615747208], [-0.8041626698931535, 0.8041626698931534, -0.4020813349465766, 0.4020813349465766, -0.4020813349465766, 0.4020813349465766, -0.4020813349465766, 0.4020813349465766, 5.491892253827672e-17, -0.40208133494657655, 0.40208133494657666, 8.645593498491633e-17]], "inverted": false, "swapped": true, "error_lsq": 0.02584381141247782, "error_max": 0.11171872130256744, "target": "72.xyz", "model": "16.xyz", "model_rescale": 4.510870436145588, "target_rescale": 4.4498459502919365},
{"mapping": [5, 6, 0, 1, 10, 11, 7, 8, 9, 2, 3, 12], "R": [[0.8645986743401618, -0.5024630656369033, 1.9287002715253678e-16], [-0.5024630656369033, -0.8645986743401618, -1.0407349318855074e-16], [2.1904825623509487e-16, -6.928260867765591e-18, -1.0]], "T": [0.013582759146047316, 0.07479152226666554, 9.830987358579721e-17], "aligned_model": [[0.08964350909742831, 0.089643509097428, -0.5822831553518631, -0.5822831553518634, 0.5539971523178204, 0.5539971523178202, -0.02638321590531909, -0.02638321590531924, -0.4907370534242742, 0.3952669533201519, 0.39526695332015177, 0.08964350909742816], [0.04122553615747199, 0.041225536157472153, 0.0976572731640521, 0.09765727316405218, -0.09151389782419066, -0.09151389782419055, -0.5270278430753551, -0.5270278430753551, -0.3942882961767351, 0.6151412496336106, 0.6151412496336106, 0.04122553615747207], [-0.8041626698931533, 0.8041626698931537, -0.4020813349465766, 0.4020813349465766, -0.4020813349465764, 0.40208133494657683, -0.40208133494657644, 0.4020813349465768, -4.9938309950216874e-17, -0.4020813349465765, 0.4020813349465767, 1.6674259039194675e-17]], "inverted": true, "swapped": true, "error_lsq": 0.02584381141247782, "error_max": 0.1117187213025674, "target": "72.xyz", "model": "17.xyz", "model_rescale": 4.510870436145588, "target_rescale": 4.4498459502919365},
{"mapping": [9, 8, 3, 5, 7, 0, 6, 1, 2, 10, 11, 4, 12], "R": [[0.3574591353915211, 0.8403614298732955, 0.40745016100924136], [0.4329584995619722, -0.5356736751629645, 0.7249832076637699], [0.8275082502200157, -0.08274286022801763, -0.5553230725434473]], "T": [-0.09074694218418207, -0.11864639028719756, 0.07233280457512423], "aligned_model": [[0.5793859983008985, 0.33860842336586017, -0.32143795002473746, 0.2063940483558715, 0.6650790488430296, -0.04075554744195865, -0.12007657712129802, -0.3672261729191281, -0.2584828376223979, 0.2529153728237291, -0.5521535697196199, -0.647908575501907, 0.0679877878547717], [-0.06019618176418792, -0.34561310680187607, 0.63336542861253, 0.7139742555786827, 0.23528179499463434, 0.010956330788656016, 0.1330793537821722, -0.5699385710078544, -0.5743735363671839, -0.6410910835606983, 0.07767375803747772, 0.05247052681601952, 0.006521365429326659], [-0.44181562415865894, 0.4517643310497169, -0.1973099212077362, 0.29520568311112694, 0.006810105516717707, -0.8039334719846495, 0.7401599086441262, -0.35897924645165025, 0.43644721573355183, 0.003138601374340258, -0.3706248761527008, 0.24764430432526296, -0.00850700979944749]], "inverted": true, "swapped": false, "error_lsq": 0.05034013822145144, "error_max": 0.33425185662441526, "target": "72.xyz", "model": "18.xyz", "model_rescale": 4.466005644533647, "target_rescale": 4.4498459502919365},
{"mapping": [5, 4, 9, 8, 7, 3, 2, 1, 0, 12, 11, 10, 13], "R": [[0.5296832976916184, -0.846450458029849, -0.0543803847686953], [0.8461102087804319, 0.531786930157482, -0.036057946575138985], [0.05944004327106938, -0.026912506660293167, 0.9978690286010451]], "T": [0.03848292779515612, -0.015443899366596753, 0.03386244312851344], "aligned_model": [[0.5520129849836758, 0.5088637464126977, -0.12432682237795238, -0.16747606094893053, 0.5816113649138838, 0.043512247092237874, -0.04278623004971836, -0.31928446594593574, -0.3624337045169138, 0.18673409008879865, -0.5056557352045054, -0.5488049737754835, 0.0003630085212597625], [-0.28686828453473373, -0.3154792063913571, 0.5457108364180748, 0.5170999145614513, 0.4313514749128559, 0.08852763817928631, 0.03130579446603947, -0.5229736624249842, -0.5515845842816077, -0.6298282755355318, 0.1667714473510828, 0.1381605254944594, 0.05991671632266289], [-0.3455424204235241, 0.4462373538616169, -0.35231537890014214, 0.4394643953849989, -0.31797657739593915, -0.7572715819065179, 0.8262879666637641, -0.401556751091715, 0.390223023193426, 0.01974086668844642, -0.38678943136908917, 0.40499034291605185, 0.03450819237862304]], "inverted": true, "swapped": false, "error_lsq": 0.036195579081926235, "error_max": 0.3252768575779741, "target": "72.xyz", "model": "19.xyz", "model_rescale": 4.509807711582247, "target_rescale": 4.4498459502919365},
{"mapping": [3, 7, 12, 4, 5, 1, 6, 11, 8, 9, 0, 2, 13], "R": [[-0.4130354910108649, 0.45429490371172293, 0.7893147810772141], [0.3864630950902969, 0.8722245370297488, -0.299784311024558], [-0.8246502042069972, 0.1812194731942381, -0.5358279044959873]], "T": [-0.05745175485739429, -0.023676705642775128, -0.006141690449700091], "aligned_model": [[0.5540020484500736, 0.6186385593243245, -0.03481192433239085, -0.10401597830109527, 0.52228212424389, -0.030918060401898484, -0.007659543220660647, -0.06840229089929145, -0.4224886072665659, 0.2038094952784193, -0.6572161629468837, -0.6985941566398965, -0.0722960540949115], [-0.3414841898388773, -0.20631787748991404, 0.541294161068933, 0.5837331504425278, 0.34586310205549603, 0.0676365153859976, 0.031552170897117815, -0.5772719805409288, -0.4355864991559964, -0.6734565475430283, 0.3055065637730294, 0.13425590693518627, -0.10361414145184547], [-0.4084488736445231, 0.35155845137879077, -0.2888806965381427, 0.325848379902415, -0.09931532907881052, -0.7585589296419465, 0.7767221603600162, -0.45296343795051613, 0.4270019126000166, 0.0018382036187910254, -0.33339522066072097, 0.4418785443179277, 0.01671483533670238]], "inverted": false, "swapped": false, "error_lsq": 0.03859709080508326, "error_max": 0.21826235166277067, "target": "72.xyz", "model": "20.xyz", "model_rescale": 4.509807711582248, "target_rescale": 4.4498459502919365},
{"mapping": [10, 7, 4, 6, 8, 1, 5, 0, 2, 9, 11, 3, 12], "R": [[-0.3574591353915212, -0.8403614298732955, 0.4074501610092412], [-0.43295849956197197, 0.5356736751629645, 0.7249832076637699], [-0.8275082502200158, 0.08274286022801786, -0.5553230725434471]], "T": [-0.09074694218418211, -0.11864639028719765, 0.07233280457512431], "aligned_model": [[0.5793859983008985, 0.33860842336586033, -0.3214379500247377, 0.20639404835587138, 0.6650790488430297, -0.04075554744195892, -0.1200765771212979, -0.36722617291912824, -0.25848283762239777, 0.2529153728237292, -0.55215356971962, -0.6479085755019071, 0.06798778785477172], [-0.06019618176418806, -0.3456131068018762, 0.6333654286125299, 0.7139742555786823, 0.23528179499463414, 0.010956330788655988, 0.13307935378217212, -0.5699385710078544, -0.574373536367184, -0.6410910835606984, 0.07767375803747781, 0.0524705268160196, 0.006521365429326603], [-0.4418156241586589, 0.4517643310497169, -0.19730992120773588, 0.2952056831111273, 0.006810105516717901, -0.8039334719846496, 0.7401599086441264, -0.3589792464516505, 0.4364472157335518, 0.0031386013743400637, -0.37062487615270073, 0.24764430432526308, -0.008507009799447435]], "inverted": false, "swapped": false, "error_lsq": 0.05034013822145144, "error_max": 0.33425185662441564, "target": "72.xyz", "model": "21.xyz", "model_rescale": 4.466005644533646, "target_rescale": 4.4498459502919365},
{"mapping": [9, 8, 3, 5, 7, 0, 6, 1, 2, 10, 11, 4, 12], "R": [[0.3574590721398366, 0.8403614711017022, 0.4074501314672878], [0.4329585377220253, -0.5356736168735691, 0.7249832279433741], [0.8275082575772479, -0.08274281886285823, -0.5553230677435393]], "T": [-0.09074694625260245, -0.11864639065980742, 0.07233280434465619], "aligned_model": [[0.5793859216260859, 0.33860851799517494, -0.3214379045634199, 0.20639407296998902, 0.6650791224280637, -0.04075543173250114, -0.12007653146289969, -0.3672260361653898, -0.25848291914586385, 0.2529153171931973, -0.5521538562400389, -0.6479085089963087, 0.06798768528702485], [-0.060196082155738795, -0.34561313265809535, 0.633365353786403, 0.7139742264483776, 0.23528179006052063, 0.01095626145408335, 0.13307930372976162, -0.5699386612645326, -0.5743734866827496, -0.6410910048743548, 0.07767389959036963, 0.05247043106778704, 0.006521436035866496], [-0.4418155937992059, 0.4517643450183386, -0.1973099535989641, 0.2952056742018454, 0.006810119751841898, -0.803933488568782, 0.7401598994683422, -0.35897926330228525, 0.43644722815645376, 0.0031386314672908616, -0.37062487335236527, 0.24764427166753264, -0.008506997110043074]], "inverted": true, "swapped": false, "error_lsq": 0.05034013414438037, "error_max": 0.3342518067498513, "target": "72.xyz", "model": "22.xyz", "model_rescale": 4.46600560860683, "target_rescale": 4.4498459502919365},
{"mapping": [5, 4, 9, 8, 7, 3, 2, 1, 0, 12, 11, 10, 13], "R": [[0.529683356560801, -0.846450421042786, -0.05438038708002945], [0.8461101717440177, 0.5317869891247968, -0.036057945988261425], [0.05944004587643178, -0.026912504790039496, 0.9978690284962923]], "T": [0.03848292170611915, -0.015443898593760906, 0.03386244319909755], "aligned_model": [[0.5520128703302142, 0.5088636295692558, -0.12432688469671878, -0.16747612545767715, 0.5816113004711524, 0.043512341966576024, -0.042786139555340774, -0.3192846042231798, -0.36243384498413816, 0.18673432401861384, -0.5056556393451517, -0.5488048801061101, 0.00036310120561763165], [-0.28686826154958334, -0.3154791831765922, 0.5457109133419593, 0.5170999917149506, 0.4313515016764833, 0.08852758303497446, 0.03130573978095679, -0.5229735805988905, -0.5515845022258993, -0.6298284669760045, 0.16677142986719315, 0.1381605082401843, 0.05991666140796562], [-0.34554242743767405, 0.44623735329695874, -0.3523153831701222, 0.4394643975645106, -0.31797658188819966, -0.7572715850474356, 0.8262879764218298, -0.40155675915224387, 0.3902230215823889, 0.019740873596849826, -0.3867894310943463, 0.40499034964028646, 0.034508195687196916]], "inverted": true, "swapped": false, "error_lsq": 0.036195582553976494, "error_max": 0.3252768609023938, "target": "72.xyz", "model": "23.xyz", "model_rescale": 4.509807674373902, "target_rescale": 4.4498459502919365},
{"mapping": [3, 7, 12, 4, 5, 1, 6, 11, 8, 9, 0, 2, 13], "R": [[-0.4130355312510501, 0.45429487174658684, 0.7893147784179108], [0.38646302654360337, 0.8722245675921236, -0.29978431046919657], [-0.8246502161758774, 0.18121940622760507, -0.5358279087240543]], "T": [-0.057451751574407614, -0.02367670037185295, -0.006141687832941031], "aligned_model": [[0.5540021091020033, 0.6186385359124712, -0.03481180199528592, -0.10401604209985753, 0.5222820635023456, -0.030918132842439758, -0.007659569689731957, -0.06840222661248734, -0.42248862731943104, 0.20380947828277207, -0.6572162384446428, -0.6985941021024025, -0.07229599650019966], [-0.34148408926738083, -0.20631791950950232, 0.5412944446114367, 0.5837330825429188, 0.3458630326339938, 0.06763637936320484, 0.031552130399422715, -0.5772719112005315, -0.43558658279554113, -0.6734566327044662, 0.30550642927212984, 0.134256010550469, -0.1036140393584559], [-0.4084488522448318, 0.3515584286540173, -0.2888806715285279, 0.3258483289899094, -0.09931538685399302, -0.7585589597295685, 0.7767221444979198, -0.4529633844185699, 0.4270019346605847, 0.001838218816682305, -0.3333952438856662, 0.44187857944297276, 0.016714863599070547]], "inverted": false, "swapped": false, "error_lsq": 0.038597081426775905, "error_max": 0.2182622716231248, "target": "72.xyz", "model": "24.xyz", "model_rescale": 4.509807674373903, "target_rescale": 4.4498459502919365},
{"mapping": [10, 7, 4, 6, 8, 1, 5, 0, 2, 9, 11, 3, 12], "R": [[-0.3574590721398372, -0.8403614711017022, 0.4074501314672876], [-0.43295853772202575, 0.5356736168735692, 0.7249832279433739], [-0.8275082575772474, 0.0827428188628585, -0.5553230677435399]], "T": [-0.09074694625260249, -0.1186463906598075, 0.07233280434465633], "aligned_model": [[0.5793859216260858, 0.33860851799517533, -0.32143790456342014, 0.20639407296998924, 0.6650791224280639, -0.04075543173250171, -0.12007653146289926, -0.3672260361653902, -0.25848291914586374, 0.2529153171931974, -0.5521538562400393, -0.6479085089963086, 0.06798768528702487], [-0.06019608215573927, -0.3456131326580951, 0.6333653537864029, 0.7139742264483778, 0.23528179006052055, 0.010956261454082822, 0.1330793037297621, -0.5699386612645329, -0.5743734866827496, -0.641091004874355, 0.07767389959036941, 0.05247043106778729, 0.00652143603586644], [-0.44181559379920626, 0.4517643450183385, -0.19730995359896414, 0.295205674201845, 0.006810119751841426, -0.8039334885687819, 0.740159899468342, -0.35897926330228486, 0.43644722815645415, 0.0031386314672908755, -0.37062487335236505, 0.24764427166753294, -0.008506997110043116]], "inverted": false, "swapped": false, "error_lsq": 0.050340134144380384, "error_max": 0.33425180674985144, "target": "72.xyz", "model": "25.xyz", "model_rescale": 4.466005608606829, "target_rescale": 4.4498459502919365},
{"mapping": [9, 8, 3, 5, 7, 0, 6, 1, 2, 10, 11, 4, 12], "R": [[0.35745916152586377, 0.8403614128753625, 0.40745017313942994], [0.43295845604617034, -0.5356736964068394, 0.7249832179546986], [0.8275082616985423, -0.08274289533221668, -0.5553230502083439]], "T": [-0.09074695585270919, -0.11864640556504943, 0.07233276330429969], "aligned_model": [[0.5793859889341468, 0.3386084306596474, -0.3214379761385084, 0.20639408978454354, 0.66507905170529, -0.040755613791296594, -0.12007653126109913, -0.3672262348369393, -0.25848281138044404, 0.2529153678885041, -0.5521535248517788, -0.6479085971841511, 0.0679878096651987], [-0.06019615013175603, -0.34561309147725544, 0.6333653497823175, 0.7139742350951915, 0.23528179338599095, 0.010956294981488784, 0.1330793502319452, -0.5699385898817576, -0.5743734930709739, -0.6410910349950024, 0.07767381390616529, 0.05247046491907115, 0.006521391792272596], [-0.44181555908335457, 0.45176434990948244, -0.1973100096211989, 0.29520575325978793, 0.006810161559098055, -0.8039335635538246, 0.7401599416101724, -0.35897937520344014, 0.4364472358450382, 0.003138629267029805, -0.3706247902126295, 0.2476441787291855, -0.008506952505346346]], "inverted": true, "swapped": false, "error_lsq": 0.05034014050188752, "error_max": 0.3342518290406045, "target": "72.xyz", "model": "26.xyz", "model_rescale": 4.466005838112752, "target_rescale": 4.4498459502919365},
{"mapping": [5, 4, 9, 8, 7, 3, 2, 1, 0, 12, 11, 10, 13], "R": [[0.5296832319549676, -0.8464504991391099, -0.05438038518521343], [0.8461102502071028, 0.5317868644073707, -0.03605794417671006], [0.05944003936921605, -0.026912512906247982, 0.9978690286650134]], "T": [0.03848290218142377, -0.015443931456602996, 0.03386243933910243], "aligned_model": [[0.5520129022258086, 0.5088636650607267, -0.12432682494292874, -0.16747606210801064, 0.581611342689474, 0.04351227449228819, -0.042786199837875606, -0.31928449517095636, -0.36243373233603826, 0.18673416487472533, -0.505655692958112, -0.5488049301231939, 0.00036303732720630033], [-0.2868683622421139, -0.31547928104430734, 0.5457108603832747, 0.5170999415810812, 0.4313515583943236, 0.08852769086126686, 0.03130585325687993, -0.5229737984988534, -0.5515847173010469, -0.6298281777029956, 0.1667714567966544, 0.13816053799446093, 0.05991677205907339], [-0.34554241208508946, 0.4462373303883838, -0.3523153648005625, 0.43946437767291074, -0.3179765616497818, -0.7572715479420614, 0.8262879370048851, -0.40155674173760075, 0.3902230007358725, 0.01974087460470166, -0.3867894145982716, 0.40499032787520167, 0.03450819453141179]], "inverted": true, "swapped": false, "error_lsq": 0.03619558232095806, "error_max": 0.3252768557900538, "target": "72.xyz", "model": "27.xyz", "model_rescale": 4.509807893063789, "target_rescale": 4.4498459502919365},
{"mapping": [3, 7, 12, 4, 5, 1, 6, 11, 8, 9, 0, 2, 13], "R": [[-0.4130354661055083, 0.4542949264731649, 0.7893147810092926], [0.38646313859129383, 0.8722245167467226, -0.29978431395940836], [-0.8246501962948729, 0.18121951375800674, -0.5358279029540546]], "T": [-0.057451770623863904, -0.023676687745931263, -0.006141726000540297], "aligned_model": [[0.554002051084548, 0.6186385508982871, -0.03481187392071911, -0.1040160255061227, 0.5222820517817789, -0.030918108013214027, -0.00765952638961441, -0.06840226944467724, -0.4224885817946655, 0.20380949549323607, -0.6572161853011155, -0.6985941034912546, -0.07229602620335342], [-0.34148420475877606, -0.20631792861798542, 0.541294123453041, 0.5837331755090835, 0.34586313436558735, 0.06763660024647217, 0.03155211252551071, -0.5772719659219092, -0.4355865132113671, -0.6734565543548633, 0.3055066413899683, 0.13425587752821602, -0.10361416361528002], [-0.40844880363272873, 0.35155849699838787, -0.28888060745638156, 0.3258482618678018, -0.09931542878070995, -0.758559022440626, 0.7767221876468997, -0.45296338529482727, 0.4270019294263663, 0.001838238777854502, -0.3333953317921143, 0.4418785776642945, 0.016714887015782953]], "inverted": false, "swapped": false, "error_lsq": 0.03859709525881886, "error_max": 0.21826239080120013, "target": "72.xyz", "model": "28.xyz", "model_rescale": 4.5098078930637895, "target_rescale": 4.4498459502919365},
