[{"mapping": [6, 5, 1, 0, 8, 7, 11, 10, 9, 3, 2, 12], "R": [[0.864598678832676, -0.5024630579065401, -5.63854957314269e-16], [-0.5024630579065401, -0.864598678832676, 2.6289661845247047e-16], [-6.196040899680891e-16, 5.601621708430514e-17, -1.0]], "T": [-0.01358290304698049, -0.0747914117672676, 1.422172913890918e-16], "aligned_model": [[-0.08964365329847473, -0.08964365329847382, 0.5822830116553721, 0.5822830116553726, 0.026383066623528253, 0.02638306662352871, -0.5539972977056877, -0.5539972977056873, 0.4907369053293056, -0.3952670923898267, -0.39526709238982627, -0.08964365329847429], [-0.0412254263381319, -0.041225426338132316, -0.09765715733702635, -0.09765715733702654, 0.5270279539320882, 0.527027953932088, 0.091514003491752, 0.09151400349175177, 0.3942884111852485, -0.6151411425468448, -0.615141142546845, -0.04122542633813211], [-0.8041626698931532, 0.8041626698931534, -0.402081334946577, 0.40208133494657644, -0.40208133494657655, 0.4020813349465769, -0.40208133494657633, 0.4020813349465771, -3.1822278204216866e-16, -0.4020813349465766, 0.40208133494657683, -1.0546744210522571e-16]], "inverted": false, "swapped": true, "error_lsq": 0.025843806926866043, "error_max": 0.11171856899081772, "target": "73.xyz", "model": "0.xyz", "model_rescale": 4.5108708085295355, "target_rescale": 4.4498459502919365},
{"mapping": [6, 5, 1, 0, 8, 7, 11, 10, 9, 3, 2, 12], "R": [[0.8645986788326756, -0.5024630579065408, 3.560386258557402e-16], [-0.5024630579065408, -0.8645986788326756, -9.321113284092369e-17], [3.546656763664576e-16, -9.830603437355836e-17, -1.0]], "T": [-0.013582903046980534, -0.07479141176726763, 1.3029329304938686e-16], "aligned_model": [[-0.089643653298474, -0.08964365329847458, 0.5822830116553724, 0.5822830116553722, 0.02638306662352911, 0.02638306662352882, -0.5539972977056872, -0.5539972977056874, 0.49073690532930603, -0.39526709238982677, -0.3952670923898271, -0.08964365329847429], [-0.04122542633813215, -0.041225426338132, -0.09765715733702696, -0.09765715733702687, 0.527027953932088, 0.527027953932088, 0.09151400349175227, 0.09151400349175233, 0.394288411185248, -0.6151411425468447, -0.6151411425468447, -0.04122542633813207], [-0.8041626698931532, 0.8041626698931534, -0.4020813349465765, 0.40208133494657694, -0.4020813349465768, 0.40208133494657666, -0.40208133494657694, 0.4020813349465765, -3.326918571972321e-17, -0.40208133494657683, 0.4020813349465766, -1.9931234412349273e-16]], "inverted": false, "swapped": true, "error_lsq": 0.025843806926866053, "error_max": 0.11171856899081775, "target": "73.xyz", "model": "1.xyz", "model_rescale": 4.510870808529536, "target_rescale": 4.4498459502919365},
{"mapping": [6, 5, 1, 0, 8, 7, 11, 10, 9, 3, 2, 12], "R": [[0.8645986788326759, -0.5024630579065406, 2.240410480724163e-16], [-0.5024630579065406, -0.8645986788326759, -3.374775936097381e-17], [2.106625965337081e-16, -8.33940819539915e-17, -1.0]], "T": [-0.01358290304698052, -0.07479141176726763, 2.3363584242775454e-16], "aligned_model": [[-0.08964365329847412, -0.08964365329847448, 0.5822830116553726, 0.5822830116553723, 0.026383066623528847, 0.026383066623528666, -0.5539972977056874, -0.5539972977056876, 0.4907369053293059, -0.39526709238982666, -0.3952670923898269, -0.0896436532984743], [-0.04122542633813213, -0.04122542633813207, -0.09765715733702673, -0.0976571573370267, 0.5270279539320881, 0.5270279539320881, 0.09151400349175214, 0.09151400349175214, 0.39428841118524827, -0.6151411425468449, -0.6151411425468449, -0.0412254263381321], [-0.8041626698931531, 0.8041626698931535, -0.4020813349465765, 0.40208133494657694, -0.4020813349465766, 0.40208133494657683, -0.4020813349465767, 0.4020813349465767, 3.139743922895874e-17, -0.40208133494657666, 0.4020813349465768, -8.393401321975026e-17]], "inverted": false, "swapped": true, "error_lsq": 0.02584380692686605, "error_max": 0.11171856899081778, "target": "73.xyz", "model": "2.xyz", "model_rescale": 4.5108708085295355, "target_rescale": 4.4498459502919365},
{"mapping": [4, 5, 9, 10, 7, 0, 1, 2, 3, 8, 11, 12, 13], "R": [[-0.5296833798265376, 0.846450406402588, 0.0543803883438675], [-0.8461101570800924, -0.5317870124563454, 0.0360579459849854], [0.05944004728663462, -0.02691250422477636, 0.9978690284275358]], "T": [0.038482937357544655, -0.01544397077836442, -0.03386244104824118], "aligned_model": [[0.5088636296896449, 0.5520128707963523, -0.16747627981767974, -0.12432703871097239, 0.5816113202418987, -0.04278600414427276, 0.043512478069141894, -0.3624338380772988, -0.3192845969705914, 0.1867341328196576, -0.5488048513859543, -0.5056556102792469, 0.0003632369624345655], [-0.315479264352521, -0.2868683431637939, 0.517100034399113, 0.5457109555878401, 0.43135140826965296, 0.03130585555058309, 0.0885276979280372, -0.5515845557476612, -0.5229736345589341, -0.6298284159451892, 0.13816044932126662, 0.16677137050999366, 0.059916776739310146], [-0.44623734454564645, 0.3455424240773397, -0.4394643840104233, 0.35231538461256273, 0.31797657786492806, -0.8262879754320483, 0.7572715618139235, -0.39022301309358154, 0.4015567555294046, -0.019740864814560534, -0.40499034190791017, 0.386789426715076, -0.03450820680906243]], "inverted": false, "swapped": false, "error_lsq": 0.036195593409715565, "error_max": 0.3252768412644216, "target": "73.xyz", "model": "3.xyz", "model_rescale": 4.509807743048502, "target_rescale": 4.4498459502919365},
{"mapping": [4, 5, 9, 10, 7, 0, 1, 2, 3, 8, 11, 12, 13], "R": [[-0.5296833798265377, 0.846450406402588, 0.05438038834386749], [-0.8461101570800924, -0.5317870124563455, 0.03605794598498542], [0.05944004728663463, -0.02691250422477634, 0.9978690284275358]], "T": [0.03848293735754466, -0.015443970778364423, -0.03386244104824111], "aligned_model": [[0.508863629689645, 0.5520128707963524, -0.16747627981767968, -0.12432703871097237, 0.5816113202418989, -0.04278600414427274, 0.043512478069141915, -0.3624338380772989, -0.3192845969705915, 0.18673413281965756, -0.5488048513859544, -0.505655610279247, 0.00036323696243457243], [-0.315479264352521, -0.2868683431637939, 0.5171000343991131, 0.5457109555878402, 0.43135140826965296, 0.03130585555058307, 0.08852769792803725, -0.5515845557476612, -0.5229736345589341, -0.6298284159451892, 0.13816044932126667, 0.16677137050999372, 0.05991677673931015], [-0.44623734454564623, 0.3455424240773396, -0.4394643840104232, 0.3523153846125626, 0.31797657786492795, -0.8262879754320483, 0.7572715618139239, -0.3902230130935814, 0.40155675552940445, -0.01974086481456055, -0.40499034190791, 0.3867894267150758, -0.03450820680906246]], "inverted": false, "swapped": false, "error_lsq": 0.03619559340971556, "error_max": 0.3252768412644215, "target": "73.xyz", "model": "4.xyz", "model_rescale": 4.509807743048502, "target_rescale": 4.4498459502919365},
{"mapping": [0, 6, 8, 5, 4, 2, 7, 11, 10, 9, 3, 1, 13], "R": [[0.4130355318182738, -0.45429486695059085, 0.7893147808814561], [-0.3864630232001447, -0.8722245701957357, -0.29978430720414445], [0.8246502174586511, -0.18121940571917067, -0.5358279069217936]], "T": [-0.05745174881719909, -0.023676636213955535, -0.006141720739118523], "aligned_model": [[0.5540021964605143, 0.618638528697489, -0.03481190273546712, -0.10401604232771469, 0.5222820556920762, -0.03091812966350175, -0.007659569322301919, -0.06840222007337335, -0.42248871836638074, 0.2038093796534102, -0.6572162276832927, -0.6985939995790672, -0.07229590155927668], [-0.3414841034156416, -0.2063178485654245, 0.541294306457971, 0.5837331377030779, 0.34586309400712123, 0.06763644115380585, 0.031552195130532104, -0.577271839329948, -0.43558670700709423, -0.6734567507030508, 0.3055064848497624, 0.13425598397627148, -0.10361405971968496], [-0.4084486946449201, 0.3515583917348843, -0.2888807411095066, 0.32584829004942284, -0.09931541789011647, -0.7585589812674841, 0.7767220996744235, -0.45296340972042537, 0.4270018549562153, 0.0018381470166759888, -0.3333952733279448, 0.44187872123415833, 0.01671501329461927]], "inverted": true, "swapped": false, "error_lsq": 0.03859708508456187, "error_max": 0.21826230237430136, "target": "73.xyz", "model": "5.xyz", "model_rescale": 4.509807743048502, "target_rescale": 4.4498459502919365},
{"mapping": [4, 5, 9, 10, 7, 0, 1, 2, 3, 8, 11, 12, 13], "R": [[-0.5296832969358016, 0.8464504583941588, 0.05438038645999291], [-0.8461102092230706, -0.5317869294885991, 0.0360579460532638], [0.05944004370549999, -0.02691250841906999, 0.9978690285277333]], "T": [0.03848293099076759, -0.015443960471716766, -0.03386244203184838], "aligned_model": [[0.5088637621850816, 0.5520130032956706, -0.16747606457978853, -0.12432682346919956, 0.581611195754212, -0.04278611305963555, 0.043512369161542365, -0.36243371264873026, -0.3192844715381413, 0.18673391020690494, -0.5488049876381724, -0.5056557465275835, 0.0003631280509534124], [-0.31547927522774105, -0.2868683529911084, 0.5170998683073348, 0.5457107905439674, 0.43135154434712525, 0.03130592265907543, 0.08852776713234077, -0.55158466037566, -0.5229737381390274, -0.6298282356686306, 0.13816046840884033, 0.166771390645473, 0.0599168448957081], [-0.446237365190422, 0.34554243101255555, -0.43946440489014127, 0.3523153913128362, 0.3179765935422818, -0.8262880005747733, 0.7572715918311814, -0.39022303159987515, 0.4015567646031024, -0.019740859834865378, -0.40499035102153, 0.38678944518144753, -0.03450820437179592]], "inverted": false, "swapped": false, "error_lsq": 0.03619559050349501, "error_max": 0.3252768704069243, "target": "73.xyz", "model": "6.xyz", "model_rescale": 4.509807586411629, "target_rescale": 4.4498459502919365},
{"mapping": [4, 5, 9, 10, 7, 0, 1, 2, 3, 8, 11, 12, 13], "R": [[-0.5296832969358019, 0.8464504583941583, 0.054380386459992894], [-0.8461102092230701, -0.5317869294885993, 0.03605794605326375], [0.05944004370549996, -0.026912508419069968, 0.9978690285277331]], "T": [0.03848293099076759, -0.015443960471716783, -0.033862442031848294], "aligned_model": [[0.5088637621850813, 0.5520130032956704, -0.16747606457978825, -0.12432682346919934, 0.5816111957542122, -0.04278611305963549, 0.043512369161542414, -0.36243371264873037, -0.31928447153814143, 0.18673391020690466, -0.5488049876381723, -0.5056557465275834, 0.0003631280509534471], [-0.3154792752277412, -0.2868683529911086, 0.5170998683073347, 0.5457107905439673, 0.43135154434712497, 0.03130592265907546, 0.08852776713234073, -0.5515846603756598, -0.5229737381390271, -0.6298282356686306, 0.13816046840884047, 0.1667713906454731, 0.05991684489570809], [-0.44623736519042173, 0.3455424310125553, -0.43946440489014105, 0.35231539131283596, 0.3179765935422816, -0.826288000574773, 0.7572715918311815, -0.39022303159987487, 0.40155676460310213, -0.019740859834865395, -0.4049903510215298, 0.3867894451814472, -0.034508204371795935]], "inverted": false, "swapped": false, "error_lsq": 0.036195590503494995, "error_max": 0.3252768704069241, "target": "73.xyz", "model": "7.xyz", "model_rescale": 4.509807586411629, "target_rescale": 4.4498459502919365},
{"mapping": [0, 6, 8, 5, 4, 2, 7, 11, 10, 9, 3, 1, 13], "R": [[0.41303550560608027, -0.45429489961511815, 0.7893147757976027], [-0.38646306826822907, -0.8722245456980454, -0.29978432038141145], [0.8246502094666781, -0.1812194417426794, -0.5358279070382915]], "T": [-0.05745175401721501, -0.023676641690834662, -0.006141722992593676], "aligned_model": [[0.5540021545909077, 0.6186384846400036, -0.034812031902953275, -0.10401597869987714, 0.5222821370389212, -0.03091807014810808, -0.0076596310987948404, -0.06840229244885346, -0.42248860729772253, 0.20380950844107595, -0.6572161858869066, -0.698594076886689, -0.07229596114789079], [-0.3414842272832681, -0.2063179965869826, 0.5412940393528042, 0.5837332404271507, 0.345863178013599, 0.06763656047793498, 0.03155206582656904, -0.577271944862981, -0.43558643698959104, -0.6734564994031426, 0.3055066228914866, 0.1342558975438351, -0.1036141648697164], [-0.40844873400959436, 0.3515583842748382, -0.288880793648212, 0.3258483397968784, -0.09931538300209532, -0.7585589860640501, 0.7767221070738121, -0.45296346685034805, 0.4270019090575453, 0.0018381862585715864, -0.3333952632650764, 0.441878711588353, 0.01671498878937952]], "inverted": true, "swapped": false, "error_lsq": 0.038597090963146265, "error_max": 0.21826239758648971, "target": "73.xyz", "model": "8.xyz", "model_rescale": 4.509807586411629, "target_rescale": 4.4498459502919365},
{"mapping": [6, 7, 11, 12, 5, 0, 1, 2, 3, 8, 9, 10, 13], "R": [[0.5296834292463541, -0.8464503753275887, 0.054380390671703596], [0.8461101260119885, 0.5317870619644416, 0.03605794485552654], [-0.05944004914028571, 0.026912503321165064, 0.9978690283414898]], "T": [0.03848296064681585, -0.015443925636037477, -0.033862445683639227], "aligned_model": [[0.5088635663966347, 0.5520128116330718, -0.16747614255509924, -0.1243268973186621, 0.5816113045994589, -0.04278619389556125, 0.043512296577313, -0.3624337735539993, -0.31928452831756216, 0.18673422190558925, -0.5488047564276914, -0.5056555111912544, 0.00036305134087587926], [-0.31547920445120586, -0.2868682826451103, 0.5171000599554902, 0.5457109817615857, 0.43135150499742614, 0.03130577763139165, 0.0885276212435828, -0.5515845752351017, -0.5229736534290063, -0.6298284708961059, 0.13816047718058436, 0.16677139898667995, 0.059916699437487224], [-0.44623736750111265, 0.34554244293994574, -0.4394644141336922, 0.3523153963073662, 0.3179765937888937, -0.8262880059019235, 0.757271614980193, -0.39022303837572503, 0.40155677206533336, -0.019740870458811188, -0.4049903693453294, 0.386789441095729, -0.034508195460865226]], "inverted": false, "swapped": false, "error_lsq": 0.036195578786923185, "error_max": 0.3252768735519375, "target": "73.xyz", "model": "9.xyz", "model_rescale": 4.509807504472865, "target_rescale": 4.4498459502919365},
{"mapping": [6, 7, 11, 12, 5, 0, 1, 2, 3, 8, 9, 10, 13], "R": [[0.5296834292463538, -0.8464503753275885, 0.05438039067170354], [0.8461101260119883, 0.5317870619644413, 0.03605794485552652], [-0.05944004914028565, 0.026912503321165043, 0.9978690283414895]], "T": [0.038482960646815834, -0.01544392563603747, -0.03386244568363916], "aligned_model": [[0.5088635663966345, 0.5520128116330716, -0.1674761425550993, -0.1243268973186622, 0.5816113045994586, -0.04278619389556121, 0.04351229657731296, -0.36243377355399903, -0.319284528317562, 0.18673422190558925, -0.5488047564276912, -0.5056555111912542, 0.0003630513408758654], [-0.3154792044512057, -0.2868682826451101, 0.51710005995549, 0.5457109817615855, 0.4313515049974261, 0.03130577763139161, 0.08852762124358274, -0.5515845752351016, -0.5229736534290061, -0.6298284708961057, 0.13816047718058427, 0.1667713989866798, 0.059916699437487175], [-0.4462373675011124, 0.3455424429399455, -0.43946441413369197, 0.35231539630736597, 0.31797659378889354, -0.8262880059019233, 0.7572716149801931, -0.3902230383757248, 0.40155677206533313, -0.019740870458811233, -0.40499036934532917, 0.38678944109572877, -0.034508195460865254]], "inverted": false, "swapped": false, "error_lsq": 0.03619557878692318, "error_max": 0.32527687355193735, "target": "73.xyz", "model": "10.xyz", "model_rescale": 4.509807504472865, "target_rescale": 4.4498459502919365},
{"mapping": [0, 4, 8, 7, 6, 2, 5, 9, 12, 11, 3, 1, 13], "R": [[-0.4130355738460323, 0.454294845925328, 0.7893147709902314], [0.38646295426799837, 0.872224596837004, -0.2997843185541512], [-0.8246502287128342, 0.18121933020019776, -0.5358279151422235]], "T": [-0.05745172631330478, -0.023676650220778733, -0.006141675898326236], "aligned_model": [[0.5540021048628445, 0.6186385553046245, -0.034811856748860046, -0.10401607985747649, 0.5222820434460342, -0.030918085473820328, -0.0076595679988861465, -0.06840214643076262, -0.42248863612596055, 0.20380948717755012, -0.657216208777331, -0.6985941417441768, -0.07229601844066635], [-0.3414841531707136, -0.2063179233264831, 0.541294400600988, 0.5837330801477113, 0.345863014862172, 0.06763647853990713, 0.03155214195905605, -0.5772718165400851, -0.4355866282949759, -0.673456693580515, 0.3055065438254463, 0.13425597740036468, -0.10361408788517439], [-0.4084488746055123, 0.3515584233422996, -0.28888073023203936, 0.32584829288977035, -0.09931544406424211, -0.7585589632850156, 0.7767221602963121, -0.4529633305210912, 0.42700198390676136, 0.001838246952748891, -0.33339522633100305, 0.44187859930251266, 0.016714862348500344]], "inverted": true, "swapped": false, "error_lsq": 0.038597090774461176, "error_max": 0.21826235597710117, "target": "73.xyz", "model": "11.xyz", "model_rescale": 4.509807504472865, "target_rescale": 4.4498459502919365},
{"mapping": [6, 7, 11, 12, 5, 0, 1, 2, 3, 8, 9, 10, 13], "R": [[0.5296833198895983, -0.8464504441122724, 0.05438038518501316], [0.8461101948170382, 0.5317869523721499, 0.0360579466056265], [-0.059440044224470925, 0.026912505436646958, 0.9978690285772553]], "T": [0.0384828696641592, -0.015443864659205733, -0.03386244086567491], "aligned_model": [[0.5088636749096269, 0.5520129132853093, -0.16747610240458877, -0.12432686402890636, 0.581611311685571, -0.04278609785537846, 0.04351237889598632, -0.3624337716212647, -0.3192845332455823, 0.18673420173967298, -0.5488050205316595, -0.5056557821559771, 0.0003631405203039298], [-0.31547918095347083, -0.28686825942118654, 0.5170999475858131, 0.5457108691180974, 0.4313514904616336, 0.031305711659601096, 0.08852755472416964, -0.5515845330595021, -0.5229736115272178, -0.6298283551250721, 0.13816057317533115, 0.16677149470761543, 0.059916633191885366], [-0.44623734588876673, 0.3455424187322624, -0.43946438906686724, 0.35231537555416187, 0.31797657500879695, -0.8262879608265761, 0.7572715684154818, -0.39022301601994186, 0.40155674860108725, -0.01974086959075829, -0.4049903366671802, 0.3867894279538489, -0.03450819620554711]], "inverted": false, "swapped": false, "error_lsq": 0.03619558282098724, "error_max": 0.3252768531290826, "target": "73.xyz", "model": "12.xyz", "model_rescale": 4.509807766519439, "target_rescale": 4.4498459502919365},
{"mapping": [6, 7, 11, 12, 5, 0, 1, 2, 3, 8, 9, 10, 13], "R": [[0.5296833198895983, -0.8464504441122724, 0.0543803851850131], [0.8461101948170382, 0.5317869523721499, 0.036057946605626466], [-0.05944004422447086, 0.026912505436646923, 0.9978690285772553]], "T": [0.0384828696641592, -0.015443864659205726, -0.03386244086567483], "aligned_model": [[0.508863674909627, 0.5520129132853093, -0.16747610240458874, -0.12432686402890639, 0.581611311685571, -0.042786097855378416, 0.04351237889598628, -0.36243377162126467, -0.31928453324558237, 0.18673420173967298, -0.5488050205316595, -0.5056557821559771, 0.00036314052030392285], [-0.31547918095347083, -0.28686825942118654, 0.5170999475858131, 0.5457108691180974, 0.4313514904616336, 0.03130571165960113, 0.08852755472416962, -0.5515845330595021, -0.5229736115272178, -0.6298283551250721, 0.13816057317533117, 0.1667714947076154, 0.05991663319188537], [-0.4462373458887666, 0.3455424187322622, -0.43946438906686713, 0.3523153755541617, 0.31797657500879695, -0.8262879608265761, 0.7572715684154822, -0.3902230160199418, 0.40155674860108703, -0.019740869590758325, -0.4049903366671801, 0.38678942795384874, -0.03450819620554713]], "inverted": false, "swapped": false, "error_lsq": 0.036195582820987234, "error_max": 0.3252768531290826, "target": "73.xyz", "model": "13.xyz", "model_rescale": 4.509807766519439, "target_rescale": 4.4498459502919365},
{"mapping": [0, 4, 8, 7, 6, 2, 5, 9, 12, 11, 3, 1, 13], "R": [[-0.41303550791444993, 0.45429488629792736, 0.7893147822544602], [0.3864630661556382, 0.8722245514128693, -0.2997843064775104], [-0.8246502093005466, 0.18121944762130893, -0.5358279053057917]], "T": [-0.05745178543457949, -0.02367676625133542, -0.006141702347223135], "aligned_model": [[0.5540021140899335, 0.6186385281746088, -0.034811869792477065, -0.10401601834847493, 0.5222820775012356, -0.030918100957293165, -0.007659567675101592, -0.0684023136594605, -0.42248861990665, 0.20380947594306045, -0.6572161968070036, -0.6985940776094871, -0.07229598175977701], [-0.34148404934031074, -0.20631791235348457, 0.5412942806894534, 0.5837330893848685, 0.3458630475034504, 0.06763643616943016, 0.031552129527933466, -0.5772720453850646, -0.43558655239582034, -0.6734565942772384, 0.3055064780508482, 0.13425603442252523, -0.10361400745889268], [-0.4084488390287081, 0.3515584326485616, -0.2888806786147103, 0.3258483498367618, -0.09931535460779664, -0.7585589348374858, 0.7767221370931201, -0.4529634309903337, 0.42700190903090984, 0.0018382045863513967, -0.3333952303929273, 0.44187856986040863, 0.01671486541585041]], "inverted": true, "swapped": false, "error_lsq": 0.038597081738943495, "error_max": 0.21826229529509153, "target": "73.xyz", "model": "14.xyz", "model_rescale": 4.509807766519439, "target_rescale": 4.4498459502919365},
{"mapping": [6, 5, 1, 0, 11, 10, 8, 7, 9, 3, 2, 12], "R": [[-0.8645986743401619, 0.502463065636903, -5.019117708240775e-17], [0.502463065636903, 0.8645986743401619, -2.153563156475792e-16], [-6.481336939552914e-17, -2.1141599772442972e-16, -1.0]], "T": [0.013582759146047292, 0.07479152226666551, 1.6126487711668641e-16], "aligned_model": [[0.0896435090974281, 0.08964350909742819, -0.5822831553518633, -0.5822831553518633, 0.5539971523178203, 0.5539971523178203, -0.026383215905319016, -0.026383215905318974, -0.49073705342427404, 0.39526695332015155, 0.39526695332015155, 0.08964350909742813], [0.0412255361574719, 0.041225536157472244, 0.09765727316405183, 0.097657273164052, -0.09151389782419049, -0.09151389782419032, -0.5270278430753552, -0.527027843075355, -0.3942882961767353, 0.6151412496336106, 0.6151412496336108, 0.04122553615747207], [-0.8041626698931532, 0.8041626698931534, -0.40208133494657666, 0.4020813349465768, -0.40208133494657666, 0.4020813349465768, -0.40208133494657655, 0.4020813349465769, -1.1799765064833182e-17, -0.4020813349465768, 0.40208133494657666, -1.347204029985998e-16]], "inverted": false, "swapped": true, "error_lsq": 0.025843811412477824, "error_max": 0.11171872130256752, "target": "73.xyz", "model": "15.xyz", "model_rescale": 4.510870436145588, "target_rescale": 4.4498459502919365},
{"mapping": [6, 5, 1, 0, 11, 10, 8, 7, 9, 3, 2, 12], "R": [[-0.8645986743401618, 0.5024630656369033, -2.7368988386908934e-18], [0.5024630656369033, 0.8645986743401618, -1.748897735778597e-17], [-6.421246070312251e-18, -1.6496137219933562e-17, -1.0]], "T": [0.013582759146047316, 0.07479152226666554, 1.1253007645933784e-16], "aligned_model": [[0.08964350909742816, 0.08964350909742816, -0.5822831553518633, -0.5822831553518633, 0.5539971523178203, 0.5539971523178203, -0.026383215905319165, -0.026383215905319165, -0.4907370534242742, 0.3952669533201518, 0.3952669533201518, 0.08964350909742816], [0.041225536157472056, 0.041225536157472084, 0.09765727316405212, 0.09765727316405215, -0.0915138978241906, -0.0915138978241906, -0.5270278430753551, -0.5270278430753551, -0.3942882961767351, 0.6151412496336106, 0.6151412496336106, 0.04122553615747207], [-0.8041626698931532, 0.8041626698931534, -0.4020813349465767, 0.4020813349465767, -0.4020813349465767, 0.4020813349465767, -0.4020813349465767, 0.4020813349465767, -1.7728227355256809e-16, -0.4020813349465767, 0.4020813349465767, -1.8648740799282803e-16]], "inverted": false, "swapped": true, "error_lsq": 0.02584381141247782, "error_max": 0.11171872130256738, "target": "73.xyz", "model": "16.xyz", "model_rescale": 4.510870436145588, "target_rescale": 4.4498459502919365},
{"mapping": [6, 5, 1, 0, 11, 10, 8, 7, 9, 3, 2, 12], "R": [[-0.8645986743401619, 0.5024630656369031, -5.867503633941669e-17], [0.5024630656369031, 0.8645986743401619, -1.2333178626605184e-16], [-1.1239308781795214e-17, -1.361145375450926e-16, -1.0]], "T": [0.013582759146047299, 0.07479152226666552, 2.1672848157095832e-16], "aligned_model": [[0.0896435090974281, 0.08964350909742819, -0.5822831553518633, -0.5822831553518633, 0.5539971523178203, 0.5539971523178203, -0.026383215905319064, -0.026383215905319023, -0.49073705342427415, 0.3952669533201516, 0.3952669533201516, 0.08964350909742815], [0.04122553615747198, 0.041225536157472174, 0.09765727316405193, 0.09765727316405204, -0.09151389782419056, -0.09151389782419045, -0.5270278430753551, -0.5270278430753551, -0.3942882961767352, 0.6151412496336107, 0.6151412496336107, 0.04122553615747208], [-0.8041626698931531, 0.8041626698931535, -0.40208133494657655, 0.4020813349465769, -0.4020813349465766, 0.40208133494657683, -0.40208133494657655, 0.4020813349465769, 4.775568165180196e-18, -0.4020813349465767, 0.4020813349465767, -8.299098131682334e-17]], "inverted": false, "swapped": true, "error_lsq": 0.02584381141247782, "error_max": 0.11171872130256744, "target": "73.xyz", "model": "17.xyz", "model_rescale": 4.510870436145588, "target_rescale": 4.4498459502919365},
{"mapping": [9, 8, 3, 5, 7, 0, 6, 1, 2, 10, 11, 4, 12], "R": [[0.35745913539152085, 0.8403614298732958, 0.4074501610092416], [0.4329584995619724, -0.5356736751629645, 0.7249832076637697], [0.827508250220016, -0.08274286022801725, -0.5553230725434475]], "T": [-0.0907469421841821, -0.11864639028719753, 0.07233280457512441], "aligned_model": [[0.5793859983008988, 0.33860842336586006, -0.32143795002473746, 0.20639404835587138, 0.6650790488430297, -0.040755547441958404, -0.12007657712129828, -0.36722617291912807, -0.25848283762239804, 0.2529153728237291, -0.5521535697196198, -0.6479085755019072, 0.06798778785477173], [-0.06019618176418812, -0.34561310680187596, 0.6333654286125299, 0.7139742555786825, 0.23528179499463425, 0.010956330788655766, 0.13307935378217234, -0.5699385710078544, -0.5743735363671838, -0.6410910835606984, 0.07767375803747761, 0.052470526816019575, 0.006521365429326631], [-0.44181562415865866, 0.4517643310497174, -0.19730992120773633, 0.29520568311112705, 0.006810105516718054, -0.8039334719846494, 0.7401599086441263, -0.35897924645165, 0.4364472157335521, 0.003138601374340688, -0.37062487615270095, 0.24764430432526302, -0.00850700979944731]], "inverted": true, "swapped": false, "error_lsq": 0.05034013822145144, "error_max": 0.3342518566244152, "target": "73.xyz", "model": "18.xyz", "model_rescale": 4.466005644533647, "target_rescale": 4.4498459502919365},
{"mapping": [5, 4, 9, 8, 6, 3, 2, 1, 0, 12, 11, 10, 13], "R": [[0.5296832976916186, -0.8464504580298489, 0.054380384768695285], [0.8461102087804317, 0.531786930157482, 0.03605794657513897], [-0.059440043271069366, 0.026912506660293156, 0.997869028601045]], "T": [0.03848292779515612, -0.01544389936659676, -0.033862443128513366], "aligned_model": [[0.5088637464126976, 0.5520129849836758, -0.16747606094893036, -0.12432682237795224, 0.5816113649138839, -0.042786230049718335, 0.043512247092237874, -0.3624337045169139, -0.31928446594593585, 0.1867340900887985, -0.5488049737754835, -0.5056557352045054, 0.0003630085212597625], [-0.3154792063913571, -0.28686828453473373, 0.5170999145614513, 0.5457108364180748, 0.4313514749128558, 0.031305794466039455, 0.08852763817928627, -0.5515845842816076, -0.5229736624249841, -0.6298282755355317, 0.1381605254944594, 0.1667714473510828, 0.059916716322662864], [-0.44623735386161667, 0.34554242042352423, -0.43946439538499865, 0.35231537890014225, 0.31797657739593926, -0.826287966663764, 0.7572715819065178, -0.39022302319342583, 0.40155675109171507, -0.019740866688446542, -0.4049903429160516, 0.3867894313690893, -0.03450819237862316]], "inverted": true, "swapped": false, "error_lsq": 0.036195579081926235, "error_max": 0.32527685757797403, "target": "73.xyz", "model": "19.xyz", "model_rescale": 4.509807711582247, "target_rescale": 4.4498459502919365},
{"mapping": [3, 7, 12, 4, 5, 1, 6, 11, 8, 9, 0, 2, 13], "R": [[-0.41303549101086445, 0.45429490371172265, 0.7893147810772145], [0.3864630950902965, 0.8722245370297489, -0.29978431102455794], [-0.8246502042069976, 0.1812194731942381, -0.5358279044959867]], "T": [-0.05745175485739429, -0.02367670564277514, -0.006141690449699961], "aligned_model": [[0.554002048450074, 0.6186385593243244, -0.03481192433239077, -0.1040159783010956, 0.52228212424389, -0.030918060401897984, -0.007659543220661147, -0.06840229089929101, -0.42248860726656606, 0.20380949527841946, -0.6572161629468836, -0.6985941566398969, -0.0722960540949115], [-0.34148418983887724, -0.20631787748991373, 0.5412941610689329, 0.5837331504425279, 0.3458631020554961, 0.06763651538599737, 0.03155217089711805, -0.577271980540929, -0.43558649915599634, -0.6734565475430281, 0.3055065637730292, 0.13425590693518624, -0.10361414145184548], [-0.4084488736445225, 0.35155845137879144, -0.2888806965381428, 0.3258483799024149, -0.09931532907881017, -0.7585589296419464, 0.7767221603600165, -0.4529634379505159, 0.4270019126000166, 0.001838203618791544, -0.3333952206607214, 0.44187854431792745, 0.016714835336702524]], "inverted": false, "swapped": false, "error_lsq": 0.038597090805083265, "error_max": 0.21826235166277025, "target": "73.xyz", "model": "20.xyz", "model_rescale": 4.509807711582248, "target_rescale": 4.4498459502919365},
{"mapping": [10, 7, 4, 6, 8, 1, 5, 0, 2, 9, 11, 3, 12], "R": [[-0.3574591353915207, -0.8403614298732955, 0.4074501610092416], [-0.43295849956197197, 0.5356736751629645, 0.72498320766377], [-0.827508250220016, 0.08274286022801741, -0.5553230725434468]], "T": [-0.09074694218418215, -0.11864639028719767, 0.07233280457512441], "aligned_model": [[0.5793859983008989, 0.3386084233658601, -0.3214379500247375, 0.20639404835587127, 0.6650790488430297, -0.040755547441958404, -0.12007657712129832, -0.367226172919128, -0.2584828376223981, 0.2529153728237292, -0.5521535697196198, -0.6479085755019071, 0.0679877878547717], [-0.060196181764188034, -0.34561310680187624, 0.6333654286125299, 0.7139742555786824, 0.23528179499463417, 0.010956330788656016, 0.1330793537821721, -0.5699385710078544, -0.5743735363671841, -0.6410910835606984, 0.07767375803747781, 0.05247052681601955, 0.006521365429326603], [-0.4418156241586583, 0.4517643310497171, -0.19730992120773583, 0.29520568311112766, 0.006810105516718387, -0.8039334719846493, 0.7401599086441263, -0.3589792464516505, 0.4364472157335517, 0.0031386013743403135, -0.37062487615270084, 0.24764430432526285, -0.008507009799447227]], "inverted": false, "swapped": false, "error_lsq": 0.05034013822145144, "error_max": 0.33425185662441553, "target": "73.xyz", "model": "21.xyz", "model_rescale": 4.466005644533646, "target_rescale": 4.4498459502919365},
{"mapping": [9, 8, 3, 5, 7, 0, 6, 1, 2, 10, 11, 4, 12], "R": [[0.35745907213983696, 0.840361471101702, 0.4074501314672879], [0.4329585377220257, -0.5356736168735694, 0.7249832279433737], [0.8275082575772476, -0.08274281886285817, -0.5553230677435399]], "T": [-0.09074694625260246, -0.11864639065980737, 0.07233280434465643], "aligned_model": [[0.5793859216260858, 0.3386085179951749, -0.3214379045634197, 0.20639407296998938, 0.6650791224280637, -0.040755431732501346, -0.12007653146289946, -0.3672260361653902, -0.25848291914586397, 0.25291531719319704, -0.5521538562400389, -0.6479085089963086, 0.0679876852870249], [-0.060196082155739294, -0.3456131326580952, 0.633365353786403, 0.7139742264483777, 0.23528179006052047, 0.010956261454082905, 0.133079303729762, -0.5699386612645327, -0.5743734866827492, -0.641091004874355, 0.07767389959036955, 0.0524704310677874, 0.00652143603586644], [-0.44181559379920593, 0.4517643450183389, -0.19730995359896425, 0.2952056742018451, 0.0068101197518416895, -0.8039334885687819, 0.7401598994683423, -0.35897926330228463, 0.4364472281564543, 0.003138631467291292, -0.37062487335236505, 0.24764427166753294, -0.008506997110042963]], "inverted": true, "swapped": false, "error_lsq": 0.05034013414438037, "error_max": 0.33425180674985105, "target": "73.xyz", "model": "22.xyz", "model_rescale": 4.46600560860683, "target_rescale": 4.4498459502919365},
{"mapping": [5, 4, 9, 8, 6, 3, 2, 1, 0, 12, 11, 10, 13], "R": [[0.529683356560801, -0.846450421042786, 0.054380387080029444], [0.8461101717440177, 0.5317869891247968, 0.03605794598826142], [-0.05944004587643177, 0.02691250479003949, 0.9978690284962923]], "T": [0.038482921706119146, -0.015443898593760906, -0.033862443199097446], "aligned_model": [[0.5088636295692558, 0.5520128703302142, -0.16747612545767718, -0.12432688469671879, 0.5816113004711524, -0.04278613955534077, 0.04351234196657601, -0.36243384498413816, -0.3192846042231798, 0.18673432401861384, -0.5488048801061101, -0.5056556393451517, 0.00036310120561761083], [-0.3154791831765922, -0.28686826154958334, 0.5170999917149506, 0.5457109133419593, 0.4313515016764833, 0.0313057397809568, 0.08852758303497443, -0.5515845022258993, -0.5229735805988905, -0.6298284669760045, 0.1381605082401843, 0.16677142986719315, 0.05991666140796562], [-0.44623735329695857, 0.3455424274376742, -0.43946439756451045, 0.35231538317012234, 0.3179765818881998, -0.8262879764218297, 0.7572715850474357, -0.39022302158238875, 0.40155675915224404, -0.019740873596849916, -0.4049903496402863, 0.3867894310943465, -0.034508195687197006]], "inverted": true, "swapped": false, "error_lsq": 0.036195582553976494, "error_max": 0.3252768609023938, "target": "73.xyz", "model": "23.xyz", "model_rescale": 4.509807674373902, "target_rescale": 4.4498459502919365},
{"mapping": [3, 7, 12, 4, 5, 1, 6, 11, 8, 9, 0, 2, 13], "R": [[-0.4130355312510497, 0.45429487174658667, 0.7893147784179111], [0.3864630265436032, 0.8722245675921236, -0.29978431046919657], [-0.8246502161758777, 0.18121940622760524, -0.5358279087240537]], "T": [-0.057451751574407614, -0.02367670037185295, -0.0061416878329409045], "aligned_model": [[0.5540021091020035, 0.6186385359124711, -0.034811801995285836, -0.1040160420998578, 0.5222820635023456, -0.03091813284243937, -0.007659569689732346, -0.068402226612487, -0.42248862731943126, 0.20380947828277218, -0.6572162384446428, -0.6985941021024027, -0.07229599650019966], [-0.34148408926738083, -0.2063179195095022, 0.5412944446114366, 0.5837330825429188, 0.3458630326339938, 0.06763637936320473, 0.031552130399422826, -0.5772719112005315, -0.43558658279554113, -0.6734566327044662, 0.30550642927212973, 0.134256010550469, -0.10361403935845588], [-0.4084488522448312, 0.35155842865401804, -0.28888067152852787, 0.32584832898990945, -0.09931538685399258, -0.7585589597295684, 0.7767221444979201, -0.45296338441856965, 0.4270019346605848, 0.0018382188166827648, -0.3333952438856665, 0.4418785794429725, 0.016714863599070675]], "inverted": false, "swapped": false, "error_lsq": 0.03859708142677591, "error_max": 0.21826227162312464, "target": "73.xyz", "model": "24.xyz", "model_rescale": 4.509807674373903, "target_rescale": 4.4498459502919365},
{"mapping": [10, 7, 4, 6, 8, 1, 5, 0, 2, 9, 11, 3, 12], "R": [[-0.35745907213983713, -0.840361471101702, 0.40745013146728765], [-0.43295853772202575, 0.5356736168735693, 0.7249832279433737], [-0.8275082575772474, 0.08274281886285839, -0.55532306774354]], "T": [-0.09074694625260249, -0.11864639065980748, 0.0723328043446565], "aligned_model": [[0.5793859216260857, 0.3386085179951752, -0.32143790456342003, 0.20639407296998924, 0.6650791224280638, -0.04075543173250165, -0.12007653146289925, -0.3672260361653902, -0.2584829191458638, 0.2529153171931972, -0.5521538562400391, -0.6479085089963085, 0.06798768528702487], [-0.06019608215573946, -0.3456131326580951, 0.633365353786403, 0.7139742264483777, 0.23528179006052036, 0.010956261454082683, 0.13307930372976218, -0.5699386612645327, -0.5743734866827493, -0.641091004874355, 0.07767389959036944, 0.052470431067787426, 0.006521436035866385], [-0.4418155937992061, 0.45176434501833873, -0.19730995359896408, 0.2952056742018451, 0.006810119751841592, -0.8039334885687819, 0.7401598994683423, -0.3589792633022847, 0.4364472281564544, 0.0031386314672911114, -0.37062487335236494, 0.24764427166753306, -0.008506997110042963]], "inverted": false, "swapped": false, "error_lsq": 0.05034013414438037, "error_max": 0.3342518067498514, "target": "73.xyz", "model": "25.xyz", "model_rescale": 4.466005608606829, "target_rescale": 4.4498459502919365},
{"mapping": [9, 8, 3, 5, 7, 0, 6, 1, 2, 10, 11, 4, 12], "R": [[0.35745916152586443, 0.8403614128753623, 0.4074501731394296], [0.4329584560461699, -0.5356736964068396, 0.7249832179546988], [0.8275082616985423, -0.08274289533221751, -0.5553230502083439]], "T": [-0.09074695585270914, -0.11864640556504946, 0.07233276330429986], "aligned_model": [[0.5793859889341464, 0.33860843065964774, -0.32143797613850844, 0.20639408978454393, 0.6650790517052902, -0.04075561379129722, -0.12007653126109852, -0.36722623483693967, -0.2584828113804438, 0.252915367888504, -0.552153524851779, -0.647908597184151, 0.06798780966519866], [-0.060196150131756, -0.34561309147725583, 0.6333653497823178, 0.7139742350951915, 0.2352817933859908, 0.010956294981489145, 0.13307935023194495, -0.5699385898817575, -0.5743734930709741, -0.6410910349950026, 0.07767381390616562, 0.05247046491907123, 0.006521391792272596], [-0.441815559083355, 0.4517643499094822, -0.19731000962119824, 0.2952057532597884, 0.006810161559097833, -0.8039335635538245, 0.7401599416101727, -0.35897937520344003, 0.4364472358450383, 0.0031386292670294996, -0.37062479021262906, 0.24764417872918618, -0.00850695250534625]], "inverted": true, "swapped": false, "error_lsq": 0.05034014050188752, "error_max": 0.33425182904060496, "target": "73.xyz", "model": "26.xyz", "model_rescale": 4.466005838112752, "target_rescale": 4.4498459502919365},
{"mapping": [5, 4, 9, 8, 6, 3, 2, 1, 0, 12, 11, 10, 13], "R": [[0.5296832319549676, -0.8464504991391099, 0.054380385185213445], [0.8461102502071028, 0.5317868644073707, 0.03605794417671008], [-0.05944003936921609, 0.026912512906247976, 0.9978690286650134]], "T": [0.038482902181423764, -0.015443931456602996, -0.033862439339102345], "aligned_model": [[0.5088636650607267, 0.5520129022258086, -0.16747606210801064, -0.12432682494292875, 0.581611342689474, -0.04278619983787563, 0.0435122744922882, -0.36243373233603826, -0.31928449517095636, 0.18673416487472533, -0.5488049301231939, -0.505655692958112, 0.0003630373272062795], [-0.31547928104430734, -0.2868683622421139, 0.5170999415810812, 0.5457108603832747, 0.4313515583943236, 0.031305853256879915, 0.08852769086126688, -0.5515847173010469, -0.5229737984988534, -0.6298281777029956, 0.13816053799446093, 0.1667714567966544, 0.05991677205907339], [-0.4462373303883836, 0.3455424120850897, -0.4394643776729105, 0.35231536480056275, 0.31797656164978194, -0.8262879370048851, 0.7572715479420614, -0.39022300073587224, 0.40155674173760103, -0.01974087460470175, -0.40499032787520145, 0.3867894145982718, -0.034508194531411907]], "inverted": true, "swapped": false, "error_lsq": 0.03619558232095807, "error_max": 0.3252768557900538, "target": "73.xyz", "model": "27.xyz", "model_rescale": 4.509807893063789, "target_rescale": 4.4498459502919365},
