[{"mapping": [10, 9, 3, 2, 5, 4, 0, 11, 7, 6, 8, 11], "R": [[-0.8557789556675497, 0.5161131969521603, -0.03563070260855], [0.5169880701025594, 0.8557092762380057, -0.02202203287300863], [0.01912366095153989, -0.03726664047173227, -0.9991223564207548]], "T": [-0.02893527113848801, 0.04094048962959719, -0.20084763243957293], "aligned_model": [[0.007761543477438931, 0.03602679682349927, -0.6493181688983699, -0.6210529155523096, 0.2358493705712769, 0.2641146239173372, -0.03220101039642574, -0.06046626374248607, 0.5868256341883518, 0.6150908875344121, -0.2056127514745835, -0.06046626374248607], [-0.591116241820221, -0.5736465234936031, 0.2750191199637111, 0.292488838290329, 0.4563228904789548, 0.4737926088055727, -0.0782718949398125, -0.0957416132664304, -0.17140762582016222, -0.15393790749354436, 0.6037493148845493, -0.0957416132664304], [-0.5852151476781748, 0.2073722688037219, -0.5808731865717954, 0.2117142299101013, -0.6164362171891473, 0.17615119929274942, 0.5958769041427701, -0.1967105123391265, -0.615116687919026, 0.17747072856287077, -0.20695204162660158, -0.1967105123391265]], "inverted": false, "swapped": false, "error_lsq": 0.055286550652675244, "error_max": 0.5706162436087525, "target": "74.xyz", "model": "0.xyz", "model_rescale": 4.5108708085295355, "target_rescale": 4.392213536166046},
{"mapping": [10, 9, 3, 2, 5, 4, 0, 11, 7, 6, 8, 11], "R": [[-0.8557789556675494, 0.5161131969521607, -0.035630702608550516], [0.5169880701025599, 0.8557092762380054, -0.02202203287300817], [0.01912366095154054, -0.03726664047173214, -0.9991223564207546]], "T": [-0.028935271138488032, 0.04094048962959724, -0.200847632439573], "aligned_model": [[0.007761543477438383, 0.03602679682349911, -0.6493181688983698, -0.621052915552309, 0.23584937057127675, 0.26411462391733753, -0.03220101039642542, -0.060466263742486155, 0.5868256341883512, 0.615090887534412, -0.2056127514745832, -0.060466263742486155], [-0.5911162418202206, -0.5736465234936031, 0.27501911996371164, 0.2924888382903291, 0.4563228904789548, 0.4737926088055723, -0.07827189493981279, -0.09574161326643033, -0.17140762582016228, -0.15393790749354475, 0.6037493148845494, -0.09574161326643033], [-0.5852151476781748, 0.2073722688037214, -0.5808731865717948, 0.21171422991010147, -0.616436217189147, 0.17615119929274925, 0.5958769041427698, -0.1967105123391265, -0.6151166879190261, 0.17747072856287016, -0.2069520416266012, -0.1967105123391265]], "inverted": false, "swapped": false, "error_lsq": 0.05528655065267526, "error_max": 0.5706162436087525, "target": "74.xyz", "model": "1.xyz", "model_rescale": 4.510870808529536, "target_rescale": 4.392213536166046},
{"mapping": [10, 9, 3, 2, 5, 4, 0, 11, 7, 6, 8, 11], "R": [[-0.8557789556675495, 0.5161131969521606, -0.03563070260855013], [0.5169880701025598, 0.8557092762380054, -0.022022032873008468], [0.01912366095154007, -0.0372666404717322, -0.9991223564207545]], "T": [-0.02893527113848801, 0.04094048962959722, -0.20084763243957285], "aligned_model": [[0.007761543477438661, 0.03602679682349909, -0.6493181688983697, -0.6210529155523093, 0.23584937057127695, 0.2641146239173374, -0.0322010103964257, -0.06046626374248614, 0.5868256341883515, 0.6150908875344119, -0.20561275147458324, -0.06046626374248614], [-0.5911162418202209, -0.5736465234936032, 0.2750191199637115, 0.2924888382903293, 0.45632289047895475, 0.47379260880557256, -0.07827189493981258, -0.09574161326643034, -0.1714076258201624, -0.15393790749354463, 0.6037493148845493, -0.09574161326643034], [-0.5852151476781747, 0.2073722688037218, -0.5808731865717951, 0.2117142299101014, -0.6164362171891471, 0.17615119929274944, 0.59587690414277, -0.19671051233912673, -0.6151166879190259, 0.17747072856287063, -0.2069520416266017, -0.19671051233912673]], "inverted": false, "swapped": false, "error_lsq": 0.055286550652675244, "error_max": 0.5706162436087525, "target": "74.xyz", "model": "2.xyz", "model_rescale": 4.5108708085295355, "target_rescale": 4.392213536166046},
{"mapping": [9, 10, 2, 3, 4, 5, 1, 11, 6, 7, 8, 13], "R": [[0.8527053872686178, -0.5151902120927443, -0.08644401591151414], [-0.5205051562744094, -0.8519641988118433, -0.056845283310464644], [-0.044361073192940956, 0.09346683533065422, -0.9946336239432302]], "T": [-0.0250813421772118, 0.015088590561909294, -0.16523729105486556], "aligned_model": [[0.022284608648654718, 0.09087539658514068, -0.6322152232980977, -0.5636244353616117, 0.25055183504702344, 0.3191426229835094, 0.043435266938000004, -0.4880436385128439, 0.6000185387998053, 0.6686093267362913, -0.16932729486173062, -0.025155520998485954], [-0.578267081268026, -0.5331620183944003, 0.29012066778017453, 0.33522573065380024, 0.46683233678541075, 0.5119373996590364, -0.0241240855787635, -0.4092804212374318, -0.1619105732398019, -0.11680551036617619, 0.6301720559814802, -0.06922914845238919], [-0.5343182660917883, 0.25489430409031416, -0.527065498745851, 0.2621470714362515, -0.613886567778545, 0.17532600240355745, 0.6288006519700977, -0.4996233515806688, -0.6083249585418207, 0.18088761164028183, -0.18785405554060927, -0.1604119182120045]], "inverted": true, "swapped": false, "error_lsq": 0.0376131058195309, "error_max": 0.30603414017296554, "target": "74.xyz", "model": "3.xyz", "model_rescale": 4.509807743048502, "target_rescale": 4.392213536166046},
{"mapping": [10, 9, 5, 4, 3, 2, 0, 7, 12, 11, 8, 13], "R": [[-0.5301527607988032, 0.843633918665359, 0.0849697681221828], [-0.8428968548675031, -0.5352428312674458, 0.055136227938448606], [0.09199425129799531, -0.042390126847408255, 0.9948568413967822]], "T": [-0.049793020945832475, 0.00885061479607132, -0.16284889487721804], "aligned_model": [[0.0994515635493181, 0.1668725791607033, -0.5738660985935443, -0.5064450829821591, 0.29601552341621284, 0.3634365390275981, 0.05552352285858564, -0.6047609920120309, 0.48068225720346014, 0.5481032728148454, -0.1965641089845343, -0.011897492752799561], [-0.5602419674795884, -0.5164929898520909, 0.27473528057998414, 0.3184842582074818, 0.5065849654812897, 0.5503339431087872, -0.022870963188130707, -0.4427068976216877, -0.18341052529372007, -0.13966154766622244, 0.6233757368624387, -0.06661994081562833], [-0.5428422362955766, 0.24654745038046522, -0.5316103190111465, 0.25777936766489534, -0.6187554771711592, 0.17063420950488267, 0.627486845013975, -0.4892100603561536, -0.5962872604630083, 0.19310242621303358, -0.18437107876892583, -0.16190284166206695]], "inverted": true, "swapped": false, "error_lsq": 0.03674163799388063, "error_max": 0.2971473076186802, "target": "74.xyz", "model": "4.xyz", "model_rescale": 4.509807743048502, "target_rescale": 4.392213536166046},
{"mapping": [9, 10, 4, 5, 2, 3, 1, 6, 11, 12, 8, 13], "R": [[0.5301527607988027, -0.8436339186653593, 0.0849697681221828], [0.8428968548675034, 0.5352428312674452, 0.05513622793844865], [-0.09199425129799531, 0.042390126847408297, 0.9948568413967821]], "T": [-0.049793020945832475, 0.008850614796071278, -0.1628488948772181], "aligned_model": [[0.0994515635493184, 0.16687257916070364, -0.5738660985935444, -0.5064450829821592, 0.2960155234162125, 0.3634365390275977, 0.05552352285858568, -0.6047609920120306, 0.48068225720346025, 0.5481032728148455, -0.1965641089845347, -0.011897492752799499], [-0.5602419674795884, -0.5164929898520907, 0.27473528057998386, 0.3184842582074815, 0.5065849654812897, 0.5503339431087875, -0.022870963188130693, -0.44270689762168797, -0.1834105252937198, -0.13966154766622213, 0.6233757368624385, -0.06661994081562833], [-0.5428422362955767, 0.24654745038046533, -0.5316103190111465, 0.2577793676648955, -0.6187554771711592, 0.17063420950488284, 0.6274868450139748, -0.48921006035615366, -0.5962872604630083, 0.1931024262130337, -0.18437107876892567, -0.1619028416620668]], "inverted": false, "swapped": false, "error_lsq": 0.03674163799388063, "error_max": 0.2971473076186802, "target": "74.xyz", "model": "5.xyz", "model_rescale": 4.509807743048502, "target_rescale": 4.392213536166046},
{"mapping": [9, 10, 2, 3, 4, 5, 1, 11, 6, 7, 8, 13], "R": [[0.8527053609919512, -0.515190252294329, -0.0864440355171614], [-0.5205051996462717, -0.8519641702726811, -0.05684531390340923], [-0.04436106938275286, 0.09346687387779683, -0.9946336204908474]], "T": [-0.025081354059205453, 0.015088575029677285, -0.1652372892941315], "aligned_model": [[0.022284734428467165, 0.09087554030378828, -0.6322151917783876, -0.5636243859030665, 0.2505519044256975, 0.3191427103010186, 0.043435211819876716, -0.4880437500594204, 0.6000184753378499, 0.668609281213171, -0.16932745332789492, -0.02515559405544436], [-0.5782668492867489, -0.5331617605719079, 0.29012077336101993, 0.33522586207586097, 0.4668324021707854, 0.5119374908856265, -0.024124172482542335, -0.40928053497159506, -0.16191073554963453, -0.1168056468347935, 0.6301717847242264, -0.06922926119738336], [-0.5343182882594479, 0.25489430659461254, -0.5270655192808593, 0.26214707557320105, -0.6138866124438929, 0.1753259824101675, 0.6288006918870938, -0.4996233283818247, -0.6083249661789989, 0.18088762867506158, -0.18785404257893115, -0.16041190296696647]], "inverted": true, "swapped": false, "error_lsq": 0.03761311678034671, "error_max": 0.30603410497027617, "target": "74.xyz", "model": "6.xyz", "model_rescale": 4.509807586411629, "target_rescale": 4.392213536166046},
{"mapping": [10, 9, 5, 4, 3, 2, 0, 7, 12, 11, 8, 13], "R": [[-0.5301526816001402, 0.8436339713607279, 0.0849697390740205], [-0.8428969055842823, -0.5352427500232849, 0.05513624129329699], [0.09199424301890718, -0.04239010395880199, 0.9948568431376146]], "T": [-0.04979300488491872, 0.008850598338550661, -0.16284889791799237], "aligned_model": [[0.09945136820882458, 0.1668723631130454, -0.5738662111490542, -0.5064452162448334, 0.2960154207639444, 0.3634364156681652, 0.05552362032687959, -0.6047608503070159, 0.4806824141236952, 0.548103409027916, -0.19656387624857033, -0.011897374577341253], [-0.5602418132324573, -0.5164928234887681, 0.27473528018453924, 0.31848426992822837, 0.5065850566855956, 0.5503340464292847, -0.022871025828629994, -0.44270704438365993, -0.18341055879060963, -0.13966156904692045, 0.6233755494386298, -0.06662001557231917], [-0.5428422319302274, 0.24654748354458791, -0.5316103440339414, 0.25777937144087393, -0.6187554856770967, 0.17063422979771856, 0.6274868673994258, -0.489210090328676, -0.596287269612608, 0.1931024458622073, -0.1843711033376595, -0.16190284807538954]], "inverted": true, "swapped": false, "error_lsq": 0.03674163695440617, "error_max": 0.29714734757703426, "target": "74.xyz", "model": "7.xyz", "model_rescale": 4.509807586411629, "target_rescale": 4.392213536166046},
{"mapping": [9, 10, 4, 5, 2, 3, 1, 6, 11, 12, 8, 13], "R": [[0.53015268160014, -0.843633971360728, 0.08496973907402018], [0.8428969055842824, 0.5352427500232847, 0.055136241293296924], [-0.09199424301890698, 0.04239010395880178, 0.9948568431376146]], "T": [-0.04979300488491872, 0.008850598338550654, -0.16284889791799245], "aligned_model": [[0.09945136820882483, 0.16687236311304543, -0.5738662111490542, -0.5064452162448336, 0.2960154207639444, 0.363436415668165, 0.05552362032687935, -0.6047608503070157, 0.48068241412369545, 0.548103409027916, -0.19656387624857044, -0.011897374577341219], [-0.5602418132324573, -0.5164928234887681, 0.27473528018453913, 0.31848426992822826, 0.5065850566855956, 0.5503340464292847, -0.02287102582863005, -0.4427070443836601, -0.18341055879060947, -0.13966156904692034, 0.6233755494386298, -0.06662001557231914], [-0.5428422319302275, 0.24654748354458805, -0.5316103440339415, 0.257779371440874, -0.6187554856770967, 0.17063422979771886, 0.6274868673994256, -0.4892100903286763, -0.5962872696126079, 0.1931024458622076, -0.18437110333765938, -0.16190284807538943]], "inverted": false, "swapped": false, "error_lsq": 0.03674163695440617, "error_max": 0.29714734757703454, "target": "74.xyz", "model": "8.xyz", "model_rescale": 4.509807586411629, "target_rescale": 4.392213536166046},
{"mapping": [12, 11, 3, 2, 7, 6, 0, 10, 5, 4, 8, 13], "R": [[0.8527054194716859, -0.5151901497598974, -0.08644406974449254], [-0.5205050994592602, -0.8519642329107793, -0.056845292484539574], [-0.044361120821297395, 0.0934668680930403, -0.9946336187402658]], "T": [-0.025081313318087314, 0.01508856819341689, -0.1652372921906189], "aligned_model": [[0.022284715387589103, 0.09087554966752114, -0.6322152087773955, -0.5636243744974635, 0.2505517651935702, 0.31914259947350226, 0.04343510185238643, -0.4880435680502687, 0.6000185297603876, 0.6686093640403196, -0.16932725891694744, -0.025155732427545596], [-0.5782670386659962, -0.533161966126885, 0.29012071262079697, 0.3352257851599081, 0.4668322607390719, 0.511937333278183, -0.024124081771344563, -0.4092804036707228, -0.16191065918173797, -0.1168055866426268, 0.6301721508947221, -0.06922915431045572], [-0.5343182978318665, 0.25489430997237494, -0.5270654951470646, 0.2621471126571769, -0.6138865998002849, 0.17532600800395648, 0.6288007092034047, -0.49962335249359074, -0.60832500836937, 0.18088759943487143, -0.187854061979556, -0.16041189860083663]], "inverted": false, "swapped": false, "error_lsq": 0.037613117014387416, "error_max": 0.3060341552021033, "target": "74.xyz", "model": "9.xyz", "model_rescale": 4.509807504472865, "target_rescale": 4.392213536166046},
{"mapping": [12, 11, 3, 2, 7, 6, 0, 10, 5, 4, 8, 13], "R": [[0.8527054194716861, -0.5151901497598976, -0.08644406974449237], [-0.5205050994592606, -0.8519642329107795, -0.056845292484539886], [-0.04436112082129707, 0.09346686809304049, -0.994633618740266]], "T": [-0.02508131331808732, 0.015088568193416878, -0.16523729219061897], "aligned_model": [[0.022284715387589124, 0.09087554966752101, -0.6322152087773956, -0.5636243744974636, 0.2505517651935704, 0.31914259947350226, 0.04343510185238628, -0.4880435680502688, 0.6000185297603878, 0.6686093640403198, -0.16932725891694742, -0.02515573242754561], [-0.5782670386659966, -0.5331619661268853, 0.2901207126207972, 0.33522578515990853, 0.4668322607390719, 0.5119373332781834, -0.02412408177134437, -0.40928040367072305, -0.16191065918173836, -0.11680558664262698, 0.6301721508947224, -0.06922915431045577], [-0.5343182978318662, 0.25489430997237505, -0.5270654951470647, 0.2621471126571766, -0.613886599800285, 0.17532600800395629, 0.6288007092034048, -0.4996233524935907, -0.6083250083693698, 0.1808875994348715, -0.18785406197955623, -0.16041189860083657]], "inverted": false, "swapped": false, "error_lsq": 0.037613117014387416, "error_max": 0.30603415520210325, "target": "74.xyz", "model": "10.xyz", "model_rescale": 4.509807504472865, "target_rescale": 4.392213536166046},
{"mapping": [11, 12, 6, 7, 2, 3, 1, 4, 9, 10, 8, 13], "R": [[-0.5301528110495748, 0.843633891250897, 0.08496972678021045], [-0.8428968274212915, -0.5352428767286146, 0.05513620620244697], [0.09199421318406642, -0.04239009842105708, 0.9948568461323959]], "T": [-0.04979302796430683, 0.008850576440570874, -0.16284889668249022], "aligned_model": [[0.09945145667885415, 0.16687244305327037, -0.5738660088027141, -0.5064450224282978, 0.29601548873821293, 0.36343647511262916, 0.05552369552244096, -0.6047609450262997, 0.48068219351537766, 0.5481031798897938, -0.1965641826956368, -0.011897290851975231], [-0.560241978244689, -0.5164930155496841, 0.2747352319736285, 0.3184841946686333, 0.5065850016946326, 0.5503339643896374, -0.022870894998699768, -0.442706983218424, -0.183410536078546, -0.13966157338354115, 0.6233757987636697, -0.0666198576937046], [-0.5428422566210631, 0.2465474755724578, -0.5316103638268264, 0.2577793683666946, -0.6187554744279975, 0.17063425776552335, 0.6274868640715264, -0.48921011662647096, -0.5962872601457005, 0.1931024720478203, -0.1843710730047549, -0.16190286812199403]], "inverted": false, "swapped": false, "error_lsq": 0.036741628685865176, "error_max": 0.2971473738049348, "target": "74.xyz", "model": "11.xyz", "model_rescale": 4.509807504472865, "target_rescale": 4.392213536166046},
{"mapping": [12, 11, 3, 2, 7, 6, 0, 10, 5, 4, 8, 13], "R": [[0.8527053536101354, -0.5151902618184381, -0.08644405157131095], [-0.5205052087228355, -0.8519641676394831, -0.05684527025848689], [-0.044361104776726765, 0.09346684538279952, -0.9946336215899685]], "T": [-0.02508137890129135, 0.015088463577964655, -0.1652372794304781], "aligned_model": [[0.022284694372996204, 0.09087551024750821, -0.6322151944080733, -0.5636243785335612, 0.25055186747762986, 0.31914268335214185, 0.04343512112895136, -0.4880437670247628, 0.600018530665244, 0.6686093465397561, -0.16932723636661456, -0.02515569474556064], [-0.5782669218686128, -0.5331618695860939, 0.29012067421109833, 0.3352257264936173, 0.4668322883157889, 0.5119373405983079, -0.02412401287466334, -0.40928060921841963, -0.16191064011607453, -0.11680558783355553, 0.630172029358703, -0.06922906515718232], [-0.5343182897585557, 0.2548942744489085, -0.5270654738529286, 0.26214709035453554, -0.6138865695913314, 0.17532599461613269, 0.6288006564183342, -0.49962331617860933, -0.6083249765436975, 0.1808875876637666, -0.18785404473820977, -0.16041190778912987]], "inverted": false, "swapped": false, "error_lsq": 0.03761311526405178, "error_max": 0.3060340976070968, "target": "74.xyz", "model": "12.xyz", "model_rescale": 4.509807766519439, "target_rescale": 4.392213536166046},
{"mapping": [12, 11, 3, 2, 7, 6, 0, 10, 5, 4, 8, 13], "R": [[0.8527053536101354, -0.5151902618184383, -0.08644405157131058], [-0.5205052087228357, -0.8519641676394831, -0.056845270258487006], [-0.04436110477672636, 0.09346684538279942, -0.9946336215899685]], "T": [-0.02508137890129135, 0.01508846357796465, -0.16523727943047822], "aligned_model": [[0.02228469437299626, 0.09087551024750797, -0.6322151944080731, -0.5636243785335614, 0.2505518674776302, 0.31914268335214185, 0.04343512112895105, -0.4880437670247628, 0.6000185306652444, 0.668609346539756, -0.16932723636661445, -0.025155694745560654], [-0.5782669218686131, -0.5331618695860939, 0.2901206742110985, 0.33522572649361754, 0.4668322883157889, 0.5119373405983079, -0.024124012874663245, -0.40928060921841963, -0.16191064011607473, -0.11680558783355569, 0.630172029358703, -0.06922906515718233], [-0.5343182897585554, 0.25489427444890844, -0.5270654738529288, 0.2621470903545351, -0.6138865695913313, 0.17532599461613263, 0.6288006564183342, -0.4996233161786094, -0.6083249765436971, 0.18088758766376672, -0.1878540447382099, -0.16041190778912987]], "inverted": false, "swapped": false, "error_lsq": 0.037613115264051776, "error_max": 0.3060340976070969, "target": "74.xyz", "model": "13.xyz", "model_rescale": 4.509807766519439, "target_rescale": 4.392213536166046},
{"mapping": [11, 12, 6, 7, 2, 3, 1, 4, 9, 10, 8, 13], "R": [[-0.5301526994514456, 0.8436339602899756, 0.08496973761167503], [-0.8428968984661376, -0.5352427658245977, 0.05513619671867724], [0.09199420536376815, -0.04239012476846972, 0.9948568457328936]], "T": [-0.04979294449519536, 0.00885052092685908, -0.1628488983538046], "aligned_model": [[0.09945141174739622, 0.16687240279870233, -0.5738661233056616, -0.5064451322543555, 0.2960154789396844, 0.36343646999099055, 0.05552360426005354, -0.6047609633963101, 0.48068245045016855, 0.5481034415014747, -0.19656417123523512, -0.011897386791252539], [-0.560241854686739, -0.5164929020589011, 0.274735218967406, 0.31848417159524395, 0.5065849717848194, 0.5503339244126575, -0.022870832587283497, -0.44270695944284183, -0.18341062095969848, -0.13966166833186053, 0.6233756888452323, -0.06661978521512144], [-0.5428422412808639, 0.2465474447274392, -0.5316103196811427, 0.25777936632716036, -0.6187554455838147, 0.17063424042448835, 0.6274868233129429, -0.4892100892157375, -0.596287259615484, 0.19310242639281908, -0.18437105806323192, -0.1619028626953598]], "inverted": false, "swapped": false, "error_lsq": 0.03674163163470321, "error_max": 0.2971473449369461, "target": "74.xyz", "model": "14.xyz", "model_rescale": 4.509807766519439, "target_rescale": 4.392213536166046},
{"mapping": [10, 9, 3, 2, 7, 6, 0, 11, 5, 4, 8, 11], "R": [[0.8557789665816822, -0.5161131762440814, -0.035630740430617674], [-0.516988050542001, -0.8557092884117998, -0.022022019038965467], [-0.019123701345961298, 0.03726664772980108, -0.9991223553768646]], "T": [-0.0289350934211573, 0.040940509185811505, -0.20084764310260522], "aligned_model": [[0.007761686073294423, 0.03602697175635393, -0.6493180245939509, -0.6210527389108915, 0.23584939278511102, 0.26411467846817055, -0.03220114148693589, -0.060466427169995396, 0.5868255851539073, 0.6150908708369667, -0.20561294303637906, -0.060466427169995396], [-0.5911161158299235, -0.5736464070354564, 0.27501899827957155, 0.2924887070740386, 0.45632291883478976, 0.47379262762925684, -0.07827181990581798, -0.09574152870028503, -0.1714078310964227, -0.15393812230195564, 0.6037494540754028, -0.09574152870028503], [-0.5852152027495595, 0.2073722783343644, -0.580873199373869, 0.21171428171005485, -0.6164362599793713, 0.17615122110455256, 0.5958769681201883, -0.1967105129637354, -0.6151167449954305, 0.17747073608849345, -0.20695202728273743, -0.1967105129637354]], "inverted": false, "swapped": false, "error_lsq": 0.05528654319918391, "error_max": 0.5706161424819648, "target": "74.xyz", "model": "15.xyz", "model_rescale": 4.510870436145588, "target_rescale": 4.392213536166046},
{"mapping": [10, 9, 3, 2, 7, 6, 0, 11, 5, 4, 8, 11], "R": [[0.8557789665816817, -0.516113176244082, -0.035630740430618604], [-0.5169880505420017, -0.8557092884117995, -0.022022019038964023], [-0.01912370134596281, 0.037266647729800345, -0.9991223553768644]], "T": [-0.028935093421157354, 0.040940509185811616, -0.20084764310260522], "aligned_model": [[0.0077616860732935, 0.03602697175635375, -0.6493180245939512, -0.6210527389108909, 0.23584939278511097, 0.26411467846817116, -0.03220114148693532, -0.06046642716999556, 0.5868255851539066, 0.6150908708369669, -0.2056129430363787, -0.06046642716999556], [-0.591116115829923, -0.573646407035457, 0.2750189982795727, 0.2924887070740386, 0.45632291883479026, 0.4737926276292562, -0.07827181990581901, -0.09574152870028492, -0.1714078310964225, -0.15393812230195658, 0.603749454075403, -0.09574152870028492], [-0.5852152027495603, 0.2073722783343634, -0.5808731993738679, 0.21171428171005569, -0.6164362599793708, 0.17615122110455284, 0.5958769681201881, -0.19671051296373546, -0.6151167449954311, 0.17747073608849256, -0.2069520272827364, -0.19671051296373546]], "inverted": false, "swapped": false, "error_lsq": 0.05528654319918391, "error_max": 0.5706161424819647, "target": "74.xyz", "model": "16.xyz", "model_rescale": 4.510870436145588, "target_rescale": 4.392213536166046},
{"mapping": [9, 10, 2, 3, 6, 7, 1, 11, 4, 5, 8, 11], "R": [[-0.8557789665816825, 0.5161131762440809, -0.03563074043061844], [0.5169880505420008, 0.8557092884118003, -0.022022019038964474], [0.01912370134596248, -0.03726664772980062, -0.9991223553768647]], "T": [-0.028935093421157368, 0.04094050918581155, -0.20084764310260533], "aligned_model": [[0.007761686073294388, 0.03602697175635451, -0.6493180245939516, -0.6210527389108915, 0.23584939278511047, 0.26411467846817055, -0.032201141486935286, -0.06046642716999538, 0.5868255851539069, 0.615090870836967, -0.20561294303637945, -0.06046642716999538], [-0.5911161158299232, -0.573646407035457, 0.2750189982795719, 0.2924887070740381, 0.4563229188347904, 0.4737926276292567, -0.07827181990581877, -0.09574152870028504, -0.17140783109642205, -0.15393812230195578, 0.6037494540754029, -0.09574152870028504], [-0.5852152027495601, 0.20737227833436378, -0.5808731993738683, 0.21171428171005563, -0.6164362599793711, 0.17615122110455278, 0.5958769681201881, -0.19671051296373532, -0.6151167449954311, 0.17747073608849284, -0.20695202728273657, -0.19671051296373532]], "inverted": true, "swapped": false, "error_lsq": 0.05528654319918391, "error_max": 0.5706161424819648, "target": "74.xyz", "model": "17.xyz", "model_rescale": 4.510870436145588, "target_rescale": 4.392213536166046},
{"mapping": [7, 8, 3, 4, 0, 1, 2, 5, 9, 10, 11, 12], "R": [[0.5301526812777212, -0.8436339748977288, 0.08496970596807649], [0.8428969103066541, 0.5352427454557208, 0.05513621344016084], [-0.09199420160825106, 0.04239009123935453, 0.9948568475088162]], "T": [-0.03335605890734368, 0.01970274275862481, 0.0361686548780428], "aligned_model": [[0.10033154058506004, 0.16841376439691896, -0.5795898446172242, -0.5115076208053653, 0.2988234633691028, 0.36690568718096167, 0.055973033138958475, -0.6107876813841374, 0.485301646104986, 0.5533838699168449, -0.19858718450755025, -0.012109190672900432], [-0.5660157467755766, -0.5218376955418608, 0.27715067900558693, 0.32132873023930275, 0.51127441081119, 0.5554524620449058, -0.023374348806005307, -0.44732809832032666, -0.18548858245156452, -0.1413105312178487, 0.6292104733748317, -0.06755240003972114], [-0.5468345954566257, 0.25029734446444285, -0.5354925453990191, 0.2616393945220493, -0.6234923584027775, 0.17363958151829106, 0.6349729168889552, -0.49267644816543654, -0.6008037908830054, 0.19632814903806312, -0.18484760004360912, -0.16215902303211344]], "inverted": false, "swapped": false, "error_lsq": 0.03679099288827665, "error_max": 0.3025471788695994, "target": "74.xyz", "model": "18.xyz", "model_rescale": 4.466005644533647, "target_rescale": 4.392213536166046},
{"mapping": [8, 9, 0, 1, 4, 5, 3, 10, 6, 7, 12, 13], "R": [[0.8527053418705254, -0.5151902777068771, -0.08644407268160018], [-0.5205052279984941, -0.8519641537402413, -0.05684530207423112], [-0.044361104266084944, 0.09346688449919523, -0.9946336179369307]], "T": [-0.025081351634436796, 0.015088510373404796, -0.16523728382162362], "aligned_model": [[0.022284702453507776, 0.0908755359139682, -0.6322151760519841, -0.5636243425915237, 0.25055189853196536, 0.3191427319924258, 0.04343505008200456, -0.4880437609430455, 0.6000185529807375, 0.6686093864411978, -0.1693273127251425, -0.02515578337845585], [-0.5782668957633453, -0.5331618176865106, 0.2901207247842686, 0.3352258028611033, 0.4668323197041415, 0.5119373977809762, -0.02412413006102856, -0.4092805692431642, -0.16191062348421836, -0.11680554540738365, 0.6301718969759375, -0.0692292081378633], [-0.534318279539665, 0.25489429138318337, -0.5270654797850798, 0.2621470911377687, -0.6138866002380721, 0.17532597068477634, 0.6288006823779579, -0.499623301025401, -0.6083249928724452, 0.18088757805040323, -0.18785404657932095, -0.1604118885448904]], "inverted": true, "swapped": false, "error_lsq": 0.037613122072294045, "error_max": 0.3060340798660443, "target": "74.xyz", "model": "19.xyz", "model_rescale": 4.509807711582247, "target_rescale": 4.392213536166046},
{"mapping": [9, 8, 5, 4, 1, 0, 2, 7, 11, 10, 12, 13], "R": [[-0.5301526812777213, 0.8436339748977284, 0.0849697059680767], [-0.8428969103066537, -0.5352427454557211, 0.055136213440160994], [0.09199420160825132, -0.042390091239354596, 0.994856847508816]], "T": [-0.049792990675318505, 0.00885054848105463, -0.16284889785633497], "aligned_model": [[0.09945139310798179, 0.16687235987232507, -0.5738661712648858, -0.5064452045005425, 0.29601543845989764, 0.3634364052242409, 0.055523723170171776, -0.6047609951706686, 0.48068242870473044, 0.5481033954690737, -0.19656404677249742, -0.01189724359417147], [-0.5602418359309302, -0.5164928695021487, 0.27473523130611116, 0.3184841977348927, 0.5065850073126937, 0.5503339737414753, -0.02287090987885652, -0.44270695598998383, -0.18341058891237844, -0.13966162248359681, 0.6233756012332727, -0.06661987630763812], [-0.5428422325152668, 0.24654746451829876, -0.5316103435263497, 0.2577793535072158, -0.6187554474258696, 0.17063424960769594, 0.627486827708873, -0.48921010295046174, -0.5962872454336976, 0.19310245159986797, -0.18437108071639843, -0.1619028693246923]], "inverted": true, "swapped": false, "error_lsq": 0.03674162992495497, "error_max": 0.2971473623448515, "target": "74.xyz", "model": "20.xyz", "model_rescale": 4.509807711582248, "target_rescale": 4.392213536166046},
{"mapping": [8, 7, 4, 3, 1, 0, 2, 6, 10, 9, 11, 12], "R": [[-0.5301526812777212, 0.8436339748977288, 0.08496970596807606], [-0.8428969103066541, -0.5352427454557208, 0.0551362134401607], [0.09199420160825074, -0.04239009123935425, 0.9948568475088162]], "T": [-0.033356058907343764, 0.01970274275862477, 0.036168654878042855], "aligned_model": [[0.10033154058506029, 0.16841376439691885, -0.579589844617224, -0.5115076208053655, 0.29882346336910304, 0.36690568718096156, 0.055973033138958156, -0.6107876813841372, 0.48530164610498633, 0.5533838699168449, -0.19858718450755025, -0.012109190672900415], [-0.5660157467755766, -0.5218376955418611, 0.27715067900558704, 0.32132873023930275, 0.5112744108111902, 0.555452462044906, -0.023374348806005446, -0.44732809832032666, -0.18548858245156452, -0.1413105312178488, 0.6292104733748318, -0.06755240003972118], [-0.5468345954566256, 0.25029734446444274, -0.5354925453990192, 0.2616393945220491, -0.6234923584027772, 0.17363958151829115, 0.6349729168889553, -0.49267644816543665, -0.6008037908830051, 0.1963281490380632, -0.18484760004360912, -0.16215902303211346]], "inverted": true, "swapped": false, "error_lsq": 0.03679099288827662, "error_max": 0.3025471788695995, "target": "74.xyz", "model": "21.xyz", "model_rescale": 4.466005644533646, "target_rescale": 4.392213536166046},
{"mapping": [7, 8, 3, 4, 0, 1, 2, 5, 9, 10, 11, 12], "R": [[0.5301527371555951, -0.843633937173252, 0.08496973188134976], [0.8428968744799707, 0.5352428031511584, 0.05513620105508723], [-0.0919942078520552, 0.04239011352247513, 0.9948568459819859]], "T": [-0.03335605603150327, 0.019702744516427412, 0.03616865716150758], "aligned_model": [[0.10033158577127158, 0.16841383089390413, -0.5795897467061829, -0.5115075015835503, 0.2988235824784791, 0.3669058276011117, 0.05597295263917375, -0.6107876325579299, 0.4853015304364112, 0.5533837755590437, -0.19858742934261772, -0.012109292483458822], [-0.5660158150046299, -0.5218377733390998, 0.2771506642088236, 0.3213287058743538, 0.5112743381124719, 0.5554523797780021, -0.02337429754932627, -0.44732811708297626, -0.18548855387121077, -0.14131051220568056, 0.6292106726170418, -0.0675523392148565], [-0.5468346094359553, 0.2502973356742701, -0.5354925386186624, 0.26163940649156303, -0.6234923703246174, 0.17363957478560824, 0.6349729264653676, -0.49267644511378, -0.6008038018622002, 0.19632814324802525, -0.18484757761554632, -0.162159018644858]], "inverted": false, "swapped": false, "error_lsq": 0.036790995104252384, "error_max": 0.3025471719262294, "target": "74.xyz", "model": "22.xyz", "model_rescale": 4.46600560860683, "target_rescale": 4.392213536166046},
{"mapping": [9, 8, 1, 0, 5, 4, 2, 11, 7, 6, 12, 13], "R": [[-0.8527053766122259, 0.5151902226569545, -0.08644405806809463], [0.5205051705613968, 0.8519641904214932, -0.056845278241042706], [0.04436111039473345, -0.09346685357990794, -0.9946336205691113]], "T": [-0.02508134119978244, 0.015088524590118193, -0.16523728656891112], "aligned_model": [[0.022284699245877317, 0.09087552167686144, -0.6322152418913731, -0.563624419460389, 0.2505518292947269, 0.31914265172571105, 0.04343511210202015, -0.4880436656244228, 0.6000185279464001, 0.6686093503773842, -0.16932717235817707, -0.025155710328964], [-0.5782669668266112, -0.5331619072885705, 0.290120617594804, 0.33522567713284457, 0.46683227464852445, 0.5119373341865651, -0.024124040770079628, -0.40928048461538435, -0.16191065089240472, -0.11680559135436411, 0.6301721908157099, -0.06922910030812021], [-0.5343182920635182, 0.25489428745931747, -0.5270654736281198, 0.26214710589471585, -0.6138865799028672, 0.17532599961996853, 0.6288006754043383, -0.49962333455079455, -0.6083249873335494, 0.1808875921892863, -0.18785406392106435, -0.16041190411849748]], "inverted": false, "swapped": false, "error_lsq": 0.03761311629822763, "error_max": 0.3060341246042697, "target": "74.xyz", "model": "23.xyz", "model_rescale": 4.509807674373902, "target_rescale": 4.392213536166046},
{"mapping": [9, 8, 5, 4, 1, 0, 2, 7, 11, 10, 12, 13], "R": [[-0.5301527371555947, 0.8436339371732521, 0.08496973188134993], [-0.8428968744799709, -0.535242803151158, 0.05513620105508734], [0.09199420785205539, -0.04239011352247526, 0.9948568459819858]], "T": [-0.049792993115617606, 0.0088505525865577, -0.1628488968853136], "aligned_model": [[0.09945143787380609, 0.1668724257558303, -0.5738660744250534, -0.5064450865430293, 0.29601555647139655, 0.36343654435342077, 0.0555236434616897, -0.6047609469452923, 0.48068231425663577, 0.54810330213866, -0.19656428927207387, -0.011897344420334466], [-0.560241903618591, -0.5164929466560493, 0.27473521670380346, 0.31848417366634524, 0.5065849354185801, 0.5503338923811218, -0.022870859130589973, -0.4427069746674743, -0.18341056065326627, -0.13966160369072445, 0.6233757986628896, -0.06661981609313175], [-0.542842246442687, 0.2465474558922743, -0.5316103368934003, 0.257779365441561, -0.618755459331424, 0.17063424300353733, 0.6274868373495314, -0.4892101000012614, -0.5962872564011333, 0.19310244593382794, -0.18437105851618102, -0.16190286498542955]], "inverted": true, "swapped": false, "error_lsq": 0.036741632097642925, "error_max": 0.2971473561829307, "target": "74.xyz", "model": "24.xyz", "model_rescale": 4.509807674373903, "target_rescale": 4.392213536166046},
{"mapping": [8, 7, 4, 3, 1, 0, 2, 6, 10, 9, 11, 12], "R": [[-0.5301527371555944, 0.8436339371732523, 0.08496973188134953], [-0.8428968744799711, -0.5352428031511577, 0.05513620105508711], [0.09199420785205496, -0.042390113522475056, 0.9948568459819859]], "T": [-0.0333560560315033, 0.019702744516427347, 0.036168657161507634], "aligned_model": [[0.1003315857712721, 0.16841383089390446, -0.579589746706183, -0.5115075015835506, 0.29882358247847884, 0.36690582760111123, 0.055972952639173644, -0.6107876325579294, 0.4853015304364114, 0.5533837755590438, -0.1985874293426182, -0.012109292483458753], [-0.5660158150046298, -0.5218377733390996, 0.27715066420882334, 0.3213287058743534, 0.5112743381124722, 0.5554523797780024, -0.023374297549326392, -0.4473281170829767, -0.1854885538712104, -0.1413105122056803, 0.6292106726170418, -0.06755233921485651], [-0.5468346094359554, 0.2502973356742699, -0.5354925386186624, 0.2616394064915629, -0.623492370324617, 0.17363957478560826, 0.6349729264653676, -0.49267644511378006, -0.6008038018622001, 0.19632814324802522, -0.18484757761554627, -0.16215901864485802]], "inverted": true, "swapped": false, "error_lsq": 0.036790995104252384, "error_max": 0.30254717192622943, "target": "74.xyz", "model": "25.xyz", "model_rescale": 4.466005608606829, "target_rescale": 4.392213536166046},
{"mapping": [7, 8, 3, 4, 0, 1, 2, 5, 9, 10, 11, 12], "R": [[0.5301526164965881, -0.8436340147561, 0.08496971441829282], [0.8428969500839684, 0.535242681893085, 0.055136222386398384], [-0.09199421047525899, 0.04239010057079795, 0.9948568462912801]], "T": [-0.03335603441512595, 0.019702771781615946, 0.036168644559812946], "aligned_model": [[0.10033153674306963, 0.1684137643746634, -0.5795897637710735, -0.5115075361394799, 0.29882348735512687, 0.36690571498672064, 0.05597300524691561, -0.6107876626736773, 0.48530159617323837, 0.5533838238048321, -0.19858726101000196, -0.012109222384678153], [-0.5660157781276863, -0.5218377216406704, 0.27715074855659483, 0.3213288050436107, 0.5112745362854443, 0.5554525927724603, -0.023374404017240974, -0.4473281883484914, -0.18548860138067674, -0.14131054489366085, 0.6292103685774867, -0.0675524605042569], [-0.5468345704083541, 0.2502973339854616, -0.5354925349691512, 0.2616393694246646, -0.6234923558900886, 0.1736395485037272, 0.6349728898922302, -0.4926764167522858, -0.6008037693445857, 0.19632813504923, -0.1848475899400475, -0.16215901450158565]], "inverted": false, "swapped": false, "error_lsq": 0.03679099443143225, "error_max": 0.30254716712405194, "target": "74.xyz", "model": "26.xyz", "model_rescale": 4.466005838112752, "target_rescale": 4.392213536166046},
{"mapping": [9, 8, 1, 0, 5, 4, 2, 11, 7, 6, 12, 13], "R": [[-0.8527053116228633, 0.5151903297184022, -0.08644406107304245], [0.5205052792256506, 0.8519641219184009, -0.05684530993878055], [0.044361084616850094, -0.09346688787186926, -0.9946336184963609]], "T": [-0.025081382097719818, 0.015088531829227415, -0.16523728134647592], "aligned_model": [[0.022284734940612554, 0.09087555642982399, -0.6322152548351813, -0.5636244333459698, 0.2505517960288877, 0.3191426175180992, 0.043435097108607226, -0.4880436984051192, 0.6000185880638707, 0.6686094095530821, -0.16932720597045373, -0.025155724380604212], [-0.5782669157750653, -0.5331618332730388, 0.2901208242131377, 0.33522590671516417, 0.46683235845424526, 0.5119374409562717, -0.024124158427599036, -0.4092805652901845, -0.16191069553310608, -0.11680561303107963, 0.6301718442437931, -0.0692292409296255], [-0.5343182586621817, 0.2548942809454416, -0.5270654705725097, 0.2621470690351136, -0.6138865765415638, 0.17532596306605946, 0.6288006495262468, -0.4996232914411051, -0.60832496575421, 0.1808875738534133, -0.1878540583241126, -0.16041189008137655]], "inverted": false, "swapped": false, "error_lsq": 0.037613124050474823, "error_max": 0.30603408445679, "target": "74.xyz", "model": "27.xyz", "model_rescale": 4.509807893063789, "target_rescale": 4.392213536166046},
{"mapping": [9, 8, 5, 4, 1, 0, 2, 7, 11, 10, 12, 13], "R": [[-0.5301526164965883, 0.8436340147560997, 0.08496971441829324], [-0.842896950083968, -0.5352426818930852, 0.05513622238639853], [0.09199421047525935, -0.04239010057079819, 0.9948568462912799]], "T": [-0.049792967551318595, 0.008850575860732166, -0.16284889936279057], "aligned_model": [[0.09945138958181082, 0.1668723603380301, -0.5738660930150972, -0.5064451222588778, 0.29601546310149396, 0.3634364338577132, 0.05552369569120838, -0.6047609785489522, 0.4806823807196031, 0.5481033514758223, -0.1965641231720884, -0.011897275065010864], [-0.5602418688055589, -0.5164928970387258, 0.274735300945913, 0.318484272712746, 0.5065851330521254, 0.5503341048189584, -0.022870964713148846, -0.44270704660600063, -0.18341060831517575, -0.13966163654834268, 0.6233754993001047, -0.06661993647998188], [-0.5428422089735773, 0.24654745532766498, -0.5316103344262226, 0.25777932987501967, -0.6187554464364795, 0.17063421786476274, 0.6274868033431692, -0.48921007293926555, -0.5962872255336364, 0.1931024387676058, -0.18437107086175314, -0.16190286095807263]], "inverted": true, "swapped": false, "error_lsq": 0.03674163147451643, "error_max": 0.2971473515412825, "target": "74.xyz", "model": "28.xyz", "model_rescale": 4.5098078930637895, "target_rescale": 4.392213536166046},
{"mapping": [8, 7, 4, 3, 1, 0, 2, 6, 10, 9, 11, 12], "R": [[-0.5301526164965881, 0.8436340147560998, 0.08496971441829299], [-0.8428969500839681, -0.535242681893085, 0.055136222386398384], [0.0919942104752591, -0.042390100570798075, 0.9948568462912799]], "T": [-0.03335603441512591, 0.019702771781615957, 0.036168644559812974], "aligned_model": [[0.10033153674306947, 0.16841376437466332, -0.5795897637710735, -0.5115075361394796, 0.29882348735512687, 0.3669057149867207, 0.055973005246915716, -0.6107876626736775, 0.4853015961732381, 0.553383823804832, -0.1985872610100019, -0.012109222384678178], [-0.5660157781276862, -0.5218377216406703, 0.27715074855659483, 0.3213288050436107, 0.5112745362854443, 0.5554525927724602, -0.023374404017240957, -0.4473281883484913, -0.1854886013806768, -0.1413105448936609, 0.6292103685774866, -0.06755246050425687], [-0.5468345704083539, 0.2502973339854614, -0.5354925349691508, 0.2616393694246644, -0.6234923558900883, 0.1736395485037269, 0.63497288989223, -0.49267641675228546, -0.6008037693445856, 0.1963281350492297, -0.18484758994004746, -0.16215901450158562]], "inverted": true, "swapped": false, "error_lsq": 0.036790994431432245, "error_max": 0.3025471671240516, "target": "74.xyz", "model": "29.xyz", "model_rescale": 4.466005838112752, "target_rescale": 4.392213536166046},
