[{"mapping": [6, 7, 2, 3, 4, 5, 9, 10, 11, 0, 1, 12], "R": [[0.8645986594656857, -0.5024630912317236, -2.508287994753964e-17], [-0.5024630912317236, -0.8645986594656857, 5.178457321556103e-18], [-2.4288608051782128e-17, 8.125934137117305e-18, -1.0]], "T": [-0.013582986452940184, -0.07479136797828724, 7.39078920735734e-17], "aligned_model": [[-0.08964364041158407, -0.08964364041158404, 0.5822830413622202, 0.5822830413622202, 0.026383104693262174, 0.026383104693262188, -0.5539972928295455, -0.5539972928295455, 0.49073675711122355, -0.3952671102638444, -0.3952671102638444, -0.08964364041158404], [-0.04122543512704561, -0.04122543512704562, -0.0976571936200538, -0.0976571936200538, 0.5270279567352985, 0.5270279567352985, 0.09151401635341981, 0.09151401635341981, 0.3942885052548331, -0.6151411557801181, -0.6151411557801181, -0.041225435127045615], [-0.8041626926264751, 0.8041626926264753, -0.4020813463132376, 0.4020813463132376, -0.4020813463132376, 0.4020813463132376, -0.4020813463132376, 0.4020813463132376, 1.6348599629745526e-16, -0.4020813463132376, 0.4020813463132376, 1.757883177792149e-16]], "inverted": true, "swapped": true, "error_lsq": 0.025843804908637705, "error_max": 0.11171858704270703, "target": "75.xyz", "model": "0.xyz", "model_rescale": 4.5108708085295355, "target_rescale": 4.449845824496769},
{"mapping": [7, 6, 3, 2, 5, 4, 10, 9, 11, 1, 0, 12], "R": [[-0.8645986594656857, 0.5024630912317237, 2.2161045388577615e-17], [0.5024630912317237, 0.8645986594656857, 1.2532911385315493e-17], [-1.2863084738523533e-17, 2.1971045753817247e-17, -1.0000000000000002]], "T": [-0.01358298645294017, -0.07479136797828724, -2.8118796289907607e-17], "aligned_model": [[-0.08964364041158404, -0.08964364041158407, 0.5822830413622202, 0.5822830413622202, 0.026383104693262258, 0.026383104693262244, -0.5539972928295455, -0.5539972928295455, 0.4907367571112237, -0.3952671102638445, -0.3952671102638445, -0.08964364041158404], [-0.0412254351270456, -0.041225435127045615, -0.09765719362005386, -0.09765719362005386, 0.5270279567352985, 0.5270279567352985, 0.09151401635341987, 0.09151401635341987, 0.39428850525483305, -0.6151411557801181, -0.6151411557801181, -0.04122543512704561], [-0.8041626926264754, 0.8041626926264754, -0.4020813463132377, 0.4020813463132377, -0.4020813463132377, 0.4020813463132377, -0.4020813463132377, 0.4020813463132377, -1.1086239278149777e-16, -0.4020813463132377, 0.4020813463132377, -1.2918248673551707e-16]], "inverted": false, "swapped": true, "error_lsq": 0.025843804908637708, "error_max": 0.11171858704270718, "target": "75.xyz", "model": "1.xyz", "model_rescale": 4.510870808529536, "target_rescale": 4.449845824496769},
{"mapping": [6, 7, 2, 3, 4, 5, 9, 10, 11, 0, 1, 12], "R": [[0.8645986594656857, -0.5024630912317236, 9.462375628908684e-17], [-0.5024630912317236, -0.8645986594656857, -3.067010201330761e-17], [9.722216710715107e-17, -2.1027616002590224e-17, -1.0]], "T": [-0.013582986452940184, -0.07479136797828724, 1.275328321959055e-16], "aligned_model": [[-0.08964364041158399, -0.08964364041158412, 0.5822830413622202, 0.5822830413622202, 0.026383104693262216, 0.026383104693262147, -0.5539972928295455, -0.5539972928295455, 0.49073675711122355, -0.39526711026384437, -0.3952671102638445, -0.08964364041158404], [-0.04122543512704564, -0.04122543512704559, -0.09765719362005382, -0.09765719362005379, 0.5270279567352985, 0.5270279567352985, 0.09151401635341981, 0.09151401635341981, 0.3942885052548331, -0.6151411557801181, -0.6151411557801181, -0.041225435127045615], [-0.8041626926264751, 0.8041626926264753, -0.4020813463132375, 0.4020813463132377, -0.40208134631323755, 0.40208134631323766, -0.4020813463132376, 0.4020813463132376, 2.606655188411836e-16, -0.40208134631323755, 0.40208134631323766, 2.191050025307519e-16]], "inverted": true, "swapped": true, "error_lsq": 0.025843804908637705, "error_max": 0.11171858704270704, "target": "75.xyz", "model": "2.xyz", "model_rescale": 4.5108708085295355, "target_rescale": 4.449845824496769},
{"mapping": [10, 9, 5, 4, 3, 2, 1, 0, 6, 12, 11, 8, 13], "R": [[-0.5296833886067698, 0.8464504019135769, -0.054380372694514185], [-0.8461101521976463, -0.5317870202794459, -0.036057945176957734], [-0.059440038544115024, 0.026912490829592017, 0.9978690293095691]], "T": [-0.03848301535061657, 0.015443971977762736, -0.03386244018532195], "aligned_model": [[0.1674761904009695, 0.12432696171156443, -0.5088637115118497, -0.5520129402012548, 0.36243375933671695, 0.3192845306473119, 0.042785913026320815, -0.04351254435248931, -0.5816113967332648, 0.5488047660273511, 0.505655537337946, -0.18673420490228393, -0.00036331566308424323], [-0.5171000352291742, -0.5457109557767551, 0.3154792697778591, 0.28686834923027826, 0.5515845531289071, 0.5229736325813262, -0.03130585534521019, -0.08852769644037187, -0.431351401937748, -0.13816045366882984, -0.1667713742164107, 0.6298284185205164, -0.05991677589279103], [-0.4394643862836512, 0.35231538303920257, -0.44623733624027356, 0.34554243308258015, -0.39022301881600313, 0.4015567505068506, -0.8262879758565367, 0.7572715627891704, 0.31797658756370445, -0.40499035040469916, 0.38678941891815455, -0.019740861764815838, -0.034508206533683174]], "inverted": true, "swapped": false, "error_lsq": 0.03619559481400504, "error_max": 0.32527686399689176, "target": "75.xyz", "model": "3.xyz", "model_rescale": 4.509807743048502, "target_rescale": 4.449845824496769},
{"mapping": [9, 10, 4, 5, 2, 3, 0, 1, 7, 11, 12, 8, 13], "R": [[0.5296833886067692, -0.8464504019135772, -0.054380372694514054], [0.8461101521976466, 0.5317870202794454, -0.036057945176957734], [0.059440038544114934, -0.026912490829591944, 0.997869029309569]], "T": [-0.03848301535061657, 0.015443971977762708, -0.03386244018532199], "aligned_model": [[0.16747619040096975, 0.12432696171156479, -0.50886371151185, -0.5520129402012549, 0.3624337593367165, 0.31928453064731155, 0.04278591302632079, -0.04351254435248916, -0.5816113967332643, 0.5488047660273511, 0.5056555373379462, -0.18673420490228426, -0.0003633156630841808], [-0.517100035229174, -0.5457109557767549, 0.31547926977785873, 0.2868683492302779, 0.5515845531289073, 0.5229736325813265, -0.03130585534521019, -0.08852769644037187, -0.4313514019377484, -0.13816045366882948, -0.16677137421641033, 0.6298284185205162, -0.05991677589279103], [-0.43946438628365087, 0.35231538303920246, -0.4462373362402733, 0.34554243308258004, -0.3902230188160029, 0.4015567505068504, -0.8262879758565368, 0.7572715627891704, 0.3179765875637044, -0.40499035040469894, 0.3867894189181544, -0.019740861764815976, -0.03450820653368331]], "inverted": false, "swapped": false, "error_lsq": 0.03619559481400504, "error_max": 0.32527686399689176, "target": "75.xyz", "model": "4.xyz", "model_rescale": 4.509807743048502, "target_rescale": 4.449845824496769},
{"mapping": [9, 10, 4, 5, 2, 3, 0, 1, 7, 11, 12, 8, 13], "R": [[0.5296833886067692, -0.8464504019135772, -0.054380372694514054], [0.8461101521976466, 0.5317870202794454, -0.03605794517695774], [0.059440038544114934, -0.026912490829591944, 0.997869029309569]], "T": [-0.03848301535061656, 0.015443971977762708, -0.03386244018532212], "aligned_model": [[0.16747619040096978, 0.1243269617115648, -0.50886371151185, -0.5520129402012549, 0.3624337593367165, 0.31928453064731155, 0.04278591302632079, -0.043512544352489135, -0.5816113967332645, 0.5488047660273511, 0.5056555373379461, -0.18673420490228426, -0.0003633156630841877], [-0.517100035229174, -0.5457109557767549, 0.31547926977785873, 0.2868683492302779, 0.5515845531289073, 0.5229736325813265, -0.03130585534521019, -0.08852769644037187, -0.4313514019377484, -0.13816045366882948, -0.16677137421641033, 0.6298284185205162, -0.05991677589279104], [-0.43946438628365103, 0.3523153830392025, -0.44623733624027345, 0.3455424330825801, -0.3902230188160031, 0.40155675050685047, -0.8262879758565368, 0.7572715627891701, 0.31797658756370445, -0.4049903504046991, 0.38678941891815444, -0.019740861764815716, -0.03450820653368305]], "inverted": false, "swapped": false, "error_lsq": 0.03619559481400504, "error_max": 0.3252768639968918, "target": "75.xyz", "model": "5.xyz", "model_rescale": 4.509807743048502, "target_rescale": 4.449845824496769},
{"mapping": [10, 9, 5, 4, 3, 2, 1, 0, 6, 12, 11, 8, 13], "R": [[-0.5296833057160169, 0.8464504539051594, -0.0543803708106388], [-0.8461102043406357, -0.5317869373116824, -0.03605794524523702], [-0.059440034962981475, 0.026912495023884868, 0.9978690294097663]], "T": [-0.03848300898383941, 0.015443961671113938, -0.03386244116892923], "aligned_model": [[0.16747597516309062, 0.12432674646980499, -0.5088638440072925, -0.552013072700578, 0.3624336339081382, 0.3192844052148526, 0.04278602194168371, -0.04351243544488756, -0.5816112722455696, 0.5488049022795723, 0.5056556735862866, -0.18673398228954521, -0.0003632067516019244], [-0.5170998691373905, -0.5457107907328775, 0.31547928065306935, 0.2868683590575822, 0.5515846577569138, 0.5229737361614267, -0.03130592245370313, -0.08852776564467739, -0.4313515380152334, -0.13816047275639373, -0.16677139435188085, 0.6298282382439512, -0.05991684404919026], [-0.4394644071633654, 0.3523153897394794, -0.44623735688504684, 0.34554244001779794, -0.39022303732229474, 0.40155675958055004, -0.8262880009992629, 0.7572715928064263, 0.3179766032410562, -0.404990359518321, 0.38678943738452376, -0.01974085678512431, -0.03450820409641836]], "inverted": true, "swapped": false, "error_lsq": 0.03619559190777167, "error_max": 0.32527689313931923, "target": "75.xyz", "model": "6.xyz", "model_rescale": 4.509807586411629, "target_rescale": 4.449845824496769},
{"mapping": [9, 10, 4, 5, 2, 3, 0, 1, 7, 11, 12, 8, 13], "R": [[0.5296833057160173, -0.8464504539051592, -0.054380370810638776], [0.8461102043406354, 0.5317869373116828, -0.03605794524523702], [0.059440034962981475, -0.026912495023884805, 0.9978690294097663]], "T": [-0.038483008983839426, 0.015443961671113973, -0.03386244116892927], "aligned_model": [[0.16747597516309032, 0.1243267464698047, -0.5088638440072923, -0.5520130727005779, 0.3624336339081385, 0.31928440521485285, 0.04278602194168364, -0.0435124354448876, -0.5816112722455697, 0.5488049022795721, 0.5056556735862866, -0.1867339822895449, -0.00036320675160197297], [-0.5170998691373907, -0.5457107907328778, 0.3154792806530697, 0.2868683590575825, 0.5515846577569137, 0.5229737361614266, -0.0313059224537031, -0.08852776564467736, -0.4313515380152332, -0.138160472756394, -0.16677139435188112, 0.6298282382439513, -0.05991684404919023], [-0.43946440716336527, 0.35231538973947923, -0.4462373568850467, 0.3455424400177978, -0.3902230373222946, 0.4015567595805499, -0.826288000999263, 0.7572715928064265, 0.31797660324105614, -0.4049903595183209, 0.3867894373845236, -0.019740856785124425, -0.0345082040964185]], "inverted": false, "swapped": false, "error_lsq": 0.03619559190777166, "error_max": 0.3252768931393192, "target": "75.xyz", "model": "7.xyz", "model_rescale": 4.509807586411629, "target_rescale": 4.449845824496769},
{"mapping": [9, 10, 4, 5, 2, 3, 0, 1, 7, 11, 12, 8, 13], "R": [[0.5296833057160176, -0.846450453905159, -0.05438037081063879], [0.8461102043406353, 0.5317869373116831, -0.036057945245237005], [0.059440034962981475, -0.026912495023884805, 0.9978690294097664]], "T": [-0.038483008983839426, 0.015443961671113986, -0.03386244116892941], "aligned_model": [[0.16747597516309015, 0.12432674646980453, -0.5088638440072922, -0.5520130727005779, 0.3624336339081387, 0.3192844052148531, 0.04278602194168363, -0.043512435444887615, -0.5816112722455701, 0.5488049022795721, 0.5056556735862865, -0.18673398228954474, -0.00036320675160200766], [-0.5170998691373907, -0.5457107907328778, 0.31547928065306985, 0.28686835905758273, 0.5515846577569136, 0.5229737361614265, -0.03130592245370313, -0.08852776564467736, -0.43135153801523296, -0.1381604727563942, -0.16677139435188132, 0.6298282382439514, -0.05991684404919026], [-0.43946440716336543, 0.3523153897394794, -0.44623735688504684, 0.345542440017798, -0.39022303732229474, 0.4015567595805501, -0.8262880009992633, 0.7572715928064262, 0.3179766032410563, -0.4049903595183211, 0.38678943738452376, -0.019740856785124168, -0.03450820409641825]], "inverted": false, "swapped": false, "error_lsq": 0.036195591907771676, "error_max": 0.32527689313931935, "target": "75.xyz", "model": "8.xyz", "model_rescale": 4.509807586411629, "target_rescale": 4.449845824496769},
{"mapping": [12, 11, 7, 6, 3, 2, 1, 0, 4, 10, 9, 8, 13], "R": [[0.529683438026583, -0.8464503708385789, -0.0543803750223493], [0.8461101211295436, 0.5317870697875385, -0.036057944047499124], [0.059440040397764946, -0.02691248992598047, 0.9978690292235229]], "T": [-0.03848303863988825, 0.015443926835435821, -0.033862444820719595], "aligned_model": [[0.16747605313838979, 0.12432682031925638, -0.5088636482188416, -0.552012881037975, 0.3624336948134149, 0.3192844619942815, 0.042786102777609025, -0.043512362860657815, -0.5816113810908236, 0.5488046710690877, 0.5056554382499543, -0.18673429398821717, -0.00036313004152439127], [-0.5171000607855492, -0.5457109819504986, 0.31547920987654143, 0.28686828871159187, 0.5515845726163494, 0.5229736514514, -0.0313057774260203, -0.08852761975591936, -0.4313514986655234, -0.13816048152814464, -0.16677140269309415, 0.6298284734714331, -0.059916698590969826], [-0.4394644164069178, 0.3523153947340081, -0.4462373591957402, 0.3455424519451857, -0.39022304409814573, 0.40155676704278015, -0.8262880063264149, 0.7572716159554367, 0.3179766034876702, -0.4049903778421172, 0.38678943329880866, -0.01974086740906489, -0.03450819518548899]], "inverted": true, "swapped": false, "error_lsq": 0.03619558019121564, "error_max": 0.32527689628439294, "target": "75.xyz", "model": "9.xyz", "model_rescale": 4.509807504472865, "target_rescale": 4.449845824496769},
{"mapping": [12, 11, 7, 6, 3, 2, 1, 0, 4, 10, 9, 8, 13], "R": [[0.529683438026583, -0.8464503708385789, -0.054380375022349284], [0.8461101211295436, 0.5317870697875385, -0.03605794404749911], [0.05944004039776492, -0.026912489925980474, 0.9978690292235229]], "T": [-0.03848303863988825, 0.015443926835435821, -0.03386244482071963], "aligned_model": [[0.16747605313838979, 0.12432682031925638, -0.5088636482188416, -0.552012881037975, 0.3624336948134149, 0.3192844619942815, 0.042786102777609025, -0.04351236286065781, -0.5816113810908236, 0.5488046710690877, 0.5056554382499543, -0.18673429398821717, -0.0003631300415243982], [-0.5171000607855492, -0.5457109819504986, 0.3154792098765414, 0.2868682887115919, 0.5515845726163494, 0.5229736514514, -0.03130577742602031, -0.08852761975591933, -0.43135149866552336, -0.13816048152814464, -0.16677140269309415, 0.6298284734714331, -0.059916698590969826], [-0.4394644164069177, 0.35231539473400797, -0.4462373591957401, 0.34554245194518557, -0.3902230440981457, 0.40155676704278, -0.8262880063264151, 0.7572716159554368, 0.31797660348767015, -0.4049903778421171, 0.38678943329880855, -0.019740867409064833, -0.03450819518548892]], "inverted": true, "swapped": false, "error_lsq": 0.03619558019121563, "error_max": 0.3252768962843929, "target": "75.xyz", "model": "10.xyz", "model_rescale": 4.509807504472865, "target_rescale": 4.449845824496769},
{"mapping": [11, 12, 6, 7, 2, 3, 0, 1, 5, 9, 10, 8, 13], "R": [[-0.5296834380265834, 0.8464503708385789, -0.05438037502234935], [-0.8461101211295436, -0.5317870697875389, -0.03605794404749913], [-0.05944004039776499, 0.026912489925980505, 0.9978690292235232]], "T": [-0.03848303863988825, 0.015443926835435842, -0.033862444820719734], "aligned_model": [[0.16747605313838967, 0.12432682031925621, -0.5088636482188416, -0.552012881037975, 0.36243369481341514, 0.31928446199428173, 0.04278610277760905, -0.04351236286065787, -0.5816113810908238, 0.5488046710690877, 0.5056554382499543, -0.18673429398821706, -0.000363130041524419], [-0.5171000607855493, -0.5457109819504987, 0.3154792098765416, 0.28686828871159203, 0.5515845726163494, 0.5229736514514, -0.03130577742602031, -0.08852761975591936, -0.4313514986655233, -0.1381604815281448, -0.16677140269309432, 0.6298284734714332, -0.05991669859096985], [-0.4394644164069178, 0.3523153947340081, -0.44623735919574026, 0.3455424519451856, -0.3902230440981458, 0.4015567670427802, -0.8262880063264151, 0.7572716159554367, 0.3179766034876702, -0.4049903778421172, 0.38678943329880866, -0.01974086740906473, -0.03450819518548883]], "inverted": false, "swapped": false, "error_lsq": 0.036195580191215646, "error_max": 0.32527689628439294, "target": "75.xyz", "model": "11.xyz", "model_rescale": 4.509807504472865, "target_rescale": 4.449845824496769},
{"mapping": [12, 11, 7, 6, 3, 2, 1, 0, 4, 10, 9, 8, 13], "R": [[0.5296833286698226, -0.8464504396232668, -0.054380369535660604], [0.8461101899345975, 0.5317869601952425, -0.036057945797599175], [0.05944003548195267, -0.026912492041463027, 0.9978690294592885]], "T": [-0.03848294765723198, 0.015443865858602888, -0.03386244000275679], "aligned_model": [[0.16747601298788486, 0.12432678702950406, -0.5088637567318346, -0.5520129826902154, 0.3624336928806779, 0.3192844669222971, 0.04278600673742951, -0.043512445179332074, -0.5816113881769336, 0.5488049351730571, 0.5056557092146763, -0.1867342738223056, -0.000363219220951283], [-0.517099948415871, -0.5457108693070093, 0.3154791863788042, 0.2868682654876658, 0.5515845304407516, 0.5229736095496134, -0.031305711454228974, -0.08852755323650563, -0.4313514841297343, -0.13816057752289085, -0.16677149841402916, 0.6298283577003978, -0.0599166323453673], [-0.43946439134009185, 0.35231537398080465, -0.4462373375833937, 0.3455424277375028, -0.39022302174236206, 0.40155674357853444, -0.8262879612510659, 0.7572715693907268, 0.3179765847075726, -0.4049903451639712, 0.3867894201569253, -0.01974086654101282, -0.03450819593016945]], "inverted": true, "swapped": false, "error_lsq": 0.03619558422527921, "error_max": 0.325276875861543, "target": "75.xyz", "model": "12.xyz", "model_rescale": 4.509807766519439, "target_rescale": 4.449845824496769},
{"mapping": [11, 12, 6, 7, 2, 3, 0, 1, 5, 9, 10, 8, 13], "R": [[-0.5296833286698229, 0.8464504396232668, -0.0543803695356602], [-0.8461101899345975, -0.5317869601952429, -0.036057945797599016], [-0.059440035481952334, 0.02691249204146275, 0.9978690294592886]], "T": [-0.03848294765723201, 0.015443865858602902, -0.033862440002756795], "aligned_model": [[0.1674760129878845, 0.12432678702950406, -0.5088637567318348, -0.5520129826902154, 0.36243369288067795, 0.3192844669222975, 0.04278600673742916, -0.04351244517933181, -0.5816113881769338, 0.548804935173057, 0.5056557092146764, -0.18673427382230548, -0.0003632192209513177], [-0.5170999484158711, -0.5457108693070094, 0.3154791863788043, 0.28686826548766614, 0.5515845304407516, 0.5229736095496134, -0.0313057114542291, -0.0885275532365055, -0.43135148412973406, -0.1381605775228911, -0.1667714984140293, 0.6298283577003979, -0.0599166323453673], [-0.4394643913400917, 0.35231537398080465, -0.44623733758339335, 0.345542427737503, -0.3902230217423621, 0.4015567435785342, -0.8262879612510661, 0.7572715693907272, 0.3179765847075729, -0.40499034516397125, 0.3867894201569251, -0.019740866541012952, -0.03450819593016956]], "inverted": false, "swapped": false, "error_lsq": 0.0361955842252792, "error_max": 0.3252768758615433, "target": "75.xyz", "model": "13.xyz", "model_rescale": 4.509807766519439, "target_rescale": 4.449845824496769},
{"mapping": [11, 12, 6, 7, 2, 3, 0, 1, 5, 9, 10, 8, 13], "R": [[-0.5296833286698224, 0.8464504396232673, -0.05438036953566057], [-0.846110189934598, -0.5317869601952423, -0.03605794579759917], [-0.05944003548195263, 0.026912492041463024, 0.9978690294592887]], "T": [-0.03848294765723198, 0.015443865858602867, -0.03386244000275696], "aligned_model": [[0.16747601298788514, 0.12432678702950437, -0.5088637567318349, -0.5520129826902158, 0.36243369288067784, 0.31928446692229706, 0.04278600673742952, -0.043512445179332004, -0.5816113881769336, 0.5488049351730573, 0.5056557092146765, -0.18673427382230592, -0.00036321922095125525], [-0.517099948415871, -0.5457108693070093, 0.31547918637880396, 0.28686826548766564, 0.551584530440752, 0.5229736095496137, -0.03130571145422899, -0.08852755323650562, -0.43135148412973473, -0.1381605775228907, -0.16677149841402902, 0.6298283577003978, -0.059916632345367316], [-0.4394643913400919, 0.35231537398080476, -0.44623733758339373, 0.34554242773750293, -0.3902230217423622, 0.4015567435785345, -0.8262879612510662, 0.7572715693907269, 0.31797658470757273, -0.40499034516397125, 0.3867894201569254, -0.019740866541012717, -0.03450819593016932]], "inverted": false, "swapped": false, "error_lsq": 0.036195584225279215, "error_max": 0.32527687586154325, "target": "75.xyz", "model": "14.xyz", "model_rescale": 4.509807766519439, "target_rescale": 4.449845824496769},
{"mapping": [7, 6, 3, 2, 10, 9, 5, 4, 11, 1, 0, 12], "R": [[0.8645986549731655, -0.5024630989620967, -4.119829289351588e-16], [-0.5024630989620967, -0.8645986549731655, 1.3850306703492094e-16], [-4.257925665073648e-16, 8.725665372419029e-17, -1.0000000000000002]], "T": [0.013582842552007573, 0.0747914784776847, 5.755436132893865e-17], "aligned_model": [[0.08964349621053827, 0.08964349621053894, -0.5822831850587098, -0.5822831850587096, 0.553997147441677, 0.5539971474416773, -0.026383253975059074, -0.02638325397505874, -0.4907369052061975, 0.3952669711941769, 0.39526697119417725, 0.0896434962105386], [0.041225544946385195, 0.04122554494638497, 0.09765730944708699, 0.09765730944708688, -0.09151391068586438, -0.0915139106858645, -0.5270278458785642, -0.5270278458785644, -0.394288390246315, 0.6151412628668796, 0.6151412628668794, 0.041225544946385084], [-0.8041626926264753, 0.8041626926264756, -0.4020813463132374, 0.40208134631323805, -0.40208134631323783, 0.4020813463132376, -0.40208134631323766, 0.4020813463132378, 1.0055770192465523e-16, -0.40208134631323766, 0.4020813463132378, -7.822909998693807e-17]], "inverted": false, "swapped": true, "error_lsq": 0.025843809394260422, "error_max": 0.11171873935443825, "target": "75.xyz", "model": "15.xyz", "model_rescale": 4.510870436145588, "target_rescale": 4.449845824496769},
{"mapping": [6, 7, 2, 3, 9, 10, 4, 5, 11, 0, 1, 12], "R": [[-0.8645986549731656, 0.5024630989620962, 7.374647679704577e-17], [0.5024630989620962, 0.8645986549731656, 2.0964235879279705e-16], [4.1576444625016905e-17, 2.18311384706634e-16, -1.0]], "T": [0.013582842552007535, 0.07479147847768468, 2.6527180143629204e-17], "aligned_model": [[0.0896434962105386, 0.08964349621053849, -0.5822831850587096, -0.5822831850587096, 0.5539971474416772, 0.5539971474416772, -0.026383253975058557, -0.026383253975058613, -0.4907369052061972, 0.39526697119417675, 0.39526697119417664, 0.08964349621053855], [0.04122554494638527, 0.04122554494638494, 0.09765730944708666, 0.09765730944708649, -0.09151391068586405, -0.09151391068586422, -0.5270278458785643, -0.5270278458785645, -0.39428839024631523, 0.6151412628668796, 0.6151412628668794, 0.041225544946385105], [-0.8041626926264752, 0.8041626926264752, -0.4020813463132377, 0.4020813463132375, -0.40208134631323766, 0.40208134631323755, -0.4020813463132378, 0.40208134631323744, -9.204848871290978e-18, -0.4020813463132375, 0.4020813463132377, 1.2489832959617944e-16]], "inverted": true, "swapped": true, "error_lsq": 0.025843809394260415, "error_max": 0.1117187393544382, "target": "75.xyz", "model": "16.xyz", "model_rescale": 4.510870436145588, "target_rescale": 4.449845824496769},
{"mapping": [7, 6, 3, 2, 10, 9, 5, 4, 11, 1, 0, 12], "R": [[0.8645986549731651, -0.502463098962097, -4.443654931310545e-16], [-0.502463098962097, -0.8645986549731651, 1.2376513329574034e-16], [-4.463852200968316e-16, 1.1627009497037847e-16, -1.0000000000000002]], "T": [0.013582842552007608, 0.0747914784776847, 1.0489290980901989e-16], "aligned_model": [[0.08964349621053824, 0.08964349621053896, -0.5822831850587098, -0.5822831850587094, 0.5539971474416768, 0.5539971474416773, -0.026383253975059275, -0.026383253975058914, -0.4907369052061976, 0.3952669711941771, 0.3952669711941774, 0.0896434962105386], [0.04122554494638516, 0.041225544946384966, 0.09765730944708717, 0.09765730944708709, -0.09151391068586455, -0.09151391068586466, -0.5270278458785643, -0.5270278458785643, -0.39428839024631473, 0.6151412628668793, 0.6151412628668793, 0.04122554494638506], [-0.8041626926264753, 0.8041626926264756, -0.4020813463132373, 0.40208134631323816, -0.40208134631323783, 0.4020813463132376, -0.4020813463132376, 0.40208134631323783, 1.7114068503541244e-16, -0.40208134631323766, 0.4020813463132378, -3.2858898002457984e-17]], "inverted": false, "swapped": true, "error_lsq": 0.025843809394260425, "error_max": 0.11171873935443807, "target": "75.xyz", "model": "17.xyz", "model_rescale": 4.510870436145588, "target_rescale": 4.449845824496769},
{"mapping": [3, 5, 9, 8, 1, 2, 0, 6, 7, 11, 4, 10, 12], "R": [[-0.35745914384292343, -0.8403614188903548, -0.407450176246954], [-0.43295849240943074, 0.5356736924862893, -0.7249831991354401], [0.8275082503115223, -0.0827428596236201, -0.5553230724971445]], "T": [0.09074686678797822, 0.1186463894267362, 0.07233280455626917], "aligned_model": [[0.3214378589941509, -0.20639414077059376, -0.5793860751882207, -0.3386084938766532, 0.3672261065734745, 0.25848277181308965, 0.040755468887043456, 0.12007649691583733, -0.6650791315630842, 0.5521534900334595, 0.6479084966805819, -0.25291543750178974, -0.06798786587334149], [-0.6333654341552302, -0.7139742503770155, 0.060196194830236624, 0.34561311468653655, 0.5699385645629086, 0.5743735319618929, -0.010956330400252803, -0.13307935541385413, -0.23528178027662483, -0.07767376828706128, -0.0524705391920688, 0.641091089793398, -0.006521363001268557], [-0.19730992154409366, 0.2952056830498869, -0.44181562381722833, 0.4517643313279527, -0.35897924651211066, 0.4364472157350431, -0.8039334720080096, 0.740159908545786, 0.00681010583205377, -0.3706248764788999, 0.24764430395180526, 0.003138601678670569, -0.008507009760855916]], "inverted": true, "swapped": false, "error_lsq": 0.05034014335148097, "error_max": 0.33425187986486066, "target": "75.xyz", "model": "18.xyz", "model_rescale": 4.466005644533647, "target_rescale": 4.449845824496769},
{"mapping": [8, 9, 4, 5, 0, 1, 2, 3, 7, 10, 11, 12, 13], "R": [[0.5296833064718396, -0.8464504535408457, -0.05438036911934257], [0.8461102038979935, 0.5317869379805713, -0.03605794576711201], [0.05944003452855159, -0.02691249326510893, 0.9978690294830781]], "T": [-0.03848300578822855, 0.015443900565994276, -0.033862442265594386], "aligned_model": [[0.16747597153222887, 0.12432674537855265, -0.5088638282349064, -0.5520130543885826, 0.36243362577632543, 0.3192843996226492, 0.042786138931768775, -0.043512313375583686, -0.5816114414052447, 0.5488048884168821, 0.5056556622632058, -0.18673416217143432, -0.0003630872219074627], [-0.5170999153915081, -0.5457108366069858, 0.3154792118166891, 0.2868682906012114, 0.5515845816628595, 0.5229736604473818, -0.031305794260668304, -0.08852763669162377, -0.4313514685809584, -0.13816052984201638, -0.16677145105749414, 0.6298282781108557, -0.059916715476146035], [-0.43946439765822265, 0.35231537732678564, -0.44623734555624245, 0.34554242942876584, -0.39022302891584487, 0.4015567460691634, -0.8262879670882559, 0.7572715828817607, 0.3179765870947157, -0.4049903514128419, 0.3867894235721664, -0.019740863638702616, -0.03450819210324746]], "inverted": false, "swapped": false, "error_lsq": 0.03619558048621615, "error_max": 0.32527688031046437, "target": "75.xyz", "model": "19.xyz", "model_rescale": 4.509807711582247, "target_rescale": 4.449845824496769},
{"mapping": [8, 9, 4, 5, 0, 1, 2, 3, 7, 10, 11, 12, 13], "R": [[0.5296833064718398, -0.8464504535408457, -0.0543803691193426], [0.8461102038979935, 0.5317869379805715, -0.036057945767112], [0.059440034528551594, -0.02691249326510895, 0.9978690294830783]], "T": [-0.03848300578822854, 0.015443900565994307, -0.03386244226559441], "aligned_model": [[0.16747597153222882, 0.12432674537855253, -0.5088638282349063, -0.5520130543885825, 0.36243362577632543, 0.3192843996226492, 0.04278613893176879, -0.043512313375583714, -0.5816114414052446, 0.5488048884168821, 0.5056556622632058, -0.18673416217143418, -0.00036308722190745574], [-0.517099915391508, -0.5457108366069857, 0.3154792118166892, 0.2868682906012115, 0.5515845816628594, 0.5229736604473817, -0.031305794260668277, -0.08852763669162374, -0.43135146858095835, -0.13816052984201643, -0.1667714510574942, 0.6298282781108557, -0.05991671547614601], [-0.43946439765822276, 0.35231537732678575, -0.44623734555624256, 0.34554242942876595, -0.390223028915845, 0.40155674606916353, -0.8262879670882559, 0.7572715828817607, 0.3179765870947158, -0.404990351412842, 0.3867894235721665, -0.019740863638702845, -0.034508192103247674]], "inverted": false, "swapped": false, "error_lsq": 0.03619558048621616, "error_max": 0.3252768803104645, "target": "75.xyz", "model": "20.xyz", "model_rescale": 4.509807711582248, "target_rescale": 4.449845824496769},
{"mapping": [6, 4, 7, 10, 2, 0, 5, 1, 8, 3, 11, 9, 12], "R": [[-0.357459143842924, -0.8403614188903545, 0.40745017624695373], [-0.43295849240943113, 0.5356736924862895, 0.7249831991354397], [-0.8275082503115219, 0.08274285962362032, -0.5553230724971452]], "T": [0.09074686678797822, 0.1186463894267362, -0.07233280455626935], "aligned_model": [[-0.20639414077059398, 0.321437858994151, -0.33860849387665354, -0.5793860751882205, 0.25848277181308943, 0.3672261065734748, 0.12007649691583679, 0.040755468887044094, -0.6650791315630842, 0.6479084966805817, 0.5521534900334598, -0.2529154375017897, -0.06798786587334149], [-0.7139742503770157, -0.6333654341552302, 0.3456131146865364, 0.06019619483023718, 0.5743735319618927, 0.5699385645629087, -0.13307935541385463, -0.010956330400252248, -0.2352817802766246, -0.05247053919206922, -0.07767376828706123, 0.6410910897933981, -0.006521363001268557], [-0.2952056830498864, 0.19730992154409377, -0.45176433132795274, 0.4418156238172287, -0.4364472157350437, 0.35897924651211033, -0.7401599085457858, 0.8039334720080097, -0.00681010583205334, -0.24764430395180564, 0.3706248764788997, -0.0031386016786707077, 0.008507009760855944]], "inverted": true, "swapped": false, "error_lsq": 0.050340143351480966, "error_max": 0.3342518798648606, "target": "75.xyz", "model": "21.xyz", "model_rescale": 4.466005644533646, "target_rescale": 4.449845824496769},
{"mapping": [5, 3, 8, 9, 2, 1, 6, 0, 7, 4, 11, 10, 12], "R": [[0.3574590805912371, 0.840361460118765, 0.40745014670499846], [0.43295853056948763, -0.5356736341968913, 0.7249832194150463], [0.8275082576687542, -0.08274281825845914, -0.555323067697237]], "T": [0.09074687085639828, 0.11864638979934626, -0.07233280432580116], "aligned_model": [[-0.20639416538470728, 0.3214378135328374, -0.3386085885059685, -0.5793859985134108, 0.2584828533365528, 0.3672259698197354, 0.12007645125744144, 0.040755353177586676, -0.6650792051481171, 0.6479084301749862, 0.5521537765538757, -0.2529153818712621, -0.06798776330559601], [-0.7139742212467114, -0.633365359329101, 0.3456131405427558, 0.060196095221783805, 0.5743734822774577, 0.5699386548195916, -0.13307930536144297, -0.01095626106567689, -0.2352817753425126, -0.05247044344383249, -0.07767390983995646, 0.6410910111070522, -0.006521433607810892], [-0.2952056741406046, 0.19730995393532272, -0.4517643452965753, 0.44181559345777477, -0.43644722815794545, 0.3589792633627453, -0.7401598993700015, 0.8039334885921423, -0.006810120067178321, -0.2476442712940742, 0.3706248736785652, -0.003138631771622144, 0.008506997071451528]], "inverted": false, "swapped": false, "error_lsq": 0.050340139274410715, "error_max": 0.33425182999030195, "target": "75.xyz", "model": "22.xyz", "model_rescale": 4.46600560860683, "target_rescale": 4.449845824496769},
{"mapping": [9, 8, 5, 4, 1, 0, 3, 2, 6, 11, 10, 12, 13], "R": [[-0.5296833653410313, 0.8464504165537763, -0.054380371430676554], [-0.8461101668615729, -0.531786996947895, -0.036057945180233995], [-0.059440037133912875, 0.026912491394855298, 0.9978690293783252]], "T": [-0.038482999699191736, 0.015443899793158949, -0.03386244233617858], "aligned_model": [[0.1674760360409685, 0.12432680769731223, -0.5088637113914618, -0.5520129397351181, 0.36243376624355467, 0.31928453789989836, 0.042786048437390437, -0.04351240824992212, -0.5816113769625183, 0.5488047947475065, 0.5056555664038502, -0.18673439610124115, -0.00036317990626583835], [-0.5170999925450095, -0.5457109135308722, 0.31547918860192886, 0.28686826761606604, 0.551584499607146, 0.5229735786212832, -0.03130573957558497, -0.08852758154731054, -0.43135149534457995, -0.13816051258774625, -0.16677143357360902, 0.6298284695513325, -0.059916660561447746], [-0.4394643998377355, 0.35231538159676445, -0.4462373449915857, 0.34554243644291427, -0.39022302730481, 0.40155675412968994, -0.8262879768463198, 0.75727158602268, 0.3179765915869754, -0.40499035813707523, 0.3867894232974247, -0.019740870547102336, -0.03450819541182008]], "inverted": true, "swapped": false, "error_lsq": 0.03619558395827252, "error_max": 0.3252768836348468, "target": "75.xyz", "model": "23.xyz", "model_rescale": 4.509807674373902, "target_rescale": 4.449845824496769},
{"mapping": [9, 8, 5, 4, 1, 0, 3, 2, 6, 11, 10, 12, 13], "R": [[-0.5296833653410307, 0.8464504165537767, -0.054380371430676186], [-0.8461101668615734, -0.5317869969478943, -0.03605794518023382], [-0.05944003713391252, 0.026912491394855118, 0.9978690293783253]], "T": [-0.03848299969919172, 0.015443899793158897, -0.03386244233617858], "aligned_model": [[0.16747603604096878, 0.1243268076973128, -0.508863711391462, -0.5520129397351181, 0.36243376624355406, 0.3192845378998981, 0.0427860484373902, -0.04351240824992175, -0.5816113769625177, 0.5488047947475065, 0.5056555664038505, -0.18673439610124162, -0.00036317990626578284], [-0.5170999925450094, -0.5457109135308721, 0.3154791886019283, 0.2868682676160656, 0.5515844996071461, 0.5229735786212834, -0.03130573957558512, -0.0885275815473104, -0.43135149534458034, -0.13816051258774587, -0.16677143357360852, 0.6298284695513323, -0.05991666056144776], [-0.4394643998377356, 0.3523153815967646, -0.44623734499158574, 0.3455424364429145, -0.39022302730481045, 0.4015567541296898, -0.8262879768463198, 0.75727158602268, 0.3179765915869758, -0.40499035813707557, 0.38678942329742466, -0.01974087054710221, -0.03450819541181988]], "inverted": true, "swapped": false, "error_lsq": 0.03619558395827253, "error_max": 0.32527688363484725, "target": "75.xyz", "model": "24.xyz", "model_rescale": 4.509807674373903, "target_rescale": 4.449845824496769},
{"mapping": [6, 4, 7, 10, 2, 0, 5, 1, 8, 3, 11, 9, 12], "R": [[-0.357459080591237, -0.840361460118765, 0.4074501467049988], [-0.43295853056948785, 0.5356736341968915, 0.7249832194150461], [-0.8275082576687544, 0.08274281825845892, -0.5553230676972372]], "T": [0.09074687085639836, 0.11864638979934629, -0.07233280432580122], "aligned_model": [[-0.20639416538470728, 0.3214378135328374, -0.33860858850596837, -0.5793859985134111, 0.2584828533365531, 0.3672259698197355, 0.12007645125744161, 0.04075535317758654, -0.6650792051481174, 0.6479084301749863, 0.5521537765538757, -0.2529153818712621, -0.06798776330559604], [-0.7139742212467116, -0.633365359329101, 0.3456131405427557, 0.06019609522178422, 0.5743734822774575, 0.5699386548195916, -0.1330793053614434, -0.010956261065676529, -0.2352817753425125, -0.05247044344383285, -0.07767390983995646, 0.6410910111070524, -0.006521433607810892], [-0.2952056741406047, 0.19730995393532283, -0.4517643452965754, 0.44181559345777466, -0.43644722815794557, 0.35897926336274544, -0.7401598993700017, 0.8039334885921424, -0.006810120067178488, -0.24764427129407407, 0.37062487367856545, -0.0031386317716221857, 0.008506997071451528]], "inverted": true, "swapped": false, "error_lsq": 0.05034013927441072, "error_max": 0.3342518299903019, "target": "75.xyz", "model": "25.xyz", "model_rescale": 4.466005608606829, "target_rescale": 4.449845824496769},
{"mapping": [3, 5, 9, 8, 1, 2, 0, 6, 7, 11, 4, 10, 12], "R": [[-0.35745916997726146, -0.8403614018924224, -0.407450188377144], [-0.43295844889362955, 0.5356737137301628, -0.7249832094263687], [0.82750826179005, -0.08274289472781543, -0.5553230501620404]], "T": [0.09074688045650574, 0.11864640470458782, 0.0723327632854444], "aligned_model": [[0.3214378851079235, -0.20639418219926325, -0.5793860658214713, -0.33860850117043945, 0.3672261684912838, 0.2584827455711359, 0.04075553523637902, 0.12007645105564156, -0.6650791344253443, 0.552153445165616, 0.6479085183628283, -0.2529154325665665, -0.06798788768376902], [-0.633365355325018, -0.7139742298935243, 0.06019616319780402, 0.34561309936191525, 0.5699385834368114, 0.5743734886656835, -0.01095629459308639, -0.13307935186362674, -0.23528177866798244, -0.07767382415574703, -0.05247047729512028, 0.6410910412277018, -0.006521389364214286], [-0.19731000995755832, 0.2952057531985481, -0.44181555874192197, 0.45176435018772004, -0.35897937526390156, 0.4364472358465292, -0.8039335635771853, 0.7401599415118316, 0.0068101618744363795, -0.3706247905388308, 0.24764417835572533, 0.0031386295713616563, -0.008506952466754536]], "inverted": true, "swapped": false, "error_lsq": 0.0503401456319168, "error_max": 0.33425185228105364, "target": "75.xyz", "model": "26.xyz", "model_rescale": 4.466005838112752, "target_rescale": 4.449845824496769},
{"mapping": [8, 9, 4, 5, 0, 1, 2, 3, 7, 10, 11, 12, 13], "R": [[0.52968324073518, -0.8464504946501129, -0.05438036953586095], [0.8461102453246708, 0.5317868722304514, -0.036057943368683294], [0.05944003062669935, -0.026912499511063802, 0.9978690295470465]], "T": [-0.03848298017449572, 0.015443932655999693, -0.03386243847618382], "aligned_model": [[0.16747597269131514, 0.12432674794353443, -0.5088637468829371, -0.5520129716307177, 0.362433653595446, 0.3192844288476653, 0.04278610871992709, -0.04351234077563433, -0.5816114191808311, 0.5488048447645946, 0.5056556200168139, -0.1867342369573684, -0.0003631160278536258], [-0.5170999424111367, -0.5457108605721845, 0.3154792864696328, 0.2868683683085848, 0.5515847146823019, 0.522973796521254, -0.0313058530515085, -0.08852768937360446, -0.43135155206243264, -0.13816054234201203, -0.16677146050306002, 0.6298281802783181, -0.05991677121255648], [-0.4394643799461343, 0.35231536322720625, -0.44623732208301115, 0.3455424210903294, -0.39022300645829183, 0.4015567367150487, -0.8262879374293763, 0.7572715489173047, 0.3179765713485578, -0.40499033637199067, 0.3867894068013499, -0.019740871554956962, -0.03450819425603571]], "inverted": false, "swapped": false, "error_lsq": 0.03619558372524993, "error_max": 0.3252768785225279, "target": "75.xyz", "model": "27.xyz", "model_rescale": 4.509807893063789, "target_rescale": 4.449845824496769},
