[{"mapping": [7, 6, 3, 2, 5, 4, 10, 9, 11, 1, 0, 12], "R": [[-0.8645986594656857, 0.5024630912317237, -1.975411501082187e-17], [0.5024630912317237, 0.8645986594656857, -2.683595376193881e-17], [3.595305073912191e-18, -3.312804334093997e-17, -1.0]], "T": [-0.01358298645294019, -0.07479136797828724, 3.9645508176763847e-17], "aligned_model": [[-0.08964364041158407, -0.08964364041158404, 0.5822830413622201, 0.5822830413622201, 0.026383104693262223, 0.026383104693262237, -0.5539972928295454, -0.5539972928295454, 0.49073675711122355, -0.3952671102638444, -0.3952671102638444, -0.08964364041158406], [-0.041225435127045636, -0.041225435127045594, -0.09765719362005387, -0.09765719362005384, 0.5270279567352983, 0.5270279567352983, 0.09151401635341981, 0.09151401635341981, 0.3942885052548329, -0.6151411557801179, -0.6151411557801179, -0.041225435127045615], [-0.8041626926264751, 0.8041626926264751, -0.4020813463132376, 0.4020813463132377, -0.4020813463132376, 0.4020813463132377, -0.4020813463132376, 0.4020813463132377, 1.1689369787436613e-16, -0.4020813463132376, 0.4020813463132377, 1.4004603096382607e-16]], "inverted": false, "swapped": true, "error_lsq": 0.0258438049086377, "error_max": 0.1117185870427068, "target": "76.xyz", "model": "0.xyz", "model_rescale": 4.5108708085295355, "target_rescale": 4.44984582449677},
{"mapping": [6, 7, 2, 3, 4, 5, 9, 10, 11, 0, 1, 12], "R": [[0.8645986594656858, -0.5024630912317235, -1.633393880463113e-16], [-0.5024630912317235, -0.8645986594656858, 7.624207583532504e-17], [-1.7953184504892707e-16, 1.6153217275544403e-17, -1.0]], "T": [-0.013582986452940152, -0.07479136797828724, -8.939125823517356e-19], "aligned_model": [[-0.08964364041158414, -0.08964364041158389, 0.58228304136222, 0.5822830413622202, 0.026383104693262067, 0.02638310469326219, -0.5539972928295456, -0.5539972928295454, 0.4907367571112234, -0.39526711026384426, -0.39526711026384415, -0.08964364041158401], [-0.04122543512704557, -0.0412254351270457, -0.09765719362005369, -0.09765719362005375, 0.5270279567352983, 0.5270279567352983, 0.09151401635341973, 0.09151401635341967, 0.39428850525483305, -0.615141155780118, -0.615141155780118, -0.041225435127045636], [-0.8041626926264751, 0.8041626926264751, -0.4020813463132378, 0.40208134631323755, -0.4020813463132376, 0.4020813463132377, -0.40208134631323755, 0.4020813463132378, -1.4730435331086774e-16, -0.40208134631323766, 0.40208134631323766, -8.570986121535392e-17]], "inverted": true, "swapped": true, "error_lsq": 0.025843804908637694, "error_max": 0.111718587042707, "target": "76.xyz", "model": "1.xyz", "model_rescale": 4.510870808529536, "target_rescale": 4.44984582449677},
{"mapping": [6, 7, 2, 3, 4, 5, 9, 10, 11, 0, 1, 12], "R": [[0.8645986594656853, -0.5024630912317245, -2.1381348598144168e-16], [-0.5024630912317245, -0.8645986594656853, 8.424317013255167e-17], [-2.271919370352015e-16, 3.459685314752235e-17, -1.0]], "T": [-0.013582986452940263, -0.07479136797828727, 1.0866326496053957e-16], "aligned_model": [[-0.08964364041158426, -0.08964364041158393, 0.5822830413622199, 0.5822830413622201, 0.02638310469326263, 0.026383104693262795, -0.5539972928295455, -0.5539972928295452, 0.49073675711122394, -0.39526711026384503, -0.3952671102638448, -0.0896436404115841], [-0.041225435127045504, -0.04122543512704564, -0.09765719362005434, -0.09765719362005443, 0.5270279567352983, 0.5270279567352983, 0.09151401635342031, 0.09151401635342025, 0.39428850525483244, -0.6151411557801175, -0.6151411557801175, -0.04122543512704557], [-0.804162692626475, 0.8041626926264752, -0.40208134631323766, 0.40208134631323766, -0.4020813463132375, 0.40208134631323783, -0.40208134631323744, 0.4020813463132379, -5.944910759658474e-17, -0.4020813463132375, 0.40208134631323783, 2.79549734183732e-17]], "inverted": true, "swapped": true, "error_lsq": 0.025843804908637694, "error_max": 0.11171858704270665, "target": "76.xyz", "model": "2.xyz", "model_rescale": 4.5108708085295355, "target_rescale": 4.44984582449677},
{"mapping": [10, 9, 5, 4, 3, 2, 1, 0, 7, 12, 11, 8, 13], "R": [[-0.5296833886067693, 0.8464504019135769, 0.054380372694514005], [-0.8461101521976463, -0.5317870202794455, 0.036057945176957734], [0.05944003854411491, -0.026912490829591885, 0.9978690293095689]], "T": [-0.03848301535061656, 0.015443971977762733, 0.03386244018532202], "aligned_model": [[0.12432696171156467, 0.16747619040096962, -0.5520129402012547, -0.5088637115118497, 0.31928453064731166, 0.3624337593367166, -0.043512544352489135, 0.04278591302632072, -0.5816113967332643, 0.5056555373379461, 0.548804766027351, -0.1867342049022841, -0.00036331566308420854], [-0.5457109557767549, -0.517100035229174, 0.28686834923027793, 0.3154792697778588, 0.5229736325813262, 0.5515845531289071, -0.08852769644037183, -0.031305855345210146, -0.4313514019377481, -0.16677137421641042, -0.13816045366882956, 0.6298284185205162, -0.059916775892790985], [-0.3523153830392025, 0.439464386283651, -0.3455424330825802, 0.4462373362402733, -0.40155675050685047, 0.390223018816003, -0.7572715627891701, 0.8262879758565366, -0.31797658756370456, -0.38678941891815444, 0.40499035040469905, 0.019740861764815897, 0.03450820653368325]], "inverted": true, "swapped": false, "error_lsq": 0.036195594814005035, "error_max": 0.3252768639968919, "target": "76.xyz", "model": "3.xyz", "model_rescale": 4.509807743048502, "target_rescale": 4.44984582449677},
{"mapping": [10, 9, 5, 4, 3, 2, 1, 0, 7, 12, 11, 8, 13], "R": [[-0.5296833886067697, 0.8464504019135768, 0.05438037269451401], [-0.8461101521976462, -0.5317870202794458, 0.03605794517695772], [0.05944003854411492, -0.02691249082959188, 0.997869029309569]], "T": [-0.038483015350616566, 0.015443971977762753, 0.033862440185321946], "aligned_model": [[0.12432696171156452, 0.16747619040096942, -0.5520129402012546, -0.5088637115118496, 0.3192845306473119, 0.36243375933671684, -0.04351254435248918, 0.0427859130263207, -0.5816113967332646, 0.505655537337946, 0.5488047660273508, -0.1867342049022839, -0.00036331566308422936], [-0.5457109557767549, -0.517100035229174, 0.2868683492302782, 0.31547926977785906, 0.5229736325813261, 0.551584553128907, -0.08852769644037181, -0.031305855345210166, -0.4313514019377479, -0.16677137421641058, -0.13816045366882979, 0.6298284185205163, -0.05991677589279099], [-0.3523153830392024, 0.4394643862836509, -0.34554243308258015, 0.4462373362402732, -0.40155675050685036, 0.39022301881600296, -0.7572715627891705, 0.8262879758565367, -0.3179765875637045, -0.3867894189181543, 0.404990350404699, 0.01974086176481591, 0.03450820653368327]], "inverted": true, "swapped": false, "error_lsq": 0.03619559481400504, "error_max": 0.3252768639968918, "target": "76.xyz", "model": "4.xyz", "model_rescale": 4.509807743048502, "target_rescale": 4.44984582449677},
{"mapping": [9, 10, 4, 5, 2, 3, 0, 1, 6, 11, 12, 8, 13], "R": [[0.5296833886067692, -0.846450401913577, 0.05438037269451409], [0.8461101521976464, 0.5317870202794454, 0.03605794517695773], [-0.05944003854411494, 0.02691249082959197, 0.9978690293095689]], "T": [-0.03848301535061656, 0.015443971977762722, 0.033862440185321856], "aligned_model": [[0.12432696171156475, 0.16747619040096973, -0.5520129402012548, -0.5088637115118498, 0.31928453064731155, 0.3624337593367165, -0.04351254435248918, 0.0427859130263208, -0.5816113967332645, 0.505655537337946, 0.5488047660273511, -0.1867342049022841, -0.00036331566308417385], [-0.5457109557767548, -0.5171000352291739, 0.2868683492302779, 0.31547926977785873, 0.5229736325813263, 0.5515845531289072, -0.08852769644037183, -0.03130585534521017, -0.4313514019377483, -0.16677137421641033, -0.13816045366882948, 0.6298284185205162, -0.059916775892790985], [-0.3523153830392025, 0.4394643862836509, -0.3455424330825801, 0.44623733624027334, -0.40155675050685047, 0.39022301881600296, -0.7572715627891703, 0.8262879758565363, -0.31797658756370445, -0.38678941891815444, 0.404990350404699, 0.01974086176481605, 0.034508206533683375]], "inverted": false, "swapped": false, "error_lsq": 0.03619559481400504, "error_max": 0.3252768639968918, "target": "76.xyz", "model": "5.xyz", "model_rescale": 4.509807743048502, "target_rescale": 4.44984582449677},
{"mapping": [10, 9, 5, 4, 3, 2, 1, 0, 7, 12, 11, 8, 13], "R": [[-0.5296833057160169, 0.8464504539051594, 0.05438037081063862], [-0.8461102043406357, -0.5317869373116824, 0.03605794524523695], [0.05944003496298132, -0.02691249502388475, 0.9978690294097663]], "T": [-0.03848300898383941, 0.015443961671113945, 0.0338624411689293], "aligned_model": [[0.12432674646980504, 0.16747597516309054, -0.552013072700578, -0.5088638440072925, 0.3192844052148527, 0.3624336339081382, -0.043512435444887414, 0.04278602194168357, -0.5816112722455695, 0.5056556735862867, 0.5488049022795722, -0.18673398228954521, -0.0003632067516019244], [-0.5457107907328775, -0.5170998691373905, 0.28686835905758223, 0.3154792806530693, 0.5229737361614267, 0.5515846577569138, -0.08852776564467732, -0.03130592245370317, -0.43135153801523335, -0.16677139435188082, -0.13816047275639376, 0.6298282382439512, -0.059916844049190246], [-0.3523153897394795, 0.43946440716336527, -0.3455424400177981, 0.4462373568850467, -0.40155675958055004, 0.39022303732229474, -0.7572715928064262, 0.826288000999263, -0.3179766032410565, -0.38678943738452376, 0.404990359518321, 0.019740856785124397, 0.03450820409641843]], "inverted": true, "swapped": false, "error_lsq": 0.03619559190777167, "error_max": 0.32527689313931957, "target": "76.xyz", "model": "6.xyz", "model_rescale": 4.509807586411629, "target_rescale": 4.44984582449677},
{"mapping": [9, 10, 4, 5, 2, 3, 0, 1, 7, 11, 12, 8, 13], "R": [[0.5296833057160173, -0.8464504539051592, -0.0543803708106388], [0.8461102043406354, 0.5317869373116828, -0.03605794524523705], [0.05944003496298152, -0.026912495023884816, 0.9978690294097663]], "T": [-0.03848300898383942, 0.01544396167111398, -0.03386244116892929], "aligned_model": [[0.16747597516309035, 0.12432674646980471, -0.5088638440072923, -0.5520130727005779, 0.3624336339081385, 0.31928440521485285, 0.042786021941683676, -0.043512435444887615, -0.5816112722455697, 0.5488049022795721, 0.5056556735862866, -0.1867339822895449, -0.000363206751601966], [-0.5170998691373907, -0.5457107907328778, 0.31547928065306974, 0.28686835905758257, 0.5515846577569137, 0.5229737361614266, -0.031305922453703075, -0.08852776564467739, -0.4313515380152331, -0.138160472756394, -0.16677139435188112, 0.6298282382439513, -0.05991684404919023], [-0.43946440716336527, 0.35231538973947923, -0.4462373568850467, 0.3455424400177978, -0.3902230373222945, 0.40155675958055, -0.8262880009992631, 0.7572715928064264, 0.3179766032410561, -0.40499035951832085, 0.38678943738452365, -0.019740856785124425, -0.03450820409641851]], "inverted": false, "swapped": false, "error_lsq": 0.03619559190777167, "error_max": 0.32527689313931935, "target": "76.xyz", "model": "7.xyz", "model_rescale": 4.509807586411629, "target_rescale": 4.44984582449677},
{"mapping": [9, 10, 4, 5, 2, 3, 0, 1, 6, 11, 12, 8, 13], "R": [[0.5296833057160177, -0.8464504539051588, 0.05438037081063876], [0.8461102043406351, 0.5317869373116832, 0.03605794524523704], [-0.0594400349629815, 0.026912495023884757, 0.9978690294097663]], "T": [-0.038483008983839426, 0.015443961671113997, 0.033862441168929135], "aligned_model": [[0.12432674646980439, 0.16747597516308999, -0.5520130727005778, -0.5088638440072921, 0.31928440521485313, 0.36243363390813876, -0.043512435444887615, 0.042786021941683586, -0.58161127224557, 0.5056556735862865, 0.548804902279572, -0.18673398228954452, -0.0003632067516020007], [-0.5457107907328778, -0.5170998691373907, 0.2868683590575828, 0.31547928065306996, 0.5229737361614264, 0.5515846577569135, -0.08852776564467738, -0.031305922453703096, -0.43135153801523285, -0.16677139435188137, -0.13816047275639423, 0.6298282382439514, -0.059916844049190225], [-0.3523153897394794, 0.4394644071633653, -0.34554244001779805, 0.4462373568850467, -0.40155675958055015, 0.3902230373222946, -0.7572715928064264, 0.8262880009992628, -0.31797660324105625, -0.38678943738452376, 0.40499035951832096, 0.019740856785124446, 0.03450820409641856]], "inverted": false, "swapped": false, "error_lsq": 0.03619559190777166, "error_max": 0.3252768931393193, "target": "76.xyz", "model": "8.xyz", "model_rescale": 4.509807586411629, "target_rescale": 4.44984582449677},
{"mapping": [11, 12, 6, 7, 2, 3, 0, 1, 4, 9, 10, 8, 13], "R": [[-0.5296834380265834, 0.8464503708385789, 0.054380375022349506], [-0.8461101211295436, -0.5317870697875389, 0.036057944047499214], [0.05944004039776514, -0.02691248992598059, 0.9978690292235232]], "T": [-0.03848303863988825, 0.01544392683543585, 0.03386244482071958], "aligned_model": [[0.12432682031925615, 0.16747605313838973, -0.5520128810379751, -0.5088636482188414, 0.3192844619942816, 0.36243369481341525, -0.04351236286065799, 0.04278610277760918, -0.5816113810908239, 0.5056554382499542, 0.5488046710690878, -0.18673429398821703, -0.00036313004152440514], [-0.5457109819504988, -0.5171000607855492, 0.28686828871159203, 0.3154792098765416, 0.5229736514513998, 0.5515845726163495, -0.08852761975591941, -0.03130577742602023, -0.4313514986655233, -0.16677140269309434, -0.13816048152814472, 0.6298284734714332, -0.059916698590969826], [-0.3523153947340081, 0.4394644164069179, -0.3455424519451856, 0.44623735919574037, -0.4015567670427803, 0.3902230440981457, -0.7572716159554369, 0.8262880063264149, -0.31797660348767015, -0.3867894332988088, 0.40499037784211717, 0.01974086740906484, 0.03450819518548898]], "inverted": false, "swapped": false, "error_lsq": 0.03619558019121563, "error_max": 0.32527689628439294, "target": "76.xyz", "model": "9.xyz", "model_rescale": 4.509807504472865, "target_rescale": 4.44984582449677},
{"mapping": [11, 12, 6, 7, 2, 3, 0, 1, 4, 9, 10, 8, 13], "R": [[-0.5296834380265836, 0.8464503708385788, 0.054380375022349325], [-0.8461101211295435, -0.5317870697875391, 0.03605794404749914], [0.05944004039776497, -0.026912489925980464, 0.9978690292235232]], "T": [-0.03848303863988826, 0.015443926835435863, 0.033862444820719616], "aligned_model": [[0.1243268203192561, 0.1674760531383895, -0.552012881037975, -0.5088636482188416, 0.31928446199428184, 0.36243369481341525, -0.043512362860657884, 0.04278610277760902, -0.5816113810908239, 0.5056554382499543, 0.5488046710690877, -0.18673429398821695, -0.00036313004152443984], [-0.5457109819504988, -0.5171000607855494, 0.28686828871159226, 0.3154792098765418, 0.5229736514514, 0.5515845726163494, -0.08852761975591936, -0.03130577742602029, -0.4313514986655232, -0.16677140269309448, -0.13816048152814497, 0.6298284734714332, -0.059916698590969826], [-0.3523153947340081, 0.4394644164069177, -0.3455424519451857, 0.4462373591957401, -0.40155676704278015, 0.3902230440981456, -0.7572716159554369, 0.8262880063264152, -0.3179766034876702, -0.38678943329880866, 0.4049903778421171, 0.01974086740906479, 0.034508195185488914]], "inverted": false, "swapped": false, "error_lsq": 0.036195580191215625, "error_max": 0.325276896284393, "target": "76.xyz", "model": "10.xyz", "model_rescale": 4.509807504472865, "target_rescale": 4.44984582449677},
{"mapping": [12, 11, 7, 6, 3, 2, 1, 0, 5, 10, 9, 8, 13], "R": [[0.529683438026583, -0.8464503708385789, 0.05438037502234928], [0.8461101211295436, 0.5317870697875385, 0.03605794404749916], [-0.059440040397764966, 0.026912489925980436, 0.9978690292235229]], "T": [-0.03848303863988824, 0.015443926835435835, 0.0338624448207197], "aligned_model": [[0.12432682031925639, 0.1674760531383898, -0.552012881037975, -0.5088636482188416, 0.31928446199428157, 0.362433694813415, -0.04351236286065778, 0.042786102777609025, -0.5816113810908236, 0.5056554382499543, 0.5488046710690877, -0.18673429398821717, -0.00036313004152439127], [-0.5457109819504986, -0.5171000607855492, 0.28686828871159187, 0.31547920987654143, 0.5229736514514, 0.5515845726163494, -0.08852761975591936, -0.03130577742602026, -0.4313514986655234, -0.16677140269309418, -0.1381604815281446, 0.6298284734714331, -0.059916698590969826], [-0.352315394734008, 0.4394644164069178, -0.3455424519451857, 0.44623735919574015, -0.40155676704278015, 0.3902230440981457, -0.7572716159554367, 0.8262880063264149, -0.3179766034876702, -0.38678943329880866, 0.40499037784211717, 0.01974086740906467, 0.0345081951854888]], "inverted": true, "swapped": false, "error_lsq": 0.03619558019121563, "error_max": 0.325276896284393, "target": "76.xyz", "model": "11.xyz", "model_rescale": 4.509807504472865, "target_rescale": 4.44984582449677},
{"mapping": [11, 12, 6, 7, 2, 3, 0, 1, 4, 9, 10, 8, 13], "R": [[-0.529683328669823, 0.8464504396232666, 0.054380369535660236], [-0.8461101899345973, -0.531786960195243, 0.036057945797598995], [0.05944003548195234, -0.026912492041462788, 0.9978690294592885]], "T": [-0.038482947657231995, 0.015443865858602919, 0.03386244000275673], "aligned_model": [[0.12432678702950391, 0.1674760129878844, -0.5520129826902153, -0.5088637567318347, 0.31928446692229756, 0.3624336928806781, -0.04351244517933183, 0.042786006737429175, -0.5816113881769339, 0.5056557092146763, 0.5488049351730568, -0.18673427382230529, -0.0003632192209513316], [-0.5457108693070093, -0.517099948415871, 0.28686826548766625, 0.3154791863788044, 0.5229736095496132, 0.5515845304407515, -0.08852755323650546, -0.031305711454229106, -0.43135148412973395, -0.1667714984140294, -0.1381605775228912, 0.6298283577003978, -0.05991663234536728], [-0.3523153739808047, 0.4394643913400918, -0.345542427737503, 0.4462373375833935, -0.40155674357853427, 0.39022302174236223, -0.7572715693907269, 0.8262879612510657, -0.31797658470757295, -0.3867894201569252, 0.4049903451639713, 0.019740866541012803, 0.03450819593016939]], "inverted": false, "swapped": false, "error_lsq": 0.03619558422527921, "error_max": 0.32527687586154336, "target": "76.xyz", "model": "12.xyz", "model_rescale": 4.509807766519439, "target_rescale": 4.44984582449677},
{"mapping": [11, 12, 6, 7, 2, 3, 0, 1, 4, 9, 10, 8, 13], "R": [[-0.529683328669823, 0.8464504396232666, 0.054380369535660236], [-0.8461101899345973, -0.531786960195243, 0.03605794579759899], [0.05944003548195233, -0.026912492041462784, 0.9978690294592885]], "T": [-0.038482947657231995, 0.015443865858602919, 0.03386244000275678], "aligned_model": [[0.12432678702950391, 0.1674760129878844, -0.5520129826902153, -0.5088637567318347, 0.3192844669222976, 0.36243369288067806, -0.04351244517933184, 0.042786006737429175, -0.5816113881769339, 0.5056557092146763, 0.5488049351730568, -0.18673427382230529, -0.0003632192209513385], [-0.5457108693070093, -0.517099948415871, 0.28686826548766625, 0.3154791863788044, 0.5229736095496132, 0.5515845304407515, -0.08852755323650546, -0.031305711454229106, -0.43135148412973395, -0.16677149841402938, -0.13816057752289124, 0.6298283577003978, -0.05991663234536728], [-0.3523153739808046, 0.43946439134009163, -0.3455424277375029, 0.44623733758339335, -0.40155674357853416, 0.39022302174236206, -0.757271569390727, 0.826287961251066, -0.31797658470757284, -0.3867894201569251, 0.40499034516397114, 0.019740866541012755, 0.03450819593016934]], "inverted": false, "swapped": false, "error_lsq": 0.0361955842252792, "error_max": 0.32527687586154325, "target": "76.xyz", "model": "13.xyz", "model_rescale": 4.509807766519439, "target_rescale": 4.44984582449677},
{"mapping": [12, 11, 7, 6, 3, 2, 1, 0, 5, 10, 9, 8, 13], "R": [[0.5296833286698225, -0.846450439623267, 0.05438036953566062], [0.8461101899345977, 0.5317869601952424, 0.03605794579759918], [-0.05944003548195268, 0.026912492041463044, 0.9978690294592886]], "T": [-0.03848294765723197, 0.015443865858602891, 0.033862440002756934], "aligned_model": [[0.12432678702950418, 0.167476012987885, -0.5520129826902155, -0.5088637567318347, 0.3192844669222971, 0.3624336928806779, -0.043512445179332046, 0.04278600673742956, -0.5816113881769336, 0.5056557092146764, 0.5488049351730572, -0.18673427382230579, -0.00036321922095125525], [-0.5457108693070093, -0.517099948415871, 0.28686826548766575, 0.3154791863788041, 0.5229736095496136, 0.5515845304407518, -0.08852755323650563, -0.03130571145422897, -0.4313514841297345, -0.16677149841402908, -0.13816057752289077, 0.6298283577003978, -0.05991663234536731], [-0.3523153739808047, 0.43946439134009185, -0.3455424277375029, 0.4462373375833937, -0.4015567435785345, 0.39022302174236206, -0.7572715693907268, 0.8262879612510661, -0.3179765847075727, -0.38678942015692536, 0.4049903451639712, 0.019740866541012675, 0.034508195930169294]], "inverted": true, "swapped": false, "error_lsq": 0.0361955842252792, "error_max": 0.32527687586154314, "target": "76.xyz", "model": "14.xyz", "model_rescale": 4.509807766519439, "target_rescale": 4.44984582449677},
{"mapping": [7, 6, 3, 2, 10, 9, 5, 4, 11, 1, 0, 12], "R": [[0.8645986549731655, -0.5024630989620965, 1.536183429109941e-17], [-0.5024630989620965, -0.8645986549731655, -4.139633396742472e-18], [1.536183429109941e-17, -4.139633396742472e-18, -1.0000000000000002]], "T": [0.013582842552007559, 0.07479147847768469, 3.722536587957658e-17], "aligned_model": [[0.08964349621053859, 0.08964349621053856, -0.5822831850587095, -0.5822831850587095, 0.553997147441677, 0.553997147441677, -0.026383253975058803, -0.026383253975058817, -0.4907369052061972, 0.39526697119417675, 0.39526697119417675, 0.08964349621053858], [0.04122554494638509, 0.04122554494638509, 0.09765730944708678, 0.09765730944708678, -0.09151391068586429, -0.09151391068586429, -0.5270278458785642, -0.5270278458785642, -0.39428839024631485, 0.6151412628668793, 0.6151412628668793, 0.04122554494638509], [-0.8041626926264753, 0.8041626926264753, -0.4020813463132377, 0.40208134631323783, -0.4020813463132377, 0.40208134631323783, -0.4020813463132377, 0.40208134631323783, 1.3121869387803255e-16, -0.4020813463132377, 0.40208134631323783, 1.3833153339952778e-16]], "inverted": false, "swapped": true, "error_lsq": 0.02584380939426041, "error_max": 0.1117187393544379, "target": "76.xyz", "model": "15.xyz", "model_rescale": 4.510870436145588, "target_rescale": 4.44984582449677},
{"mapping": [7, 6, 3, 2, 10, 9, 5, 4, 11, 1, 0, 12], "R": [[0.8645986549731655, -0.5024630989620965, 3.212020096670599e-18], [-0.5024630989620965, -0.8645986549731655, -8.655597639723003e-19], [3.212020096670599e-18, -8.655597639723003e-19, -1.0000000000000002]], "T": [0.013582842552007559, 0.07479147847768469, -2.592247386541347e-17], "aligned_model": [[0.08964349621053858, 0.08964349621053858, -0.5822831850587095, -0.5822831850587095, 0.553997147441677, 0.553997147441677, -0.02638325397505881, -0.02638325397505881, -0.4907369052061972, 0.39526697119417675, 0.39526697119417675, 0.08964349621053858], [0.04122554494638509, 0.04122554494638509, 0.09765730944708678, 0.09765730944708678, -0.09151391068586429, -0.09151391068586429, -0.5270278458785642, -0.5270278458785642, -0.39428839024631485, 0.6151412628668793, 0.6151412628668793, 0.04122554494638509], [-0.8041626926264753, 0.8041626926264753, -0.4020813463132378, 0.4020813463132378, -0.4020813463132378, 0.4020813463132378, -0.4020813463132378, 0.4020813463132378, 7.266244333303335e-17, -0.4020813463132378, 0.4020813463132378, 7.414967350714561e-17]], "inverted": false, "swapped": true, "error_lsq": 0.025843809394260415, "error_max": 0.1117187393544379, "target": "76.xyz", "model": "16.xyz", "model_rescale": 4.510870436145588, "target_rescale": 4.44984582449677},
{"mapping": [7, 6, 3, 2, 10, 9, 5, 4, 11, 1, 0, 12], "R": [[0.8645986549731655, -0.5024630989620965, 4.366522546532465e-16], [-0.5024630989620965, -0.8645986549731655, -2.0041215684447004e-16], [4.782286654619471e-16, -4.612556379385684e-17, -1.0000000000000002]], "T": [0.013582842552007559, 0.07479147847768469, 5.853917589359825e-17], "aligned_model": [[0.08964349621053892, 0.08964349621053823, -0.5822831850587092, -0.5822831850587097, 0.5539971474416773, 0.5539971474416768, -0.026383253975058637, -0.026383253975058984, -0.4907369052061972, 0.3952669711941769, 0.3952669711941766, 0.08964349621053858], [0.04122554494638493, 0.04122554494638525, 0.0976573094470867, 0.09765730944708687, -0.09151391068586437, -0.0915139106858642, -0.5270278458785644, -0.5270278458785642, -0.39428839024631485, 0.6151412628668791, 0.6151412628668793, 0.04122554494638509], [-0.8041626926264752, 0.8041626926264754, -0.402081346313238, 0.40208134631323755, -0.40208134631323744, 0.4020813463132381, -0.4020813463132376, 0.40208134631323794, 3.213491489505635e-17, -0.40208134631323766, 0.4020813463132379, 1.982770386424385e-16]], "inverted": false, "swapped": true, "error_lsq": 0.02584380939426041, "error_max": 0.11171873935443785, "target": "76.xyz", "model": "17.xyz", "model_rescale": 4.510870436145588, "target_rescale": 4.44984582449677},
{"mapping": [5, 3, 8, 9, 2, 1, 6, 0, 7, 4, 11, 10, 12], "R": [[0.3574591438429241, 0.8403614188903545, 0.4074501762469544], [0.43295849240943096, -0.53567369248629, 0.7249831991354398], [0.8275082503115221, -0.0827428596236201, -0.5553230724971452]], "T": [0.09074686678797828, 0.11864638942673615, -0.0723328045562693], "aligned_model": [[-0.20639414077059437, 0.3214378589941505, -0.33860849387665315, -0.5793860751882207, 0.2584827718130899, 0.36722610657347504, 0.12007649691583698, 0.040755468887043705, -0.6650791315630845, 0.6479084966805818, 0.5521534900334597, -0.2529154375017893, -0.06798786587334152], [-0.7139742503770158, -0.6333654341552306, 0.3456131146865367, 0.06019619483023718, 0.5743735319618928, 0.5699385645629086, -0.13307935541385452, -0.010956330400252637, -0.23528178027662444, -0.05247053919206936, -0.07767376828706159, 0.6410910897933983, -0.006521363001268557], [-0.2952056830498865, 0.197309921544094, -0.45176433132795296, 0.44181562381722866, -0.43644721573504364, 0.3589792465121103, -0.7401599085457861, 0.8039334720080097, -0.006810105832053451, -0.24764430395180553, 0.3706248764788998, -0.0031386016786708604, 0.008507009760855944]], "inverted": false, "swapped": false, "error_lsq": 0.05034014335148099, "error_max": 0.3342518798648601, "target": "76.xyz", "model": "18.xyz", "model_rescale": 4.466005644533647, "target_rescale": 4.44984582449677},
{"mapping": [8, 9, 4, 5, 0, 1, 2, 3, 6, 10, 11, 12, 13], "R": [[0.5296833064718394, -0.846450453540846, 0.05438036911934256], [0.8461102038979939, 0.5317869379805711, 0.03605794576711199], [-0.05944003452855155, 0.02691249326510894, 0.9978690294830783]], "T": [-0.03848300578822855, 0.015443900565994262, 0.03386244226559441], "aligned_model": [[0.1243267453785529, 0.16747597153222912, -0.5520130543885828, -0.5088638282349065, 0.31928439962264904, 0.36243362577632526, -0.043512313375583644, 0.0427861389317688, -0.5816114414052445, 0.505655662263206, 0.5488048884168821, -0.18673416217143451, -0.0003630872219074141], [-0.5457108366069858, -0.5170999153915081, 0.2868682906012113, 0.315479211816689, 0.522973660447382, 0.5515845816628597, -0.08852763669162378, -0.031305794260668325, -0.4313514685809587, -0.16677145105749397, -0.13816052984201627, 0.6298282781108557, -0.05991671547614605], [-0.35231537732678575, 0.43946439765822265, -0.34554242942876595, 0.44623734555624245, -0.4015567460691635, 0.3902230289158449, -0.7572715828817608, 0.826287967088256, -0.3179765870947159, -0.3867894235721665, 0.4049903514128419, 0.01974086363870286, 0.034508192103247674]], "inverted": false, "swapped": false, "error_lsq": 0.036195580486216156, "error_max": 0.3252768803104646, "target": "76.xyz", "model": "19.xyz", "model_rescale": 4.509807711582247, "target_rescale": 4.44984582449677},
{"mapping": [9, 8, 5, 4, 1, 0, 3, 2, 7, 11, 10, 12, 13], "R": [[-0.5296833064718398, 0.8464504535408457, 0.05438036911934256], [-0.8461102038979935, -0.5317869379805715, 0.03605794576711203], [0.059440034528551594, -0.026912493265108896, 0.9978690294830783]], "T": [-0.03848300578822854, 0.015443900565994314, 0.03386244226559438], "aligned_model": [[0.12432674537855255, 0.16747597153222876, -0.5520130543885825, -0.5088638282349063, 0.3192843996226492, 0.36243362577632543, -0.04351231337558368, 0.04278613893176876, -0.5816114414052446, 0.5056556622632058, 0.5488048884168821, -0.18673416217143418, -0.00036308722190745574], [-0.5457108366069857, -0.517099915391508, 0.2868682906012115, 0.3154792118166892, 0.5229736604473817, 0.5515845816628594, -0.08852763669162374, -0.03130579426066825, -0.43135146858095835, -0.1667714510574942, -0.13816052984201643, 0.6298282781108557, -0.05991671547614599], [-0.3523153773267858, 0.4394643976582227, -0.34554242942876606, 0.44623734555624245, -0.4015567460691636, 0.3902230289158449, -0.7572715828817607, 0.8262879670882559, -0.31797658709471593, -0.38678942357216656, 0.40499035141284195, 0.01974086363870279, 0.034508192103247654]], "inverted": true, "swapped": false, "error_lsq": 0.036195580486216156, "error_max": 0.3252768803104646, "target": "76.xyz", "model": "20.xyz", "model_rescale": 4.509807711582248, "target_rescale": 4.44984582449677},
{"mapping": [4, 6, 10, 7, 0, 2, 1, 5, 8, 11, 3, 9, 12], "R": [[0.3574591438429238, 0.8403614188903544, -0.40745017624695457], [0.43295849240943085, -0.5356736924862899, -0.7249831991354396], [-0.8275082503115222, 0.08274285962361988, -0.5553230724971447]], "T": [0.09074686678797833, 0.11864638942673618, 0.07233280455626924], "aligned_model": [[0.3214378589941505, -0.20639414077059431, -0.5793860751882207, -0.33860849387665315, 0.367226106573475, 0.25848277181309004, 0.04075546888704357, 0.12007649691583715, -0.6650791315630846, 0.5521534900334597, 0.6479084966805819, -0.25291543750178935, -0.06798786587334155], [-0.6333654341552304, -0.7139742503770155, 0.06019619483023737, 0.3456131146865366, 0.5699385645629086, 0.5743735319618927, -0.010956330400252332, -0.13307935541385468, -0.23528178027662427, -0.07767376828706156, -0.052470539192069496, 0.6410910897933983, -0.0065213630012685014], [-0.19730992154409388, 0.2952056830498867, -0.4418156238172284, 0.4517643313279528, -0.3589792465121108, 0.43644721573504336, -0.8039334720080098, 0.7401599085457857, 0.006810105832053784, -0.3706248764789, 0.2476443039518052, 0.0031386016786707077, -0.00850700976085593]], "inverted": false, "swapped": false, "error_lsq": 0.05034014335148099, "error_max": 0.33425187986486016, "target": "76.xyz", "model": "21.xyz", "model_rescale": 4.466005644533646, "target_rescale": 4.44984582449677},
{"mapping": [5, 3, 8, 9, 2, 1, 6, 0, 7, 4, 11, 10, 12], "R": [[0.357459080591237, 0.8403614601187649, 0.4074501467049985], [0.43295853056948774, -0.5356736341968913, 0.7249832194150461], [0.8275082576687542, -0.08274281825845897, -0.5553230676972372]], "T": [0.09074687085639829, 0.11864638979934625, -0.07233280432580118], "aligned_model": [[-0.20639416538470726, 0.32143781353283735, -0.3386085885059682, -0.5793859985134108, 0.25848285333655285, 0.3672259698197353, 0.12007645125744153, 0.04075535317758658, -0.6650792051481169, 0.6479084301749861, 0.5521537765538755, -0.25291538187126206, -0.067987763305596], [-0.7139742212467114, -0.6333653593291008, 0.3456131405427557, 0.06019609522178396, 0.5743734822774575, 0.5699386548195916, -0.1330793053614431, -0.010956261065676681, -0.23528177534251263, -0.05247044344383253, -0.07767390983995637, 0.6410910111070524, -0.006521433607810878], [-0.2952056741406046, 0.19730995393532286, -0.4517643452965754, 0.4418155934577747, -0.43644722815794557, 0.3589792633627453, -0.7401598993700016, 0.8039334885921423, -0.006810120067178391, -0.24764427129407418, 0.3706248736785653, -0.003138631771622269, 0.008506997071451514]], "inverted": false, "swapped": false, "error_lsq": 0.050340139274410715, "error_max": 0.3342518299903019, "target": "76.xyz", "model": "22.xyz", "model_rescale": 4.46600560860683, "target_rescale": 4.44984582449677},
{"mapping": [8, 9, 4, 5, 0, 1, 2, 3, 6, 10, 11, 12, 13], "R": [[0.5296833653410307, -0.8464504165537765, 0.05438037143067649], [0.8461101668615731, 0.5317869969478943, 0.036057945180234], [-0.05944003713391284, 0.02691249139485527, 0.9978690293783252]], "T": [-0.03848299969919172, 0.015443899793158921, 0.03386244233617855], "aligned_model": [[0.12432680769731264, 0.1674760360409689, -0.5520129397351181, -0.5088637113914619, 0.319284537899898, 0.3624337662435542, -0.043512408249922016, 0.042786048437390437, -0.581611376962518, 0.5056555664038505, 0.5488047947475068, -0.18673439610124154, -0.00036317990626578284], [-0.545710913530872, -0.5170999925450093, 0.2868682676160656, 0.3154791886019284, 0.5229735786212834, 0.5515844996071461, -0.08852758154731054, -0.031305739575584954, -0.4313514953445803, -0.16677143357360866, -0.13816051258774587, 0.6298284695513323, -0.059916660561447746], [-0.35231538159676445, 0.43946439983773544, -0.34554243644291427, 0.4462373449915856, -0.40155675412968994, 0.39022302730481007, -0.75727158602268, 0.8262879768463198, -0.31797659158697544, -0.3867894232974247, 0.4049903581370753, 0.01974087054710231, 0.034508195411820056]], "inverted": false, "swapped": false, "error_lsq": 0.03619558395827252, "error_max": 0.32527688363484697, "target": "76.xyz", "model": "23.xyz", "model_rescale": 4.509807674373902, "target_rescale": 4.44984582449677},
{"mapping": [9, 8, 5, 4, 1, 0, 3, 2, 7, 11, 10, 12, 13], "R": [[-0.5296833653410307, 0.8464504165537767, 0.05438037143067623], [-0.8461101668615734, -0.5317869969478943, 0.036057945180233864], [0.05944003713391258, -0.02691249139485513, 0.9978690293783253]], "T": [-0.03848299969919172, 0.015443899793158904, 0.033862442336178515], "aligned_model": [[0.12432680769731277, 0.1674760360409688, -0.5520129397351181, -0.508863711391462, 0.3192845378998981, 0.36243376624355406, -0.04351240824992179, 0.04278604843739023, -0.5816113769625177, 0.5056555664038505, 0.5488047947475065, -0.18673439610124162, -0.00036317990626576896], [-0.5457109135308721, -0.5170999925450094, 0.2868682676160656, 0.3154791886019283, 0.5229735786212834, 0.5515844996071461, -0.08852758154731044, -0.03130573957558507, -0.43135149534458034, -0.16677143357360852, -0.1381605125877458, 0.6298284695513323, -0.05991666056144775], [-0.3523153815967647, 0.43946439983773555, -0.34554243644291455, 0.4462373449915857, -0.4015567541296899, 0.39022302730481034, -0.75727158602268, 0.8262879768463198, -0.3179765915869758, -0.3867894232974247, 0.4049903581370755, 0.01974087054710233, 0.034508195411820014]], "inverted": true, "swapped": false, "error_lsq": 0.03619558395827252, "error_max": 0.32527688363484725, "target": "76.xyz", "model": "24.xyz", "model_rescale": 4.509807674373903, "target_rescale": 4.44984582449677},
{"mapping": [4, 6, 10, 7, 0, 2, 1, 5, 8, 11, 3, 9, 12], "R": [[0.35745908059123704, 0.8403614601187651, -0.40745014670499863], [0.4329585305694875, -0.5356736341968914, -0.7249832194150464], [-0.8275082576687545, 0.0827428182584592, -0.5553230676972368]], "T": [0.09074687085639835, 0.11864638979934632, 0.07233280432580115], "aligned_model": [[0.3214378135328375, -0.20639416538470726, -0.5793859985134111, -0.3386085885059684, 0.36722596981973543, 0.25848285333655296, 0.040755353177586634, 0.12007645125744157, -0.6650792051481172, 0.5521537765538757, 0.6479084301749863, -0.25291538187126217, -0.06798776330559603], [-0.6333653593291012, -0.7139742212467116, 0.060196095221783916, 0.3456131405427559, 0.5699386548195915, 0.5743734822774578, -0.010956261065676945, -0.13307930536144302, -0.23528177534251254, -0.0776739098399566, -0.052470443443832684, 0.6410910111070524, -0.00652143360781092], [-0.19730995393532252, 0.295205674140605, -0.44181559345777477, 0.45176434529657516, -0.35897926336274577, 0.4364472281579453, -0.8039334885921423, 0.7401598993700016, 0.006810120067178585, -0.3706248736785654, 0.24764427129407407, 0.003138631771621908, -0.008506997071451541]], "inverted": false, "swapped": false, "error_lsq": 0.05034013927441072, "error_max": 0.33425182999030223, "target": "76.xyz", "model": "25.xyz", "model_rescale": 4.466005608606829, "target_rescale": 4.44984582449677},
{"mapping": [5, 3, 8, 9, 2, 1, 6, 0, 7, 4, 11, 10, 12], "R": [[0.35745916997726157, 0.8403614018924228, 0.4074501883771433], [0.4329584488936292, -0.5356737137301624, 0.7249832094263694], [0.8275082617900502, -0.08274289472781621, -0.5553230501620401]], "T": [0.09074688045650565, 0.11864640470458791, -0.0723327632854444], "aligned_model": [[-0.20639418219926292, 0.32143788510792404, -0.33860850117044, -0.5793860658214712, 0.2584827455711353, 0.36722616849128364, 0.12007645105564135, 0.040755535236379384, -0.6650791344253442, 0.6479085183628284, 0.5521534451656164, -0.252915432566567, -0.067987887683769], [-0.7139742298935245, -0.633365355325018, 0.34561309936191537, 0.060196163197803396, 0.5743734886656839, 0.5699385834368113, -0.13307935186362624, -0.010956294593086904, -0.23528177866798283, -0.05247047729511979, -0.07767382415574701, 0.6410910412277016, -0.006521389364214328], [-0.2952057531985485, 0.19731000995755765, -0.4517643501877197, 0.4418155587419222, -0.43644723584652895, 0.35897937526390183, -0.7401599415118318, 0.8039335635771853, -0.006810161874436324, -0.24764417835572572, 0.3706247905388305, -0.003138629571361129, 0.008506952466754522]], "inverted": false, "swapped": false, "error_lsq": 0.050340145631916806, "error_max": 0.33425185228105453, "target": "76.xyz", "model": "26.xyz", "model_rescale": 4.466005838112752, "target_rescale": 4.44984582449677},
{"mapping": [8, 9, 4, 5, 0, 1, 2, 3, 6, 10, 11, 12, 13], "R": [[0.5296832407351801, -0.8464504946501128, 0.054380369535861006], [0.8461102453246707, 0.5317868722304515, 0.036057943368683315], [-0.05944003062669939, 0.026912499511063823, 0.9978690295470464]], "T": [-0.03848298017449572, 0.015443932655999706, 0.03386243847618383], "aligned_model": [[0.1243267479435343, 0.16747597269131506, -0.5520129716307177, -0.508863746882937, 0.3192844288476654, 0.3624336535954461, -0.04351234077563439, 0.04278610871992712, -0.5816114191808311, 0.5056556200168139, 0.5488048447645946, -0.1867342369573683, -0.0003631160278536258], [-0.5457108605721845, -0.5170999424111365, 0.2868683683085849, 0.3154792864696329, 0.522973796521254, 0.551584714682302, -0.08852768937360446, -0.031305853051508466, -0.4313515520624326, -0.16677146050306013, -0.13816054234201214, 0.6298281802783181, -0.059916771212556466], [-0.35231536322720636, 0.4394643799461342, -0.3455424210903295, 0.44623732208301103, -0.4015567367150489, 0.39022300645829167, -0.7572715489173047, 0.8262879374293763, -0.3179765713485579, -0.38678940680135004, 0.4049903363719905, 0.019740871554957157, 0.034508194256035914]], "inverted": false, "swapped": false, "error_lsq": 0.03619558372524993, "error_max": 0.325276878522528, "target": "76.xyz", "model": "27.xyz", "model_rescale": 4.509807893063789, "target_rescale": 4.44984582449677},
{"mapping": [8, 9, 4, 5, 0, 1, 2, 3, 7, 10, 11, 12, 13], "R": [[0.5296832407351805, -0.8464504946501128, -0.05438036953586103], [0.8461102453246707, 0.5317868722304518, -0.036057943368683315], [0.05944003062669941, -0.026912499511063823, 0.9978690295470465]], "T": [-0.03848298017449572, 0.015443932655999706, -0.03386243847618385], "aligned_model": [[0.16747597269131487, 0.1243267479435341, -0.5088637468829369, -0.5520129716307176, 0.3624336535954463, 0.3192844288476655, 0.04278610871992711, -0.04351234077563441, -0.5816114191808313, 0.5488048447645945, 0.5056556200168137, -0.18673423695736815, -0.00036311602785363967], [-0.5170999424111365, -0.5457108605721847, 0.315479286469633, 0.28686836830858503, 0.551584714682302, 0.5229737965212539, -0.03130585305150847, -0.08852768937360446, -0.4313515520624324, -0.13816054234201225, -0.16677146050306024, 0.6298281802783181, -0.059916771212556466], [-0.4394643799461344, 0.35231536322720636, -0.44623732208301126, 0.3455424210903295, -0.3902230064582919, 0.4015567367150489, -0.8262879374293762, 0.7572715489173046, 0.31797657134855783, -0.4049903363719907, 0.38678940680135004, -0.019740871554957174, -0.034508194256035934]], "inverted": false, "swapped": false, "error_lsq": 0.03619558372524994, "error_max": 0.3252768785225282, "target": "76.xyz", "model": "28.xyz", "model_rescale": 4.5098078930637895, "target_rescale": 4.44984582449677},
