[{"mapping": [10, 9, 3, 2, 5, 4, 1, 11, 7, 6, 8, 11], "R": [[-0.8557789556675496, 0.5161131969521607, 0.03563070260855], [0.5169880701025599, 0.8557092762380056, 0.02202203287300869], [-0.019123660951539848, 0.037266640471732324, -0.9991223564207549]], "T": [-0.02893527113848801, 0.0409404896295972, 0.20084763243957315], "aligned_model": [[0.03602679682349899, 0.007761543477438661, -0.6210529155523095, -0.6493181688983698, 0.2641146239173374, 0.23584937057127706, -0.03220101039642581, -0.060466263742486134, 0.615090887534412, 0.5868256341883517, -0.20561275147458324, -0.060466263742486134], [-0.5736465234936032, -0.5911162418202212, 0.2924888382903293, 0.27501911996371137, 0.47379260880557267, 0.45632289047895475, -0.07827189493981249, -0.09574161326643041, -0.15393790749354458, -0.1714076258201625, 0.6037493148845495, -0.09574161326643041], [-0.20737226880372195, 0.5852151476781748, -0.21171422991010125, 0.5808731865717955, -0.17615119929274942, 0.6164362171891474, -0.59587690414277, 0.1967105123391267, -0.17747072856287077, 0.6151166879190261, 0.20695204162660186, 0.1967105123391267]], "inverted": false, "swapped": false, "error_lsq": 0.055286550652675244, "error_max": 0.5706162436087525, "target": "77.xyz", "model": "0.xyz", "model_rescale": 4.5108708085295355, "target_rescale": 4.392213536166046},
{"mapping": [10, 9, 3, 2, 5, 4, 1, 11, 7, 6, 8, 11], "R": [[-0.8557789556675494, 0.5161131969521608, 0.03563070260855077], [0.51698807010256, 0.8557092762380053, 0.022022032873008322], [-0.01912366095154068, 0.037266640471732414, -0.9991223564207546]], "T": [-0.028935271138488046, 0.04094048962959723, 0.20084763243957304], "aligned_model": [[0.03602679682349914, 0.00776154347743821, -0.6210529155523089, -0.6493181688983699, 0.26411462391733764, 0.23584937057127675, -0.03220101039642524, -0.0604662637424862, 0.6150908875344122, 0.5868256341883512, -0.20561275147458313, -0.0604662637424862], [-0.573646523493603, -0.5911162418202207, 0.2924888382903293, 0.27501911996371164, 0.4737926088055723, 0.4563228904789547, -0.07827189493981268, -0.09574161326643033, -0.15393790749354483, -0.17140762582016247, 0.6037493148845494, -0.09574161326643033], [-0.2073722688037214, 0.5852151476781748, -0.21171422991010153, 0.5808731865717947, -0.17615119929274908, 0.6164362171891471, -0.59587690414277, 0.19671051233912673, -0.17747072856287, 0.6151166879190262, 0.2069520416266015, 0.19671051233912673]], "inverted": false, "swapped": false, "error_lsq": 0.05528655065267526, "error_max": 0.5706162436087525, "target": "77.xyz", "model": "1.xyz", "model_rescale": 4.510870808529536, "target_rescale": 4.392213536166046},
{"mapping": [9, 10, 2, 3, 4, 5, 0, 11, 6, 7, 8, 11], "R": [[0.8557789556675496, -0.5161131969521605, 0.035630702608550995], [-0.5169880701025596, -0.8557092762380056, 0.02202203287300822], [0.019123660951540944, -0.037266640471732435, -0.9991223564207548]], "T": [-0.028935271138488067, 0.040940489629597225, 0.2008476324395729], "aligned_model": [[0.036026796823499435, 0.007761543477438314, -0.621052915552309, -0.6493181688983702, 0.26411462391733764, 0.2358493705712765, -0.03220101039642505, -0.060466263742486176, 0.6150908875344123, 0.5868256341883512, -0.2056127514745834, -0.060466263742486176], [-0.5736465234936033, -0.5911162418202208, 0.29248883829032907, 0.2750191199637115, 0.47379260880557256, 0.45632289047895497, -0.07827189493981279, -0.09574161326643035, -0.15393790749354463, -0.1714076258201622, 0.6037493148845493, -0.09574161326643035], [-0.20737226880372164, 0.5852151476781751, -0.211714229910102, 0.5808731865717948, -0.17615119929274933, 0.6164362171891474, -0.5958769041427701, 0.1967105123391268, -0.17747072856287008, 0.6151166879190266, 0.20695204162660144, 0.1967105123391268]], "inverted": true, "swapped": false, "error_lsq": 0.055286550652675244, "error_max": 0.5706162436087524, "target": "77.xyz", "model": "2.xyz", "model_rescale": 4.5108708085295355, "target_rescale": 4.392213536166046},
{"mapping": [10, 9, 3, 2, 5, 4, 1, 11, 7, 6, 8, 13], "R": [[-0.8527053872686179, 0.5151902120927438, 0.08644401591151411], [0.520505156274409, 0.8519641988118434, 0.05684528331046454], [-0.04436107319294101, 0.09346683533065411, -0.9946336239432301]], "T": [-0.025081342177211793, 0.015088590561909284, 0.16523729105486565], "aligned_model": [[0.09087539658514095, 0.022284608648654988, -0.5636244353616117, -0.6322152232980977, 0.3191426229835092, 0.2505518350470233, 0.043435266938000025, -0.4880436385128437, 0.6686093267362913, 0.6000185387998053, -0.16932729486173087, -0.025155520998485906], [-0.5331620183944003, -0.5782670812680258, 0.3352257306537999, 0.2901206677801743, 0.5119373996590364, 0.46683233678541086, -0.024124085578763575, -0.40928042123743186, -0.11680551036617592, -0.16191057323980154, 0.63017205598148, -0.06922914845238919], [-0.254894304090314, 0.5343182660917885, -0.2621470714362514, 0.527065498745851, -0.17532600240355736, 0.613886567778545, -0.6288006519700976, 0.49962335158066884, -0.18088761164028164, 0.6083249585418207, 0.1878540555406093, 0.16041191821200462]], "inverted": false, "swapped": false, "error_lsq": 0.03761310581953089, "error_max": 0.3060341401729656, "target": "77.xyz", "model": "3.xyz", "model_rescale": 4.509807743048502, "target_rescale": 4.392213536166046},
{"mapping": [9, 10, 2, 3, 4, 5, 0, 12, 6, 7, 8, 13], "R": [[0.8527053872686179, -0.5151902120927438, 0.08644401591151452], [-0.5205051562744092, -0.8519641988118434, 0.056845283310464165], [0.04436107319294155, -0.09346683533065402, -0.9946336239432302]], "T": [-0.0250813421772118, 0.015088590561909303, 0.16523729105486562], "aligned_model": [[0.09087539658514107, 0.02228460864865482, -0.5636244353616116, -0.6322152232980978, 0.3191426229835093, 0.2505518350470231, 0.04343526693800035, -0.4880436385128438, 0.6686093267362914, 0.6000185387998052, -0.16932729486173087, -0.025155520998485906], [-0.5331620183944005, -0.5782670812680258, 0.3352257306537999, 0.29012066778017465, 0.5119373996590363, 0.46683233678541103, -0.02412408557876386, -0.4092804212374317, -0.11680551036617623, -0.16191057323980154, 0.6301720559814801, -0.06922914845238917], [-0.2548943040903136, 0.5343182660917887, -0.2621470714362516, 0.5270654987458506, -0.17532600240355728, 0.613886567778545, -0.6288006519700978, 0.4996233515806688, -0.18088761164028122, 0.608324958541821, 0.18785405554060888, 0.1604119182120045]], "inverted": true, "swapped": false, "error_lsq": 0.03761310581953089, "error_max": 0.3060341401729655, "target": "77.xyz", "model": "4.xyz", "model_rescale": 4.509807743048502, "target_rescale": 4.392213536166046},
{"mapping": [10, 9, 3, 2, 5, 4, 1, 11, 7, 6, 8, 13], "R": [[-0.8527053872686179, 0.5151902120927436, 0.08644401591151471], [0.520505156274409, 0.8519641988118434, 0.05684528331046475], [-0.04436107319294144, 0.0934668353306546, -0.9946336239432301]], "T": [-0.025081342177211807, 0.015088590561909273, 0.16523729105486568], "aligned_model": [[0.09087539658514127, 0.02228460864865485, -0.5636244353616114, -0.6322152232980979, 0.3191426229835093, 0.2505518350470229, 0.04343526693800051, -0.4880436385128438, 0.6686093267362915, 0.600018538799805, -0.16932729486173095, -0.02515552099848588], [-0.5331620183944001, -0.578267081268026, 0.33522573065379996, 0.29012066778017415, 0.5119373996590365, 0.4668323367854107, -0.024124085578763423, -0.409280421237432, -0.11680551036617585, -0.16191057323980163, 0.63017205598148, -0.06922914845238919], [-0.254894304090314, 0.5343182660917883, -0.26214707143625166, 0.5270654987458507, -0.17532600240355706, 0.6138865677785452, -0.6288006519700977, 0.49962335158066845, -0.18088761164028128, 0.6083249585418211, 0.18785405554060905, 0.16041191821200432]], "inverted": false, "swapped": false, "error_lsq": 0.03761310581953089, "error_max": 0.3060341401729652, "target": "77.xyz", "model": "5.xyz", "model_rescale": 4.509807743048502, "target_rescale": 4.392213536166046},
{"mapping": [10, 9, 3, 2, 5, 4, 1, 11, 7, 6, 8, 13], "R": [[-0.8527053609919508, 0.5151902522943294, 0.08644403551716176], [0.5205051996462721, 0.8519641702726808, 0.05684531390340865], [-0.04436106938275343, 0.09346687387779655, -0.9946336204908472]], "T": [-0.025081354059205467, 0.015088575029677321, 0.16523728929413156], "aligned_model": [[0.09087554030378808, 0.022284734428466707, -0.5636243859030663, -0.6322151917783876, 0.319142710301019, 0.2505519044256976, 0.04343521181987695, -0.48804375005942074, 0.668609281213171, 0.6000184753378497, -0.16932745332789462, -0.025155594055444416], [-0.5331617605719082, -0.5782668492867488, 0.3352258620758609, 0.2901207733610204, 0.511937490885626, 0.4668324021707855, -0.024124172482542748, -0.4092805349715946, -0.11680564683479398, -0.16191073554963456, 0.6301717847242264, -0.0692292611973833], [-0.2548943065946121, 0.5343182882594482, -0.2621470755732013, 0.5270655192808591, -0.1753259824101675, 0.6138866124438929, -0.6288006918870936, 0.49962332838182477, -0.1808876286750612, 0.6083249661789991, 0.18785404257893082, 0.16041190296696659]], "inverted": false, "swapped": false, "error_lsq": 0.0376131167803467, "error_max": 0.30603410497027606, "target": "77.xyz", "model": "6.xyz", "model_rescale": 4.509807586411629, "target_rescale": 4.392213536166046},
{"mapping": [10, 9, 3, 2, 5, 4, 1, 11, 7, 6, 8, 13], "R": [[-0.8527053609919508, 0.5151902522943295, 0.08644403551716102], [0.5205051996462722, 0.8519641702726808, 0.056845313903408766], [-0.04436106938275271, 0.09346687387779626, -0.9946336204908474]], "T": [-0.02508135405920544, 0.015088575029677321, 0.16523728929413156], "aligned_model": [[0.09087554030378775, 0.02228473442846697, -0.5636243859030665, -0.6322151917783874, 0.31914271030101876, 0.250551904425698, 0.04343521181987641, -0.4880437500594204, 0.6686092812131708, 0.6000184753378499, -0.16932745332789456, -0.025155594055444402], [-0.5331617605719082, -0.5782668492867488, 0.335225862075861, 0.2901207733610204, 0.5119374908856261, 0.4668324021707854, -0.024124172482542658, -0.4092805349715946, -0.11680564683479401, -0.16191073554963467, 0.6301717847242264, -0.06922926119738332], [-0.2548943065946121, 0.534318288259448, -0.26214707557320066, 0.5270655192808595, -0.17532598241016756, 0.6138866124438926, -0.6288006918870939, 0.49962332838182505, -0.18088762867506153, 0.6083249661789987, 0.18785404257893112, 0.16041190296696667]], "inverted": false, "swapped": false, "error_lsq": 0.0376131167803467, "error_max": 0.3060341049702764, "target": "77.xyz", "model": "7.xyz", "model_rescale": 4.509807586411629, "target_rescale": 4.392213536166046},
{"mapping": [10, 9, 3, 2, 5, 4, 1, 11, 7, 6, 8, 13], "R": [[-0.8527053609919508, 0.5151902522943295, 0.0864440355171614], [0.5205051996462722, 0.8519641702726808, 0.05684531390340884], [-0.044361069382753, 0.09346687387779652, -0.9946336204908474]], "T": [-0.025081354059205467, 0.015088575029677313, 0.16523728929413165], "aligned_model": [[0.09087554030378789, 0.022284734428466797, -0.5636243859030664, -0.6322151917783875, 0.3191427103010189, 0.2505519044256978, 0.04343521181987666, -0.48804375005942063, 0.6686092812131709, 0.6000184753378498, -0.16932745332789456, -0.0251555940554444], [-0.5331617605719081, -0.5782668492867489, 0.3352258620758611, 0.2901207733610204, 0.5119374908856261, 0.46683240217078537, -0.02412417248254262, -0.40928053497159467, -0.116805646834794, -0.1619107355496347, 0.6301717847242264, -0.06922926119738332], [-0.2548943065946122, 0.5343182882594482, -0.26214707557320105, 0.5270655192808593, -0.17532598241016753, 0.6138866124438929, -0.6288006918870936, 0.4996233283818249, -0.18088762867506145, 0.6083249661789989, 0.1878540425789308, 0.16041190296696636]], "inverted": false, "swapped": false, "error_lsq": 0.037613116780346706, "error_max": 0.30603410497027617, "target": "77.xyz", "model": "8.xyz", "model_rescale": 4.509807586411629, "target_rescale": 4.392213536166046},
{"mapping": [12, 11, 3, 2, 7, 6, 1, 9, 5, 4, 8, 13], "R": [[0.8527054194716858, -0.5151901497598977, 0.08644406974449295], [-0.5205050994592607, -0.8519642329107792, 0.05684529248454019], [0.044361120821297395, -0.09346686809304107, -0.9946336187402659]], "T": [-0.025081313318087335, 0.01508856819341688, 0.16523729219061903], "aligned_model": [[0.0908755496675211, 0.022284715387588735, -0.5636243744974633, -0.6322152087773957, 0.31914259947350265, 0.25055176519357025, 0.043435101852386714, -0.4880435680502691, 0.6686093640403197, 0.6000185297603873, -0.16932725891694725, -0.025155732427545652], [-0.533161966126885, -0.5782670386659966, 0.33522578515990875, 0.2901207126207971, 0.5119373332781832, 0.4668322607390716, -0.024124081771344102, -0.4092804036707229, -0.11680558664262695, -0.1619106591817386, 0.6301721508947223, -0.06922915431045575], [-0.2548943099723753, 0.5343182978318662, -0.26214711265717694, 0.5270654951470646, -0.17532600800395606, 0.6138865998002855, -0.6288007092034047, 0.49962335249359036, -0.1808875994348713, 0.6083250083693702, 0.18785406197955648, 0.1604118986008367]], "inverted": false, "swapped": false, "error_lsq": 0.03761311701438741, "error_max": 0.3060341552021028, "target": "77.xyz", "model": "9.xyz", "model_rescale": 4.509807504472865, "target_rescale": 4.392213536166046},
{"mapping": [12, 11, 3, 2, 7, 6, 1, 9, 5, 4, 8, 13], "R": [[0.8527054194716859, -0.5151901497598974, 0.08644406974449206], [-0.5205050994592604, -0.8519642329107793, 0.05684529248453958], [0.04436112082129698, -0.09346686809304007, -0.9946336187402658]], "T": [-0.0250813133180873, 0.015088568193416892, 0.16523729219061903], "aligned_model": [[0.09087554966752097, 0.02228471538758932, -0.5636243744974636, -0.6322152087773953, 0.3191425994735021, 0.2505517651935705, 0.043435101852386096, -0.4880435680502685, 0.6686093640403195, 0.6000185297603877, -0.16932725891694742, -0.02515573242754559], [-0.5331619661268852, -0.5782670386659963, 0.3352257851599083, 0.2901207126207972, 0.511937333278183, 0.46683226073907197, -0.024124081771344563, -0.40928040367072266, -0.11680558664262697, -0.16191065918173814, 0.6301721508947222, -0.06922915431045573], [-0.25489430997237483, 0.5343182978318664, -0.2621471126571764, 0.5270654951470648, -0.17532600800395645, 0.6138865998002847, -0.6288007092034048, 0.4996233524935909, -0.1808875994348715, 0.6083250083693696, 0.1878540619795563, 0.16041189860083685]], "inverted": false, "swapped": false, "error_lsq": 0.0376131170143874, "error_max": 0.3060341552021034, "target": "77.xyz", "model": "10.xyz", "model_rescale": 4.509807504472865, "target_rescale": 4.392213536166046},
{"mapping": [11, 12, 2, 3, 6, 7, 0, 10, 4, 5, 8, 13], "R": [[-0.8527054194716859, 0.5151901497598975, 0.08644406974449291], [0.5205050994592605, 0.8519642329107793, 0.05684529248453952], [-0.044361120821297714, 0.09346686809304047, -0.9946336187402658]], "T": [-0.02508131331808732, 0.015088568193416902, 0.1652372921906189], "aligned_model": [[0.09087554966752123, 0.022284715387588895, -0.5636243744974633, -0.6322152087773957, 0.31914259947350243, 0.2505517651935701, 0.04343510185238673, -0.488043568050269, 0.6686093640403199, 0.6000185297603875, -0.16932725891694744, -0.025155732427545634], [-0.5331619661268853, -0.5782670386659964, 0.33522578515990836, 0.29012071262079725, 0.511937333278183, 0.46683226073907197, -0.024124081771344612, -0.40928040367072266, -0.11680558664262704, -0.16191065918173816, 0.6301721508947223, -0.06922915431045573], [-0.25489430997237483, 0.5343182978318666, -0.26214711265717705, 0.5270654951470644, -0.1753260080039563, 0.613886599800285, -0.6288007092034047, 0.4996233524935906, -0.1808875994348711, 0.6083250083693702, 0.18785406197955623, 0.16041189860083693]], "inverted": true, "swapped": false, "error_lsq": 0.03761311701438741, "error_max": 0.30603415520210303, "target": "77.xyz", "model": "11.xyz", "model_rescale": 4.509807504472865, "target_rescale": 4.392213536166046},
{"mapping": [12, 11, 3, 2, 7, 6, 1, 9, 5, 4, 8, 13], "R": [[0.8527053536101349, -0.5151902618184383, 0.08644405157131099], [-0.5205052087228357, -0.8519641676394827, 0.05684527025848682], [0.04436110477672678, -0.09346684538279951, -0.994633621589968]], "T": [-0.025081378901291355, 0.015088463577964669, 0.1652372794304783], "aligned_model": [[0.09087551024750795, 0.02228469437299592, -0.5636243785335608, -0.632215194408073, 0.3191426833521421, 0.25055186747763003, 0.04343512112895135, -0.4880437670247629, 0.6686093465397559, 0.6000185306652438, -0.16932723636661426, -0.02515569474556069], [-0.5331618695860938, -0.5782669218686127, 0.3352257264936175, 0.29012067421109855, 0.5119373405983075, 0.46683228831578866, -0.024124012874663352, -0.40928060921841924, -0.1168055878335558, -0.16191064011607473, 0.6301720293587028, -0.06922906515718227], [-0.25489427444890833, 0.5343182897585556, -0.2621470903545353, 0.5270654738529285, -0.17532599461613255, 0.6138865695913313, -0.6288006564183336, 0.4996233161786092, -0.18088758766376642, 0.6083249765436974, 0.18785404473820994, 0.16041190778913006]], "inverted": false, "swapped": false, "error_lsq": 0.037613115264051776, "error_max": 0.3060340976070966, "target": "77.xyz", "model": "12.xyz", "model_rescale": 4.509807766519439, "target_rescale": 4.392213536166046},
{"mapping": [12, 11, 3, 2, 7, 6, 1, 9, 5, 4, 8, 13], "R": [[0.8527053536101354, -0.5151902618184383, 0.08644405157131119], [-0.5205052087228357, -0.8519641676394831, 0.056845270258486895], [0.044361104776726945, -0.09346684538279965, -0.9946336215899685]], "T": [-0.02508137890129137, 0.015088463577964655, 0.16523727943047825], "aligned_model": [[0.09087551024750817, 0.022284694372995996, -0.5636243785335612, -0.6322151944080733, 0.31914268335214213, 0.2505518674776299, 0.04343512112895153, -0.4880437670247631, 0.6686093465397562, 0.6000185306652441, -0.16932723636661448, -0.02515569474556069], [-0.533161869586094, -0.578266921868613, 0.3352257264936175, 0.29012067421109855, 0.5119373405983079, 0.46683228831578893, -0.024124012874663318, -0.4092806092184196, -0.1168055878335557, -0.1619106401160747, 0.630172029358703, -0.06922906515718232], [-0.25489427444890833, 0.5343182897585556, -0.26214709035453543, 0.5270654738529285, -0.17532599461613244, 0.6138865695913315, -0.6288006564183342, 0.4996233161786092, -0.18088758766376625, 0.6083249765436977, 0.18785404473821, 0.1604119077891301]], "inverted": false, "swapped": false, "error_lsq": 0.037613115264051776, "error_max": 0.3060340976070966, "target": "77.xyz", "model": "13.xyz", "model_rescale": 4.509807766519439, "target_rescale": 4.392213536166046},
{"mapping": [11, 12, 2, 3, 6, 7, 0, 10, 4, 5, 8, 13], "R": [[-0.8527053536101354, 0.5151902618184379, 0.08644405157131194], [0.5205052087228352, 0.8519641676394833, 0.05684527025848696], [-0.04436110477672758, 0.09346684538280009, -0.9946336215899683]], "T": [-0.02508137890129137, 0.015088463577964648, 0.16523727943047808], "aligned_model": [[0.0908755102475087, 0.022284694372995906, -0.5636243785335608, -0.6322151944080736, 0.31914268335214213, 0.25055186747762936, 0.04343512112895214, -0.4880437670247631, 0.6686093465397565, 0.6000185306652437, -0.1693272363666147, -0.02515569474556067], [-0.5331618695860939, -0.578266921868613, 0.33522572649361726, 0.2901206742110982, 0.511937340598308, 0.466832288315789, -0.02412401287466329, -0.4092806092184198, -0.11680558783355535, -0.1619106401160744, 0.630172029358703, -0.06922906515718234], [-0.25489427444890833, 0.5343182897585557, -0.262147090354536, 0.527065473852928, -0.17532599461613227, 0.6138865695913317, -0.628800656418334, 0.4996233161786088, -0.18088758766376586, 0.6083249765436981, 0.18785404473820994, 0.16041190778913011]], "inverted": true, "swapped": false, "error_lsq": 0.03761311526405176, "error_max": 0.30603409760709616, "target": "77.xyz", "model": "14.xyz", "model_rescale": 4.509807766519439, "target_rescale": 4.392213536166046},
{"mapping": [10, 9, 3, 2, 7, 6, 1, 11, 5, 4, 8, 11], "R": [[0.8557789665816825, -0.5161131762440809, 0.03563074043061831], [-0.5169880505420006, -0.8557092884118003, 0.022022019038964478], [0.019123701345962373, -0.03726664772980056, -0.9991223553768646]], "T": [-0.028935093421157354, 0.04094050918581155, 0.20084764310260536], "aligned_model": [[0.03602697175635447, 0.007761686073294451, -0.6210527389108915, -0.6493180245939516, 0.2641146784681705, 0.23584939278511052, -0.03220114148693537, -0.06046642716999538, 0.6150908708369671, 0.586825585153907, -0.20561294303637945, -0.06046642716999538], [-0.5736464070354568, -0.591116115829923, 0.29248870707403796, 0.27501899827957166, 0.4737926276292567, 0.4563229188347904, -0.07827181990581877, -0.09574152870028504, -0.1539381223019556, -0.17140783109642188, 0.6037494540754029, -0.09574152870028504], [-0.20737227833436375, 0.5852152027495602, -0.21171428171005555, 0.5808731993738684, -0.1761512211045528, 0.6164362599793711, -0.5958769681201881, 0.19671051296373565, -0.17747073608849287, 0.615116744995431, 0.2069520272827369, 0.19671051296373565]], "inverted": false, "swapped": false, "error_lsq": 0.05528654319918391, "error_max": 0.5706161424819648, "target": "77.xyz", "model": "15.xyz", "model_rescale": 4.510870436145588, "target_rescale": 4.392213536166046},
{"mapping": [9, 10, 2, 3, 6, 7, 0, 11, 4, 5, 8, 11], "R": [[-0.8557789665816825, 0.5161131762440812, 0.035630740430617806], [0.516988050542001, 0.8557092884118002, 0.022022019038964773], [-0.019123701345961773, 0.03726664772980055, -0.9991223553768647]], "T": [-0.02893509342115732, 0.04094050918581154, 0.20084764310260533], "aligned_model": [[0.036026971756354186, 0.0077616860732945755, -0.6210527389108916, -0.6493180245939513, 0.2641146784681705, 0.23584939278511083, -0.03220114148693576, -0.06046642716999537, 0.6150908708369669, 0.5868255851539073, -0.20561294303637934, -0.06046642716999537], [-0.573646407035457, -0.5911161158299234, 0.29248870707403835, 0.2750189982795718, 0.4737926276292568, 0.45632291883479026, -0.07827181990581855, -0.09574152870028504, -0.1539381223019558, -0.17140783109642233, 0.6037494540754029, -0.09574152870028504], [-0.20737227833436384, 0.5852152027495598, -0.21171428171005502, 0.5808731993738687, -0.17615122110455267, 0.6164362599793711, -0.5958769681201883, 0.19671051296373548, -0.17747073608849312, 0.6151167449954307, 0.20695202728273704, 0.19671051296373548]], "inverted": true, "swapped": false, "error_lsq": 0.055286543199183906, "error_max": 0.5706161424819648, "target": "77.xyz", "model": "16.xyz", "model_rescale": 4.510870436145588, "target_rescale": 4.392213536166046},
{"mapping": [10, 9, 3, 2, 7, 6, 1, 11, 5, 4, 8, 11], "R": [[0.8557789665816826, -0.5161131762440805, 0.03563074043061857], [-0.5169880505420001, -0.8557092884118004, 0.022022019038965137], [0.019123701345962273, -0.03726664772980125, -0.9991223553768644]], "T": [-0.028935093421157382, 0.04094050918581148, 0.20084764310260544], "aligned_model": [[0.03602697175635476, 0.007761686073294541, -0.6210527389108914, -0.6493180245939517, 0.2641146784681704, 0.23584939278511016, -0.032201141486935134, -0.06046642716999534, 0.6150908708369671, 0.5868255851539068, -0.2056129430363797, -0.06046642716999534], [-0.5736464070354566, -0.5911161158299234, 0.2924887070740379, 0.27501899827957105, 0.473792627629257, 0.4563229188347902, -0.07827181990581832, -0.09574152870028511, -0.15393812230195514, -0.17140783109642194, 0.6037494540754026, -0.09574152870028511], [-0.207372278334364, 0.5852152027495598, -0.2117142817100554, 0.5808731993738684, -0.17615122110455234, 0.6164362599793715, -0.5958769681201881, 0.19671051296373535, -0.17747073608849268, 0.6151167449954311, 0.206952027282737, 0.19671051296373535]], "inverted": false, "swapped": false, "error_lsq": 0.05528654319918391, "error_max": 0.5706161424819648, "target": "77.xyz", "model": "17.xyz", "model_rescale": 4.510870436145588, "target_rescale": 4.392213536166046},
{"mapping": [8, 7, 4, 3, 1, 0, 2, 5, 10, 9, 11, 12], "R": [[-0.5301526812777212, 0.843633974897729, -0.08496970596807613], [-0.8428969103066543, -0.5352427454557208, -0.05513621344016071], [-0.09199420160825075, 0.04239009123935431, 0.9948568475088162]], "T": [-0.03335605890734375, 0.019702742758624783, -0.03616865487804269], "aligned_model": [[0.16841376439691885, 0.10033154058506025, -0.5115076208053654, -0.579589844617224, 0.3669056871809615, 0.2988234633691029, 0.0559730331389582, -0.6107876813841372, 0.5533838699168449, 0.4853016461049863, -0.19858718450755028, -0.012109190672900422], [-0.521837695541861, -0.5660157467755766, 0.3213287302393027, 0.27715067900558693, 0.5554524620449058, 0.5112744108111902, -0.02337434880600542, -0.4473280983203268, -0.14131053121784876, -0.18548858245156447, 0.6292104733748319, -0.06755240003972116], [-0.25029734446444274, 0.5468345954566258, -0.2616393945220491, 0.5354925453990195, -0.17363958151829118, 0.6234923584027774, -0.6349729168889551, 0.4926764481654369, -0.19632814903806317, 0.6008037908830054, 0.18484760004360917, 0.16215902303211355]], "inverted": true, "swapped": false, "error_lsq": 0.03679099288827663, "error_max": 0.3025471788695997, "target": "77.xyz", "model": "18.xyz", "model_rescale": 4.466005644533647, "target_rescale": 4.392213536166046},
{"mapping": [8, 9, 0, 1, 4, 5, 2, 11, 6, 7, 12, 13], "R": [[0.8527053418705253, -0.5151902777068773, 0.08644407268160004], [-0.5205052279984945, -0.8519641537402411, 0.05684530207423097], [0.04436110426608489, -0.09346688449919502, -0.9946336179369308]], "T": [-0.025081351634436796, 0.015088510373404812, 0.16523728382162373], "aligned_model": [[0.09087553591396799, 0.022284702453507672, -0.5636243425915236, -0.632215176051984, 0.31914273199242593, 0.2505518985319656, 0.04343505008200445, -0.4880437609430457, 0.6686093864411977, 0.6000185529807374, -0.16932731272514234, -0.025155783378455886], [-0.5331618176865105, -0.5782668957633451, 0.33522580286110354, 0.2901207247842689, 0.5119373977809761, 0.4668323197041415, -0.024124130061028683, -0.409280569243164, -0.116805545407384, -0.1619106234842186, 0.6301718969759378, -0.0692292081378633], [-0.25489429138318326, 0.5343182795396653, -0.2621470911377687, 0.5270654797850798, -0.17532597068477646, 0.6138866002380721, -0.6288006823779578, 0.4996233010254011, -0.18088757805040334, 0.6083249928724451, 0.18785404657932117, 0.16041188854489072]], "inverted": true, "swapped": false, "error_lsq": 0.03761312207229404, "error_max": 0.3060340798660443, "target": "77.xyz", "model": "19.xyz", "model_rescale": 4.509807711582247, "target_rescale": 4.392213536166046},
{"mapping": [9, 8, 1, 0, 5, 4, 3, 10, 7, 6, 12, 13], "R": [[-0.8527053418705255, 0.5151902777068769, 0.08644407268160001], [0.5205052279984939, 0.8519641537402414, 0.056845302074231344], [-0.04436110426608472, 0.09346688449919531, -0.9946336179369305]], "T": [-0.025081351634436796, 0.01508851037340479, 0.16523728382162367], "aligned_model": [[0.09087553591396828, 0.022284702453507978, -0.5636243425915236, -0.632215176051984, 0.3191427319924256, 0.25055189853196524, 0.04343505008200445, -0.48804376094304536, 0.6686093864411976, 0.6000185529807373, -0.16932731272514268, -0.025155783378455844], [-0.5331618176865103, -0.5782668957633452, 0.33522580286110315, 0.2901207247842682, 0.5119373977809762, 0.46683231970414135, -0.024124130061028388, -0.4092805692431643, -0.11680554540738337, -0.16191062348421828, 0.6301718969759373, -0.06922920813786329], [-0.2548942913831834, 0.5343182795396649, -0.2621470911377685, 0.5270654797850798, -0.17532597068477623, 0.6138866002380721, -0.6288006823779575, 0.49962330102540087, -0.18088757805040334, 0.608324992872445, 0.18785404657932134, 0.16041188854489064]], "inverted": false, "swapped": false, "error_lsq": 0.03761312207229404, "error_max": 0.3060340798660442, "target": "77.xyz", "model": "20.xyz", "model_rescale": 4.509807711582248, "target_rescale": 4.392213536166046},
{"mapping": [7, 8, 3, 4, 0, 1, 2, 6, 9, 10, 11, 12], "R": [[0.5301526812777212, -0.843633974897729, -0.08496970596807644], [0.8428969103066543, 0.5352427454557208, -0.0551362134401609], [0.0919942016082511, -0.042390091239354485, 0.9948568475088162]], "T": [-0.03335605890734371, 0.019702742758624797, -0.03616865487804277], "aligned_model": [[0.16841376439691896, 0.10033154058506012, -0.5115076208053654, -0.5795898446172243, 0.3669056871809617, 0.29882346336910287, 0.05597303313895845, -0.6107876813841374, 0.5533838699168451, 0.4853016461049863, -0.1985871845075503, -0.012109190672900439], [-0.521837695541861, -0.5660157467755769, 0.32132873023930275, 0.2771506790055869, 0.5554524620449062, 0.5112744108111902, -0.0233743488060053, -0.44732809832032694, -0.14131053121784873, -0.18548858245156458, 0.6292104733748318, -0.0675524000397212], [-0.25029734446444274, 0.5468345954566256, -0.26163939452204915, 0.5354925453990192, -0.17363958151829084, 0.6234923584027775, -0.6349729168889552, 0.49267644816543654, -0.19632814903806295, 0.6008037908830054, 0.18484760004360926, 0.16215902303211355]], "inverted": false, "swapped": false, "error_lsq": 0.03679099288827663, "error_max": 0.3025471788695994, "target": "77.xyz", "model": "21.xyz", "model_rescale": 4.466005644533646, "target_rescale": 4.392213536166046},
{"mapping": [8, 7, 4, 3, 1, 0, 2, 5, 10, 9, 11, 12], "R": [[-0.5301527371555952, 0.8436339371732517, -0.08496973188134975], [-0.8428968744799705, -0.5352428031511585, -0.05513620105508718], [-0.09199420785205518, 0.042390113522475126, 0.9948568459819858]], "T": [-0.03335605603150327, 0.01970274451642742, -0.03616865716150752], "aligned_model": [[0.16841383089390397, 0.10033158577127144, -0.5115075015835502, -0.5795897467061828, 0.36690582760111173, 0.2988235824784792, 0.05597295263917372, -0.6107876325579299, 0.5533837755590436, 0.4853015304364111, -0.19858742934261758, -0.01210929248345884], [-0.5218377733390996, -0.5660158150046298, 0.3213287058743539, 0.2771506642088237, 0.5554523797780019, 0.5112743381124717, -0.023374297549326278, -0.447328117082976, -0.14131051220568072, -0.1854885538712109, 0.6292106726170418, -0.06755233921485645], [-0.25029733567427004, 0.5468346094359553, -0.2616394064915629, 0.5354925386186624, -0.17363957478560815, 0.6234923703246172, -0.6349729264653674, 0.49267644511377995, -0.19632814324802517, 0.6008038018622002, 0.18484757761554635, 0.16215901864485802]], "inverted": true, "swapped": false, "error_lsq": 0.036790995104252384, "error_max": 0.3025471719262292, "target": "77.xyz", "model": "22.xyz", "model_rescale": 4.46600560860683, "target_rescale": 4.392213536166046},
{"mapping": [9, 8, 1, 0, 5, 4, 3, 10, 7, 6, 12, 13], "R": [[-0.8527053766122259, 0.5151902226569547, 0.08644405806809446], [0.5205051705613968, 0.8519641904214931, 0.056845278241042685], [-0.04436111039473331, 0.09346685357990786, -0.9946336205691113]], "T": [-0.02508134119978244, 0.015088524590118198, 0.16523728656891123], "aligned_model": [[0.0908755216768613, 0.022284699245877296, -0.5636244194603891, -0.632215241891373, 0.3191426517257111, 0.2505518292947271, 0.04343511210201998, -0.48804366562442286, 0.6686093503773842, 0.6000185279464003, -0.16932717235817696, -0.025155710328964007], [-0.5331619072885705, -0.5782669668266112, 0.3352256771328446, 0.29012061759480406, 0.511937334186565, 0.46683227464852445, -0.02412404077007963, -0.40928048461538424, -0.11680559135436416, -0.16191065089240472, 0.6301721908157099, -0.0692291003081202], [-0.2548942874593173, 0.5343182920635183, -0.26214710589471557, 0.5270654736281201, -0.17532599961996842, 0.6138865799028672, -0.6288006754043381, 0.4996233345507948, -0.18088759218928618, 0.6083249873335494, 0.1878540639210643, 0.1604119041184974]], "inverted": false, "swapped": false, "error_lsq": 0.03761311629822763, "error_max": 0.3060341246042699, "target": "77.xyz", "model": "23.xyz", "model_rescale": 4.509807674373902, "target_rescale": 4.392213536166046},
{"mapping": [9, 8, 1, 0, 5, 4, 3, 10, 7, 6, 12, 13], "R": [[-0.8527053766122257, 0.5151902226569547, 0.08644405806809446], [0.5205051705613968, 0.8519641904214929, 0.056845278241042546], [-0.04436111039473338, 0.09346685357990775, -0.9946336205691111]], "T": [-0.025081341199782434, 0.015088524590118198, 0.16523728656891118], "aligned_model": [[0.09087552167686126, 0.022284699245877247, -0.5636244194603888, -0.6322152418913727, 0.31914265172571105, 0.250551829294727, 0.04343511210201996, -0.48804366562442275, 0.6686093503773838, 0.6000185279463999, -0.16932717235817685, -0.025155710328964027], [-0.5331619072885703, -0.5782669668266107, 0.33522567713284457, 0.2901206175948041, 0.5119373341865647, 0.4668322746485243, -0.02412404077007972, -0.40928048461538397, -0.11680559135436425, -0.1619106508924047, 0.6301721908157096, -0.06922910030812017], [-0.2548942874593173, 0.5343182920635183, -0.2621471058947157, 0.52706547362812, -0.1753259996199686, 0.613886579902867, -0.6288006754043378, 0.4996233345507948, -0.18088759218928624, 0.6083249873335494, 0.18785406392106435, 0.16041190411849754]], "inverted": false, "swapped": false, "error_lsq": 0.03761311629822763, "error_max": 0.3060341246042699, "target": "77.xyz", "model": "24.xyz", "model_rescale": 4.509807674373903, "target_rescale": 4.392213536166046},
{"mapping": [7, 8, 3, 4, 0, 1, 2, 6, 9, 10, 11, 12], "R": [[0.5301527371555951, -0.843633937173252, -0.08496973188134979], [0.8428968744799707, 0.5352428031511584, -0.055136201055087236], [0.09199420785205525, -0.042390113522475154, 0.9948568459819859]], "T": [-0.03335605603150328, 0.019702744516427406, -0.036168657161507606], "aligned_model": [[0.16841383089390422, 0.10033158577127164, -0.5115075015835504, -0.5795897467061829, 0.3669058276011117, 0.2988235824784791, 0.05597295263917375, -0.6107876325579299, 0.5533837755590438, 0.48530153043641133, -0.19858742934261775, -0.012109292483458847], [-0.5218377733390998, -0.5660158150046299, 0.3213287058743539, 0.2771506642088237, 0.5554523797780022, 0.511274338112472, -0.023374297549326285, -0.4473281170829764, -0.14131051220568067, -0.18548855387121088, 0.6292106726170419, -0.06755233921485651], [-0.25029733567427, 0.5468346094359553, -0.2616394064915629, 0.5354925386186624, -0.17363957478560804, 0.6234923703246172, -0.6349729264653676, 0.49267644511377995, -0.19632814324802508, 0.6008038018622002, 0.1848475776155464, 0.16215901864485804]], "inverted": false, "swapped": false, "error_lsq": 0.036790995104252384, "error_max": 0.30254717192622926, "target": "77.xyz", "model": "25.xyz", "model_rescale": 4.466005608606829, "target_rescale": 4.392213536166046},
{"mapping": [8, 7, 4, 3, 1, 0, 2, 5, 10, 9, 11, 12], "R": [[-0.5301526164965883, 0.8436340147560997, -0.08496971441829299], [-0.842896950083968, -0.5352426818930852, -0.05513622238639845], [-0.09199421047525916, 0.04239010057079803, 0.9948568462912799]], "T": [-0.03335603441512591, 0.01970277178161598, -0.03616864455981286], "aligned_model": [[0.16841376437466327, 0.10033153674306938, -0.5115075361394796, -0.5795897637710734, 0.3669057149867208, 0.2988234873551269, 0.055973005246915716, -0.6107876626736776, 0.553383823804832, 0.4853015961732381, -0.19858726101000176, -0.012109222384678188], [-0.5218377216406704, -0.5660157781276864, 0.32132880504361094, 0.277150748556595, 0.5554525927724601, 0.5112745362854441, -0.02337440401724091, -0.44732818834849114, -0.141310544893661, -0.18548860138067694, 0.6292103685774867, -0.06755246050425687], [-0.2502973339854615, 0.546834570408354, -0.2616393694246645, 0.5354925349691511, -0.17363954850372695, 0.6234923558900887, -0.63497288989223, 0.4926764167522857, -0.1963281350492298, 0.6008037693445858, 0.18484758994004757, 0.16215901450158568]], "inverted": true, "swapped": false, "error_lsq": 0.036790994431432245, "error_max": 0.3025471671240517, "target": "77.xyz", "model": "26.xyz", "model_rescale": 4.466005838112752, "target_rescale": 4.392213536166046},
{"mapping": [8, 9, 0, 1, 4, 5, 2, 11, 6, 7, 12, 13], "R": [[0.852705311622863, -0.5151903297184026, 0.08644406107304284], [-0.520505279225651, -0.8519641219184005, 0.05684530993878119], [0.044361084616850045, -0.09346688787187003, -0.9946336184963608]], "T": [-0.02508138209771983, 0.015088531829227411, 0.16523728134647597], "aligned_model": [[0.09087555642982383, 0.022284734940612082, -0.5636244333459695, -0.6322152548351812, 0.3191426175180996, 0.2505517960288879, 0.043435097108607476, -0.4880436984051195, 0.6686094095530821, 0.6000185880638704, -0.16932720597045336, -0.025155724380604275], [-0.5331618332730386, -0.5782669157750655, 0.33522590671516467, 0.29012082421313773, 0.5119374409562718, 0.46683235845424487, -0.02412415842759852, -0.4092805652901845, -0.11680561303107971, -0.16191069553310666, 0.6301718442437932, -0.06922924092962549], [-0.2548942809454418, 0.5343182586621813, -0.2621470690351135, 0.5270654705725097, -0.1753259630660589, 0.6138865765415642, -0.6288006495262467, 0.4996232914411047, -0.18088757385341303, 0.6083249657542101, 0.187854058324113, 0.16041189008137655]], "inverted": true, "swapped": false, "error_lsq": 0.03761312405047482, "error_max": 0.3060340844567894, "target": "77.xyz", "model": "27.xyz", "model_rescale": 4.509807893063789, "target_rescale": 4.392213536166046},
{"mapping": [9, 8, 1, 0, 5, 4, 3, 10, 7, 6, 12, 13], "R": [[-0.8527053116228634, 0.5151903297184018, 0.08644406107304267], [0.5205052792256503, 0.851964121918401, 0.05684530993878087], [-0.04436108461685016, 0.09346688787186963, -0.9946336184963608]], "T": [-0.025081382097719804, 0.01508853182922739, 0.16523728134647594], "aligned_model": [[0.0908755564298243, 0.022284734940612658, -0.5636244333459696, -0.6322152548351813, 0.319142617518099, 0.25055179602888744, 0.04343509710860742, -0.4880436984051191, 0.6686094095530821, 0.6000185880638704, -0.16932720597045386, -0.025155724380604177], [-0.5331618332730385, -0.5782669157750652, 0.3352259067151639, 0.2901208242131372, 0.5119374409562718, 0.46683235845424503, -0.024124158427598776, -0.40928056529018464, -0.11680561303107925, -0.16191069553310597, 0.6301718442437929, -0.06922924092962549], [-0.25489428094544164, 0.5343182586621817, -0.26214706903511364, 0.5270654705725097, -0.17532596306605921, 0.6138865765415642, -0.6288006495262466, 0.49962329144110507, -0.18088757385341311, 0.6083249657542102, 0.18785405832411273, 0.16041189008137655]], "inverted": false, "swapped": false, "error_lsq": 0.037613124050474823, "error_max": 0.30603408445678987, "target": "77.xyz", "model": "28.xyz", "model_rescale": 4.5098078930637895, "target_rescale": 4.392213536166046},
{"mapping": [7, 8, 3, 4, 0, 1, 2, 6, 9, 10, 11, 12], "R": [[0.5301526164965881, -0.8436340147560999, -0.08496971441829279], [0.8428969500839683, 0.535242681893085, -0.05513622238639838], [0.09199421047525899, -0.04239010057079793, 0.99485684629128]], "T": [-0.03335603441512595, 0.019702771781615946, -0.03616864455981286], "aligned_model": [[0.16841376437466332, 0.1003315367430696, -0.5115075361394799, -0.5795897637710735, 0.3669057149867206, 0.2988234873551269, 0.05597300524691557, -0.6107876626736773, 0.553383823804832, 0.48530159617323826, -0.19858726101000196, -0.012109222384678167], [-0.5218377216406704, -0.5660157781276863, 0.3213288050436107, 0.27715074855659483, 0.5554525927724602, 0.5112745362854443, -0.023374404017240967, -0.4473281883484913, -0.14131054489366088, -0.18548860138067677, 0.6292103685774867, -0.06755246050425688], [-0.2502973339854613, 0.5468345704083539, -0.26163936942466426, 0.5354925349691511, -0.1736395485037269, 0.6234923558900884, -0.6349728898922299, 0.4926764167522857, -0.19632813504922972, 0.6008037693445856, 0.1848475899400476, 0.16215901450158576]], "inverted": false, "swapped": false, "error_lsq": 0.03679099443143224, "error_max": 0.3025471671240517, "target": "77.xyz", "model": "29.xyz", "model_rescale": 4.466005838112752, "target_rescale": 4.392213536166046},
