[{"mapping": [10, 9, 3, 2, 5, 4, 0, 11, 7, 6, 8, 11], "R": [[-0.8557789698010159, 0.5161131744073005, -0.03563068971450488], [0.5169880469498666, 0.8557092903991464, -0.022022026145471565], [0.019123654391211237, -0.037266627534681275, -0.9991223570288661]], "T": [-0.028935346495597362, 0.04094041340200425, -0.20084763378693501], "aligned_model": [[0.007761489844334321, 0.03602673296175964, -0.6493182458689342, -0.6210530027515089, 0.2358492891646713, 0.2641145322820966, -0.0322010923587351, -0.06046633547616042, 0.5868255696405473, 0.6150908127579726, -0.2056128418863127, -0.06046633547616042], [-0.5911163141046997, -0.5736466011149269, 0.2750190299818008, 0.2924887429715736, 0.4563228245662333, 0.47379253755600614, -0.0782719773837098, -0.09574169037348262, -0.1714076823078677, -0.15393796931809486, 0.6037492339543563, -0.09574169037348262], [-0.5852151534355603, 0.20737226352874125, -0.5808731937572693, 0.21171422320703223, -0.6164362120810806, 0.17615120488322092, 0.5958769018381995, -0.19671051512610185, -0.6151166833180319, 0.1774707336462696, -0.20695204082016413, -0.19671051512610185]], "inverted": false, "swapped": false, "error_lsq": 0.05528654381301388, "error_max": 0.570616303056796, "target": "78.xyz", "model": "0.xyz", "model_rescale": 4.5108708085295355, "target_rescale": 4.392213504870501},
{"mapping": [10, 9, 3, 2, 5, 4, 0, 11, 7, 6, 8, 11], "R": [[-0.8557789698010158, 0.5161131744073011, -0.0356306897145052], [0.5169880469498671, 0.8557092903991462, -0.022022026145471735], [0.019123654391211397, -0.03726662753468159, -0.9991223570288662]], "T": [-0.028935346495597376, 0.040940413402004265, -0.2008476337869351], "aligned_model": [[0.007761489844333912, 0.036026732961759476, -0.6493182458689342, -0.6210530027515087, 0.2358492891646714, 0.2641145322820969, -0.03220109235873493, -0.060466335476160496, 0.5868255696405472, 0.6150908127579727, -0.20561284188631243, -0.060466335476160496], [-0.5911163141046998, -0.5736466011149268, 0.27501902998180106, 0.292488742971574, 0.456322824566233, 0.473792537556006, -0.07827197738370961, -0.09574169037348257, -0.17140768230786807, -0.1539379693180951, 0.6037492339543563, -0.09574169037348257], [-0.5852151534355601, 0.20737226352874122, -0.580873193757269, 0.21171422320703226, -0.6164362120810806, 0.17615120488322067, 0.5958769018381995, -0.1967105151261018, -0.6151166833180319, 0.17747073364626936, -0.20695204082016416, -0.1967105151261018]], "inverted": false, "swapped": false, "error_lsq": 0.05528654381301389, "error_max": 0.570616303056796, "target": "78.xyz", "model": "1.xyz", "model_rescale": 4.510870808529536, "target_rescale": 4.392213504870501},
{"mapping": [10, 9, 3, 2, 5, 4, 0, 11, 7, 6, 8, 11], "R": [[-0.8557789698010159, 0.5161131744073008, -0.035630689714504754], [0.5169880469498668, 0.8557092903991463, -0.02202202614547155], [0.01912365439121113, -0.0372666275346812, -0.9991223570288661]], "T": [-0.028935346495597355, 0.04094041340200426, -0.20084763378693493], "aligned_model": [[0.007761489844334266, 0.0360267329617595, -0.6493182458689342, -0.6210530027515089, 0.2358492891646714, 0.26411453228209664, -0.03220109235873522, -0.060466335476160454, 0.5868255696405473, 0.6150908127579726, -0.20561284188631263, -0.060466335476160454], [-0.5911163141046998, -0.573646601114927, 0.27501902998180094, 0.2924887429715738, 0.45632282456623324, 0.4737925375560061, -0.0782719773837098, -0.09574169037348261, -0.1714076823078678, -0.153937969318095, 0.6037492339543563, -0.09574169037348261], [-0.5852151534355602, 0.20737226352874133, -0.5808731937572693, 0.21171422320703226, -0.6164362120810805, 0.17615120488322106, 0.5958769018381996, -0.19671051512610205, -0.6151166833180317, 0.1774707336462698, -0.20695204082016436, -0.19671051512610205]], "inverted": false, "swapped": false, "error_lsq": 0.05528654381301388, "error_max": 0.570616303056796, "target": "78.xyz", "model": "2.xyz", "model_rescale": 4.5108708085295355, "target_rescale": 4.392213504870501},
{"mapping": [9, 10, 2, 3, 4, 5, 1, 11, 6, 7, 8, 13], "R": [[0.8527054008266858, -0.5151901914654082, -0.08644400510641304], [-0.5205051346674328, -0.8519642119872609, -0.056845283689709855], [-0.04436106610350088, 0.09346682893284645, -0.9946336248606314]], "T": [-0.025081417384895437, 0.01508851404782318, -0.16523729237438817], "aligned_model": [[0.022284551897206573, 0.09087533126016215, -0.6322153020403328, -0.5636245226773772, 0.2505517526616054, 0.31914253202456094, 0.04343518523993068, -0.48804369985720936, 0.6000184722346177, 0.6686092515975733, -0.16932738538414224, -0.02515559412302488], [-0.5782671559173014, -0.5331620927427558, 0.2901205765948932, 0.33522563976943887, 0.4668322680429831, 0.5119373312175287, -0.024124161802549553, -0.4092805088328452, -0.16191063317001897, -0.11680556999547331, 0.6301719758669015, -0.06922922497709519], [-0.5343182680407087, 0.25489430286932474, -0.5270655052863684, 0.262147065623665, -0.6138865656825347, 0.17532600522749875, 0.6288006512249593, -0.4996233580308524, -0.6083249542933877, 0.1808876166166457, -0.18785405710401412, -0.160411919685074]], "inverted": true, "swapped": false, "error_lsq": 0.03761309016981381, "error_max": 0.30603415468208656, "target": "78.xyz", "model": "3.xyz", "model_rescale": 4.509807743048502, "target_rescale": 4.392213504870501},
{"mapping": [10, 9, 5, 4, 3, 2, 0, 7, 12, 11, 8, 13], "R": [[-0.5301527298827481, 0.84363393911212, 0.0849697580085884], [-0.8428968750683049, -0.5352427994473338, 0.055136228016322335], [0.0919942443740734, -0.04239012170245828, 0.9948568422562587]], "T": [-0.04979309581321377, 0.008850536956600537, -0.16284889638714944], "aligned_model": [[0.09945151312937568, 0.16687252071592074, -0.5738661804665786, -0.5064451728800334, 0.296015433539253, 0.36343644112579804, 0.05552344279343946, -0.6047610472802412, 0.4806821930615437, 0.5481032006480888, -0.1965642067598905, -0.011897564793105601], [-0.5602420385240531, -0.516493060834765, 0.2747351842101144, 0.3184841618994025, 0.5065849020574839, 0.550333879746772, -0.02287103954539101, -0.4427069952846911, -0.18341058185164189, -0.13966160416235374, 0.6233756535775083, -0.06662001723467915], [-0.5428422383800953, 0.24654744897791586, -0.5316103239256493, 0.2577793634323618, -0.6187554743277177, 0.17063421303029352, 0.6274868442561654, -0.48921006776582704, -0.5962872582861887, 0.19310242907182257, -0.18437107954208148, -0.161902843101846]], "inverted": true, "swapped": false, "error_lsq": 0.036741630889639866, "error_max": 0.29714729921359945, "target": "78.xyz", "model": "4.xyz", "model_rescale": 4.509807743048502, "target_rescale": 4.392213504870501},
{"mapping": [9, 10, 4, 5, 2, 3, 1, 6, 11, 12, 8, 13], "R": [[0.5301527298827484, -0.8436339391121198, 0.08496975800858864], [0.8428968750683047, 0.5352427994473341, 0.055136228016322494], [-0.09199424437407369, 0.04239012170245837, 0.9948568422562587]], "T": [-0.04979309581321379, 0.008850536956600548, -0.1628488963871495], "aligned_model": [[0.09945151312937534, 0.1668725207159206, -0.5738661804665786, -0.5064451728800333, 0.29601543353925314, 0.36343644112579837, 0.05552344279343958, -0.6047610472802414, 0.4806821930615435, 0.5481032006480888, -0.19656420675989025, -0.011897564793105643], [-0.5602420385240533, -0.516493060834765, 0.27473518421011456, 0.3184841618994028, 0.5065849020574836, 0.550333879746772, -0.022871039545390895, -0.44270699528469104, -0.1834105818516422, -0.1396616041623539, 0.6233756535775085, -0.06662001723467914], [-0.5428422383800953, 0.24654744897791614, -0.5316103239256493, 0.257779363432362, -0.6187554743277179, 0.17063421303029347, 0.6274868442561652, -0.48921006776582693, -0.5962872582861888, 0.19310242907182262, -0.18437107954208146, -0.16190284310184583]], "inverted": false, "swapped": false, "error_lsq": 0.03674163088963988, "error_max": 0.2971472992135994, "target": "78.xyz", "model": "5.xyz", "model_rescale": 4.509807743048502, "target_rescale": 4.392213504870501},
{"mapping": [9, 10, 2, 3, 4, 5, 1, 11, 6, 7, 8, 13], "R": [[0.8527053745500379, -0.515190231666965, -0.08644402471205805], [-0.5205051780392667, -0.8519641834481178, -0.05684531428265467], [-0.04436106229331514, 0.09346686747998618, -0.994633621408249]], "T": [-0.02508142926688827, 0.01508849851558978, -0.16523729061365428], "aligned_model": [[0.022284677677033904, 0.0908754749788225, -0.6322152705206344, -0.5636244732188459, 0.2505518220402631, 0.31914261934205174, 0.043435130121811334, -0.48804381140376857, 0.6000184087726728, 0.6686092060744614, -0.16932754385032034, -0.025155667179977262], [-0.5782669239360194, -0.5331618349202583, 0.29012068217571885, 0.33522577119148, 0.4668323334283694, 0.5119374224441305, -0.02412424870633119, -0.40928062256702713, -0.16191079547983164, -0.11680570646407047, 0.6301717046096378, -0.06922933772209233], [-0.5343182902083685, 0.25489430537362306, -0.5270655258213751, 0.26214706976061647, -0.6138866103478804, 0.1753259852341112, 0.6288006911419544, -0.4996233348320107, -0.6083249619305675, 0.18088763365142402, -0.18785404414233597, -0.16041190444003717]], "inverted": true, "swapped": false, "error_lsq": 0.03761310113061838, "error_max": 0.3060341194793755, "target": "78.xyz", "model": "6.xyz", "model_rescale": 4.509807586411629, "target_rescale": 4.392213504870501},
{"mapping": [10, 9, 5, 4, 3, 2, 0, 7, 12, 11, 8, 13], "R": [[-0.5301526506841007, 0.8436339918074744, 0.08496972896042762], [-0.84289692578507, -0.535242718203189, 0.0551362413711706], [0.09199423609498858, -0.04239009881385061, 0.9948568439970907]], "T": [-0.04979307975229981, 0.008850520499081655, -0.1628488994279236], "aligned_model": [[0.09945131778886361, 0.16687230466824526, -0.5738662930220835, -0.5064453061427019, 0.2960153308869909, 0.3634363177663725, 0.055523540261735185, -0.6047609055752305, 0.48068234998177534, 0.5481033368611569, -0.19656397402390685, -0.011897446617646447], [-0.5602418842769324, -0.516492894471453, 0.2747351838146765, 0.3184841736201561, 0.5065849932617787, 0.5503339830672582, -0.022871102185885592, -0.44270714204664635, -0.1834106153485367, -0.1396616255430571, 0.6233754661537126, -0.06662009199136519], [-0.5428422340147456, 0.24654748214203878, -0.5316103489484454, 0.25777936720833905, -0.6187554828336574, 0.17063423332312697, 0.627486866641617, -0.489210097738347, -0.5962872674357871, 0.19310244872099733, -0.18437110411081536, -0.1619028495151676]], "inverted": true, "swapped": false, "error_lsq": 0.0367416298501388, "error_max": 0.2971473391719703, "target": "78.xyz", "model": "7.xyz", "model_rescale": 4.509807586411629, "target_rescale": 4.392213504870501},
{"mapping": [9, 10, 4, 5, 2, 3, 1, 6, 11, 12, 8, 13], "R": [[0.5301526506841007, -0.8436339918074743, 0.08496972896042757], [0.8428969257850699, 0.535242718203189, 0.05513624137117052], [-0.0919942360949885, 0.042390098813850606, 0.9948568439970907]], "T": [-0.04979307975229982, 0.008850520499081662, -0.1628488994279237], "aligned_model": [[0.09945131778886357, 0.16687230466824518, -0.5738662930220835, -0.5064453061427018, 0.29601533088699084, 0.3634363177663724, 0.05552354026173511, -0.6047609055752305, 0.4806823499817752, 0.5481033368611568, -0.1965639740239068, -0.011897446617646447], [-0.5602418842769324, -0.516492894471453, 0.27473518381467654, 0.3184841736201561, 0.5065849932617787, 0.5503339830672582, -0.02287110218588564, -0.4427071420466462, -0.1834106153485367, -0.13966162554305717, 0.6233754661537126, -0.06662009199136515], [-0.5428422340147459, 0.24654748214203887, -0.5316103489484455, 0.25777936720833916, -0.6187554828336574, 0.17063423332312716, 0.6274868666416168, -0.48921009773834717, -0.5962872674357871, 0.19310244872099752, -0.18437110411081523, -0.16190284951516748]], "inverted": false, "swapped": false, "error_lsq": 0.036741629850138804, "error_max": 0.29714733917197045, "target": "78.xyz", "model": "8.xyz", "model_rescale": 4.509807586411629, "target_rescale": 4.392213504870501},
{"mapping": [12, 11, 3, 2, 7, 6, 0, 10, 5, 4, 8, 13], "R": [[0.8527054330297661, -0.51519012913254, -0.08644405893938568], [-0.5205050778522615, -0.8519642460862087, -0.05684529286378537], [-0.044361113731854876, 0.09346686169522839, -0.994633619657668]], "T": [-0.025081388525769917, 0.015088491679330731, -0.16523729351014144], "aligned_model": [[0.02228465863615694, 0.09087548434255358, -0.6322152875196367, -0.5636244618132402, 0.2505516828081455, 0.3191425085145421, 0.0434350201543146, -0.4880436293946223, 0.6000184631952095, 0.668609288901606, -0.16932734943937608, -0.025155805552082022], [-0.5782671133152675, -0.533162040475236, 0.2901206214355014, 0.335225694275533, 0.4668321919966501, 0.5119372648366817, -0.024124157995136335, -0.4092804912661458, -0.16191071911193924, -0.11680564627190769, 0.6301720707801403, -0.06922923083516791], [-0.5343182997807874, 0.2548943087513857, -0.5270655016875836, 0.2621471068445896, -0.6138865977042729, 0.17532601082790017, 0.6288007084582645, -0.49962335894377696, -0.6083250041209354, 0.1808876044112378, -0.1878540635429593, -0.16041190007390854]], "inverted": false, "swapped": false, "error_lsq": 0.03761310136466987, "error_max": 0.3060341697112446, "target": "78.xyz", "model": "9.xyz", "model_rescale": 4.509807504472865, "target_rescale": 4.392213504870501},
{"mapping": [12, 11, 3, 2, 7, 6, 0, 10, 5, 4, 8, 13], "R": [[0.8527054330297662, -0.5151901291325398, -0.0864440589393865], [-0.5205050778522613, -0.8519642460862088, -0.05684529286378579], [-0.04436111373185536, 0.09346686169522918, -0.994633619657668]], "T": [-0.02508138852576995, 0.015088491679330704, -0.1652372935101415], "aligned_model": [[0.02228465863615673, 0.09087548434255398, -0.6322152875196372, -0.56362446181324, 0.25055168280814494, 0.31914250851454223, 0.04343502015431523, -0.48804362939462254, 0.6000184631952091, 0.6686092889016063, -0.16932734943937627, -0.02515580555208203], [-0.5782671133152677, -0.5331620404752357, 0.2901206214355011, 0.33522569427553295, 0.46683219199664994, 0.5119372648366819, -0.02412415799513601, -0.4092804912661461, -0.1619107191119393, -0.11680564627190741, 0.6301720707801401, -0.06922923083516792], [-0.5343182997807872, 0.25489430875138575, -0.5270655016875831, 0.2621471068445898, -0.6138865977042733, 0.17532601082789956, 0.6288007084582645, -0.49962335894377635, -0.6083250041209356, 0.18088760441123725, -0.18785406354295942, -0.16041190007390846]], "inverted": false, "swapped": false, "error_lsq": 0.03761310136466987, "error_max": 0.306034169711244, "target": "78.xyz", "model": "10.xyz", "model_rescale": 4.509807504472865, "target_rescale": 4.392213504870501},
{"mapping": [11, 12, 6, 7, 2, 3, 1, 4, 9, 10, 8, 13], "R": [[-0.5301527801335305, 0.8436339116976526, 0.08496971666662105], [-0.8428968476220886, -0.5352428449085146, 0.055136206280318595], [0.09199420626014652, -0.04239009327611018, 0.9948568469918718]], "T": [-0.04979310283168701, 0.00885049860110056, -0.1628488981924216], "aligned_model": [[0.0994514062589035, 0.16687238460848314, -0.5738660906757445, -0.5064451123261647, 0.29601539886125594, 0.36343637721083555, 0.05552361545729414, -0.6047610002945134, 0.4806821293734572, 0.5481031077230368, -0.1965642804709881, -0.011897362892285476], [-0.5602420492891592, -0.5164930865323655, 0.2747351356037695, 0.3184840983605632, 0.5065849382708216, 0.5503339010276154, -0.022870971355953857, -0.4427070808814181, -0.18341059263647644, -0.13966162987968275, 0.6233757154787393, -0.06661993411274754], [-0.5428422587055828, 0.24654747416990713, -0.5316103687413268, 0.2577793641341631, -0.6187554715845576, 0.1706342612909323, 0.6274868633137185, -0.48921012403614206, -0.5962872579688832, 0.19310247490660676, -0.18437107377791057, -0.16190286956177108]], "inverted": false, "swapped": false, "error_lsq": 0.03674162158163092, "error_max": 0.29714736539985775, "target": "78.xyz", "model": "11.xyz", "model_rescale": 4.509807504472865, "target_rescale": 4.392213504870501},
{"mapping": [12, 11, 3, 2, 7, 6, 0, 10, 5, 4, 8, 13], "R": [[0.8527053671682161, -0.5151902411910848, -0.08644404076620701], [-0.5205051871158412, -0.8519641808149134, -0.056845270637731427], [-0.04436109768728719, 0.09346683898498737, -0.99463362250737]], "T": [-0.025081454108971543, 0.015088387063876949, -0.16523728075000138], "aligned_model": [[0.02228463762155799, 0.0908754449225374, -0.6322152731503135, -0.5636244658493341, 0.25055178509220455, 0.319142592393184, 0.04343503943087977, -0.4880438283691138, 0.6000184641000633, 0.6686092714010426, -0.16932732688903834, -0.025155767870099627], [-0.5782669965178845, -0.533161943934446, 0.2901205830258053, 0.3352256356092437, 0.46683221957336885, 0.5119372721568073, -0.024124089098454995, -0.40928069681384577, -0.16191070004627753, -0.11680564746283913, 0.630171949244122, -0.06922914168189337], [-0.5343182917074768, 0.2548942732279185, -0.527065480393446, 0.26214708454194935, -0.6138865674953187, 0.17532599744007665, 0.628800655673194, -0.49962332262879683, -0.6083249722952642, 0.1808875926401312, -0.18785404630161234, -0.16041190926220122]], "inverted": false, "swapped": false, "error_lsq": 0.037613099614325386, "error_max": 0.30603411211618625, "target": "78.xyz", "model": "12.xyz", "model_rescale": 4.509807766519439, "target_rescale": 4.392213504870501},
{"mapping": [12, 11, 3, 2, 7, 6, 0, 10, 5, 4, 8, 13], "R": [[0.8527053671682162, -0.5151902411910847, -0.08644404076620649], [-0.5205051871158408, -0.8519641808149133, -0.0568452706377318], [-0.04436109768728657, 0.09346683898498741, -0.99463362250737]], "T": [-0.02508145410897153, 0.015088387063876926, -0.1652372807500015], "aligned_model": [[0.022284637621558315, 0.09087544492253728, -0.6322152731503133, -0.5636244658493345, 0.25055178509220477, 0.31914259239318377, 0.043435039430879396, -0.48804382836911353, 0.6000184641000635, 0.6686092714010424, -0.1693273268890384, -0.0251557678700996], [-0.5782669965178844, -0.5331619439344457, 0.29012058302580496, 0.3352256356092436, 0.4668322195733687, 0.5119372721568073, -0.024124089098454683, -0.4092806968138459, -0.1619107000462775, -0.11680564746283882, 0.6301719492441218, -0.06922914168189337], [-0.5343182917074765, 0.2548942732279186, -0.5270654803934463, 0.2621470845419488, -0.6138865674953186, 0.1753259974400765, 0.628800655673194, -0.49962332262879683, -0.6083249722952636, 0.18088759264013143, -0.18785404630161268, -0.1604119092622012]], "inverted": false, "swapped": false, "error_lsq": 0.0376130996143254, "error_max": 0.30603411211618636, "target": "78.xyz", "model": "13.xyz", "model_rescale": 4.509807766519439, "target_rescale": 4.392213504870501},
{"mapping": [11, 12, 6, 7, 2, 3, 1, 4, 9, 10, 8, 13], "R": [[-0.5301526685353944, 0.8436339807367302, 0.08496972749808408], [-0.842896918666933, -0.5352427340044908, 0.05513619679654896], [0.09199419843984742, -0.042390119623520926, 0.9948568465923696]], "T": [-0.0497930193625733, 0.008850443087391649, -0.16284889986373557], "aligned_model": [[0.09945136132744453, 0.1668723443539133, -0.5738662051786926, -0.5064452221522238, 0.2960153890627267, 0.36343637208919544, 0.05552352419490372, -0.6047610186645219, 0.48068238630825333, 0.548103369334722, -0.1965642690105855, -0.011897458831564997], [-0.5602419257312101, -0.5164929730415833, 0.27473512259753996, 0.3184840752871668, 0.5065849083610098, 0.5503338610506366, -0.022870908944541184, -0.4427070571058393, -0.1834106775176167, -0.13966172482798983, 0.6233756055603012, -0.06661986163416804], [-0.5428422433653837, 0.24654744332488826, -0.531610324595645, 0.2577793620946271, -0.6187554427403741, 0.17063424394989796, 0.627486822555134, -0.4892100966254098, -0.596287257438664, 0.19310242925160798, -0.18437105883638774, -0.1619028641351375]], "inverted": false, "swapped": false, "error_lsq": 0.03674162453043697, "error_max": 0.297147336531867, "target": "78.xyz", "model": "14.xyz", "model_rescale": 4.509807766519439, "target_rescale": 4.392213504870501},
{"mapping": [10, 9, 3, 2, 7, 6, 0, 11, 5, 4, 8, 11], "R": [[0.8557789807151746, -0.5161131536991788, -0.03563072753656799], [-0.5169880273892649, -0.8557093025729664, -0.022022012311426694], [-0.01912369478563141, 0.0372666347927444, -0.9991223559849768]], "T": [-0.028935168778267427, 0.040940432958221785, -0.20084764444996506], "aligned_model": [[0.007761632440219851, 0.036026907894639894, -0.6493181015645229, -0.6210528261101028, 0.23584931137848578, 0.26411458683290584, -0.032201223449245524, -0.06046649890366556, 0.586825520606121, 0.6150907960605411, -0.20561303344814086, -0.06046649890366556], [-0.5911161881143963, -0.5736464846567761, 0.2750189082976343, 0.29248861175525454, 0.45632285292208286, 0.4737925563797031, -0.07827190234972475, -0.09574160580734495, -0.17140788758409806, -0.15393818412647786, 0.6037493731451943, -0.09574160580734495], [-0.5852152085069451, 0.20737227305938422, -0.5808732065593435, 0.2117142750069858, -0.6164362548713014, 0.17615122669502792, 0.5958769658156162, -0.19671051575071294, -0.6151167403944373, 0.17747074117189204, -0.2069520264762995, -0.19671051575071294]], "inverted": false, "swapped": false, "error_lsq": 0.05528653635951657, "error_max": 0.5706162019300113, "target": "78.xyz", "model": "15.xyz", "model_rescale": 4.510870436145588, "target_rescale": 4.392213504870501},
{"mapping": [10, 9, 3, 2, 7, 6, 0, 11, 5, 4, 8, 11], "R": [[0.8557789807151746, -0.5161131536991788, -0.0356307275365682], [-0.5169880273892649, -0.8557093025729664, -0.022022012311426913], [-0.019123694785631473, 0.037266634792744696, -0.9991223559849768]], "T": [-0.028935168778267448, 0.040940432958221765, -0.20084764444996514], "aligned_model": [[0.007761632440219754, 0.036026907894639956, -0.6493181015645229, -0.6210528261101027, 0.2358493113784857, 0.26411458683290584, -0.03220122344924538, -0.06046649890366557, 0.586825520606121, 0.6150907960605412, -0.20561303344814086, -0.06046649890366557], [-0.5911161881143964, -0.573646484656776, 0.2750189082976342, 0.2924886117552546, 0.45632285292208274, 0.4737925563797031, -0.0782719023497246, -0.09574160580734496, -0.17140788758409814, -0.15393818412647775, 0.6037493731451943, -0.09574160580734496], [-0.5852152085069449, 0.2073722730593843, -0.5808732065593434, 0.21171427500698584, -0.6164362548713015, 0.17615122669502772, 0.5958769658156163, -0.19671051575071288, -0.6151167403944373, 0.17747074117189185, -0.2069520264762996, -0.19671051575071288]], "inverted": false, "swapped": false, "error_lsq": 0.05528653635951657, "error_max": 0.5706162019300113, "target": "78.xyz", "model": "16.xyz", "model_rescale": 4.510870436145588, "target_rescale": 4.392213504870501},
{"mapping": [10, 9, 3, 2, 7, 6, 0, 11, 5, 4, 8, 11], "R": [[0.8557789807151742, -0.5161131536991794, -0.035630727536567805], [-0.5169880273892655, -0.855709302572966, -0.022022012311427218], [-0.019123694785630946, 0.03726663479274477, -0.9991223559849768]], "T": [-0.028935168778267406, 0.04094043295822178, -0.200847644449965], "aligned_model": [[0.007761632440219449, 0.036026907894639346, -0.6493181015645226, -0.6210528261101027, 0.2358493113784862, 0.2641145868329061, -0.03220122344924577, -0.06046649890366567, 0.586825520606121, 0.615090796060541, -0.2056130334481404, -0.06046649890366567], [-0.5911161881143965, -0.5736464846567759, 0.27501890829763453, 0.2924886117552551, 0.4563228529220823, 0.47379255637970297, -0.07827190234972431, -0.09574160580734492, -0.17140788758409872, -0.1539381841264781, 0.6037493731451945, -0.09574160580734492], [-0.5852152085069446, 0.20737227305938466, -0.5808732065593437, 0.21171427500698564, -0.6164362548713016, 0.1761512266950278, 0.5958769658156164, -0.1967105157507131, -0.6151167403944371, 0.17747074117189232, -0.2069520264763001, -0.1967105157507131]], "inverted": false, "swapped": false, "error_lsq": 0.05528653635951656, "error_max": 0.5706162019300112, "target": "78.xyz", "model": "17.xyz", "model_rescale": 4.510870436145588, "target_rescale": 4.392213504870501},
{"mapping": [7, 8, 3, 4, 0, 1, 2, 5, 9, 10, 11, 12], "R": [[0.5301526503616764, -0.8436339953444778, 0.08496969585448691], [0.8428969305074443, 0.5352427136356203, 0.055136213518032], [-0.09199419468433243, 0.04239008609440618, 0.9948568483682917]], "T": [-0.0333561357912392, 0.019702664913664143, 0.036168653534955936], "aligned_model": [[0.10033149041424899, 0.16841370612256484, -0.5795899265495951, -0.5115077108412792, 0.2988233733543041, 0.36690558906261994, 0.055972953032202614, -0.6107877364507579, 0.4853015820776304, 0.5533837977859463, -0.19858728249820143, -0.012109262676113262], [-0.5660158177744957, -0.5218377664783853, 0.2771505824328886, 0.32132863372899895, 0.5112743475076723, 0.5554523988037827, -0.02337442516981104, -0.44732819619883835, -0.18548863882185151, -0.1413105875257412, 0.6292103900154078, -0.06755247646592138], [-0.5468345975521004, 0.2502973430576253, -0.5354925503522326, 0.26163939025749305, -0.6234923555219607, 0.17363958508776503, 0.6349729161332037, -0.49267645563829143, -0.6008037886753467, 0.196328151934379, -0.1848476008148585, -0.16215902447652206]], "inverted": false, "swapped": false, "error_lsq": 0.0367909857705594, "error_max": 0.3025471692257514, "target": "78.xyz", "model": "18.xyz", "model_rescale": 4.466005644533647, "target_rescale": 4.392213504870501},
{"mapping": [9, 8, 1, 0, 5, 4, 2, 11, 7, 6, 12, 13], "R": [[-0.8527053554286058, 0.5151902570795259, -0.08644406187649271], [0.5205052063915014, 0.8519641669156709, -0.056845302453477894], [0.04436109717664215, -0.09346687810138303, -0.9946336188543325]], "T": [-0.025081426842118067, 0.015088433859317787, -0.16523728514114666], "aligned_model": [[0.022284645702069027, 0.09087547058899395, -0.632215254794224, -0.5636244299072991, 0.25055181614654154, 0.31914264103346646, 0.043434968383933424, -0.4880438222873972, 0.6000184864155572, 0.6686093113024821, -0.16932740324756193, -0.025155856502991493], [-0.5782669704126173, -0.5331618920348613, 0.2901206335989763, 0.3352257119767322, 0.466832250961721, 0.5119373293394769, -0.024124206284820697, -0.40928065683859, -0.16191068341442255, -0.11680560503666666, 0.6301718168613547, -0.06922928466257662], [-0.534318281488585, 0.25489429016219495, -0.527065486325599, 0.26214708532518083, -0.6138865981420589, 0.17532597350872087, 0.6288006816328169, -0.4996233074755888, -0.6083249886240094, 0.1808875830267705, -0.18785404814272633, -0.16041189001796302]], "inverted": false, "swapped": false, "error_lsq": 0.03761310642256461, "error_max": 0.3060340943751394, "target": "78.xyz", "model": "19.xyz", "model_rescale": 4.509807711582247, "target_rescale": 4.392213504870501},
{"mapping": [9, 8, 5, 4, 1, 0, 2, 7, 11, 10, 12, 13], "R": [[-0.530152650361676, 0.8436339953444782, 0.08496969585448656], [-0.8428969305074447, -0.5352427136356199, 0.05513621351803187], [0.0919941946843321, -0.04239008609440602, 0.9948568483682919]], "T": [-0.04979306554269767, 0.00885047064158585, -0.16284889936626615], "aligned_model": [[0.09945134268802458, 0.16687230142753107, -0.5738662531379158, -0.5064452943984094, 0.29601534858294176, 0.36343630732244825, 0.05552364310502524, -0.6047610504388846, 0.4806823645628119, 0.5481033233023184, -0.19656414454783996, -0.011897315634481188], [-0.5602419069754032, -0.5164929404848333, 0.2747351349362471, 0.31848410142681693, 0.5065849438888801, 0.55033391037945, -0.022870986236109368, -0.4427070536529788, -0.18341064547030128, -0.13966167897973142, 0.623375517948348, -0.06661995272667921], [-0.5428422345997863, 0.24654746311574813, -0.531610348440852, 0.2577793492746825, -0.61875544458243, 0.1706342531331044, 0.6274868269510652, -0.4892101103601334, -0.5962872432568781, 0.19310245445865634, -0.18437108148955386, -0.161902870764469]], "inverted": true, "swapped": false, "error_lsq": 0.036741622820689164, "error_max": 0.2971473539397661, "target": "78.xyz", "model": "20.xyz", "model_rescale": 4.509807711582248, "target_rescale": 4.392213504870501},
{"mapping": [8, 7, 4, 3, 1, 0, 2, 6, 10, 9, 11, 12], "R": [[-0.5301526503616761, 0.8436339953444779, 0.08496969585448724], [-0.8428969305074444, -0.53524271363562, 0.05513621351803209], [0.09199419468433268, -0.042390086094406434, 0.9948568483682917]], "T": [-0.033356135791239146, 0.01970266491366413, 0.03616865353495602], "aligned_model": [[0.10033149041424899, 0.16841370612256512, -0.5795899265495954, -0.5115077108412792, 0.298823373354304, 0.3669055890626201, 0.05597295303220289, -0.610787736450758, 0.48530158207763047, 0.5533837977859465, -0.19858728249820165, -0.012109262676113251], [-0.5660158177744958, -0.5218377664783854, 0.27715058243288854, 0.3213286337289989, 0.5112743475076725, 0.5554523988037829, -0.02337442516981102, -0.44732819619883846, -0.1854886388218515, -0.1413105875257411, 0.6292103900154079, -0.06755247646592144], [-0.5468345975521003, 0.2502973430576252, -0.5354925503522324, 0.26163939025749317, -0.6234923555219608, 0.17363958508776473, 0.6349729161332038, -0.4926764556382911, -0.6008037886753468, 0.19632815193437872, -0.1848476008148585, -0.16215902447652206]], "inverted": true, "swapped": false, "error_lsq": 0.036790985770559385, "error_max": 0.30254716922575114, "target": "78.xyz", "model": "21.xyz", "model_rescale": 4.466005644533646, "target_rescale": 4.392213504870501},
{"mapping": [7, 8, 3, 4, 0, 1, 2, 5, 9, 10, 11, 12], "R": [[0.530152706239549, -0.843633957620005, 0.08496972176775931], [0.842896894680765, 0.5352427713310564, 0.055136201132958515], [-0.09199420092813466, 0.04239010837752688, 0.9948568468414617]], "T": [-0.03335613291539904, 0.019702666671466508, 0.03616865581842063], "aligned_model": [[0.10033153560046557, 0.16841377261955434, -0.5795898286385536, -0.5115075916194648, 0.29882349246368234, 0.3669057294827711, 0.055972872532415154, -0.6107876876245478, 0.48530146640905575, 0.5533837034281445, -0.1985875273332785, -0.012109364486673622], [-0.5660158860035466, -0.5218378442756217, 0.27715056763612766, 0.32132860936405244, 0.5112742748089603, 0.555452316536885, -0.0233743739131358, -0.4473282149614876, -0.18548861024150007, -0.14131056851357526, 0.6292105892576082, -0.06755241564106063], [-0.5468346115314305, 0.2502973342674524, -0.5354925435718756, 0.26163940222700727, -0.6234923674437989, 0.173639578355084, 0.6349729257096157, -0.49267645258663584, -0.6008037996545421, 0.19632814614434083, -0.18484757838679666, -0.1621590200892674]], "inverted": false, "swapped": false, "error_lsq": 0.036790987986550866, "error_max": 0.3025471622823904, "target": "78.xyz", "model": "22.xyz", "model_rescale": 4.46600560860683, "target_rescale": 4.392213504870501},
{"mapping": [9, 8, 1, 0, 5, 4, 2, 11, 7, 6, 12, 13], "R": [[-0.8527053901703061, 0.5151902020295999, -0.08644404726298974], [0.5205051489544009, 0.8519642035969226, -0.05684527862028783], [0.04436110330529283, -0.09346684718209605, -0.9946336214865128]], "T": [-0.025081416407464065, 0.015088448076031415, -0.16523728788843398], "aligned_model": [[0.02228464249444117, 0.09087545635189176, -0.6322153206336117, -0.5636245067761612, 0.2505517469093019, 0.31914256076675246, 0.043435030403948575, -0.488043726968776, 0.60001846138122, 0.6686092752386706, -0.16932726288060523, -0.025155783453502015], [-0.5782670414758824, -0.533161981636922, 0.29012052640950897, 0.3352255862484694, 0.46683220590610347, 0.5119372657450638, -0.02412411699387121, -0.4092805722108082, -0.1619107108226073, -0.11680565098364684, 0.6301721107011301, -0.06922917683283167], [-0.5343182940124391, 0.25489428623832766, -0.5270654801686382, 0.2621471000821286, -0.6138865778068547, 0.17532600244391214, 0.6288006746591979, -0.49962334100098105, -0.6083249830851155, 0.18088759716565136, -0.18785406548446643, -0.16041190559156907]], "inverted": false, "swapped": false, "error_lsq": 0.037613100648504996, "error_max": 0.30603413911338695, "target": "78.xyz", "model": "23.xyz", "model_rescale": 4.509807674373902, "target_rescale": 4.392213504870501},
{"mapping": [9, 8, 5, 4, 1, 0, 2, 7, 11, 10, 12, 13], "R": [[-0.5301527062395488, 0.8436339576200053, 0.08496972176775916], [-0.8428968946807652, -0.5352427713310561, 0.05513620113295842], [0.09199420092813448, -0.042390108377526825, 0.9948568468414619]], "T": [-0.04979306798299685, 0.008850474747088711, -0.16284889839524486], "aligned_model": [[0.09945138745385326, 0.16687236731104008, -0.573866156298083, -0.5064451764408961, 0.29601546659444267, 0.36343644645162954, 0.05552356339654055, -0.6047610022135059, 0.480682250114717, 0.5481032299719037, -0.19656438704742535, -0.011897416460646237], [-0.5602419746630616, -0.5164930176387315, 0.27473512033394204, 0.3184840773582723, 0.5065848719947721, 0.5503338290191022, -0.02287093548784649, -0.4427070723304683, -0.1834106172111918, -0.13966166018686157, 0.6233757153779551, -0.06661989251217669], [-0.5428422485272069, 0.24654745448972354, -0.5316103418079021, 0.2577793612090282, -0.6187554564879829, 0.1706342465289475, 0.6274868365917229, -0.4892101074109337, -0.5962872542243145, 0.1931024487926159, -0.18437105928933742, -0.16190286642520696]], "inverted": true, "swapped": false, "error_lsq": 0.03674162499339269, "error_max": 0.29714734777785407, "target": "78.xyz", "model": "24.xyz", "model_rescale": 4.509807674373903, "target_rescale": 4.392213504870501},
{"mapping": [8, 7, 4, 3, 1, 0, 2, 6, 10, 9, 11, 12], "R": [[-0.5301527062395485, 0.8436339576200054, 0.0849697217677593], [-0.8428968946807653, -0.5352427713310558, 0.05513620113295848], [0.0919942009281346, -0.04239010837752694, 0.9948568468414618]], "T": [-0.03335613291539905, 0.01970266667146646, 0.036168655818420714], "aligned_model": [[0.10033153560046595, 0.1684137726195547, -0.5795898286385539, -0.5115075916194651, 0.298823492463682, 0.3669057294827708, 0.05597287253241518, -0.6107876876245476, 0.4853014664090559, 0.5533837034281447, -0.1985875273332789, -0.012109364486673584], [-0.5660158860035464, -0.5218378442756216, 0.27715056763612733, 0.3213286093640521, 0.5112742748089605, 0.5554523165368853, -0.023374373913135855, -0.4473282149614881, -0.18548861024149976, -0.14131056851357499, 0.6292105892576081, -0.06755241564106065], [-0.5468346115314306, 0.25029733426745226, -0.5354925435718756, 0.26163940222700727, -0.6234923674437989, 0.17363957835508398, 0.6349729257096159, -0.4926764525866359, -0.6008037996545421, 0.19632814614434071, -0.18484757838679663, -0.16215902008926744]], "inverted": true, "swapped": false, "error_lsq": 0.03679098798655087, "error_max": 0.30254716228239054, "target": "78.xyz", "model": "25.xyz", "model_rescale": 4.466005608606829, "target_rescale": 4.392213504870501},
{"mapping": [7, 8, 3, 4, 0, 1, 2, 5, 9, 10, 11, 12], "R": [[0.5301525855805411, -0.8436340352028471, 0.08496970430470263], [0.8428969702847566, 0.5352426500729823, 0.05513622246427095], [-0.09199420355134147, 0.0423900954258483, 0.9948568471507556]], "T": [-0.0333561112990225, 0.019702693936656367, 0.03616864321672636], "aligned_model": [[0.10033148657226015, 0.16841370610031076, -0.5795898457034473, -0.5115076261753967, 0.29882339734032326, 0.36690561686837386, 0.055972925140161896, -0.6107877177402944, 0.48530153214588356, 0.553383751673934, -0.1985873590006498, -0.0121092943878887], [-0.5660158491266061, -0.5218377925771945, 0.2771506519838988, 0.3213287085333103, 0.5112744729819274, 0.5554525295313388, -0.023374480381046888, -0.44732828622700327, -0.18548865775096585, -0.1413106012015543, 0.6292102852180599, -0.06755253693045842], [-0.5468345725038284, 0.25029733257864456, -0.5354925399223642, 0.26163936516010866, -0.6234923530092715, 0.1736395520732013, 0.6349728891364783, -0.4926764242251404, -0.6008037671369271, 0.19632813794554577, -0.18484759071129847, -0.16215901594599458]], "inverted": false, "swapped": false, "error_lsq": 0.03679098731372192, "error_max": 0.30254715748020045, "target": "78.xyz", "model": "26.xyz", "model_rescale": 4.466005838112752, "target_rescale": 4.392213504870501},
{"mapping": [9, 8, 1, 0, 5, 4, 2, 11, 7, 6, 12, 13], "R": [[-0.8527053251809502, 0.5151903090910429, -0.08644405026793686], [0.5205052576186499, 0.8519641350938372, -0.056845310318027656], [0.04436107752741009, -0.09346688147405778, -0.9946336194137626]], "T": [-0.025081457305401587, 0.01508845531513928, -0.1652372826659991], "aligned_model": [[0.022284678189179348, 0.0908754911048571, -0.6322153335774275, -0.5636245206617497, 0.25055171364345696, 0.3191425265591347, 0.04343501541053973, -0.48804375974946757, 0.6000185214986928, 0.6686093344143706, -0.16932729649287798, -0.02515579750513805], [-0.5782669904243362, -0.5331619076213884, 0.2901207330278368, 0.3352258158307847, 0.4668322897118248, 0.5119373725147727, -0.02412423465138976, -0.40928065288561377, -0.1619107554633032, -0.1168056726603553, 0.6301717641292112, -0.06922931745433765], [-0.5343182606111015, 0.254894279724453, -0.5270654771130279, 0.2621470632225267, -0.6138865744455523, 0.17532596589000224, 0.6288006487811062, -0.49962329789129134, -0.6083249615057758, 0.18088757882977882, -0.18785405988751622, -0.16041189155444838]], "inverted": false, "swapped": false, "error_lsq": 0.037613108400745214, "error_max": 0.3060340989658962, "target": "78.xyz", "model": "27.xyz", "model_rescale": 4.509807893063789, "target_rescale": 4.392213504870501},
{"mapping": [9, 8, 5, 4, 1, 0, 2, 7, 11, 10, 12, 13], "R": [[-0.5301525855805407, 0.8436340352028472, 0.08496970430470266], [-0.8428969702847567, -0.5352426500729819, 0.05513622246427091], [0.09199420355134144, -0.0423900954258484, 0.9948568471507556]], "T": [-0.04979304241869873, 0.008850498021264194, -0.16284890087272147], "aligned_model": [[0.09945133916185511, 0.16687230189323754, -0.5738661748881297, -0.5064452121567472, 0.29601537322453275, 0.3634363359559152, 0.05552361562606411, -0.6047610338171643, 0.480682316577685, 0.5481032793090674, -0.19656422094742762, -0.011897347105318305], [-0.5602419398500325, -0.5164929680214099, 0.274735204576051, 0.31848417640467347, 0.5065850696283123, 0.5503340414569348, -0.022871041070401745, -0.44270714426899566, -0.1834106648731006, -0.13966169304447812, 0.6233754160151768, -0.06662001289902422], [-0.5428422110580962, 0.24654745392511473, -0.5316103393407241, 0.2577793256424868, -0.6187554435930398, 0.1706342213901712, 0.6274868025853608, -0.48921008034893676, -0.596287223356817, 0.19310244162639384, -0.18437107163491023, -0.16190286239784968]], "inverted": true, "swapped": false, "error_lsq": 0.036741624370257464, "error_max": 0.29714734313619295, "target": "78.xyz", "model": "28.xyz", "model_rescale": 4.5098078930637895, "target_rescale": 4.392213504870501},
{"mapping": [8, 7, 4, 3, 1, 0, 2, 6, 10, 9, 11, 12], "R": [[-0.5301525855805407, 0.8436340352028471, 0.08496970430470287], [-0.8428969702847566, -0.5352426500729821, 0.055136222464271016], [0.09199420355134165, -0.042390095425848505, 0.9948568471507555]], "T": [-0.033356111299022446, 0.01970269393665637, 0.03616864321672639], "aligned_model": [[0.10033148657226021, 0.16841370610031098, -0.5795898457034474, -0.5115076261753967, 0.2988233973403229, 0.36690561686837364, 0.055972925140162104, -0.6107877177402943, 0.4853015321458833, 0.553383751673934, -0.19858735900065, -0.012109294387888676], [-0.566015849126606, -0.5218377925771944, 0.27715065198389865, 0.3213287085333102, 0.5112744729819273, 0.5554525295313388, -0.023374480381046822, -0.4473282862270034, -0.18548865775096574, -0.1413106012015542, 0.6292102852180599, -0.0675525369304584], [-0.5468345725038282, 0.25029733257864434, -0.5354925399223639, 0.26163936516010866, -0.6234923530092715, 0.17363955207320098, 0.6349728891364783, -0.49267642422514013, -0.6008037671369271, 0.1963281379455454, -0.18484759071129844, -0.1621590159459946]], "inverted": true, "swapped": false, "error_lsq": 0.036790987313721914, "error_max": 0.30254715748020017, "target": "78.xyz", "model": "29.xyz", "model_rescale": 4.466005838112752, "target_rescale": 4.392213504870501},
