[{"mapping": [6, 7, 2, 3, 4, 5, 9, 10, 11, 0, 1, 12], "R": [[0.8645986732532951, -0.5024630675070972, -1.850994730680363e-16], [-0.5024630675070972, -0.8645986732532951, 4.872804238683364e-17], [-1.8452080048581249e-16, 5.087544823382614e-17, -1.0]], "T": [-0.013583011177574957, -0.0747912654326031, 6.640047775866995e-17], "aligned_model": [[-0.08964362586704289, -0.08964362586704258, 0.5822830618773952, 0.5822830618773954, 0.026383104408510282, 0.026383104408510435, -0.5539974792819963, -0.553997479281996, 0.4907367635248941, -0.39526696906546444, -0.3952669690654643, -0.08964362586704273], [-0.04122548805532797, -0.04122548805532805, -0.09765722848203132, -0.09765722848203134, 0.5270279107306355, 0.5270279107306355, 0.0915140644738109, 0.09151406447381084, 0.3942884711184583, -0.6151410265732578, -0.6151410265732578, -0.04122548805532801], [-0.804162697918903, 0.8041626979189033, -0.4020813489594517, 0.40208134895945147, -0.4020813489594516, 0.4020813489594516, -0.40208134895945147, 0.4020813489594517, 9.57072768486589e-17, -0.4020813489594515, 0.40208134895945163, 1.8191363844145014e-16]], "inverted": true, "swapped": true, "error_lsq": 0.025843778860692414, "error_max": 0.11171842519221362, "target": "79.xyz", "model": "0.xyz", "model_rescale": 4.5108708085295355, "target_rescale": 4.4498457952110435},
{"mapping": [7, 6, 3, 2, 5, 4, 10, 9, 11, 1, 0, 12], "R": [[-0.8645986732532954, 0.502463067507097, 1.4032353968307886e-18], [0.502463067507097, 0.8645986732532954, -3.979610858072136e-17], [-2.1209310254676716e-17, -3.370258871760963e-17, -1.0]], "T": [-0.013583011177574902, -0.07479126543260312, -2.4359735043625143e-17], "aligned_model": [[-0.0896436258670427, -0.0896436258670427, 0.5822830618773955, 0.5822830618773955, 0.026383104408510164, 0.026383104408510164, -0.5539974792819962, -0.5539974792819962, 0.49073676352489415, -0.3952669690654642, -0.3952669690654642, -0.0896436258670427], [-0.04122548805532809, -0.04122548805532802, -0.09765722848203116, -0.09765722848203114, 0.5270279107306357, 0.5270279107306357, 0.09151406447381069, 0.09151406447381075, 0.3942884711184585, -0.615141026573258, -0.615141026573258, -0.04122548805532805], [-0.8041626979189032, 0.8041626979189032, -0.4020813489594515, 0.40208134895945163, -0.4020813489594515, 0.40208134895945163, -0.4020813489594515, 0.40208134895945163, -1.42118390172985e-16, -0.4020813489594515, 0.40208134895945163, -1.2560103967130633e-16]], "inverted": false, "swapped": true, "error_lsq": 0.025843778860692418, "error_max": 0.1117184251922139, "target": "79.xyz", "model": "1.xyz", "model_rescale": 4.510870808529536, "target_rescale": 4.4498457952110435},
{"mapping": [7, 6, 3, 2, 5, 4, 10, 9, 11, 1, 0, 12], "R": [[-0.8645986732532954, 0.5024630675070971, 2.1653410699381214e-17], [0.5024630675070971, 0.8645986732532954, -1.696362825552958e-17], [-2.7245106851417162e-17, -3.786691321290908e-18, -1.0000000000000002]], "T": [-0.01358301117757493, -0.07479126543260313, 8.57335731157128e-17], "aligned_model": [[-0.08964362586704272, -0.08964362586704275, 0.5822830618773956, 0.5822830618773956, 0.0263831044085102, 0.026383104408510185, -0.5539974792819962, -0.5539974792819962, 0.4907367635248942, -0.3952669690654644, -0.3952669690654644, -0.08964362586704273], [-0.041225488055328066, -0.04122548805532804, -0.09765722848203123, -0.0976572284820312, 0.5270279107306356, 0.5270279107306356, 0.09151406447381076, 0.09151406447381076, 0.3942884711184585, -0.6151410265732581, -0.6151410265732581, -0.04122548805532805], [-0.8041626979189033, 0.8041626979189035, -0.4020813489594515, 0.40208134895945186, -0.4020813489594515, 0.40208134895945186, -0.4020813489594515, 0.40208134895945186, -1.1102264311631096e-17, -0.4020813489594515, 0.40208134895945186, -1.6281582341483493e-17]], "inverted": false, "swapped": true, "error_lsq": 0.02584377886069242, "error_max": 0.11171842519221394, "target": "79.xyz", "model": "2.xyz", "model_rescale": 4.5108708085295355, "target_rescale": 4.4498457952110435},
{"mapping": [9, 10, 4, 5, 2, 3, 0, 1, 7, 11, 12, 8, 13], "R": [[0.5296833572856416, -0.8464504214775437, -0.054380373252675855], [0.8461101715440622, 0.5317869891446643, -0.03605795038726644], [0.05944004226352156, -0.026912490723485307, 0.9978690290908769]], "T": [-0.038483092615876874, 0.015443892482136953, -0.03386244031831193], "aligned_model": [[0.16747613354599564, 0.12432690441370567, -0.5088637990635801, -0.5520130281958701, 0.36243366297028556, 0.31928443383799565, 0.04278583898483809, -0.043512619279741836, -0.581611458184284, 0.5488046951300115, 0.5056554659977216, -0.18673430485575024, -0.00036339014745187526], [-0.517100105825497, -0.5457110305073049, 0.31547917425658173, 0.2868682495747739, 0.5515844895654356, 0.5229735648836278, -0.03130592929849532, -0.08852777866211087, -0.4313515025964634, -0.13816051031060894, -0.16677143499241673, 0.6298283335113162, -0.059916853980303095], [-0.4394643877371073, 0.3523153814122206, -0.44623733629979606, 0.3455424328495318, -0.39022301646865426, 0.4015567526806736, -0.8262879759858802, 0.7572715623127751, 0.3179765849682029, -0.40499034991970695, 0.3867894192296209, -0.01974086020532772, -0.034508206836552514]], "inverted": false, "swapped": false, "error_lsq": 0.03619558735318676, "error_max": 0.3252768536332711, "target": "79.xyz", "model": "3.xyz", "model_rescale": 4.509807743048502, "target_rescale": 4.4498457952110435},
{"mapping": [9, 10, 4, 5, 2, 3, 0, 1, 7, 11, 12, 8, 13], "R": [[0.5296833572856419, -0.8464504214775432, -0.05438037325267581], [0.8461101715440618, 0.5317869891446645, -0.036057950387266405], [0.05944004226352151, -0.026912490723485272, 0.9978690290908767]], "T": [-0.03848309261587688, 0.015443892482136966, -0.03386244031831185], "aligned_model": [[0.16747613354599536, 0.12432690441370545, -0.5088637990635798, -0.5520130281958698, 0.3624336629702857, 0.31928443383799576, 0.042785838984838, -0.04351261927974186, -0.581611458184284, 0.5488046951300112, 0.5056554659977213, -0.1867343048557499, -0.0003633901474519169], [-0.517100105825497, -0.5457110305073049, 0.3154791742565818, 0.2868682495747741, 0.5515844895654354, 0.5229735648836276, -0.03130592929849532, -0.08852777866211083, -0.4313515025964631, -0.13816051031060914, -0.1667714349924169, 0.6298283335113162, -0.05991685398030307], [-0.4394643877371071, 0.35231538141222035, -0.4462373362997959, 0.34554243284953157, -0.39022301646865415, 0.4015567526806733, -0.8262879759858801, 0.7572715623127754, 0.31797658496820275, -0.4049903499197068, 0.3867894192296207, -0.019740860205327747, -0.034508206836552535]], "inverted": false, "swapped": false, "error_lsq": 0.036195587353186745, "error_max": 0.32527685363327086, "target": "79.xyz", "model": "4.xyz", "model_rescale": 4.509807743048502, "target_rescale": 4.4498457952110435},
{"mapping": [9, 10, 4, 5, 2, 3, 0, 1, 7, 11, 12, 8, 13], "R": [[0.5296833572856416, -0.8464504214775437, -0.05438037325267582], [0.8461101715440622, 0.5317869891446643, -0.03605795038726642], [0.05944004226352152, -0.026912490723485297, 0.9978690290908769]], "T": [-0.038483092615876874, 0.015443892482136953, -0.03386244031831199], "aligned_model": [[0.1674761335459956, 0.12432690441370567, -0.5088637990635801, -0.5520130281958701, 0.36243366297028556, 0.31928443383799565, 0.042785838984838065, -0.04351261927974181, -0.581611458184284, 0.5488046951300115, 0.5056554659977216, -0.18673430485575027, -0.00036339014745188913], [-0.517100105825497, -0.5457110305073049, 0.3154791742565817, 0.2868682495747739, 0.5515844895654356, 0.5229735648836278, -0.031305929298495336, -0.08852777866211085, -0.4313515025964634, -0.13816051031060894, -0.1667714349924167, 0.6298283335113162, -0.05991685398030311], [-0.4394643877371072, 0.3523153814122206, -0.44623733629979606, 0.34554243284953173, -0.3902230164686543, 0.4015567526806735, -0.8262879759858802, 0.7572715623127751, 0.3179765849682029, -0.40499034991970695, 0.38678941922962085, -0.019740860205327494, -0.03450820683655228]], "inverted": false, "swapped": false, "error_lsq": 0.03619558735318676, "error_max": 0.3252768536332711, "target": "79.xyz", "model": "5.xyz", "model_rescale": 4.509807743048502, "target_rescale": 4.4498457952110435},
{"mapping": [10, 9, 5, 4, 3, 2, 1, 0, 6, 12, 11, 8, 13], "R": [[-0.5296832743949075, 0.8464504734691101, -0.054380371368799967], [-0.8461102236870355, -0.5317869061769199, -0.03605795045554551], [-0.05944003868238829, 0.026912494917776714, 0.9978690291910742]], "T": [-0.038483086249099616, 0.01544388217548975, -0.03386244130191906], "aligned_model": [[0.16747591830809683, 0.12432668917192667, -0.5088639315590167, -0.5520131606951868, 0.36243353754171537, 0.3192843084055452, 0.04278594790020096, -0.043512510372139324, -0.5816113336965945, 0.5488048313822288, 0.5056556022460587, -0.1867340822429902, -0.0003632812359691817], [-0.5170999397337247, -0.5457108654634387, 0.31547918513180073, 0.2868682594020867, 0.5515845941934298, 0.5229736684637157, -0.03130599640698388, -0.08852784786641195, -0.43135163867392995, -0.13816052939818058, -0.16677145512789462, 0.6298281532347644, -0.059916922136697914], [-0.43946440861682234, 0.3523153881124967, -0.4462373569445686, 0.3455424397847504, -0.39022303497494576, 0.40155676175437327, -0.8262880011286066, 0.7572715923300312, 0.3179766006455547, -0.40499035903332964, 0.3867894376959894, -0.01974085522563524, -0.03450820439928768]], "inverted": true, "swapped": false, "error_lsq": 0.03619558444693055, "error_max": 0.3252768827757114, "target": "79.xyz", "model": "6.xyz", "model_rescale": 4.509807586411629, "target_rescale": 4.4498457952110435},
{"mapping": [9, 10, 4, 5, 2, 3, 0, 1, 7, 11, 12, 8, 13], "R": [[0.5296832743949075, -0.8464504734691101, -0.054380371368800265], [0.8461102236870355, 0.5317869061769199, -0.03605795045554573], [0.05944003868238863, -0.026912494917776836, 0.9978690291910742]], "T": [-0.03848308624909961, 0.015443882175489757, -0.033862441301919115], "aligned_model": [[0.16747591830809694, 0.12432668917192657, -0.5088639315590165, -0.5520131606951869, 0.3624335375417155, 0.3192843084055451, 0.0427859479002012, -0.04351251037213956, -0.5816113336965946, 0.5488048313822289, 0.5056556022460585, -0.18673408224299018, -0.00036328123596916784], [-0.5170999397337246, -0.5457108654634388, 0.31547918513180084, 0.2868682594020866, 0.5515845941934299, 0.5229736684637156, -0.0313059964069837, -0.08852784786641213, -0.43135163867393006, -0.13816052939818052, -0.1667714551278947, 0.6298281532347644, -0.059916922136697914], [-0.43946440861682223, 0.3523153881124965, -0.44623735694456856, 0.3455424397847502, -0.39022303497494537, 0.4015567617543734, -0.8262880011286067, 0.7572715923300314, 0.3179766006455544, -0.40499035903332936, 0.3867894376959894, -0.019740855225635304, -0.03450820439928784]], "inverted": false, "swapped": false, "error_lsq": 0.03619558444693055, "error_max": 0.3252768827757111, "target": "79.xyz", "model": "7.xyz", "model_rescale": 4.509807586411629, "target_rescale": 4.4498457952110435},
{"mapping": [9, 10, 4, 5, 2, 3, 0, 1, 7, 11, 12, 8, 13], "R": [[0.5296832743949078, -0.84645047346911, -0.05438037136880027], [0.8461102236870354, 0.5317869061769203, -0.036057950455545676], [0.05944003868238861, -0.026912494917776864, 0.9978690291910743]], "T": [-0.03848308624909961, 0.015443882175489781, -0.033862441301919254], "aligned_model": [[0.16747591830809677, 0.12432668917192638, -0.5088639315590165, -0.5520131606951869, 0.3624335375417157, 0.31928430840554534, 0.04278594790020119, -0.04351251037213958, -0.5816113336965948, 0.5488048313822289, 0.5056556022460585, -0.18673408224298998, -0.00036328123596920947], [-0.5170999397337247, -0.5457108654634389, 0.31547918513180095, 0.2868682594020868, 0.5515845941934298, 0.5229736684637155, -0.03130599640698374, -0.08852784786641209, -0.4313516386739298, -0.1381605293981807, -0.16677145512789487, 0.6298281532347645, -0.05991692213669793], [-0.4394644086168224, 0.3523153881124967, -0.44623735694456873, 0.34554243978475035, -0.39022303497494554, 0.40155676175437355, -0.8262880011286069, 0.757271592330031, 0.31797660064555455, -0.40499035903332953, 0.38678943769598956, -0.019740855225635068, -0.03450820439928758]], "inverted": false, "swapped": false, "error_lsq": 0.03619558444693056, "error_max": 0.3252768827757112, "target": "79.xyz", "model": "8.xyz", "model_rescale": 4.509807586411629, "target_rescale": 4.4498457952110435},
{"mapping": [11, 12, 6, 7, 2, 3, 0, 1, 5, 9, 10, 8, 13], "R": [[-0.5296834067054677, 0.8464503904025402, -0.05438037558051205], [-0.8461101404759541, -0.5317870386527699, -0.0360579492578082], [-0.059440044117172644, 0.02691248981987346, 0.9978690290048308]], "T": [-0.038483115905147004, 0.015443847339809962, -0.03386244495370976], "aligned_model": [[0.16747599628340973, 0.12432676302139054, -0.5088637357705655, -0.5520129690325847, 0.36243359844699036, 0.31928436518497116, 0.04278602873612313, -0.043512437787915255, -0.5816114425418457, 0.5488046001717471, 0.505655366909728, -0.18673439394167726, -0.0003632045258960617], [-0.5171001313818788, -0.5457110566810558, 0.31547911435527426, 0.2868681890560973, 0.5515845090528713, 0.5229735837536943, -0.0313058513792979, -0.08852770197765183, -0.43135159932423045, -0.1381605381699342, -0.16677146346911118, 0.6298283884622325, -0.05991677667847487], [-0.4394644178603748, 0.3523153931070252, -0.44623735925526287, 0.34554245171213716, -0.3902230417507963, 0.4015567692166037, -0.8262880064557576, 0.7572716154790422, 0.3179766008921676, -0.40499037735712523, 0.3867894336102748, -0.019740865849576208, -0.03450819548835779]], "inverted": false, "swapped": false, "error_lsq": 0.03619557273040329, "error_max": 0.32527688592076925, "target": "79.xyz", "model": "9.xyz", "model_rescale": 4.509807504472865, "target_rescale": 4.4498457952110435},
{"mapping": [11, 12, 6, 7, 2, 3, 0, 1, 5, 9, 10, 8, 13], "R": [[-0.5296834067054672, 0.8464503904025404, -0.054380375580512015], [-0.8461101404759543, -0.5317870386527694, -0.03605794925780822], [-0.05944004411717262, 0.02691248981987345, 0.9978690290048308]], "T": [-0.038483115905147, 0.015443847339809937, -0.03386244495370971], "aligned_model": [[0.16747599628340998, 0.12432676302139084, -0.5088637357705658, -0.5520129690325849, 0.3624335984469901, 0.31928436518497094, 0.04278602873612315, -0.0435124377879152, -0.5816114425418454, 0.5488046001717473, 0.5056553669097281, -0.18673439394167757, -0.00036320452589601315], [-0.5171001313818786, -0.5457110566810557, 0.3154791143552739, 0.28686818905609696, 0.5515845090528715, 0.5229735837536944, -0.03130585137929788, -0.08852770197765186, -0.4313515993242307, -0.13816053816993393, -0.1667714634691109, 0.6298283884622324, -0.059916776678474865], [-0.43946441786037466, 0.35231539310702514, -0.44623735925526276, 0.34554245171213704, -0.3902230417507962, 0.4015567692166036, -0.8262880064557577, 0.7572716154790424, 0.3179766008921675, -0.4049903773571251, 0.3867894336102747, -0.019740865849576253, -0.03450819548835783]], "inverted": false, "swapped": false, "error_lsq": 0.03619557273040328, "error_max": 0.32527688592076914, "target": "79.xyz", "model": "10.xyz", "model_rescale": 4.509807504472865, "target_rescale": 4.4498457952110435},
{"mapping": [11, 12, 6, 7, 2, 3, 0, 1, 5, 9, 10, 8, 13], "R": [[-0.5296834067054671, 0.8464503904025407, -0.05438037558051205], [-0.8461101404759546, -0.5317870386527693, -0.03605794925780816], [-0.05944004411717259, 0.02691248981987352, 0.9978690290048309]], "T": [-0.03848311590514699, 0.015443847339809927, -0.033862444953709825], "aligned_model": [[0.16747599628341017, 0.12432676302139098, -0.5088637357705659, -0.552012969032585, 0.3624335984469901, 0.3192843651849709, 0.0427860287361232, -0.043512437787915186, -0.5816114425418454, 0.5488046001717474, 0.5056553669097282, -0.18673439394167773, -0.0003632045258960062], [-0.5171001313818788, -0.5457110566810557, 0.31547911435527387, 0.2868681890560969, 0.5515845090528717, 0.5229735837536948, -0.031305851379297936, -0.08852770197765182, -0.43135159932423095, -0.1381605381699339, -0.16677146346911081, 0.6298283884622325, -0.05991677667847489], [-0.4394644178603748, 0.35231539310702525, -0.4462373592552629, 0.34554245171213716, -0.39022304175079636, 0.4015567692166037, -0.8262880064557578, 0.7572716154790422, 0.3179766008921676, -0.40499037735712523, 0.38678943361027485, -0.019740865849576027, -0.03450819548835755]], "inverted": false, "swapped": false, "error_lsq": 0.03619557273040329, "error_max": 0.3252768859207693, "target": "79.xyz", "model": "11.xyz", "model_rescale": 4.509807504472865, "target_rescale": 4.4498457952110435},
{"mapping": [11, 12, 6, 7, 2, 3, 0, 1, 5, 9, 10, 8, 13], "R": [[-0.5296832973486997, 0.8464504591872275, -0.054380370093821996], [-0.8461102092810073, -0.5317869290604663, -0.03605795100790843], [-0.05944003920135985, 0.026912491935355554, 0.9978690292405965]], "T": [-0.03848302492248847, 0.01544378636298005, -0.033862440135746956], "aligned_model": [[0.16747595613290342, 0.12432672973163797, -0.5088638442835601, -0.5520130706848255, 0.36243359651425144, 0.31928437011298594, 0.04278593269594056, -0.04351252010659036, -0.5816114496279533, 0.5488048642757206, 0.5056556378744552, -0.1867343737757651, -0.0003632937053249033], [-0.5171000190122014, -0.545710944037567, 0.3154790908575298, 0.2868681658321641, 0.5515844668772757, 0.52297354185191, -0.03130578540751004, -0.0885276354582414, -0.43135158478844526, -0.1381606341646676, -0.16677155919003325, 0.6298282726911969, -0.05991671043287572], [-0.4394643927935488, 0.35231537235382204, -0.44623733764291607, 0.3455424275044548, -0.39022301939501314, 0.4015567457523577, -0.8262879613804088, 0.7572715689143326, 0.31797658211207075, -0.4049903446789796, 0.3867894204683912, -0.019740864981524258, -0.034508196233038226]], "inverted": false, "swapped": false, "error_lsq": 0.0361955767644398, "error_max": 0.32527686549791945, "target": "79.xyz", "model": "12.xyz", "model_rescale": 4.509807766519439, "target_rescale": 4.4498457952110435},
{"mapping": [11, 12, 6, 7, 2, 3, 0, 1, 5, 9, 10, 8, 13], "R": [[-0.5296832973487002, 0.8464504591872271, -0.054380370093822336], [-0.8461102092810069, -0.5317869290604669, -0.03605795100790854], [-0.05944003920136015, 0.026912491935355748, 0.9978690292405965]], "T": [-0.03848302492248847, 0.015443786362980088, -0.0338624401357469], "aligned_model": [[0.16747595613290317, 0.12432672973163744, -0.5088638442835597, -0.5520130706848254, 0.36243359651425183, 0.3192843701129861, 0.04278593269594078, -0.0435125201065907, -0.5816114496279537, 0.5488048642757207, 0.5056556378744549, -0.1867343737757647, -0.00036329370532495187], [-0.5171000190122014, -0.545710944037567, 0.3154790908575303, 0.2868681658321645, 0.5515844668772752, 0.5229735418519096, -0.031305785407509945, -0.08852763545824148, -0.4313515847884448, -0.1381606341646679, -0.16677155919003367, 0.6298282726911969, -0.059916710432875706], [-0.4394643927935487, 0.3523153723538219, -0.4462373376429161, 0.34554242750445446, -0.39022301939501286, 0.4015567457523577, -0.8262879613804089, 0.7572715689143328, 0.31797658211207036, -0.4049903446789794, 0.3867894204683912, -0.019740864981524258, -0.03450819623303827]], "inverted": false, "swapped": false, "error_lsq": 0.0361955767644398, "error_max": 0.32527686549791907, "target": "79.xyz", "model": "13.xyz", "model_rescale": 4.509807766519439, "target_rescale": 4.4498457952110435},
{"mapping": [11, 12, 6, 7, 2, 3, 0, 1, 5, 9, 10, 8, 13], "R": [[-0.5296832973487002, 0.8464504591872271, -0.054380370093822336], [-0.8461102092810069, -0.5317869290604669, -0.03605795100790854], [-0.05944003920136015, 0.026912491935355748, 0.9978690292405965]], "T": [-0.038483024922488465, 0.015443786362980095, -0.03386244013574704], "aligned_model": [[0.16747595613290317, 0.12432672973163746, -0.5088638442835597, -0.5520130706848254, 0.36243359651425183, 0.3192843701129861, 0.042785932695940776, -0.04351252010659068, -0.5816114496279537, 0.5488048642757207, 0.5056556378744549, -0.18673437377576474, -0.00036329370532496574], [-0.5171000190122014, -0.545710944037567, 0.3154790908575303, 0.2868681658321645, 0.5515844668772752, 0.5229735418519096, -0.031305785407509945, -0.08852763545824147, -0.4313515847884448, -0.13816063416466787, -0.16677155919003364, 0.6298282726911969, -0.05991671043287572], [-0.4394643927935488, 0.352315372353822, -0.44623733764291623, 0.3455424275044546, -0.39022301939501297, 0.40155674575235784, -0.8262879613804089, 0.7572715689143324, 0.31797658211207047, -0.4049903446789795, 0.3867894204683913, -0.019740864981524005, -0.03450819623303801]], "inverted": false, "swapped": false, "error_lsq": 0.0361955767644398, "error_max": 0.3252768654979192, "target": "79.xyz", "model": "14.xyz", "model_rescale": 4.509807766519439, "target_rescale": 4.4498457952110435},
{"mapping": [6, 7, 2, 3, 9, 10, 4, 5, 11, 0, 1, 12], "R": [[-0.864598668760801, 0.5024630752374255, 3.651257052775257e-17], [0.5024630752374255, 0.864598668760801, 1.42827682179427e-16], [4.0196916545578785e-17, 1.418348423467213e-16, -1.0]], "T": [0.01358286727663717, 0.07479137593199904, 8.570775338616305e-17], "aligned_model": [[0.08964348166599524, 0.08964348166599519, -0.5822832055738899, -0.5822832055738899, 0.5539973338941316, 0.5539973338941316, -0.026383253690279607, -0.026383253690279634, -0.49073691161984756, 0.3952668299957635, 0.3952668299957635, 0.08964348166599521], [0.04122559787467038, 0.041225597874670145, 0.09765734430903246, 0.09765734430903235, -0.09151395880623032, -0.09151395880623044, -0.5270277998739047, -0.5270277998739049, -0.3942883561099676, 0.6151411336600391, 0.6151411336600389, 0.04122559787467026], [-0.804162697918903, 0.8041626979189033, -0.4020813489594515, 0.40208134895945163, -0.4020813489594515, 0.40208134895945163, -0.40208134895945163, 0.4020813489594515, 1.0009495736550568e-16, -0.4020813489594514, 0.40208134895945175, 1.8348958601270322e-16]], "inverted": true, "swapped": true, "error_lsq": 0.025843783346308716, "error_max": 0.11171857750404507, "target": "79.xyz", "model": "15.xyz", "model_rescale": 4.510870436145588, "target_rescale": 4.4498457952110435},
{"mapping": [6, 7, 2, 3, 9, 10, 4, 5, 11, 0, 1, 12], "R": [[-0.8645986687608012, 0.5024630752374254, 4.343680052744293e-17], [0.5024630752374254, 0.8645986687608012, 1.6705640949495856e-16], [4.6384277341703894e-17, 1.6626213762879402e-16, -1.0]], "T": [0.01358286727663716, 0.07479137593199904, 2.3799381660235226e-17], "aligned_model": [[0.08964348166599524, 0.08964348166599516, -0.58228320557389, -0.58228320557389, 0.5539973338941317, 0.5539973338941317, -0.0263832536902795, -0.02638325369027954, -0.49073691161984756, 0.39526682999576346, 0.39526682999576346, 0.0896434816659952], [0.0412255978746704, 0.04122559787467014, 0.09765734430903236, 0.09765734430903222, -0.09151395880623024, -0.09151395880623035, -0.5270277998739048, -0.527027799873905, -0.3942883561099677, 0.6151411336600392, 0.615141133660039, 0.04122559787467027], [-0.8041626979189032, 0.8041626979189032, -0.40208134895945163, 0.4020813489594515, -0.40208134895945163, 0.4020813489594515, -0.40208134895945175, 0.4020813489594514, 2.332935458021816e-17, -0.4020813489594515, 0.40208134895945163, 1.212946193910404e-16]], "inverted": true, "swapped": true, "error_lsq": 0.025843783346308716, "error_max": 0.11171857750404517, "target": "79.xyz", "model": "16.xyz", "model_rescale": 4.510870436145588, "target_rescale": 4.4498457952110435},
{"mapping": [7, 6, 3, 2, 10, 9, 5, 4, 11, 1, 0, 12], "R": [[0.864598668760801, -0.5024630752374257, -4.379520089119589e-16], [-0.5024630752374257, -0.864598668760801, 1.220368665931499e-16], [-4.3997174316713164e-16, 1.1454180080813446e-16, -1.0000000000000002]], "T": [0.013582867276637184, 0.07479137593199904, 1.0459339264667575e-16], "aligned_model": [[0.0896434816659949, 0.08964348166599559, -0.5822832055738902, -0.5822832055738898, 0.5539973338941315, 0.553997333894132, -0.02638325369027989, -0.026383253690279544, -0.49073691161984767, 0.39526682999576357, 0.3952668299957639, 0.08964348166599524], [0.04122559787467034, 0.041225597874670145, 0.09765734430903256, 0.09765734430903247, -0.09151395880623044, -0.09151395880623055, -0.5270277998739049, -0.5270277998739049, -0.39428835610996754, 0.615141133660039, 0.615141133660039, 0.04122559787467024], [-0.8041626979189033, 0.8041626979189035, -0.40208134895945125, 0.40208134895945213, -0.4020813489594518, 0.4020813489594516, -0.4020813489594516, 0.4020813489594518, 1.6841744590792837e-16, -0.40208134895945163, 0.40208134895945175, -3.261255496284088e-17]], "inverted": false, "swapped": true, "error_lsq": 0.025843783346308723, "error_max": 0.11171857750404507, "target": "79.xyz", "model": "17.xyz", "model_rescale": 4.510870436145588, "target_rescale": 4.4498457952110435},
{"mapping": [5, 3, 8, 9, 2, 1, 6, 0, 7, 4, 11, 10, 12], "R": [[0.3574591426621956, 0.8403614266123071, 0.4074501613563749], [0.4329584938191283, -0.5356736790975094, 0.7249832081862382], [0.8275082500839974, -0.08274286787552382, -0.5553230716066582]], "T": [0.09074678717398071, 0.1186463133285541, -0.07233280459477767], "aligned_model": [[-0.2063942090091621, 0.3214377927874821, -0.33860857952010387, -0.5793861504788949, 0.2584826827387811, 0.3672260228596943, 0.12007641674614912, 0.04075539710438303, -0.6650792052754151, 0.6479084185427932, 0.5521534163982829, -0.25291552472358364, -0.06798794301653022], [-0.7139743299568675, -0.6333655080302595, 0.3456130338425791, 0.0601961058291586, 0.5743734602627729, 0.569938490591913, -0.1330794277417279, -0.010956411623226608, -0.23528186837256057, -0.05247060581511992, -0.07767383946005832, 0.6410910080442983, -0.0065214419523668965], [-0.2952056852474565, 0.19730991623523023, -0.45176432738248806, 0.4418156279468244, -0.43644721462573055, 0.3589792468759143, -0.7401599100298507, 0.8039334716583085, -0.006810102600093876, -0.24764430854716396, 0.3706248723954124, -0.003138596835569857, 0.008507010156663733]], "inverted": false, "swapped": false, "error_lsq": 0.05034014169573549, "error_max": 0.3342519068119044, "target": "79.xyz", "model": "18.xyz", "model_rescale": 4.466005644533647, "target_rescale": 4.4498457952110435},
{"mapping": [8, 9, 4, 5, 0, 1, 2, 3, 7, 10, 11, 12, 13], "R": [[0.529683275150725, -0.8464504731047997, -0.05438036967750431], [0.8461102232443967, 0.5317869068458037, -0.036057950977420976], [0.05944003824795901, -0.026912493159001353, 0.9978690292643859]], "T": [-0.03848308305348642, 0.015443821070369887, -0.03386244239858445], "aligned_model": [[0.1674759146772405, 0.12432668808067932, -0.5088639157866296, -0.5520131423831908, 0.3624335294099024, 0.31928430281334125, 0.042786064890282256, -0.043512388302840106, -0.5816115028562694, 0.548804817519542, 0.5056555909229808, -0.1867342621248844, -0.0003631617062789319], [-0.5170999859878413, -0.5457109113375462, 0.31547911629541786, 0.286868190945713, 0.5515845180993774, 0.5229735927496725, -0.031305868213944515, -0.08852771891335434, -0.431351569239665, -0.13816058648380036, -0.1667715118335053, 0.629828193101661, -0.05991679356364943], [-0.4394643991116797, 0.3523153756998027, -0.4462373456157647, 0.3455424291957177, -0.3902230265684957, 0.4015567482429867, -0.8262879672175988, 0.7572715824053661, 0.31797658449921357, -0.4049903509278503, 0.38678942388363213, -0.0197408620792138, -0.034508192406116175]], "inverted": false, "swapped": false, "error_lsq": 0.03619557302537699, "error_max": 0.3252768699468321, "target": "79.xyz", "model": "19.xyz", "model_rescale": 4.509807711582247, "target_rescale": 4.4498457952110435},
{"mapping": [9, 8, 5, 4, 1, 0, 3, 2, 6, 11, 10, 12, 13], "R": [[-0.5296832751507252, 0.8464504731047997, -0.054380369677504335], [-0.8461102232443967, -0.5317869068458039, -0.036057950977421045], [-0.05944003824795909, 0.02691249315900133, 0.9978690292643861]], "T": [-0.038483083053486404, 0.015443821070369908, -0.03386244239858449], "aligned_model": [[0.16747591467724035, 0.12432668808067912, -0.5088639157866295, -0.5520131423831907, 0.3624335294099025, 0.3192843028133413, 0.042786064890282256, -0.04351238830284013, -0.5816115028562694, 0.5488048175195421, 0.505655590922981, -0.18673426212488428, -0.00036316170627893885], [-0.5170999859878413, -0.5457109113375462, 0.315479116295418, 0.28686819094571303, 0.5515845180993771, 0.5229735927496723, -0.03130586821394444, -0.08852771891335437, -0.43135156923966494, -0.13816058648380047, -0.16677151183350547, 0.629828193101661, -0.05991679356364941], [-0.4394643991116799, 0.35231537569980287, -0.44623734561576484, 0.3455424291957179, -0.39022302656849583, 0.4015567482429869, -0.8262879672175989, 0.7572715824053662, 0.3179765844992137, -0.40499035092785046, 0.3867894238836323, -0.019740862079213793, -0.034508192406116224]], "inverted": true, "swapped": false, "error_lsq": 0.03619557302537699, "error_max": 0.3252768699468322, "target": "79.xyz", "model": "20.xyz", "model_rescale": 4.509807711582248, "target_rescale": 4.4498457952110435},
{"mapping": [4, 6, 10, 7, 0, 2, 1, 5, 8, 11, 3, 9, 12], "R": [[0.3574591426621956, 0.8403614266123074, -0.4074501613563749], [0.4329584938191281, -0.5356736790975092, -0.7249832081862386], [-0.8275082500839981, 0.0827428678755241, -0.5553230716066582]], "T": [0.09074678717398076, 0.11864631332855424, 0.07233280459477771], "aligned_model": [[0.3214377927874824, -0.206394209009162, -0.5793861504788952, -0.3386085795201041, 0.36722602285969436, 0.2584826827387811, 0.040755397104383126, 0.12007641674614919, -0.6650792052754153, 0.5521534163982831, 0.6479084185427936, -0.2529155247235839, -0.06798794301653029], [-0.6333655080302596, -0.7139743299568675, 0.06019610582915835, 0.34561303384257924, 0.5699384905919131, 0.5743734602627732, -0.010956411623226803, -0.13307942774172765, -0.2352818683725607, -0.07767383946005832, -0.0524706058151197, 0.6410910080442982, -0.0065214419523668965], [-0.19730991623523003, 0.2952056852474572, -0.44181562794682466, 0.4517643273824882, -0.3589792468759149, 0.4364472146257306, -0.803933471658309, 0.7401599100298514, 0.006810102600094084, -0.3706248723954127, 0.24764430854716407, 0.003138596835569496, -0.008507010156663719]], "inverted": false, "swapped": false, "error_lsq": 0.050340141695735495, "error_max": 0.33425190681190486, "target": "79.xyz", "model": "21.xyz", "model_rescale": 4.466005644533646, "target_rescale": 4.4498457952110435},
{"mapping": [3, 5, 9, 8, 1, 2, 0, 6, 7, 11, 4, 10, 12], "R": [[-0.3574590794105098, -0.8403614678407165, -0.4074501318144188], [-0.43295853197918555, 0.5356736208081114, -0.7249832284658426], [0.8275082574412291, -0.08274282651036308, -0.5553230668067521]], "T": [0.09074679124240072, 0.11864631370116403, 0.0723328043643099], "aligned_model": [[0.32143774732616764, -0.20639423362327675, -0.5793860738040832, -0.33860867414942, 0.3672258861059545, 0.2584827642622447, 0.04075528139492611, 0.1200763710877517, -0.6650792788604485, 0.5521537029187016, 0.6479083520371961, -0.25291546909305485, -0.06798784044878377], [-0.6333654332041309, -0.7139743008265642, 0.060196006220708156, 0.34561305969879624, 0.5699385808485944, 0.574373410578338, -0.010956342288651041, -0.13307937768931888, -0.2352818634384492, -0.07767398101294858, -0.052470510066885565, 0.6410909293579535, -0.006521512558907525], [-0.19730994862646067, 0.29520567633817274, -0.44181559758737055, 0.45176434135110993, -0.3589792637265492, 0.43644722704863487, -0.8039334882424425, 0.740159900854066, 0.006810116835216665, -0.3706248695950749, 0.24764427588943266, 0.0031386269285227503, -0.008506997467258498]], "inverted": true, "swapped": false, "error_lsq": 0.050340137618656515, "error_max": 0.33425185693730053, "target": "79.xyz", "model": "22.xyz", "model_rescale": 4.46600560860683, "target_rescale": 4.4498457952110435},
{"mapping": [8, 9, 4, 5, 0, 1, 2, 3, 7, 10, 11, 12, 13], "R": [[0.5296833340199121, -0.8464504361177362, -0.054380371988838605], [0.846110186207982, 0.5317869658131227, -0.03605795039054303], [0.05944004085332025, -0.02691249128874814, 0.997869029159633]], "T": [-0.03848307696444949, 0.015443820297534393, -0.033862442469168634], "aligned_model": [[0.167475979185987, 0.12432675039944552, -0.5088637989431859, -0.5520130277297274, 0.3624336698771312, 0.31928444109058973, 0.042785974395902766, -0.04351248317718019, -0.5816114384135391, 0.5488047238501672, 0.5056554950636258, -0.1867344960547026, -0.0003632543906387231], [-0.5171000631413393, -0.5457109882614294, 0.315479093080658, 0.286868167960568, 0.5515844360436712, 0.5229735109235811, -0.03130581352886461, -0.0885276637690447, -0.43135159600328815, -0.13816056922953007, -0.16677149434962013, 0.6298283845421279, -0.05991673864895465], [-0.43946440129119246, 0.35231537996978174, -0.44623734505110835, 0.34554243620986586, -0.390223024957461, 0.40155675630351323, -0.8262879769756627, 0.7572715855462856, 0.31797658899147313, -0.4049903576520835, 0.3867894236088907, -0.019740868987613475, -0.03450819571468855]], "inverted": false, "swapped": false, "error_lsq": 0.03619557649744671, "error_max": 0.32527687327122407, "target": "79.xyz", "model": "23.xyz", "model_rescale": 4.509807674373902, "target_rescale": 4.4498457952110435},
{"mapping": [8, 9, 4, 5, 0, 1, 2, 3, 7, 10, 11, 12, 13], "R": [[0.5296833340199125, -0.846450436117736, -0.05438037198883864], [0.8461101862079817, 0.5317869658131231, -0.036057950390542964], [0.059440040853320227, -0.026912491288748175, 0.997869029159633]], "T": [-0.03848307696444948, 0.015443820297534407, -0.03386244246916864], "aligned_model": [[0.16747597918598675, 0.12432675039944521, -0.5088637989431857, -0.5520130277297273, 0.36243366987713144, 0.31928444109058995, 0.04278597439590275, -0.04351248317718025, -0.5816114384135395, 0.5488047238501672, 0.5056554950636256, -0.1867344960547023, -0.00036325439063874393], [-0.5171000631413394, -0.5457109882614295, 0.3154790930806582, 0.2868681679605682, 0.551584436043671, 0.5229735109235809, -0.031305813528864676, -0.08852766376904467, -0.4313515960032879, -0.1381605692295303, -0.1667714943496203, 0.629828384542128, -0.059916738648954665], [-0.4394644012911925, 0.35231537996978185, -0.4462373450511084, 0.34554243620986597, -0.39022302495746103, 0.40155675630351334, -0.8262879769756626, 0.7572715855462855, 0.31797658899147324, -0.4049903576520836, 0.3867894236088908, -0.019740868987613708, -0.03450819571468875]], "inverted": false, "swapped": false, "error_lsq": 0.03619557649744671, "error_max": 0.3252768732712242, "target": "79.xyz", "model": "24.xyz", "model_rescale": 4.509807674373903, "target_rescale": 4.4498457952110435},
{"mapping": [4, 6, 10, 7, 0, 2, 1, 5, 8, 11, 3, 9, 12], "R": [[0.3574590794105097, 0.8403614678407162, -0.40745013181441947], [0.4329585319791852, -0.5356736208081119, -0.7249832284658425], [-0.8275082574412294, 0.08274282651036269, -0.5553230668067519]], "T": [0.09074679124240086, 0.1186463137011641, 0.07233280436430992], "aligned_model": [[0.32143774732616737, -0.20639423362327697, -0.5793860738040836, -0.33860867414941964, 0.36722588610595475, 0.25848276426224526, 0.04075528139492586, 0.1200763710877519, -0.6650792788604486, 0.5521537029187013, 0.6479083520371962, -0.2529154690930546, -0.06798784044878377], [-0.6333654332041311, -0.7139743008265641, 0.06019600622070856, 0.3456130596987965, 0.5699385808485941, 0.574373410578338, -0.010956342288651083, -0.13307937768931885, -0.23528186343844867, -0.07767398101294887, -0.05247051006688591, 0.6410909293579538, -0.006521512558907455], [-0.19730994862646065, 0.2952056763381731, -0.4418155975873702, 0.4517643413511101, -0.35897926372654954, 0.4364472270486348, -0.8039334882424425, 0.740159900854066, 0.006810116835217123, -0.3706248695950751, 0.24764427588943233, 0.003138626928522778, -0.008506997467258443]], "inverted": false, "swapped": false, "error_lsq": 0.05034013761865652, "error_max": 0.33425185693730036, "target": "79.xyz", "model": "25.xyz", "model_rescale": 4.466005608606829, "target_rescale": 4.4498457952110435},
{"mapping": [5, 3, 8, 9, 2, 1, 6, 0, 7, 4, 11, 10, 12], "R": [[0.35745916879653594, 0.8403614096143748, 0.4074501734865635], [0.4329584503033274, -0.5356737003413826, 0.7249832184771671], [0.8275082615625242, -0.08274290297972109, -0.5553230492715547]], "T": [0.0907468008425081, 0.11864632860640575, -0.07233276332395305], "aligned_model": [[-0.20639425043783288, 0.3214378189012547, -0.3386085868138912, -0.5793861411121447, 0.2584826564968268, 0.36722608477750474, 0.12007637088595158, 0.04075546345372032, -0.6650792081376756, 0.6479084402250391, 0.5521533715304404, -0.25291551978836024, -0.06798796482695772], [-0.7139743094733767, -0.6333654292000471, 0.34561301851795767, 0.060196074196726096, 0.5743734169665633, 0.5699385094658161, -0.13307942419150084, -0.010956375816059655, -0.23528186676391818, -0.052470543918171325, -0.07767389532874411, 0.641090959478602, -0.006521468315312667], [-0.2952057553961172, 0.19731000464869425, -0.45176434624225453, 0.44181556287151896, -0.43644723473721697, 0.3589793756277044, -0.7401599429958967, 0.8039335632274838, -0.006810158642475139, -0.2476441829510852, 0.3706247864553423, -0.0031386247282604585, 0.008506952862562506]], "inverted": false, "swapped": false, "error_lsq": 0.050340143976169385, "error_max": 0.33425187922805866, "target": "79.xyz", "model": "26.xyz", "model_rescale": 4.466005838112752, "target_rescale": 4.4498457952110435},
{"mapping": [8, 9, 4, 5, 0, 1, 2, 3, 7, 10, 11, 12, 13], "R": [[0.529683209414063, -0.846450514214065, -0.05438037009402283], [0.8461102646710721, 0.5317868410956811, -0.03605794857899223], [0.05944003434610673, -0.02691249940495665, 0.9978690293283543]], "T": [-0.03848305743975477, 0.01544385316037616, -0.03386243860917373], "aligned_model": [[0.16747591583632832, 0.12432669064566254, -0.5088638344346633, -0.5520130596253291, 0.36243355722901754, 0.31928433203835177, 0.04278603467844281, -0.04351241570288869, -0.5816114806318524, 0.5488047738672552, 0.5056555486765895, -0.18673433691081556, -0.00036319051222294396], [-0.5171000130074697, -0.5457109353027447, 0.31547919094836374, 0.2868682686530888, 0.551584651118821, 0.522973728823546, -0.03130592700478595, -0.08852777159533588, -0.4313516527211389, -0.13816059898379707, -0.16677152127907202, 0.6298280952691202, -0.059916849300060915], [-0.4394643813995914, 0.3523153616002234, -0.44623732214253314, 0.34554242085728165, -0.39022300411094224, 0.40155673888887256, -0.8262879375587195, 0.75727154844091, 0.3179765687530554, -0.4049903358869991, 0.3867894071128157, -0.019740869995468677, -0.03450819455890464]], "inverted": false, "swapped": false, "error_lsq": 0.0361955762644165, "error_max": 0.32527686815889517, "target": "79.xyz", "model": "27.xyz", "model_rescale": 4.509807893063789, "target_rescale": 4.4498457952110435},
