[{"mapping": [7, 6, 3, 2, 5, 4, 10, 9, 11, 1, 0, 12], "R": [[-0.8645986732532956, 0.5024630675070969, -1.1628992869177476e-17], [0.5024630675070969, 0.8645986732532956, 2.508412879364434e-17], [2.2658260105360503e-17, 1.5844565045634614e-17, -1.0000000000000002]], "T": [-0.013583011177574877, -0.07479126543260307, 3.5607806498971905e-17], "aligned_model": [[-0.08964362586704269, -0.08964362586704266, 0.5822830618773955, 0.5822830618773955, 0.026383104408510043, 0.026383104408510057, -0.5539974792819962, -0.5539974792819962, 0.49073676352489404, -0.3952669690654641, -0.3952669690654641, -0.08964362586704268], [-0.041225488055328004, -0.041225488055328045, -0.09765722848203096, -0.09765722848203098, 0.5270279107306356, 0.5270279107306356, 0.09151406447381062, 0.09151406447381062, 0.3942884711184587, -0.6151410265732582, -0.6151410265732582, -0.041225488055328025], [-0.8041626979189033, 0.8041626979189033, -0.4020813489594517, 0.4020813489594518, -0.4020813489594517, 0.4020813489594518, -0.4020813489594517, 0.4020813489594518, 1.4130831832104917e-16, -0.4020813489594517, 0.4020813489594518, 1.3713306948735323e-16]], "inverted": false, "swapped": true, "error_lsq": 0.025843778860692432, "error_max": 0.11171842519221396, "target": "80.xyz", "model": "0.xyz", "model_rescale": 4.5108708085295355, "target_rescale": 4.449845795211044},
{"mapping": [7, 6, 3, 2, 5, 4, 10, 9, 11, 1, 0, 12], "R": [[-0.8645986732532954, 0.5024630675070971, -1.7545792859855628e-17], [0.5024630675070971, 0.8645986732532954, -4.040950884373857e-17], [-5.134216542271728e-18, -4.3754120635320846e-17, -1.0000000000000002]], "T": [-0.013583011177574884, -0.07479126543260307, -2.2907107775287054e-17], "aligned_model": [[-0.08964362586704269, -0.08964362586704266, 0.5822830618773955, 0.5822830618773955, 0.026383104408510202, 0.026383104408510216, -0.553997479281996, -0.553997479281996, 0.49073676352489415, -0.3952669690654642, -0.3952669690654642, -0.08964362586704266], [-0.04122548805532803, -0.04122548805532796, -0.09765722848203115, -0.09765722848203112, 0.5270279107306356, 0.5270279107306356, 0.09151406447381073, 0.09151406447381079, 0.39428847111845844, -0.6151410265732579, -0.6151410265732579, -0.041225488055328], [-0.8041626979189033, 0.8041626979189033, -0.40208134895945175, 0.40208134895945175, -0.40208134895945175, 0.40208134895945175, -0.40208134895945175, 0.40208134895945175, 4.9087706519817565e-17, -0.4020813489594517, 0.4020813489594518, 7.686984579681556e-17]], "inverted": false, "swapped": true, "error_lsq": 0.02584377886069242, "error_max": 0.1117184251922138, "target": "80.xyz", "model": "1.xyz", "model_rescale": 4.510870808529536, "target_rescale": 4.449845795211044},
{"mapping": [7, 6, 3, 2, 5, 4, 10, 9, 11, 1, 0, 12], "R": [[-0.8645986732532954, 0.502463067507097, -6.045369151706149e-17], [0.502463067507097, 0.8645986732532954, -2.796076183397778e-16], [-8.8224320130443e-17, -2.7212412312987617e-16, -1.0]], "T": [-0.013583011177574898, -0.07479126543260307, 1.0701653794979698e-16], "aligned_model": [[-0.08964362586704275, -0.08964362586704264, 0.5822830618773954, 0.5822830618773954, 0.026383104408510112, 0.026383104408510168, -0.553997479281996, -0.553997479281996, 0.49073676352489404, -0.3952669690654641, -0.3952669690654641, -0.08964362586704269], [-0.04122548805532823, -0.04122548805532779, -0.09765722848203119, -0.09765722848203097, 0.5270279107306355, 0.5270279107306357, 0.0915140644738106, 0.09151406447381082, 0.3942884711184585, -0.6151410265732581, -0.6151410265732579, -0.04122548805532801], [-0.8041626979189029, 0.8041626979189032, -0.4020813489594516, 0.4020813489594517, -0.4020813489594517, 0.4020813489594516, -0.4020813489594515, 0.40208134895945175, 4.5169064275229074e-17, -0.40208134895945136, 0.4020813489594519, 2.0202822217639094e-16]], "inverted": false, "swapped": true, "error_lsq": 0.02584377886069243, "error_max": 0.11171842519221384, "target": "80.xyz", "model": "2.xyz", "model_rescale": 4.5108708085295355, "target_rescale": 4.449845795211044},
{"mapping": [10, 9, 5, 4, 3, 2, 1, 0, 7, 12, 11, 8, 13], "R": [[-0.5296833572856424, 0.8464504214775432, 0.054380373252676036], [-0.8461101715440618, -0.531786989144665, 0.03605795038726647], [0.059440042263521696, -0.026912490723485387, 0.9978690290908769]], "T": [-0.038483092615876874, 0.015443892482137012, 0.03386244031831192], "aligned_model": [[0.12432690441370514, 0.16747613354599525, -0.55201302819587, -0.5088637990635798, 0.3192844338379961, 0.36243366297028623, -0.043512619279742044, 0.04278583898483815, -0.5816114581842845, 0.5056554659977213, 0.5488046951300114, -0.18673430485574966, -0.00036339014745194465], [-0.545711030507305, -0.5171001058254971, 0.2868682495747744, 0.31547917425658223, 0.5229735648836276, 0.5515844895654354, -0.08852777866211088, -0.03130592929849528, -0.43135150259646293, -0.1667714349924172, -0.13816051031060939, 0.6298283335113164, -0.05991685398030308], [-0.3523153814122206, 0.4394643877371073, -0.34554243284953173, 0.4462373362997961, -0.4015567526806737, 0.39022301646865415, -0.7572715623127753, 0.8262879759858801, -0.3179765849682028, -0.38678941922962096, 0.4049903499197069, 0.019740860205327684, 0.03450820683655251]], "inverted": true, "swapped": false, "error_lsq": 0.03619558735318676, "error_max": 0.3252768536332709, "target": "80.xyz", "model": "3.xyz", "model_rescale": 4.509807743048502, "target_rescale": 4.449845795211044},
{"mapping": [10, 9, 5, 4, 3, 2, 1, 0, 7, 12, 11, 8, 13], "R": [[-0.5296833572856423, 0.8464504214775432, 0.05438037325267587], [-0.8461101715440618, -0.5317869891446649, 0.03605795038726636], [0.05944004226352153, -0.02691249072348531, 0.9978690290908769]], "T": [-0.03848309261587689, 0.015443892482137001, 0.03386244031831183], "aligned_model": [[0.12432690441370524, 0.16747613354599522, -0.5520130281958698, -0.5088637990635799, 0.31928443383799604, 0.36243366297028595, -0.04351261927974193, 0.04278583898483802, -0.5816114581842843, 0.5056554659977214, 0.5488046951300113, -0.1867343048557497, -0.00036339014745194465], [-0.5457110305073051, -0.5171001058254973, 0.2868682495747744, 0.3154791742565821, 0.5229735648836275, 0.5515844895654353, -0.0885277786621108, -0.031305929298495364, -0.43135150259646293, -0.1667714349924171, -0.13816051031060939, 0.6298283335113164, -0.05991685398030308], [-0.3523153814122205, 0.43946438773710705, -0.3455424328495317, 0.4462373362997959, -0.4015567526806735, 0.3902230164686541, -0.7572715623127755, 0.8262879759858802, -0.31797658496820286, -0.3867894192296208, 0.4049903499197068, 0.019740860205327733, 0.03450820683655251]], "inverted": true, "swapped": false, "error_lsq": 0.036195587353186745, "error_max": 0.32527685363327097, "target": "80.xyz", "model": "4.xyz", "model_rescale": 4.509807743048502, "target_rescale": 4.449845795211044},
{"mapping": [9, 10, 4, 5, 2, 3, 0, 1, 6, 11, 12, 8, 13], "R": [[0.5296833572856414, -0.8464504214775436, 0.054380373252675834], [0.8461101715440621, 0.531786989144664, 0.036057950387266426], [-0.05944004226352152, 0.026912490723485304, 0.9978690290908767]], "T": [-0.038483092615876874, 0.01544389248213695, 0.03386244031831172], "aligned_model": [[0.12432690441370572, 0.16747613354599566, -0.5520130281958701, -0.50886379906358, 0.31928443383799554, 0.36243366297028545, -0.043512619279741815, 0.042785838984838065, -0.5816114581842837, 0.5056554659977215, 0.5488046951300114, -0.18673430485575024, -0.0003633901474518614], [-0.5457110305073047, -0.5171001058254969, 0.2868682495747738, 0.3154791742565816, 0.5229735648836278, 0.5515844895654356, -0.08852777866211084, -0.03130592929849532, -0.43135150259646343, -0.16677143499241662, -0.13816051031060886, 0.6298283335113161, -0.059916853980303074], [-0.3523153814122206, 0.4394643877371071, -0.34554243284953173, 0.44623733629979595, -0.40155675268067353, 0.39022301646865415, -0.7572715623127753, 0.8262879759858799, -0.3179765849682029, -0.38678941922962085, 0.40499034991970684, 0.019740860205327816, 0.0345082068365526]], "inverted": false, "swapped": false, "error_lsq": 0.03619558735318676, "error_max": 0.3252768536332711, "target": "80.xyz", "model": "5.xyz", "model_rescale": 4.509807743048502, "target_rescale": 4.449845795211044},
{"mapping": [10, 9, 5, 4, 3, 2, 1, 0, 7, 12, 11, 8, 13], "R": [[-0.5296832743949079, 0.8464504734691097, 0.05438037136880017], [-0.8461102236870351, -0.5317869061769204, 0.03605795045554561], [0.05944003868238851, -0.026912494917776787, 0.9978690291910742]], "T": [-0.0384830862490996, 0.015443882175489802, 0.03386244130191915], "aligned_model": [[0.12432668917192627, 0.16747591830809658, -0.5520131606951867, -0.5088639315590164, 0.31928430840554545, 0.3624335375417157, -0.04351251037213952, 0.042785947900201085, -0.5816113336965948, 0.5056556022460584, 0.5488048313822288, -0.18673408224298982, -0.0003632812359692164], [-0.5457108654634388, -0.5170999397337247, 0.286868259402087, 0.3154791851318011, 0.5229736684637154, 0.5515845941934295, -0.08852784786641202, -0.031305996406983776, -0.4313516386739296, -0.16677145512789496, -0.13816052939818083, 0.6298281532347645, -0.059916922136697894], [-0.35231538811249674, 0.43946440861682234, -0.3455424397847504, 0.44623735694456856, -0.4015567617543735, 0.3902230349749455, -0.757271592330031, 0.8262880011286067, -0.31797660064555466, -0.3867894376959895, 0.4049903590333295, 0.019740855225635272, 0.03450820439928778]], "inverted": true, "swapped": false, "error_lsq": 0.03619558444693056, "error_max": 0.3252768827757113, "target": "80.xyz", "model": "6.xyz", "model_rescale": 4.509807586411629, "target_rescale": 4.449845795211044},
{"mapping": [9, 10, 4, 5, 2, 3, 0, 1, 7, 11, 12, 8, 13], "R": [[0.5296832743949074, -0.8464504734691103, -0.0543803713688003], [0.8461102236870357, 0.5317869061769198, -0.036057950455545745], [0.05944003868238867, -0.026912494917776877, 0.9978690291910743]], "T": [-0.0384830862490996, 0.015443882175489764, -0.033862441301919136], "aligned_model": [[0.1674759183080971, 0.12432668917192669, -0.5088639315590167, -0.552013160695187, 0.36243353754171537, 0.319284308405545, 0.042785947900201265, -0.043512510372139566, -0.5816113336965946, 0.548804831382229, 0.5056556022460587, -0.18673408224299026, -0.000363281235969147], [-0.5170999397337246, -0.5457108654634388, 0.3154791851318008, 0.28686825940208655, 0.55158459419343, 0.5229736684637157, -0.031305996406983685, -0.08852784786641214, -0.43135163867393017, -0.1381605293981804, -0.16677145512789465, 0.6298281532347644, -0.059916922136697914], [-0.4394644086168223, 0.3523153881124966, -0.4462373569445686, 0.34554243978475024, -0.39022303497494537, 0.4015567617543735, -0.8262880011286069, 0.7572715923300314, 0.3179766006455544, -0.4049903590333294, 0.38678943769598945, -0.019740855225635325, -0.03450820439928786]], "inverted": false, "swapped": false, "error_lsq": 0.03619558444693056, "error_max": 0.3252768827757113, "target": "80.xyz", "model": "7.xyz", "model_rescale": 4.509807586411629, "target_rescale": 4.449845795211044},
{"mapping": [9, 10, 4, 5, 2, 3, 0, 1, 6, 11, 12, 8, 13], "R": [[0.5296832743949074, -0.8464504734691103, 0.054380371368800286], [0.8461102236870357, 0.5317869061769198, 0.03605795045554574], [-0.05944003868238865, 0.026912494917776874, 0.9978690291910743]], "T": [-0.0384830862490996, 0.015443882175489757, 0.03386244130191899], "aligned_model": [[0.12432668917192671, 0.1674759183080971, -0.552013160695187, -0.5088639315590167, 0.319284308405545, 0.36243353754171537, -0.043512510372139546, 0.04278594790020124, -0.5816113336965946, 0.5056556022460587, 0.548804831382229, -0.18673408224299023, -0.0003632812359691401], [-0.5457108654634388, -0.5170999397337246, 0.28686825940208655, 0.3154791851318008, 0.5229736684637157, 0.55158459419343, -0.08852784786641216, -0.0313059964069837, -0.43135163867393017, -0.16677145512789465, -0.1381605293981804, 0.6298281532347644, -0.059916922136697914], [-0.3523153881124967, 0.4394644086168224, -0.34554243978475035, 0.44623735694456873, -0.40155676175437355, 0.39022303497494554, -0.7572715923300314, 0.8262880011286066, -0.3179766006455545, -0.38678943769598956, 0.40499035903332953, 0.01974085522563538, 0.03450820439928791]], "inverted": false, "swapped": false, "error_lsq": 0.03619558444693056, "error_max": 0.3252768827757112, "target": "80.xyz", "model": "8.xyz", "model_rescale": 4.509807586411629, "target_rescale": 4.449845795211044},
{"mapping": [11, 12, 6, 7, 2, 3, 0, 1, 4, 9, 10, 8, 13], "R": [[-0.529683406705468, 0.8464503904025401, 0.05438037558051223], [-0.846110140475954, -0.5317870386527702, 0.036057949257808225], [0.05944004411717277, -0.026912489819873583, 0.9978690290048309]], "T": [-0.038483115905147, 0.01544384733980999, 0.03386244495370967], "aligned_model": [[0.12432676302139029, 0.16747599628340964, -0.5520129690325847, -0.5088637357705654, 0.3192843651849713, 0.36243359844699063, -0.043512437787915414, 0.04278602873612326, -0.5816114425418459, 0.5056553669097279, 0.5488046001717473, -0.18673439394167704, -0.0003632045258960756], [-0.5457110566810559, -0.5171001313818788, 0.28686818905609746, 0.3154791143552744, 0.5229735837536943, 0.5515845090528714, -0.08852770197765186, -0.031305851379297873, -0.43135159932423034, -0.16677146346911134, -0.13816053816993434, 0.6298283884622327, -0.05991677667847487], [-0.3523153931070253, 0.4394644178603748, -0.34554245171213716, 0.446237359255263, -0.4015567692166039, 0.39022304175079625, -0.7572716154790423, 0.8262880064557577, -0.31797660089216756, -0.38678943361027496, 0.4049903773571252, 0.019740865849576118, 0.03450819548835769]], "inverted": false, "swapped": false, "error_lsq": 0.03619557273040329, "error_max": 0.3252768859207692, "target": "80.xyz", "model": "9.xyz", "model_rescale": 4.509807504472865, "target_rescale": 4.449845795211044},
{"mapping": [11, 12, 6, 7, 2, 3, 0, 1, 5, 9, 10, 8, 13], "R": [[-0.5296834067054672, 0.8464503904025404, -0.05438037558051185], [-0.8461101404759543, -0.5317870386527694, -0.03605794925780807], [-0.059440044117172415, 0.02691248981987339, 0.9978690290048308]], "T": [-0.038483115905147, 0.015443847339809951, -0.03386244495370971], "aligned_model": [[0.16747599628340992, 0.1243267630213909, -0.5088637357705658, -0.5520129690325848, 0.36243359844698997, 0.31928436518497094, 0.04278602873612303, -0.04351243778791507, -0.5816114425418454, 0.5488046001717471, 0.5056553669097282, -0.18673439394167757, -0.00036320452589601315], [-0.5171001313818787, -0.5457110566810556, 0.3154791143552739, 0.28686818905609707, 0.5515845090528714, 0.5229735837536945, -0.03130585137929798, -0.08852770197765174, -0.43135159932423056, -0.13816053816993398, -0.16677146346911084, 0.6298283884622324, -0.05991677667847485], [-0.43946441786037466, 0.35231539310702514, -0.4462373592552627, 0.3455424517121371, -0.3902230417507963, 0.4015567692166035, -0.8262880064557577, 0.7572716154790424, 0.31797660089216767, -0.4049903773571252, 0.3867894336102746, -0.019740865849576322, -0.034508195488357825]], "inverted": false, "swapped": false, "error_lsq": 0.03619557273040329, "error_max": 0.32527688592076953, "target": "80.xyz", "model": "10.xyz", "model_rescale": 4.509807504472865, "target_rescale": 4.449845795211044},
{"mapping": [11, 12, 6, 7, 2, 3, 0, 1, 4, 9, 10, 8, 13], "R": [[-0.5296834067054672, 0.8464503904025404, 0.05438037558051184], [-0.8461101404759543, -0.5317870386527694, 0.036057949257808086], [0.05944004411717242, -0.026912489819873372, 0.9978690290048308]], "T": [-0.038483115905147, 0.015443847339809944, 0.03386244495370958], "aligned_model": [[0.1243267630213909, 0.16747599628340992, -0.5520129690325848, -0.5088637357705658, 0.31928436518497094, 0.36243359844698997, -0.04351243778791505, 0.042786028736123, -0.5816114425418454, 0.5056553669097282, 0.5488046001717473, -0.18673439394167754, -0.0003632045258960062], [-0.5457110566810556, -0.5171001313818787, 0.28686818905609707, 0.3154791143552739, 0.5229735837536945, 0.5515845090528714, -0.08852770197765175, -0.03130585137929798, -0.43135159932423056, -0.16677146346911084, -0.13816053816993396, 0.6298283884622324, -0.05991677667847485], [-0.35231539310702525, 0.4394644178603747, -0.3455424517121372, 0.44623735925526276, -0.4015567692166036, 0.39022304175079636, -0.7572716154790423, 0.8262880064557575, -0.3179766008921677, -0.38678943361027474, 0.40499037735712523, 0.019740865849576378, 0.0345081954883579]], "inverted": false, "swapped": false, "error_lsq": 0.03619557273040329, "error_max": 0.3252768859207694, "target": "80.xyz", "model": "11.xyz", "model_rescale": 4.509807504472865, "target_rescale": 4.449845795211044},
{"mapping": [11, 12, 6, 7, 2, 3, 0, 1, 4, 9, 10, 8, 13], "R": [[-0.5296832973486997, 0.8464504591872275, 0.05438037009382202], [-0.8461102092810073, -0.5317869290604663, 0.03605795100790839], [0.05944003920135983, -0.026912491935355595, 0.9978690292405965]], "T": [-0.038483024922488465, 0.015443786362980057, 0.03386244013574682], "aligned_model": [[0.12432672973163798, 0.16747595613290345, -0.5520130706848255, -0.5088638442835601, 0.31928437011298594, 0.36243359651425144, -0.043512520106590374, 0.04278593269594058, -0.5816114496279533, 0.5056556378744552, 0.5488048642757206, -0.18673437377576507, -0.00036329370532489635], [-0.545710944037567, -0.5171000190122014, 0.2868681658321641, 0.3154790908575298, 0.52297354185191, 0.5515844668772757, -0.08852763545824135, -0.03130578540751007, -0.43135158478844526, -0.16677155919003325, -0.1381606341646676, 0.6298282726911969, -0.05991671043287571], [-0.35231537235382204, 0.4394643927935488, -0.34554242750445474, 0.4462373376429161, -0.4015567457523577, 0.39022301939501314, -0.7572715689143327, 0.8262879613804087, -0.31797658211207075, -0.38678942046839127, 0.4049903446789796, 0.01974086498152415, 0.03450819623303808]], "inverted": false, "swapped": false, "error_lsq": 0.0361955767644398, "error_max": 0.3252768654979195, "target": "80.xyz", "model": "12.xyz", "model_rescale": 4.509807766519439, "target_rescale": 4.449845795211044},
{"mapping": [11, 12, 6, 7, 2, 3, 0, 1, 4, 9, 10, 8, 13], "R": [[-0.5296832973487002, 0.8464504591872271, 0.054380370093822364], [-0.8461102092810069, -0.5317869290604669, 0.0360579510079085], [0.05944003920136012, -0.026912491935355796, 0.9978690292405965]], "T": [-0.038483024922488465, 0.015443786362980102, 0.033862440135746893], "aligned_model": [[0.12432672973163746, 0.16747595613290317, -0.5520130706848254, -0.5088638442835597, 0.3192843701129861, 0.36243359651425183, -0.04351252010659071, 0.04278593269594082, -0.5816114496279537, 0.5056556378744549, 0.5488048642757207, -0.18673437377576468, -0.0003632937053249588], [-0.545710944037567, -0.5171000190122014, 0.2868681658321645, 0.3154790908575303, 0.5229735418519096, 0.5515844668772752, -0.08852763545824142, -0.03130578540750996, -0.4313515847884448, -0.1667715591900336, -0.1381606341646679, 0.6298282726911969, -0.05991671043287569], [-0.3523153723538219, 0.4394643927935487, -0.34554242750445446, 0.4462373376429161, -0.4015567457523577, 0.39022301939501286, -0.7572715689143327, 0.826287961380409, -0.31797658211207036, -0.38678942046839127, 0.4049903446789793, 0.019740864981524085, 0.03450819623303806]], "inverted": false, "swapped": false, "error_lsq": 0.036195576764439796, "error_max": 0.32527686549791907, "target": "80.xyz", "model": "13.xyz", "model_rescale": 4.509807766519439, "target_rescale": 4.449845795211044},
{"mapping": [11, 12, 6, 7, 2, 3, 0, 1, 4, 9, 10, 8, 13], "R": [[-0.5296832973486997, 0.8464504591872275, 0.054380370093822], [-0.8461102092810073, -0.5317869290604663, 0.036057951007908436], [0.05944003920135986, -0.02691249193535556, 0.9978690292405965]], "T": [-0.03848302492248848, 0.015443786362980057, 0.033862440135746755], "aligned_model": [[0.12432672973163797, 0.16747595613290345, -0.5520130706848255, -0.5088638442835601, 0.31928437011298594, 0.36243359651425144, -0.043512520106590374, 0.042785932695940554, -0.5816114496279533, 0.5056556378744552, 0.5488048642757206, -0.18673437377576507, -0.00036329370532489635], [-0.545710944037567, -0.5171000190122014, 0.2868681658321641, 0.3154790908575298, 0.52297354185191, 0.5515844668772757, -0.08852763545824138, -0.031305785407510035, -0.43135158478844526, -0.16677155919003325, -0.13816063416466756, 0.6298282726911969, -0.0599167104328757], [-0.35231537235382204, 0.43946439279354876, -0.3455424275044548, 0.446237337642916, -0.4015567457523577, 0.3902230193950131, -0.7572715689143327, 0.8262879613804087, -0.31797658211207075, -0.38678942046839127, 0.40499034467897954, 0.01974086498152435, 0.034508196233038316]], "inverted": false, "swapped": false, "error_lsq": 0.0361955767644398, "error_max": 0.3252768654979195, "target": "80.xyz", "model": "14.xyz", "model_rescale": 4.509807766519439, "target_rescale": 4.449845795211044},
{"mapping": [7, 6, 3, 2, 10, 9, 5, 4, 11, 1, 0, 12], "R": [[0.8645986687608014, -0.5024630752374252, 2.0703321278758e-16], [-0.5024630752374252, -0.8645986687608014, -5.621939058952839e-17], [2.0724880804900174e-16, -5.5419334511281883e-17, -1.0000000000000002]], "T": [0.013582867276637139, 0.07479137593199901, 2.823974997044076e-17], "aligned_model": [[0.08964348166599537, 0.08964348166599503, -0.5822832055738898, -0.58228320557389, 0.5539973338941319, 0.5539973338941316, -0.02638325369027929, -0.026383253690279457, -0.49073691161984734, 0.39526682999576335, 0.39526682999576324, 0.0896434816659952], [0.04122559787467022, 0.04122559787467032, 0.09765734430903207, 0.09765734430903213, -0.09151395880623019, -0.09151395880623013, -0.5270277998739048, -0.5270277998739048, -0.39428835610996776, 0.6151411336600391, 0.6151411336600391, 0.04122559787467027], [-0.8041626979189033, 0.8041626979189033, -0.4020813489594518, 0.4020813489594517, -0.4020813489594516, 0.4020813489594519, -0.4020813489594517, 0.4020813489594518, 4.999896890622013e-17, -0.40208134895945163, 0.40208134895945186, 1.4567265728085506e-16]], "inverted": false, "swapped": true, "error_lsq": 0.025843783346308716, "error_max": 0.11171857750404504, "target": "80.xyz", "model": "15.xyz", "model_rescale": 4.510870436145588, "target_rescale": 4.449845795211044},
{"mapping": [7, 6, 3, 2, 10, 9, 5, 4, 11, 1, 0, 12], "R": [[0.8645986687608012, -0.5024630752374253, 2.1967121653612134e-16], [-0.5024630752374253, -0.8645986687608012, -5.96250190149603e-17], [2.1988681179754312e-16, -5.882496293671376e-17, -1.0]], "T": [0.01358286727663716, 0.07479137593199901, -3.6065621584089594e-17], "aligned_model": [[0.08964348166599538, 0.08964348166599502, -0.5822832055738897, -0.5822832055738899, 0.5539973338941317, 0.5539973338941315, -0.026383253690279374, -0.026383253690279555, -0.49073691161984734, 0.3952668299957634, 0.3952668299957632, 0.0896434816659952], [0.04122559787467021, 0.041225597874670304, 0.09765734430903218, 0.09765734430903224, -0.09151395880623027, -0.09151395880623021, -0.5270277998739047, -0.5270277998739047, -0.39428835610996765, 0.615141133660039, 0.615141133660039, 0.041225597874670256], [-0.804162697918903, 0.804162697918903, -0.4020813489594518, 0.40208134895945147, -0.4020813489594516, 0.4020813489594517, -0.4020813489594517, 0.4020813489594516, -1.90824866352315e-17, -0.40208134895945163, 0.40208134895945163, 8.244285262396753e-17]], "inverted": false, "swapped": true, "error_lsq": 0.025843783346308716, "error_max": 0.11171857750404494, "target": "80.xyz", "model": "16.xyz", "model_rescale": 4.510870436145588, "target_rescale": 4.449845795211044},
{"mapping": [7, 6, 3, 2, 10, 9, 5, 4, 11, 1, 0, 12], "R": [[0.8645986687608012, -0.5024630752374252, -1.3662836293827545e-16], [-0.5024630752374252, -0.8645986687608012, 4.040854387366029e-17], [-1.3843250193202632e-16, 3.371353416689182e-17, -1.0]], "T": [0.013582867276637153, 0.074791375931999, 9.235786624431771e-17], "aligned_model": [[0.08964348166599509, 0.08964348166599531, -0.5822832055738898, -0.5822832055738898, 0.5539973338941316, 0.5539973338941316, -0.02638325369027947, -0.02638325369027936, -0.4907369116198472, 0.3952668299957632, 0.3952668299957633, 0.0896434816659952], [0.04122559787467029, 0.04122559787467022, 0.09765734430903215, 0.09765734430903213, -0.09151395880623017, -0.09151395880623023, -0.5270277998739047, -0.5270277998739047, -0.3942883561099677, 0.615141133660039, 0.615141133660039, 0.041225597874670256], [-0.8041626979189029, 0.8041626979189032, -0.40208134895945147, 0.4020813489594518, -0.4020813489594516, 0.4020813489594517, -0.4020813489594515, 0.40208134895945175, 2.4210620945961667e-16, -0.4020813489594516, 0.4020813489594517, 1.8040827116067903e-16]], "inverted": false, "swapped": true, "error_lsq": 0.025843783346308716, "error_max": 0.11171857750404492, "target": "80.xyz", "model": "17.xyz", "model_rescale": 4.510870436145588, "target_rescale": 4.449845795211044},
{"mapping": [5, 3, 8, 9, 2, 1, 6, 0, 7, 4, 11, 10, 12], "R": [[0.3574591426621956, 0.8403614266123071, 0.4074501613563749], [0.4329584938191283, -0.5356736790975094, 0.7249832081862382], [0.8275082500839974, -0.08274286787552382, -0.5553230716066582]], "T": [0.09074678717398071, 0.11864631332855412, -0.07233280459477769], "aligned_model": [[-0.2063942090091621, 0.3214377927874821, -0.33860857952010387, -0.5793861504788949, 0.2584826827387811, 0.3672260228596943, 0.12007641674614912, 0.04075539710438303, -0.6650792052754151, 0.6479084185427932, 0.5521534163982829, -0.25291552472358364, -0.06798794301653022], [-0.7139743299568675, -0.6333655080302595, 0.3456130338425791, 0.060196105829158617, 0.5743734602627729, 0.569938490591913, -0.13307942774172787, -0.010956411623226595, -0.23528186837256054, -0.052470605815119906, -0.0776738394600583, 0.6410910080442983, -0.006521441952366883], [-0.29520568524745655, 0.1973099162352302, -0.4517643273824881, 0.44181562794682433, -0.4364472146257306, 0.35897924687591426, -0.7401599100298507, 0.8039334716583085, -0.00681010260009389, -0.24764430854716396, 0.37062487239541236, -0.0031385968355698707, 0.008507010156663719]], "inverted": false, "swapped": false, "error_lsq": 0.05034014169573549, "error_max": 0.33425190681190453, "target": "80.xyz", "model": "18.xyz", "model_rescale": 4.466005644533647, "target_rescale": 4.449845795211044},
{"mapping": [8, 9, 4, 5, 0, 1, 2, 3, 6, 10, 11, 12, 13], "R": [[0.5296832751507249, -0.8464504731047998, 0.054380369677504224], [0.8461102232443968, 0.5317869068458035, 0.03605795097742111], [-0.059440038247959064, 0.026912493159001214, 0.997869029264386]], "T": [-0.03848308305348641, 0.015443821070369894, 0.03386244239858446], "aligned_model": [[0.12432668808067945, 0.16747591467724057, -0.5520131423831907, -0.5088639157866296, 0.31928430281334125, 0.3624335294099023, -0.04351238830284003, 0.04278606489028221, -0.5816115028562694, 0.505655590922981, 0.5488048175195421, -0.1867342621248845, -0.00036316170627890415], [-0.5457109113375463, -0.5170999859878412, 0.28686819094571286, 0.31547911629541786, 0.5229735927496724, 0.5515845180993775, -0.08852771891335443, -0.03130586821394439, -0.4313515692396651, -0.16677151183350525, -0.13816058648380025, 0.629828193101661, -0.05991679356364941], [-0.3523153756998028, 0.4394643991116797, -0.345542429195718, 0.44623734561576456, -0.4015567482429869, 0.3902230265684956, -0.7572715824053662, 0.8262879672175989, -0.3179765844992137, -0.38678942388363224, 0.4049903509278503, 0.019740862079213918, 0.03450819240611639]], "inverted": false, "swapped": false, "error_lsq": 0.036195573025376994, "error_max": 0.32527686994683225, "target": "80.xyz", "model": "19.xyz", "model_rescale": 4.509807711582247, "target_rescale": 4.449845795211044},
{"mapping": [9, 8, 5, 4, 1, 0, 3, 2, 7, 11, 10, 12, 13], "R": [[-0.5296832751507252, 0.8464504731047997, 0.054380369677504134], [-0.8461102232443967, -0.5317869068458039, 0.03605795097742101], [0.059440038247958946, -0.026912493159001183, 0.9978690292643861]], "T": [-0.0384830830534864, 0.015443821070369922, 0.03386244239858443], "aligned_model": [[0.12432668808067922, 0.16747591467724027, -0.5520131423831905, -0.5088639157866295, 0.31928430281334136, 0.3624335294099024, -0.04351238830283996, 0.04278606489028211, -0.5816115028562693, 0.5056555909229811, 0.548804817519542, -0.18673426212488425, -0.00036316170627891803], [-0.5457109113375462, -0.5170999859878413, 0.28686819094571303, 0.315479116295418, 0.5229735927496723, 0.5515845180993771, -0.08852771891335434, -0.03130586821394445, -0.43135156923966494, -0.16677151183350541, -0.13816058648380047, 0.629828193101661, -0.059916793563649394], [-0.3523153756998029, 0.43946439911167984, -0.34554242919571804, 0.4462373456157647, -0.40155674824298687, 0.3902230265684959, -0.7572715824053663, 0.8262879672175988, -0.31797658449921384, -0.38678942388363224, 0.4049903509278505, 0.019740862079213932, 0.03450819240611636]], "inverted": true, "swapped": false, "error_lsq": 0.03619557302537699, "error_max": 0.32527686994683236, "target": "80.xyz", "model": "20.xyz", "model_rescale": 4.509807711582248, "target_rescale": 4.449845795211044},
{"mapping": [4, 6, 10, 7, 0, 2, 1, 5, 8, 11, 3, 9, 12], "R": [[0.3574591426621956, 0.8403614266123073, -0.40745016135637513], [0.43295849381912854, -0.5356736790975096, -0.7249832081862382], [-0.8275082500839976, 0.0827428678755237, -0.5553230716066584]], "T": [0.09074678717398078, 0.11864631332855419, 0.07233280459477773], "aligned_model": [[0.32143779278748225, -0.20639420900916217, -0.5793861504788952, -0.33860857952010404, 0.3672260228596944, 0.2584826827387813, 0.040755397104383015, 0.12007641674614923, -0.6650792052754154, 0.5521534163982831, 0.6479084185427936, -0.2529155247235838, -0.06798794301653029], [-0.6333655080302596, -0.7139743299568677, 0.06019610582915891, 0.34561303384257913, 0.5699384905919134, 0.574373460262773, -0.010956411623226192, -0.13307942774172815, -0.23528186837256043, -0.07767383946005829, -0.052470605815120114, 0.6410910080442984, -0.006521441952366869], [-0.19730991623523034, 0.29520568524745683, -0.4418156279468244, 0.4517643273824883, -0.35897924687591465, 0.4364472146257308, -0.8039334716583089, 0.740159910029851, 0.006810102600093987, -0.37062487239541264, 0.24764430854716393, 0.0031385968355698707, -0.008507010156663733]], "inverted": false, "swapped": false, "error_lsq": 0.050340141695735495, "error_max": 0.33425190681190453, "target": "80.xyz", "model": "21.xyz", "model_rescale": 4.466005644533646, "target_rescale": 4.449845795211044},
{"mapping": [5, 3, 8, 9, 2, 1, 6, 0, 7, 4, 11, 10, 12], "R": [[0.35745907941050986, 0.8403614678407163, 0.4074501318144197], [0.43295853197918494, -0.5356736208081122, 0.7249832284658426], [0.8275082574412296, -0.08274282651036297, -0.5553230668067518]], "T": [0.09074679124240086, 0.11864631370116406, -0.0723328043643099], "aligned_model": [[-0.2063942336232772, 0.32143774732616714, -0.33860867414941953, -0.5793860738040836, 0.2584827642622454, 0.3672258861059549, 0.12007637108775193, 0.04075528139492578, -0.6650792788604487, 0.6479083520371962, 0.5521537029187014, -0.2529154690930544, -0.0679878404487838], [-0.713974300826564, -0.6333654332041313, 0.3456130596987968, 0.06019600622070857, 0.574373410578338, 0.5699385808485941, -0.1330793776893186, -0.010956342288651347, -0.2352818634384486, -0.05247051006688598, -0.07767398101294913, 0.641090929357954, -0.0065215125589074135], [-0.2952056763381731, 0.19730994862646045, -0.4517643413511101, 0.4418155975873703, -0.43644722704863465, 0.3589792637265495, -0.740159900854066, 0.8039334882424425, -0.006810116835217109, -0.24764427588943255, 0.370624869595075, -0.003138626928522667, 0.008506997467258401]], "inverted": false, "swapped": false, "error_lsq": 0.05034013761865652, "error_max": 0.33425185693730025, "target": "80.xyz", "model": "22.xyz", "model_rescale": 4.46600560860683, "target_rescale": 4.449845795211044},
{"mapping": [8, 9, 4, 5, 0, 1, 2, 3, 7, 10, 11, 12, 13], "R": [[0.5296833340199121, -0.846450436117736, -0.05438037198883863], [0.8461101862079817, 0.5317869658131227, -0.03605795039054302], [0.05944004085332026, -0.02691249128874816, 0.997869029159633]], "T": [-0.03848307696444947, 0.015443820297534414, -0.03386244246916866], "aligned_model": [[0.16747597918598697, 0.12432675039944549, -0.5088637989431858, -0.5520130277297273, 0.3624336698771312, 0.31928444109058973, 0.04278597439590279, -0.043512483177180206, -0.5816114384135391, 0.5488047238501674, 0.5056554950636258, -0.18673449605470246, -0.0003632543906387162], [-0.5171000631413393, -0.5457109882614294, 0.3154790930806581, 0.2868681679605681, 0.5515844360436711, 0.522973510923581, -0.03130581352886459, -0.08852766376904468, -0.431351596003288, -0.13816056922953007, -0.16677149434962013, 0.6298283845421278, -0.05991673864895464], [-0.43946440129119246, 0.35231537996978174, -0.44623734505110835, 0.34554243620986586, -0.390223024957461, 0.40155675630351323, -0.8262879769756628, 0.7572715855462855, 0.3179765889914731, -0.4049903576520835, 0.3867894236088907, -0.019740868987613507, -0.03450819571468858]], "inverted": false, "swapped": false, "error_lsq": 0.03619557649744671, "error_max": 0.32527687327122423, "target": "80.xyz", "model": "23.xyz", "model_rescale": 4.509807674373902, "target_rescale": 4.449845795211044},
{"mapping": [9, 8, 5, 4, 1, 0, 3, 2, 7, 11, 10, 12, 13], "R": [[-0.5296833340199121, 0.8464504361177362, 0.054380371988838334], [-0.846110186207982, -0.5317869658131227, 0.0360579503905429], [0.059440040853320004, -0.026912491288747974, 0.9978690291596332]], "T": [-0.03848307696444947, 0.015443820297534393, 0.03386244246916859], "aligned_model": [[0.12432675039944563, 0.1674759791859869, -0.5520130277297273, -0.5088637989431859, 0.31928444109058973, 0.362433669877131, -0.04351248317717996, 0.04278597439590254, -0.5816114384135389, 0.5056554950636258, 0.5488047238501672, -0.18673449605470255, -0.0003632543906387023], [-0.5457109882614293, -0.5171000631413394, 0.28686816796056797, 0.31547909308065797, 0.5229735109235811, 0.551584436043671, -0.0885276637690446, -0.031305813528864704, -0.4313515960032881, -0.16677149434962002, -0.13816056922953007, 0.6298283845421278, -0.05991673864895465], [-0.3523153799697819, 0.43946440129119246, -0.34554243620986613, 0.44623734505110824, -0.40155675630351323, 0.39022302495746114, -0.7572715855462855, 0.8262879769756626, -0.31797658899147346, -0.38678942360889074, 0.40499035765208363, 0.019740868987613666, 0.03450819571468871]], "inverted": true, "swapped": false, "error_lsq": 0.03619557649744671, "error_max": 0.3252768732712244, "target": "80.xyz", "model": "24.xyz", "model_rescale": 4.509807674373903, "target_rescale": 4.449845795211044},
{"mapping": [4, 6, 10, 7, 0, 2, 1, 5, 8, 11, 3, 9, 12], "R": [[0.3574590794105098, 0.8403614678407163, -0.4074501318144196], [0.432958531979185, -0.5356736208081122, -0.7249832284658426], [-0.8275082574412294, 0.08274282651036291, -0.5553230668067518]], "T": [0.09074679124240088, 0.1186463137011641, 0.0723328043643099], "aligned_model": [[0.32143774732616737, -0.20639423362327708, -0.5793860738040836, -0.33860867414941975, 0.3672258861059548, 0.25848276426224537, 0.04075528139492583, 0.12007637108775192, -0.6650792788604487, 0.5521537029187015, 0.6479083520371964, -0.2529154690930546, -0.0679878404487838], [-0.6333654332041314, -0.7139743008265641, 0.06019600622070867, 0.34561305969879674, 0.5699385808485941, 0.5743734105783381, -0.01095634228865125, -0.13307937768931874, -0.23528186343844856, -0.07767398101294914, -0.052470510066886106, 0.641090929357954, -0.006521512558907455], [-0.1973099486264605, 0.2952056763381731, -0.4418155975873703, 0.45176434135111, -0.3589792637265496, 0.43644722704863465, -0.8039334882424425, 0.740159900854066, 0.006810116835217109, -0.370624869595075, 0.24764427588943239, 0.0031386269285225976, -0.008506997467258429]], "inverted": false, "swapped": false, "error_lsq": 0.05034013761865652, "error_max": 0.33425185693730036, "target": "80.xyz", "model": "25.xyz", "model_rescale": 4.466005608606829, "target_rescale": 4.449845795211044},
{"mapping": [5, 3, 8, 9, 2, 1, 6, 0, 7, 4, 11, 10, 12], "R": [[0.3574591687965362, 0.8403614096143746, 0.40745017348656387], [0.43295845030332747, -0.5356737003413833, 0.7249832184771667], [0.827508261562524, -0.08274290297972098, -0.5553230492715552]], "T": [0.09074680084250815, 0.11864632860640571, -0.07233276332395314], "aligned_model": [[-0.20639425043783327, 0.3214378189012544, -0.33860858681389105, -0.5793861411121446, 0.25848265649682706, 0.36722608477750507, 0.12007637088595152, 0.04075546345372032, -0.6650792081376757, 0.6479084402250391, 0.5521533715304405, -0.25291551978835985, -0.06798796482695772], [-0.7139743094733767, -0.6333654292000475, 0.3456130185179578, 0.06019607419672672, 0.574373416966563, 0.569938509465816, -0.13307942419150115, -0.010956375816059419, -0.2352818667639177, -0.052470543918171894, -0.07767389532874437, 0.6410909594786022, -0.006521468315312598], [-0.2952057553961168, 0.1973100046486945, -0.4517643462422547, 0.44181556287151913, -0.43644723473721736, 0.358979375627704, -0.7401599429958966, 0.8039335632274839, -0.006810158642474945, -0.2476441829510853, 0.37062478645534225, -0.003138624728260722, 0.008506952862562506]], "inverted": false, "swapped": false, "error_lsq": 0.050340143976169385, "error_max": 0.3342518792280583, "target": "80.xyz", "model": "26.xyz", "model_rescale": 4.466005838112752, "target_rescale": 4.449845795211044},
{"mapping": [8, 9, 4, 5, 0, 1, 2, 3, 7, 10, 11, 12, 13], "R": [[0.529683209414063, -0.846450514214065, -0.05438037009402291], [0.8461102646710721, 0.5317868410956811, -0.03605794857899214], [0.0594400343461067, -0.02691249940495677, 0.9978690293283543]], "T": [-0.03848305743975476, 0.015443853160376175, -0.03386243860917375], "aligned_model": [[0.16747591583632837, 0.12432669064566253, -0.5088638344346633, -0.5520130596253291, 0.36243355722901754, 0.31928433203835177, 0.042786034678442886, -0.043512415702888746, -0.5816114806318524, 0.5488047738672552, 0.5056555486765895, -0.18673433691081553, -0.000363190512222937], [-0.5171000130074697, -0.5457109353027445, 0.3154791909483637, 0.28686826865308884, 0.551584651118821, 0.5229737288235462, -0.031305927004786, -0.0885277715953358, -0.43135165272113885, -0.1381605989837971, -0.166771521279072, 0.6298280952691203, -0.0599168493000609], [-0.4394643813995914, 0.3523153616002234, -0.44623732214253325, 0.34554242085728154, -0.3902230041109423, 0.4015567388888725, -0.8262879375587195, 0.75727154844091, 0.31797656875305536, -0.4049903358869991, 0.3867894071128157, -0.019740869995468764, -0.03450819455890465]], "inverted": false, "swapped": false, "error_lsq": 0.03619557626441651, "error_max": 0.3252768681588953, "target": "80.xyz", "model": "27.xyz", "model_rescale": 4.509807893063789, "target_rescale": 4.449845795211044},
