[{"mapping": [10, 9, 3, 2, 5, 4, 1, 11, 7, 6, 8, 11], "R": [[-0.8557789698010156, 0.5161131744073013, 0.03563068971450449], [0.5169880469498673, 0.8557092903991462, 0.02202202614547227], [-0.019123654391210512, 0.037266627534681684, -0.9991223570288662]], "T": [-0.028935346495597335, 0.04094041340200423, 0.2008476337869352], "aligned_model": [[0.036026732961759074, 0.007761489844334064, -0.6210530027515089, -0.6493182458689339, 0.2641145322820969, 0.23584928916467182, -0.0322010923587355, -0.06046633547616051, 0.6150908127579725, 0.5868255696405474, -0.20561284188631226, -0.06046633547616051], [-0.5736466011149268, -0.5911163141047002, 0.2924887429715744, 0.275019029981801, 0.47379253755600625, 0.45632282456623285, -0.07827197738370929, -0.09574169037348267, -0.1539379693180951, -0.17140768230786851, 0.6037492339543565, -0.09574169037348267], [-0.20737226352874172, 0.5852151534355599, -0.21171422320703187, 0.5808731937572698, -0.17615120488322078, 0.6164362120810809, -0.5958769018381995, 0.19671051512610194, -0.17747073364627008, 0.6151166833180315, 0.2069520408201648, 0.19671051512610194]], "inverted": false, "swapped": false, "error_lsq": 0.05528654381301388, "error_max": 0.5706163030567959, "target": "81.xyz", "model": "0.xyz", "model_rescale": 4.5108708085295355, "target_rescale": 4.392213504870501},
{"mapping": [10, 9, 3, 2, 5, 4, 1, 11, 7, 6, 8, 11], "R": [[-0.8557789698010158, 0.5161131744073012, 0.035630689714505066], [0.5169880469498672, 0.8557092903991462, 0.022022026145471305], [-0.019123654391211505, 0.03726662753468116, -0.9991223570288662]], "T": [-0.028935346495597362, 0.0409404134020043, 0.2008476337869351], "aligned_model": [[0.03602673296175938, 0.007761489844333926, -0.6210530027515087, -0.6493182458689342, 0.26411453228209697, 0.23584928916467146, -0.03220109235873503, -0.06046633547616051, 0.6150908127579727, 0.5868255696405472, -0.2056128418863124, -0.06046633547616051], [-0.573646601114927, -0.5911163141046996, 0.2924887429715739, 0.2750190299818013, 0.4737925375560058, 0.4563228245662332, -0.07827197738370993, -0.09574169037348254, -0.1539379693180953, -0.17140768230786793, 0.6037492339543563, -0.09574169037348254], [-0.20737226352874094, 0.5852151534355603, -0.21171422320703226, 0.580873193757269, -0.17615120488322084, 0.6164362120810805, -0.5958769018381995, 0.19671051512610205, -0.17747073364626936, 0.6151166833180319, 0.20695204082016416, 0.19671051512610205]], "inverted": false, "swapped": false, "error_lsq": 0.05528654381301388, "error_max": 0.5706163030567959, "target": "81.xyz", "model": "1.xyz", "model_rescale": 4.510870808529536, "target_rescale": 4.392213504870501},
{"mapping": [10, 9, 3, 2, 5, 4, 1, 11, 7, 6, 8, 11], "R": [[-0.8557789698010159, 0.5161131744073008, 0.035630689714504754], [0.5169880469498668, 0.8557092903991463, 0.022022026145471028], [-0.019123654391211407, 0.037266627534680755, -0.9991223570288661]], "T": [-0.028935346495597362, 0.04094041340200429, 0.2008476337869352], "aligned_model": [[0.03602673296175949, 0.007761489844334266, -0.6210530027515089, -0.6493182458689342, 0.2641145322820967, 0.23584928916467146, -0.03220109235873522, -0.060466335476160434, 0.6150908127579726, 0.5868255696405473, -0.20561284188631263, -0.060466335476160434], [-0.5736466011149273, -0.5911163141046996, 0.29248874297157357, 0.27501902998180117, 0.47379253755600587, 0.45632282456623346, -0.0782719773837102, -0.09574169037348257, -0.15393796931809514, -0.17140768230786754, 0.6037492339543563, -0.09574169037348257], [-0.20737226352874089, 0.5852151534355606, -0.21171422320703226, 0.5808731937572693, -0.17615120488322117, 0.6164362120810803, -0.5958769018381993, 0.19671051512610183, -0.17747073364626959, 0.6151166833180319, 0.20695204082016375, 0.19671051512610183]], "inverted": false, "swapped": false, "error_lsq": 0.05528654381301388, "error_max": 0.570616303056796, "target": "81.xyz", "model": "2.xyz", "model_rescale": 4.5108708085295355, "target_rescale": 4.392213504870501},
{"mapping": [10, 9, 3, 2, 5, 4, 1, 11, 7, 6, 8, 13], "R": [[-0.8527054008266858, 0.515190191465408, 0.08644400510641317], [0.5205051346674328, 0.8519642119872609, 0.05684528368971], [-0.04436106610350091, 0.09346682893284664, -0.9946336248606314]], "T": [-0.02508141738489543, 0.015088514047823175, 0.1652372923743882], "aligned_model": [[0.0908753312601623, 0.022284551897206607, -0.5636245226773772, -0.6322153020403328, 0.3191425320245609, 0.25055175266160523, 0.04343518523993081, -0.4880436998572093, 0.6686092515975733, 0.6000184722346177, -0.16932738538414233, -0.025155594123024858], [-0.5331620927427557, -0.5782671559173015, 0.3352256397694389, 0.29012057659489315, 0.5119373312175288, 0.46683226804298306, -0.02412416180254944, -0.4092805088328453, -0.11680556999547327, -0.16191063317001902, 0.6301719758669015, -0.06922922497709519], [-0.2548943028693248, 0.5343182680407087, -0.2621470656236651, 0.5270655052863684, -0.1753260052274986, 0.6138865656825349, -0.6288006512249592, 0.49962335803085234, -0.18088761661664562, 0.6083249542933878, 0.1878540571040142, 0.160411919685074]], "inverted": false, "swapped": false, "error_lsq": 0.03761309016981381, "error_max": 0.3060341546820865, "target": "81.xyz", "model": "3.xyz", "model_rescale": 4.509807743048502, "target_rescale": 4.392213504870501},
{"mapping": [10, 9, 3, 2, 5, 4, 1, 11, 7, 6, 8, 13], "R": [[-0.8527054008266858, 0.5151901914654083, 0.08644400510641279], [0.5205051346674329, 0.8519642119872609, 0.05684528368971001], [-0.044361066103500574, 0.09346682893284647, -0.9946336248606314]], "T": [-0.025081417384895423, 0.01508851404782318, 0.16523729237438814], "aligned_model": [[0.09087533126016198, 0.022284551897206635, -0.5636245226773773, -0.6322153020403327, 0.3191425320245609, 0.25055175266160556, 0.0434351852399305, -0.48804369985720936, 0.6686092515975732, 0.6000184722346178, -0.16932738538414216, -0.02515559412302488], [-0.5331620927427557, -0.5782671559173015, 0.33522563976943903, 0.29012057659489326, 0.5119373312175288, 0.46683226804298306, -0.024124161802549435, -0.4092805088328453, -0.11680556999547337, -0.16191063317001914, 0.6301719758669015, -0.06922922497709519], [-0.2548943028693247, 0.5343182680407085, -0.26214706562366463, 0.5270655052863685, -0.17532600522749855, 0.6138865656825346, -0.6288006512249595, 0.49962335803085234, -0.18088761661664574, 0.6083249542933874, 0.18785405710401432, 0.16041191968507407]], "inverted": false, "swapped": false, "error_lsq": 0.037613090169813804, "error_max": 0.3060341546820865, "target": "81.xyz", "model": "4.xyz", "model_rescale": 4.509807743048502, "target_rescale": 4.392213504870501},
{"mapping": [10, 9, 3, 2, 5, 4, 1, 11, 7, 6, 8, 13], "R": [[-0.8527054008266859, 0.515190191465408, 0.086444005106413], [0.5205051346674325, 0.851964211987261, 0.05684528368970987], [-0.04436106610350084, 0.09346682893284644, -0.9946336248606313]], "T": [-0.025081417384895437, 0.015088514047823168, 0.16523729237438825], "aligned_model": [[0.09087533126016226, 0.022284551897206732, -0.5636245226773773, -0.6322153020403328, 0.31914253202456083, 0.2505517526616053, 0.04343518523993065, -0.4880436998572093, 0.6686092515975732, 0.6000184722346178, -0.16932738538414238, -0.025155594123024833], [-0.5331620927427558, -0.5782671559173014, 0.33522563976943875, 0.2901205765948931, 0.5119373312175288, 0.46683226804298317, -0.02412416180254956, -0.40928050883284534, -0.11680556999547319, -0.16191063317001886, 0.6301719758669014, -0.06922922497709517], [-0.2548943028693246, 0.5343182680407087, -0.26214706562366485, 0.5270655052863684, -0.1753260052274986, 0.6138865656825346, -0.6288006512249591, 0.49962335803085234, -0.18088761661664562, 0.6083249542933876, 0.18785405710401393, 0.1604119196850738]], "inverted": false, "swapped": false, "error_lsq": 0.0376130901698138, "error_max": 0.3060341546820865, "target": "81.xyz", "model": "5.xyz", "model_rescale": 4.509807743048502, "target_rescale": 4.392213504870501},
{"mapping": [10, 9, 3, 2, 5, 4, 1, 11, 7, 6, 8, 13], "R": [[-0.8527053745500377, 0.515190231666965, 0.08644402471205803], [0.5205051780392667, 0.8519641834481175, 0.05684531428265535], [-0.04436106229331477, 0.09346686747998675, -0.9946336214082487]], "T": [-0.02508142926688827, 0.01508849851558976, 0.16523729061365428], "aligned_model": [[0.0908754749788224, 0.022284677677033793, -0.5636244732188457, -0.6322152705206342, 0.31914261934205174, 0.2505518220402631, 0.043435130121811306, -0.4880438114037685, 0.6686092060744612, 0.6000184087726727, -0.16932754385032028, -0.025155667179977276], [-0.533161834920258, -0.5782669239360196, 0.3352257711914802, 0.2901206821757185, 0.5119374224441307, 0.46683233342836894, -0.02412424870633065, -0.40928062256702735, -0.11680570646407025, -0.16191079547983195, 0.6301717046096377, -0.06922933772209235], [-0.2548943053736234, 0.5343182902083681, -0.2621470697606162, 0.5270655258213752, -0.1753259852341108, 0.6138866103478806, -0.6288006911419541, 0.49962333483201044, -0.18088763365142407, 0.6083249619305674, 0.1878540441423364, 0.1604119044400371]], "inverted": false, "swapped": false, "error_lsq": 0.03761310113061838, "error_max": 0.3060341194793752, "target": "81.xyz", "model": "6.xyz", "model_rescale": 4.509807586411629, "target_rescale": 4.392213504870501},
{"mapping": [10, 9, 3, 2, 5, 4, 1, 11, 7, 6, 8, 13], "R": [[-0.8527053745500377, 0.5151902316669652, 0.0864440247120579], [0.5205051780392669, 0.8519641834481174, 0.056845314282655234], [-0.044361062293314685, 0.09346686747998659, -0.9946336214082487]], "T": [-0.025081429266888264, 0.015088498515589776, 0.16523729061365422], "aligned_model": [[0.09087547497882222, 0.02228467767703375, -0.5636244732188457, -0.6322152705206342, 0.3191426193420518, 0.2505518220402633, 0.0434351301218112, -0.4880438114037685, 0.6686092060744612, 0.6000184087726727, -0.16932754385032017, -0.02515566717997729], [-0.533161834920258, -0.5782669239360196, 0.33522577119148045, 0.29012068217571885, 0.5119374224441305, 0.46683233342836894, -0.024124248706330717, -0.4092806225670271, -0.11680570646407049, -0.1619107954798321, 0.6301717046096377, -0.06922933772209233], [-0.2548943053736232, 0.5343182902083681, -0.26214706976061597, 0.5270655258213752, -0.17532598523411075, 0.6138866103478804, -0.6288006911419545, 0.4996233348320104, -0.18088763365142402, 0.6083249619305672, 0.1878540441423364, 0.16041190444003714]], "inverted": false, "swapped": false, "error_lsq": 0.03761310113061838, "error_max": 0.3060341194793752, "target": "81.xyz", "model": "7.xyz", "model_rescale": 4.509807586411629, "target_rescale": 4.392213504870501},
{"mapping": [10, 9, 3, 2, 5, 4, 1, 11, 7, 6, 8, 13], "R": [[-0.8527053745500377, 0.5151902316669652, 0.0864440247120577], [0.5205051780392669, 0.8519641834481174, 0.05684531428265519], [-0.044361062293314546, 0.09346686747998648, -0.9946336214082487]], "T": [-0.02508142926688827, 0.015088498515589771, 0.16523729061365436], "aligned_model": [[0.09087547497882215, 0.02228467767703382, -0.5636244732188458, -0.6322152705206341, 0.3191426193420517, 0.2505518220402634, 0.04343513012181103, -0.48804381140376846, 0.6686092060744611, 0.6000184087726728, -0.16932754385032014, -0.025155667179977265], [-0.533161834920258, -0.5782669239360196, 0.33522577119148045, 0.29012068217571885, 0.5119374224441305, 0.46683233342836894, -0.024124248706330773, -0.40928062256702713, -0.11680570646407049, -0.16191079547983206, 0.6301717046096377, -0.06922933772209232], [-0.25489430537362323, 0.5343182902083682, -0.26214706976061597, 0.5270655258213754, -0.1753259852341109, 0.6138866103478805, -0.6288006911419541, 0.4996233348320106, -0.1808876336514242, 0.6083249619305672, 0.18785404414233614, 0.1604119044400369]], "inverted": false, "swapped": false, "error_lsq": 0.03761310113061838, "error_max": 0.3060341194793754, "target": "81.xyz", "model": "8.xyz", "model_rescale": 4.509807586411629, "target_rescale": 4.392213504870501},
{"mapping": [12, 11, 3, 2, 7, 6, 1, 9, 5, 4, 8, 13], "R": [[0.8527054330297662, -0.5151901291325398, 0.08644405893938618], [-0.5205050778522613, -0.8519642460862088, 0.0568452928637861], [0.04436111373185493, -0.09346686169522925, -0.994633619657668]], "T": [-0.025081388525769938, 0.015088491679330693, 0.16523729351014152], "aligned_model": [[0.09087548434255388, 0.02228465863615687, -0.5636244618132401, -0.6322152875196371, 0.3191425085145422, 0.2505516828081451, 0.04343502015431498, -0.4880436293946223, 0.6686092889016062, 0.6000184631952092, -0.16932734943937627, -0.025155805552082022], [-0.5331620404752356, -0.5782671133152678, 0.3352256942755331, 0.29012062143550094, 0.511937264836682, 0.4668321919966498, -0.024124157995135787, -0.4092804912661462, -0.11680564627190727, -0.16191071911193944, 0.6301720707801401, -0.06922923083516792], [-0.2548943087513861, 0.534318299780787, -0.26214710684458964, 0.5270655016875835, -0.1753260108278997, 0.6138865977042735, -0.6288007084582645, 0.4996233589437764, -0.1808876044112376, 0.6083250041209355, 0.18785406354295975, 0.16041190007390857]], "inverted": false, "swapped": false, "error_lsq": 0.03761310136466987, "error_max": 0.3060341697112441, "target": "81.xyz", "model": "9.xyz", "model_rescale": 4.509807504472865, "target_rescale": 4.392213504870501},
{"mapping": [12, 11, 3, 2, 7, 6, 1, 9, 5, 4, 8, 13], "R": [[0.8527054330297661, -0.5151901291325403, 0.08644405893938628], [-0.5205050778522615, -0.8519642460862087, 0.056845292863785604], [0.04436111373185525, -0.0934668616952289, -0.9946336196576682]], "T": [-0.02508138852576995, 0.01508849167933072, 0.1652372935101415], "aligned_model": [[0.09087548434255364, 0.02228465863615657, -0.56362446181324, -0.6322152875196372, 0.3191425085145424, 0.2505516828081453, 0.04343502015431504, -0.4880436293946227, 0.6686092889016062, 0.6000184631952092, -0.16932734943937605, -0.025155805552082078], [-0.5331620404752359, -0.5782671133152676, 0.33522569427553306, 0.2901206214355013, 0.5119372648366818, 0.46683219199665005, -0.024124157995136147, -0.40928049126614585, -0.11680564627190762, -0.16191071911193936, 0.6301720707801403, -0.06922923083516791], [-0.25489430875138575, 0.5343182997807873, -0.26214710684458975, 0.5270655016875833, -0.17532601082789978, 0.6138865977042732, -0.6288007084582647, 0.4996233589437766, -0.1808876044112374, 0.6083250041209356, 0.18785406354295953, 0.16041190007390868]], "inverted": false, "swapped": false, "error_lsq": 0.03761310136466986, "error_max": 0.30603416971124403, "target": "81.xyz", "model": "10.xyz", "model_rescale": 4.509807504472865, "target_rescale": 4.392213504870501},
{"mapping": [11, 12, 2, 3, 6, 7, 0, 10, 4, 5, 8, 13], "R": [[-0.8527054330297662, 0.5151901291325398, 0.08644405893938616], [0.5205050778522613, 0.8519642460862088, 0.05684529286378601], [-0.04436111373185496, 0.09346686169522916, -0.994633619657668]], "T": [-0.025081388525769924, 0.015088491679330705, 0.16523729351014138], "aligned_model": [[0.09087548434255387, 0.022284658636156883, -0.5636244618132401, -0.6322152875196371, 0.3191425085145421, 0.25055168280814516, 0.04343502015431498, -0.4880436293946223, 0.6686092889016062, 0.6000184631952092, -0.16932734943937627, -0.025155805552082033], [-0.5331620404752356, -0.5782671133152678, 0.33522569427553306, 0.290120621435501, 0.511937264836682, 0.4668321919966499, -0.024124157995135842, -0.40928049126614613, -0.11680564627190732, -0.16191071911193938, 0.6301720707801401, -0.06922923083516794], [-0.254894308751386, 0.534318299780787, -0.26214710684458964, 0.5270655016875834, -0.17532601082789973, 0.6138865977042733, -0.6288007084582646, 0.49962335894377646, -0.18088760441123763, 0.6083250041209355, 0.18785406354295986, 0.16041190007390874]], "inverted": true, "swapped": false, "error_lsq": 0.03761310136466986, "error_max": 0.3060341697112441, "target": "81.xyz", "model": "11.xyz", "model_rescale": 4.509807504472865, "target_rescale": 4.392213504870501},
{"mapping": [11, 12, 2, 3, 6, 7, 0, 10, 4, 5, 8, 13], "R": [[-0.8527053671682157, 0.5151902411910856, 0.08644404076620699], [0.5205051871158419, 0.8519641808149129, 0.05684527063773118], [-0.044361097687287215, 0.09346683898498717, -0.99463362250737]], "T": [-0.02508145410897155, 0.015088387063876989, 0.1652372807500014], "aligned_model": [[0.09087544492253685, 0.022284637621557468, -0.5636244658493339, -0.6322152731503132, 0.3191425923931844, 0.250551785092205, 0.04343503943087965, -0.48804382836911425, 0.6686092714010425, 0.6000184641000632, -0.16932732688903782, -0.02515576787009971], [-0.5331619439344462, -0.5782669965178844, 0.3352256356092442, 0.29012058302580596, 0.5119372721568068, 0.4668322195733687, -0.024124089098455134, -0.40928069681384516, -0.11680564746283983, -0.16191070004627803, 0.6301719492441221, -0.06922914168189331], [-0.25489427322791836, 0.5343182917074769, -0.26214708454194935, 0.527065480393446, -0.17532599744007674, 0.6138865674953186, -0.6288006556731939, 0.49962332262879694, -0.18088759264013124, 0.608324972295264, 0.1878540463016123, 0.16041190926220125]], "inverted": true, "swapped": false, "error_lsq": 0.037613099614325386, "error_max": 0.3060341121161862, "target": "81.xyz", "model": "12.xyz", "model_rescale": 4.509807766519439, "target_rescale": 4.392213504870501},
{"mapping": [12, 11, 3, 2, 7, 6, 1, 9, 5, 4, 8, 13], "R": [[0.8527053671682161, -0.515190241191085, 0.08644404076620701], [-0.5205051871158414, -0.8519641808149133, 0.05684527063773122], [0.04436109768728727, -0.09346683898498721, -0.9946336225073701]], "T": [-0.025081454108971557, 0.015088387063876961, 0.1652372807500015], "aligned_model": [[0.09087544492253727, 0.022284637621557885, -0.5636244658493341, -0.6322152731503135, 0.3191425923931841, 0.25055178509220466, 0.04343503943087976, -0.48804382836911386, 0.6686092714010426, 0.6000184641000633, -0.1693273268890383, -0.02515576787009966], [-0.5331619439344462, -0.5782669965178844, 0.33522563560924373, 0.2901205830258055, 0.5119372721568072, 0.4668322195733689, -0.024124089098455134, -0.40928069681384555, -0.11680564746283933, -0.16191070004627756, 0.630171949244122, -0.06922914168189337], [-0.2548942732279183, 0.5343182917074769, -0.2621470845419493, 0.5270654803934458, -0.1753259974400766, 0.6138865674953186, -0.6288006556731942, 0.4996233226287969, -0.1808875926401311, 0.608324972295264, 0.18785404630161245, 0.16041190926220145]], "inverted": false, "swapped": false, "error_lsq": 0.037613099614325386, "error_max": 0.30603411211618625, "target": "81.xyz", "model": "13.xyz", "model_rescale": 4.509807766519439, "target_rescale": 4.392213504870501},
{"mapping": [11, 12, 2, 3, 6, 7, 0, 10, 4, 5, 8, 13], "R": [[-0.852705367168216, 0.5151902411910851, 0.08644404076620724], [0.5205051871158415, 0.8519641808149133, 0.05684527063773108], [-0.044361097687287535, 0.09346683898498719, -0.9946336225073701]], "T": [-0.02508145410897155, 0.015088387063876977, 0.16523728075000135], "aligned_model": [[0.0908754449225373, 0.022284637621557725, -0.563624465849334, -0.6322152731503136, 0.3191425923931842, 0.25055178509220466, 0.04343503943087992, -0.4880438283691141, 0.6686092714010428, 0.6000184641000632, -0.1693273268890382, -0.025155767870099686], [-0.5331619439344463, -0.5782669965178844, 0.33522563560924384, 0.29012058302580573, 0.5119372721568071, 0.466832219573369, -0.024124089098455252, -0.40928069681384543, -0.11680564746283949, -0.1619107000462776, 0.630171949244122, -0.06922914168189337], [-0.25489427322791836, 0.534318291707477, -0.26214708454194957, 0.5270654803934458, -0.1753259974400768, 0.6138865674953186, -0.6288006556731941, 0.49962332262879694, -0.18088759264013107, 0.6083249722952643, 0.1878540463016124, 0.1604119092622015]], "inverted": true, "swapped": false, "error_lsq": 0.037613099614325386, "error_max": 0.30603411211618625, "target": "81.xyz", "model": "14.xyz", "model_rescale": 4.509807766519439, "target_rescale": 4.392213504870501},
{"mapping": [10, 9, 3, 2, 7, 6, 1, 11, 5, 4, 8, 11], "R": [[0.8557789807151742, -0.5161131536991791, 0.03563072753656781], [-0.5169880273892652, -0.8557093025729661, 0.02202201231142669], [0.019123694785631244, -0.03726663479274432, -0.9991223559849767]], "T": [-0.028935168778267413, 0.04094043295822179, 0.2008476444499652], "aligned_model": [[0.036026907894639505, 0.007761632440219608, -0.6210528261101026, -0.6493181015645225, 0.26411458683290595, 0.23584931137848603, -0.032201223449245725, -0.06046649890366562, 0.6150907960605408, 0.5868255206061209, -0.20561303344814053, -0.06046649890366562], [-0.5736464846567761, -0.5911161881143963, 0.2924886117552548, 0.2750189082976346, 0.47379255637970286, 0.45632285292208263, -0.07827190234972471, -0.0957416058073449, -0.15393818412647808, -0.1714078875840983, 0.6037493731451944, -0.0957416058073449], [-0.2073722730593843, 0.5852152085069451, -0.21171427500698572, 0.5808732065593436, -0.176151226695028, 0.6164362548713014, -0.5958769658156161, 0.19671051575071308, -0.17747074117189218, 0.6151167403944372, 0.20695202647629968, 0.19671051575071308]], "inverted": false, "swapped": false, "error_lsq": 0.05528653635951655, "error_max": 0.5706162019300112, "target": "81.xyz", "model": "15.xyz", "model_rescale": 4.510870436145588, "target_rescale": 4.392213504870501},
{"mapping": [9, 10, 2, 3, 6, 7, 0, 11, 4, 5, 8, 11], "R": [[-0.8557789807151743, 0.5161131536991791, 0.035630727536568235], [0.5169880273892652, 0.8557093025729661, 0.022022012311427416], [-0.01912369478563123, 0.037266634792745154, -0.9991223559849767]], "T": [-0.028935168778267448, 0.04094043295822175, 0.20084764444996517], "aligned_model": [[0.03602690789463969, 0.0077616324402194625, -0.6210528261101025, -0.6493181015645226, 0.26411458683290606, 0.2358493113784858, -0.03220122344924542, -0.06046649890366564, 0.6150907960605412, 0.586825520606121, -0.20561303344814064, -0.06046649890366564], [-0.5736464846567759, -0.5911161881143967, 0.29248861175525503, 0.27501890829763426, 0.4737925563797031, 0.4563228529220823, -0.07827190234972418, -0.09574160580734495, -0.15393818412647786, -0.17140788758409864, 0.6037493731451944, -0.09574160580734495], [-0.20737227305938455, 0.5852152085069446, -0.2117142750069857, 0.5808732065593435, -0.17615122669502742, 0.6164362548713018, -0.5958769658156163, 0.19671051575071283, -0.17747074117189193, 0.6151167403944373, 0.2069520264762999, 0.19671051575071283]], "inverted": true, "swapped": false, "error_lsq": 0.05528653635951655, "error_max": 0.5706162019300112, "target": "81.xyz", "model": "16.xyz", "model_rescale": 4.510870436145588, "target_rescale": 4.392213504870501},
{"mapping": [10, 9, 3, 2, 7, 6, 1, 11, 5, 4, 8, 11], "R": [[0.8557789807151743, -0.5161131536991791, 0.035630727536568055], [-0.5169880273892652, -0.8557093025729661, 0.02202201231142719], [0.019123694785631192, -0.03726663479274488, -0.9991223559849767]], "T": [-0.02893516877826744, 0.040940432958221765, 0.20084764444996528], "aligned_model": [[0.03602690789463963, 0.007761632440219539, -0.6210528261101025, -0.6493181015645226, 0.264114586832906, 0.23584931137848594, -0.03220122344924556, -0.06046649890366563, 0.6150907960605412, 0.586825520606121, -0.2056130334481406, -0.06046649890366563], [-0.5736464846567759, -0.5911161881143965, 0.2924886117552549, 0.27501890829763437, 0.47379255637970297, 0.4563228529220824, -0.07827190234972435, -0.09574160580734493, -0.15393818412647792, -0.17140788758409853, 0.6037493731451944, -0.09574160580734493], [-0.2073722730593845, 0.5852152085069449, -0.2117142750069857, 0.5808732065593436, -0.17615122669502764, 0.6164362548713017, -0.5958769658156161, 0.19671051575071277, -0.17747074117189204, 0.6151167403944373, 0.20695202647629973, 0.19671051575071277]], "inverted": false, "swapped": false, "error_lsq": 0.05528653635951656, "error_max": 0.5706162019300112, "target": "81.xyz", "model": "17.xyz", "model_rescale": 4.510870436145588, "target_rescale": 4.392213504870501},
{"mapping": [8, 7, 4, 3, 1, 0, 2, 5, 10, 9, 11, 12], "R": [[-0.5301526503616761, 0.8436339953444779, -0.08496969585448685], [-0.8428969305074444, -0.53524271363562, -0.05513621351803199], [-0.09199419468433237, 0.042390086094406164, 0.9948568483682917]], "T": [-0.03335613579123921, 0.01970266491366413, -0.03616865353495588], "aligned_model": [[0.16841370612256495, 0.10033149041424914, -0.5115077108412792, -0.5795899265495951, 0.36690558906261983, 0.298823373354304, 0.05597295303220258, -0.6107877364507577, 0.5533837977859463, 0.4853015820776305, -0.19858728249820157, -0.012109262676113241], [-0.5218377664783854, -0.5660158177744957, 0.32132863372899884, 0.27715058243288854, 0.5554523988037826, 0.5112743475076724, -0.023374425169811055, -0.44732819619883835, -0.14131058752574108, -0.1854886388218514, 0.6292103900154078, -0.06755247646592138], [-0.25029734305762524, 0.5468345975521004, -0.261639390257493, 0.5354925503522326, -0.173639585087765, 0.6234923555219607, -0.6349729161332037, 0.49267645563829143, -0.19632815193437894, 0.6008037886753467, 0.18484760081485851, 0.1621590244765221]], "inverted": true, "swapped": false, "error_lsq": 0.036790985770559385, "error_max": 0.30254716922575137, "target": "81.xyz", "model": "18.xyz", "model_rescale": 4.466005644533647, "target_rescale": 4.392213504870501},
{"mapping": [8, 9, 0, 1, 4, 5, 2, 11, 6, 7, 12, 13], "R": [[0.8527053554286056, -0.5151902570795266, 0.0864440618764937], [-0.5205052063915021, -0.8519641669156707, 0.05684530245347712], [0.04436109717664332, -0.0934668781013829, -0.9946336188543328]], "T": [-0.02508142684211811, 0.015088433859317834, 0.16523728514114666], "aligned_model": [[0.09087547058899398, 0.022284645702068263, -0.5636244299072986, -0.6322152547942242, 0.3191426410334672, 0.2505518161465415, 0.04343496838393413, -0.488043822287398, 0.6686093113024826, 0.6000184864155568, -0.16932740324756157, -0.02515585650299159], [-0.5331618920348618, -0.5782669704126171, 0.3352257119767324, 0.29012063359897705, 0.5119373293394766, 0.46683225096172126, -0.024124206284821283, -0.40928065683858944, -0.11680560503666741, -0.16191068341442272, 0.6301718168613549, -0.06922928466257658], [-0.2548942901621945, 0.5343182814885854, -0.26214708532518166, 0.5270654863255984, -0.17532597350872098, 0.6138865981420589, -0.628800681632817, 0.49962330747558875, -0.18088758302676983, 0.6083249886240101, 0.18785404814272577, 0.16041189001796308]], "inverted": true, "swapped": false, "error_lsq": 0.03761310642256461, "error_max": 0.306034094375139, "target": "81.xyz", "model": "19.xyz", "model_rescale": 4.509807711582247, "target_rescale": 4.392213504870501},
{"mapping": [9, 8, 1, 0, 5, 4, 3, 10, 7, 6, 12, 13], "R": [[-0.852705355428606, 0.5151902570795259, 0.08644406187649252], [0.5205052063915014, 0.8519641669156711, 0.05684530245347778], [-0.04436109717664205, 0.09346687810138284, -0.9946336188543329]], "T": [-0.025081426842118067, 0.015088433859317794, 0.16523728514114663], "aligned_model": [[0.09087547058899398, 0.022284645702069207, -0.5636244299072992, -0.6322152547942239, 0.31914264103346635, 0.25055181614654154, 0.043434968383933285, -0.48804382228739707, 0.6686093113024821, 0.6000184864155574, -0.16932740324756201, -0.02515585650299148], [-0.5331618920348613, -0.5782669704126171, 0.335225711976732, 0.2901206335989762, 0.5119373293394769, 0.4668322509617211, -0.024124206284820787, -0.40928065683859, -0.11680560503666662, -0.16191068341442247, 0.6301718168613548, -0.0692292846625766], [-0.254894290162195, 0.5343182814885852, -0.26214708532518094, 0.5270654863255992, -0.17532597350872112, 0.613886598142059, -0.628800681632817, 0.49962330747558914, -0.18088758302677074, 0.6083249886240094, 0.18785404814272627, 0.160411890017963]], "inverted": false, "swapped": false, "error_lsq": 0.03761310642256462, "error_max": 0.30603409437513973, "target": "81.xyz", "model": "20.xyz", "model_rescale": 4.509807711582248, "target_rescale": 4.392213504870501},
{"mapping": [7, 8, 3, 4, 0, 1, 2, 6, 9, 10, 11, 12], "R": [[0.5301526503616762, -0.8436339953444777, -0.08496969585448688], [0.8428969305074442, 0.5352427136356201, -0.055136213518032016], [0.09199419468433243, -0.04239008609440615, 0.9948568483682916]], "T": [-0.03335613579123921, 0.019702664913664125, -0.036168653534955936], "aligned_model": [[0.1684137061225648, 0.10033149041424898, -0.5115077108412792, -0.579589926549595, 0.36690558906262, 0.29882337335430414, 0.05597295303220261, -0.6107877364507578, 0.5533837977859463, 0.4853015820776305, -0.19858728249820146, -0.012109262676113255], [-0.5218377664783854, -0.5660158177744957, 0.32132863372899895, 0.2771505824328886, 0.5554523988037827, 0.5112743475076724, -0.023374425169811065, -0.44732819619883835, -0.14131058752574122, -0.18548863882185154, 0.6292103900154079, -0.06755247646592141], [-0.25029734305762513, 0.5468345975521004, -0.26163939025749283, 0.5354925503522326, -0.1736395850877648, 0.6234923555219607, -0.6349729161332037, 0.49267645563829143, -0.1963281519343788, 0.6008037886753467, 0.18484760081485854, 0.16215902447652208]], "inverted": false, "swapped": false, "error_lsq": 0.036790985770559385, "error_max": 0.30254716922575137, "target": "81.xyz", "model": "21.xyz", "model_rescale": 4.466005644533646, "target_rescale": 4.392213504870501},
{"mapping": [8, 7, 4, 3, 1, 0, 2, 5, 10, 9, 11, 12], "R": [[-0.5301527062395488, 0.8436339576200053, -0.08496972176775933], [-0.8428968946807652, -0.5352427713310561, -0.055136201132958466], [-0.09199420092813462, 0.04239010837752696, 0.9948568468414619]], "T": [-0.03335613291539903, 0.019702666671466484, -0.036168655818420686], "aligned_model": [[0.16841377261955454, 0.10033153560046577, -0.5115075916194649, -0.5795898286385537, 0.36690572948277095, 0.29882349246368217, 0.05597287253241519, -0.6107876876245477, 0.5533837034281446, 0.48530146640905586, -0.19858752733327872, -0.012109364486673598], [-0.5218378442756216, -0.5660158860035464, 0.3213286093640522, 0.27715056763612744, 0.5554523165368851, 0.5112742748089604, -0.023374373913135838, -0.44732821496148784, -0.1413105685135751, -0.18548861024149987, 0.6292105892576082, -0.06755241564106061], [-0.25029733426745243, 0.5468346115314306, -0.26163940222700743, 0.5354925435718757, -0.17363957835508412, 0.623492367443799, -0.6349729257096158, 0.49267645258663595, -0.19632814614434088, 0.6008037996545422, 0.1848475783867966, 0.1621590200892674]], "inverted": true, "swapped": false, "error_lsq": 0.03679098798655088, "error_max": 0.30254716228239054, "target": "81.xyz", "model": "22.xyz", "model_rescale": 4.46600560860683, "target_rescale": 4.392213504870501},
{"mapping": [8, 9, 0, 1, 4, 5, 2, 11, 6, 7, 12, 13], "R": [[0.8527053901703063, -0.5151902020296, 0.08644404726298865], [-0.5205051489544008, -0.8519642035969228, 0.05684527862028753], [0.044361103305292054, -0.09346684718209523, -0.9946336214865131]], "T": [-0.025081416407464037, 0.015088448076031418, 0.16523728788843403], "aligned_model": [[0.09087545635189143, 0.022284642494441682, -0.5636245067761618, -0.6322153206336116, 0.3191425607667521, 0.25055174690930243, 0.04343503040394774, -0.4880437269687756, 0.6686092752386704, 0.6000184613812206, -0.1693272628806053, -0.025155783453501987], [-0.5331619816369222, -0.5782670414758824, 0.3352255862484692, 0.290120526409509, 0.5119372657450638, 0.4668322059061037, -0.024124116993871455, -0.40928057221080827, -0.11680565098364683, -0.16191071082260708, 0.6301721107011301, -0.06922917683283167], [-0.25489428623832766, 0.5343182940124395, -0.26214710008212816, 0.5270654801686389, -0.1753260024439127, 0.6138865778068544, -0.628800674659198, 0.4996233410009818, -0.1808875971656521, 0.608324983085115, 0.18785406548446643, 0.16041190559156915]], "inverted": true, "swapped": false, "error_lsq": 0.037613100648505, "error_max": 0.3060341391133878, "target": "81.xyz", "model": "23.xyz", "model_rescale": 4.509807674373902, "target_rescale": 4.392213504870501},
{"mapping": [9, 8, 1, 0, 5, 4, 3, 10, 7, 6, 12, 13], "R": [[-0.8527053901703063, 0.5151902020295998, 0.08644404726298877], [0.5205051489544008, 0.8519642035969228, 0.0568452786202879], [-0.04436110330529197, 0.09346684718209561, -0.994633621486513]], "T": [-0.02508141640746403, 0.015088448076031394, 0.165237287888434], "aligned_model": [[0.09087545635189155, 0.022284642494441717, -0.5636245067761616, -0.6322153206336114, 0.319142560766752, 0.2505517469093022, 0.04343503040394786, -0.48804372696877546, 0.6686092752386703, 0.6000184613812205, -0.16932726288060534, -0.02515578345350196], [-0.5331619816369219, -0.5782670414758825, 0.33522558624846927, 0.29012052640950875, 0.5119372657450639, 0.46683220590610336, -0.024124116993871174, -0.4092805722108084, -0.11680565098364672, -0.16191071082260722, 0.63017211070113, -0.06922917683283168], [-0.2548942862383279, 0.5343182940124392, -0.26214710008212816, 0.527065480168639, -0.1753260024439125, 0.6138865778068546, -0.6288006746591979, 0.49962334100098166, -0.18088759716565211, 0.608324983085115, 0.18785406548446662, 0.1604119055915691]], "inverted": false, "swapped": false, "error_lsq": 0.037613100648505, "error_max": 0.30603413911338767, "target": "81.xyz", "model": "24.xyz", "model_rescale": 4.509807674373903, "target_rescale": 4.392213504870501},
{"mapping": [7, 8, 3, 4, 0, 1, 2, 6, 9, 10, 11, 12], "R": [[0.530152706239549, -0.843633957620005, -0.08496972176775937], [0.842896894680765, 0.5352427713310564, -0.055136201132958425], [0.09199420092813461, -0.04239010837752697, 0.9948568468414617]], "T": [-0.033356132915399045, 0.019702666671466487, -0.036168655818420714], "aligned_model": [[0.1684137726195544, 0.10033153560046562, -0.5115075916194649, -0.5795898286385537, 0.3669057294827711, 0.29882349246368234, 0.055972872532415174, -0.6107876876245479, 0.5533837034281446, 0.4853014664090558, -0.19858752733327856, -0.01210936448667364], [-0.5218378442756219, -0.5660158860035466, 0.32132860936405244, 0.2771505676361277, 0.5554523165368851, 0.5112742748089604, -0.02337437391313589, -0.44732821496148767, -0.14131056851357532, -0.1854886102415001, 0.6292105892576082, -0.06755241564106064], [-0.2502973342674522, 0.5468346115314304, -0.2616394022270072, 0.5354925435718756, -0.17363957835508392, 0.6234923674437989, -0.6349729257096157, 0.4926764525866358, -0.1963281461443407, 0.6008037996545421, 0.1848475783867966, 0.1621590200892674]], "inverted": false, "swapped": false, "error_lsq": 0.03679098798655086, "error_max": 0.3025471622823903, "target": "81.xyz", "model": "25.xyz", "model_rescale": 4.466005608606829, "target_rescale": 4.392213504870501},
{"mapping": [8, 7, 4, 3, 1, 0, 2, 5, 10, 9, 11, 12], "R": [[-0.53015258558054, 0.8436340352028476, -0.08496970430470226], [-0.8428969702847572, -0.5352426500729812, -0.05513622246427077], [-0.0919942035513411, 0.04239009542584821, 0.9948568471507556]], "T": [-0.03335611129902254, 0.019702693936656267, -0.03616864321672633], "aligned_model": [[0.16841370610031126, 0.10033148657226094, -0.5115076261753971, -0.5795898457034473, 0.366905616868373, 0.2988233973403227, 0.05597292514016172, -0.6107877177402935, 0.5533837516739342, 0.48530153214588384, -0.19858735900065055, -0.012109294387888568], [-0.5218377925771943, -0.5660158491266057, 0.32132870853330947, 0.2771506519838981, 0.5554525295313392, 0.5112744729819277, -0.023374480381047023, -0.44732828622700405, -0.1413106012015537, -0.18548865775096507, 0.6292102852180596, -0.0675525369304584], [-0.2502973325786444, 0.5468345725038284, -0.2616393651601086, 0.5354925399223642, -0.17363955207320153, 0.6234923530092713, -0.6349728891364783, 0.4926764242251408, -0.19632813794554585, 0.6008037671369271, 0.18484759071129836, 0.16215901594599463]], "inverted": true, "swapped": false, "error_lsq": 0.03679098731372193, "error_max": 0.30254715748020083, "target": "81.xyz", "model": "26.xyz", "model_rescale": 4.466005838112752, "target_rescale": 4.392213504870501},
{"mapping": [8, 9, 0, 1, 4, 5, 2, 11, 6, 7, 12, 13], "R": [[0.8527053251809501, -0.5151903090910432, 0.08644405026793663], [-0.5205052576186502, -0.8519641350938371, 0.056845310318027586], [0.044361077527409906, -0.09346688147405763, -0.9946336194137627]], "T": [-0.025081457305401594, 0.015088455315139294, 0.16523728266599913], "aligned_model": [[0.09087549110485682, 0.022284678189179244, -0.5636245206617498, -0.6322153335774274, 0.3191425265591348, 0.2505517136434572, 0.043435015410539485, -0.48804375974946757, 0.6686093344143706, 0.6000185214986931, -0.16932729649287784, -0.02515579750513809], [-0.5331619076213885, -0.5782669904243363, 0.33522581583078487, 0.2901207330278371, 0.5119373725147726, 0.4668322897118248, -0.024124234651389815, -0.4092806528856136, -0.11680567266035556, -0.16191075546330339, 0.6301717641292113, -0.06922931745433765], [-0.254894279724453, 0.5343182606111017, -0.26214706322252657, 0.5270654771130281, -0.17532596589000238, 0.6138865744455523, -0.6288006487811063, 0.4996232978912915, -0.18088757882977896, 0.6083249615057758, 0.18785405988751624, 0.1604118915544484]], "inverted": true, "swapped": false, "error_lsq": 0.03761310840074521, "error_max": 0.3060340989658963, "target": "81.xyz", "model": "27.xyz", "model_rescale": 4.509807893063789, "target_rescale": 4.392213504870501},
{"mapping": [8, 9, 0, 1, 4, 5, 2, 11, 6, 7, 12, 13], "R": [[0.8527053251809504, -0.5151903090910432, 0.08644405026793557], [-0.5205052576186502, -0.8519641350938374, 0.05684531031802756], [0.04436107752740902, -0.09346688147405705, -0.9946336194137628]], "T": [-0.025081457305401546, 0.015088455315139278, 0.16523728266599916], "aligned_model": [[0.09087549110485663, 0.02228467818917986, -0.5636245206617504, -0.6322153335774271, 0.31914252655913433, 0.2505517136434575, 0.0434350154105387, -0.4880437597494671, 0.6686093344143703, 0.6000185214986936, -0.1693272964928779, -0.025155797505138015], [-0.5331619076213885, -0.5782669904243363, 0.33522581583078476, 0.290120733027837, 0.5119373725147726, 0.46683228971182483, -0.02412423465138986, -0.40928065288561366, -0.11680567266035546, -0.1619107554633033, 0.6301717641292113, -0.06922931745433766], [-0.2548942797244531, 0.5343182606111019, -0.2621470632225261, 0.5270654771130289, -0.1753259658900028, 0.6138865744455522, -0.6288006487811063, 0.49962329789129223, -0.18088757882977977, 0.6083249615057752, 0.18785405988751622, 0.16041189155444824]], "inverted": true, "swapped": false, "error_lsq": 0.037613108400745214, "error_max": 0.3060340989658971, "target": "81.xyz", "model": "28.xyz", "model_rescale": 4.5098078930637895, "target_rescale": 4.392213504870501},
{"mapping": [7, 8, 3, 4, 0, 1, 2, 6, 9, 10, 11, 12], "R": [[0.5301525855805411, -0.8436340352028471, -0.08496970430470262], [0.8428969702847566, 0.5352426500729823, -0.05513622246427096], [0.09199420355134148, -0.0423900954258483, 0.9948568471507556]], "T": [-0.0333561112990225, 0.019702693936656374, -0.03616864321672639], "aligned_model": [[0.16841370610031073, 0.10033148657226018, -0.5115076261753968, -0.5795898457034473, 0.3669056168683738, 0.29882339734032326, 0.05597292514016188, -0.6107877177402944, 0.553383751673934, 0.48530153214588356, -0.1985873590006498, -0.012109294387888703], [-0.5218377925771945, -0.5660158491266061, 0.3213287085333103, 0.2771506519838988, 0.5554525295313388, 0.5112744729819274, -0.02337448038104688, -0.44732828622700327, -0.1413106012015543, -0.18548865775096582, 0.6292102852180599, -0.06755253693045842], [-0.2502973325786444, 0.5468345725038282, -0.26163936516010855, 0.535492539922364, -0.17363955207320114, 0.6234923530092714, -0.6349728891364783, 0.49267642422514024, -0.19632813794554557, 0.600803767136927, 0.1848475907112985, 0.1621590159459946]], "inverted": false, "swapped": false, "error_lsq": 0.036790987313721914, "error_max": 0.3025471574802003, "target": "81.xyz", "model": "29.xyz", "model_rescale": 4.466005838112752, "target_rescale": 4.392213504870501},
