[{"mapping": [10, 9, 3, 2, 5, 4, 0, 11, 7, 6, 8, 11], "R": [[-0.8557788655867801, 0.5161133462306153, -0.03563070386115266], [0.5169882202186298, 0.855709184463629, -0.02202207482879424], [0.01912363381206202, -0.037266680389167084, -0.9991223554513202]], "T": [-0.02893534448285167, 0.04094041793398446, -0.20084763598084576], "aligned_model": [[0.007761360937157215, 0.03602661527688674, -0.6493182004502455, -0.621052946110516, 0.23584937071945444, 0.2641146250591839, -0.03220110658660923, -0.060466360926338746, 0.5868255248963105, 0.6150907792360399, -0.20561272668461075, -0.060466360926338746], [-0.5911163384437464, -0.5736465868342903, 0.2750191381029517, 0.2924888897124078, 0.4563227525860498, 0.4737925041955059, -0.07827192765610907, -0.09574167926556515, -0.17140782483767117, -0.1539380732282151, 0.6037492736960968, -0.09574167926556515], [-0.5852151206530783, 0.20737229505978177, -0.5808732030040971, 0.21171421270876312, -0.6164362400704337, 0.17615117564242633, 0.5958769063402531, -0.1967105093726068, -0.6151166796288601, 0.1774707360840001, -0.20695207275821292, -0.1967105093726068]], "inverted": false, "swapped": false, "error_lsq": 0.0552865425626203, "error_max": 0.5706162956438519, "target": "82.xyz", "model": "0.xyz", "model_rescale": 4.5108708085295355, "target_rescale": 4.392213444318052},
{"mapping": [9, 10, 2, 3, 4, 5, 1, 11, 6, 7, 8, 11], "R": [[0.85577886558678, -0.5161133462306151, -0.0356307038611529], [-0.5169882202186293, -0.8557091844636289, -0.02202207482879437], [-0.01912363381206216, 0.03726668038916731, -0.9991223554513198]], "T": [-0.02893534448285167, 0.04094041793398444, -0.20084763598084576], "aligned_model": [[0.007761360937157187, 0.03602661527688689, -0.6493182004502454, -0.6210529461105156, 0.23584937071945405, 0.26411462505918376, -0.03220110658660899, -0.06046636092633871, 0.5868255248963101, 0.6150907792360398, -0.20561272668461078, -0.06046636092633871], [-0.5911163384437462, -0.57364658683429, 0.2750191381029513, 0.2924888897124075, 0.45632275258604965, 0.47379250419550584, -0.07827192765610892, -0.09574167926556511, -0.17140782483767092, -0.15393807322821473, 0.6037492736960962, -0.09574167926556511], [-0.5852151206530778, 0.20737229505978155, -0.5808732030040964, 0.21171421270876295, -0.6164362400704335, 0.17615117564242594, 0.5958769063402529, -0.1967105093726069, -0.6151166796288596, 0.17747073608399971, -0.20695207275821303, -0.1967105093726069]], "inverted": true, "swapped": false, "error_lsq": 0.055286542562620306, "error_max": 0.5706162956438519, "target": "82.xyz", "model": "1.xyz", "model_rescale": 4.510870808529536, "target_rescale": 4.392213444318052},
{"mapping": [9, 10, 2, 3, 4, 5, 1, 11, 6, 7, 8, 11], "R": [[0.8557788655867798, -0.5161133462306153, -0.035630703861153], [-0.5169882202186296, -0.8557091844636288, -0.022022074828794445], [-0.019123633812062196, 0.03726668038916744, -0.9991223554513199]], "T": [-0.02893534448285169, 0.04094041793398444, -0.2008476359808459], "aligned_model": [[0.007761360937156958, 0.03602661527688676, -0.6493182004502455, -0.6210529461105158, 0.23584937071945422, 0.26411462505918404, -0.03220110658660898, -0.06046636092633876, 0.58682552489631, 0.6150907792360397, -0.20561272668461067, -0.06046636092633876], [-0.5911163384437463, -0.5736465868342902, 0.2750191381029515, 0.2924888897124078, 0.45632275258604965, 0.4737925041955059, -0.0782719276561089, -0.09574167926556514, -0.17140782483767114, -0.1539380732282149, 0.6037492736960964, -0.09574167926556514], [-0.5852151206530781, 0.2073722950597818, -0.5808732030040967, 0.21171421270876314, -0.6164362400704338, 0.17615117564242608, 0.5958769063402528, -0.19671050937260662, -0.6151166796288601, 0.17747073608399985, -0.2069520727582128, -0.19671050937260662]], "inverted": true, "swapped": false, "error_lsq": 0.0552865425626203, "error_max": 0.5706162956438519, "target": "82.xyz", "model": "2.xyz", "model_rescale": 4.5108708085295355, "target_rescale": 4.392213444318052},
{"mapping": [9, 10, 2, 3, 4, 5, 1, 11, 6, 7, 8, 13], "R": [[0.8527053071389409, -0.5151903444541097, -0.08644401748149323], [-0.5205052910007191, -0.8519641130115838, -0.056845335610253095], [-0.044361032645122464, 0.09346688783543292, -0.9946336208177449]], "T": [-0.025081419718913277, 0.015088518698809334, -0.16523729326413594], "aligned_model": [[0.022284442073106606, 0.09087523125532487, -0.6322152557045131, -0.5636244665222948, 0.25055183058381764, 0.3191426197660359, 0.04343517757450941, -0.4880437792207997, 0.6000184371150366, 0.6686092262972548, -0.1693272771693955, -0.025155611607708857], [-0.5782671848171609, -0.533162080445189, 0.2901206658721288, 0.3352257702441007, 0.4668321927015788, 0.5119372970735506, -0.024124115613502667, -0.4092804436176486, -0.16191077097155063, -0.11680566659957872, 0.6301720049205958, -0.06922921998547454], [-0.5343182287869088, 0.2548943389152129, -0.5270655235163081, 0.26214704418581364, -0.6138865978099943, 0.17532596989212734, 0.6288006528465617, -0.49962332913402063, -0.6083249445312189, 0.1808876231709029, -0.1878540994012789, -0.1604119148555599]], "inverted": true, "swapped": false, "error_lsq": 0.037613085450900745, "error_max": 0.30603409974721035, "target": "82.xyz", "model": "3.xyz", "model_rescale": 4.509807743048502, "target_rescale": 4.392213444318052},
{"mapping": [10, 9, 5, 4, 3, 2, 0, 7, 12, 11, 8, 13], "R": [[-0.5301528692670845, 0.8436338504386167, 0.08496976875331386], [-0.8428967812612316, -0.5352429418887743, 0.0551362793241058], [0.09199430062418701, -0.04239008790229331, 0.9948568384950183]], "T": [-0.04979309896932035, 0.008850545421197953, -0.16284889687388363], "aligned_model": [[0.09945141514738187, 0.16687243125955104, -0.5738661402074221, -0.5064451240952529, 0.296015512037329, 0.3634365281494981, 0.05552343567103111, -0.604761125718174, 0.48068215737367265, 0.5481031734858417, -0.19656410822194512, -0.01189758044113804], [-0.5602420797355496, -0.516493061335042, 0.2747352551982897, 0.31848427359879716, 0.5065848233182128, 0.5503338417187202, -0.022870996580666533, -0.4427069163959466, -0.18341068968437832, -0.13966167128387083, 0.623375684924458, -0.06662001498117405], [-0.5428422017134148, 0.2465474826601626, -0.5316103410320946, 0.2577793433414828, -0.6187555080836398, 0.17063417628993757, 0.6274868456826876, -0.48921003767768423, -0.5962872470015473, 0.19310243737203006, -0.1843711201717013, -0.16190283869088987]], "inverted": true, "swapped": false, "error_lsq": 0.036741628900818266, "error_max": 0.2971472595747095, "target": "82.xyz", "model": "4.xyz", "model_rescale": 4.509807743048502, "target_rescale": 4.392213444318052},
{"mapping": [9, 10, 4, 5, 2, 3, 1, 6, 11, 12, 8, 13], "R": [[0.5301528692670842, -0.8436338504386168, 0.08496976875331387], [0.8428967812612317, 0.535242941888774, 0.055136279324105766], [-0.09199430062418697, 0.042390087902293344, 0.9948568384950182]], "T": [-0.04979309896932035, 0.008850545421197925, -0.1628488968738837], "aligned_model": [[0.09945141514738204, 0.16687243125955123, -0.5738661402074221, -0.5064451240952529, 0.29601551203732873, 0.36343652814949795, 0.055523435671031136, -0.6047611257181738, 0.48068215737367276, 0.5481031734858418, -0.19656410822194528, -0.011897580441137999], [-0.5602420797355495, -0.516493061335042, 0.27473525519828945, 0.31848427359879694, 0.5065848233182128, 0.5503338417187202, -0.022870996580666575, -0.4427069163959467, -0.18341068968437815, -0.13966167128387066, 0.6233756849244579, -0.06662001498117405], [-0.5428422017134149, 0.24654748266016263, -0.5316103410320947, 0.25777934334148284, -0.6187555080836398, 0.1706341762899377, 0.6274868456826873, -0.4892100376776843, -0.5962872470015473, 0.19310243737203014, -0.18437112017170115, -0.16190283869088976]], "inverted": false, "swapped": false, "error_lsq": 0.036741628900818266, "error_max": 0.2971472595747096, "target": "82.xyz", "model": "5.xyz", "model_rescale": 4.509807743048502, "target_rescale": 4.392213444318052},
{"mapping": [9, 10, 2, 3, 4, 5, 1, 11, 6, 7, 8, 13], "R": [[0.8527052808622767, -0.5151903846556742, -0.08644403708714914], [-0.5205053343725619, -0.8519640844724217, -0.056845366203202304], [-0.044361028834932606, 0.09346692638258126, -0.994633617365359]], "T": [-0.02508143160090924, 0.015088503166578459, -0.16523729150340066], "aligned_model": [[0.02228456785296417, 0.09087537497402447, -0.6322152241847935, -0.5636244170637331, 0.25055189996249166, 0.31914270708355197, 0.043435122456377165, -0.48804389076738774, 0.6000183736530571, 0.6686091807741175, -0.16932743563561303, -0.025155684664683133], [-0.5782669528359071, -0.5331618226227147, 0.2901207714529538, 0.3352259016661461, 0.4668322580869411, 0.5119373883001335, -0.02412420251726489, -0.40928055735180446, -0.16191093328136621, -0.11680580306817386, 0.6301717336633638, -0.06922933273045721], [-0.5343182509545787, 0.2548943414194983, -0.5270655440513214, 0.2621470483227556, -0.6138866424753499, 0.17532594989872724, 0.6288006927635628, -0.49962330593516446, -0.6083249521683882, 0.18088764020568887, -0.1878540864395869, -0.16041189961051414]], "inverted": true, "swapped": false, "error_lsq": 0.037613096411699555, "error_max": 0.30603406454447185, "target": "82.xyz", "model": "6.xyz", "model_rescale": 4.509807586411629, "target_rescale": 4.392213444318052},
{"mapping": [10, 9, 5, 4, 3, 2, 0, 7, 12, 11, 8, 13], "R": [[-0.5301527900684525, 0.84363390313398, 0.08496973970515426], [-0.8428968319780056, -0.5352428606446439, 0.055136292678960204], [0.09199429234510623, -0.04239006501368873, 0.9948568402358493]], "T": [-0.04979308290840923, 0.00885052896367666, -0.16284889991465676], "aligned_model": [[0.09945121980689103, 0.166872215211898, -0.5738662527629242, -0.5064452573579172, 0.2960154093850864, 0.3634364047900934, 0.05552353313931494, -0.604760984013191, 0.4806823142938975, 0.5481033096989044, -0.1965638754859874, -0.011897462265692021], [-0.5602419254883979, -0.5164928949716927, 0.2747352548028729, 0.3184842853195781, 0.5065849145225207, 0.550333945039226, -0.02287105922117467, -0.4427070631579227, -0.18341072318130458, -0.13966169266459932, 0.6233754975006237, -0.06662008973787992], [-0.5428421973480736, 0.24654751582427611, -0.5316103660548916, 0.2577793471174581, -0.6187555165895858, 0.17063419658276394, 0.6274868680681432, -0.4892100676501947, -0.5962872561511425, 0.19310245702120718, -0.18437114474042468, -0.1619028451042066]], "inverted": true, "swapped": false, "error_lsq": 0.03674162786132856, "error_max": 0.29714729953300706, "target": "82.xyz", "model": "7.xyz", "model_rescale": 4.509807586411629, "target_rescale": 4.392213444318052},
{"mapping": [9, 10, 4, 5, 2, 3, 1, 6, 11, 12, 8, 13], "R": [[0.5301527900684528, -0.8436339031339799, 0.0849697397051541], [0.8428968319780055, 0.5352428606446442, 0.0551362926789602], [-0.09199429234510616, 0.042390065013688596, 0.9948568402358494]], "T": [-0.049793082908409246, 0.008850528963676673, -0.16284889991465687], "aligned_model": [[0.0994512198068909, 0.16687221521189774, -0.5738662527629241, -0.5064452573579172, 0.29601540938508675, 0.3634364047900936, 0.055523533139314775, -0.6047609840131912, 0.4806823142938975, 0.5481033096989044, -0.1965638754859872, -0.011897462265692042], [-0.5602419254883979, -0.5164928949716927, 0.27473525480287314, 0.3184842853195784, 0.5065849145225206, 0.5503339450392258, -0.02287105922117468, -0.4427070631579225, -0.1834107231813048, -0.13966169266459955, 0.6233754975006238, -0.0666200897378799], [-0.5428421973480737, 0.24654751582427634, -0.5316103660548919, 0.2577793471174582, -0.6187555165895859, 0.17063419658276416, 0.6274868680681431, -0.48921006765019504, -0.5962872561511426, 0.1931024570212074, -0.18437114474042463, -0.1619028451042065]], "inverted": false, "swapped": false, "error_lsq": 0.036741627861328584, "error_max": 0.2971472995330074, "target": "82.xyz", "model": "8.xyz", "model_rescale": 4.509807586411629, "target_rescale": 4.392213444318052},
{"mapping": [12, 11, 3, 2, 7, 6, 0, 10, 5, 4, 8, 13], "R": [[0.8527053393420212, -0.5151902821212633, -0.08644407131447299], [-0.5205052341855732, -0.8519641471105299, -0.056845344784326034], [-0.04436108027347938, 0.09346692059782709, -0.9946336156147799]], "T": [-0.025081390859792163, 0.015088496330311998, -0.1652372943998875], "aligned_model": [[0.022284548812051316, 0.0908753843377168, -0.6322152411838058, -0.5636244056581403, 0.25055176073035007, 0.31914259625601554, 0.0434350124888965, -0.4880437087582193, 0.6000184280756069, 0.6686092636012724, -0.16932724122460116, -0.025155823036768978], [-0.5782671422151521, -0.5331620281776942, 0.29012071071274304, 0.335225824750201, 0.4668321166552472, 0.5119372306927051, -0.024124111806049522, -0.4092804260509558, -0.161910856913488, -0.11680574287603003, 0.6301720998338305, -0.06922922584350749], [-0.5343182605269852, 0.25489434479727474, -0.5270655199175259, 0.26214708540673404, -0.6138866298317325, 0.17532597549252749, 0.6288007100798674, -0.4996233300469404, -0.6083249943587614, 0.1808876109654985, -0.1878541058402353, -0.16041189524439253]], "inverted": false, "swapped": false, "error_lsq": 0.03761309664574141, "error_max": 0.3060341147763531, "target": "82.xyz", "model": "9.xyz", "model_rescale": 4.509807504472865, "target_rescale": 4.392213444318052},
{"mapping": [12, 11, 3, 2, 7, 6, 0, 10, 5, 4, 8, 13], "R": [[0.8527053393420211, -0.5151902821212635, -0.0864440713144733], [-0.5205052341855736, -0.8519641471105299, -0.056845344784325694], [-0.044361080273479805, 0.09346692059782698, -0.9946336156147798]], "T": [-0.02508139085979219, 0.015088496330312015, -0.16523729439988755], "aligned_model": [[0.02228454881205104, 0.09087538433771676, -0.632215241183806, -0.5636244056581403, 0.2505517607303501, 0.3191425962560158, 0.043435012488896724, -0.48804370875821956, 0.6000184280756067, 0.6686092636012724, -0.16932724122460102, -0.025155823036769012], [-0.5782671422151521, -0.5331620281776944, 0.2901207107127435, 0.33522582475020113, 0.4668321166552474, 0.511937230692705, -0.0241241118060498, -0.4092804260509556, -0.16191085691348814, -0.11680574287603042, 0.6301720998338307, -0.06922922584350749], [-0.5343182605269854, 0.2548943447972744, -0.5270655199175256, 0.2621470854067342, -0.6138866298317323, 0.17532597549252743, 0.6288007100798674, -0.49962333004694026, -0.6083249943587616, 0.18088761096549816, -0.18785410584023501, -0.1604118952443925]], "inverted": false, "swapped": false, "error_lsq": 0.0376130966457414, "error_max": 0.3060341147763529, "target": "82.xyz", "model": "10.xyz", "model_rescale": 4.509807504472865, "target_rescale": 4.392213444318052},
{"mapping": [11, 12, 6, 7, 2, 3, 1, 4, 9, 10, 8, 13], "R": [[-0.5301529195178274, 0.8436338230241643, 0.08496972741133688], [-0.8428967538150326, -0.5352429873499127, 0.05513625758810312], [0.09199426251024825, -0.0423900594759442, 0.9948568432306336]], "T": [-0.04979310598779901, 0.008850507065696768, -0.16284889867915364], "aligned_model": [[0.0994513082769341, 0.16687229515213065, -0.5738660504166049, -0.5064450635414082, 0.29601547735931955, 0.3634364642345161, 0.05552360833489642, -0.6047610787324393, 0.48068209368559495, 0.5481030805607914, -0.19656418193305716, -0.011897378540300103], [-0.5602420905006316, -0.5164930870326154, 0.2747352065919062, 0.3184842100599222, 0.5065848595315732, 0.5503338629995893, -0.022870928391262188, -0.4427070019927074, -0.18341070046917798, -0.13966169700116193, 0.6233757468256933, -0.06661993185927823], [-0.5428422220389066, 0.24654750785215102, -0.5316103858477688, 0.25777934404328895, -0.6187555053404763, 0.17063422455058141, 0.6274868647402356, -0.48921009394800047, -0.5962872466842413, 0.19310248320681644, -0.1843711144075293, -0.16190286515082172]], "inverted": false, "swapped": false, "error_lsq": 0.03674161959280803, "error_max": 0.2971473257609428, "target": "82.xyz", "model": "11.xyz", "model_rescale": 4.509807504472865, "target_rescale": 4.392213444318052},
{"mapping": [12, 11, 3, 2, 7, 6, 0, 10, 5, 4, 8, 13], "R": [[0.8527052734804481, -0.5151903941798033, -0.08644405314128507], [-0.5205053434491462, -0.8519640818392125, -0.05684532255827305], [-0.04436106422890028, 0.09346689788757735, -0.994633618464484]], "T": [-0.02508145644301251, 0.015088391714871195, -0.16523728163974044], "aligned_model": [[0.02228452779747113, 0.09087534491771149, -0.6322152268144853, -0.563624409694245, 0.25055186301442023, 0.31914268013466063, 0.04343503176546921, -0.488043907732749, 0.6000184289804656, 0.6686092461007059, -0.16932721867428044, -0.025155785354771157], [-0.5782670254177642, -0.533161931636901, 0.2901206723030514, 0.3352257660839145, 0.4668321442319488, 0.5119372380128119, -0.024124042909376912, -0.40928063159861316, -0.1619108378478278, -0.11680574406696467, 0.6301719782978108, -0.06922913669024006], [-0.5343182524536836, 0.25489430927380047, -0.5270654986233889, 0.26214706310409513, -0.613886599622778, 0.17532596210470597, 0.6288006572947922, -0.4996232937319495, -0.6083249625330887, 0.18088759919439545, -0.1878540885988801, -0.16041190443269174]], "inverted": false, "swapped": false, "error_lsq": 0.03761309489539671, "error_max": 0.30603405718126375, "target": "82.xyz", "model": "12.xyz", "model_rescale": 4.509807766519439, "target_rescale": 4.392213444318052},
{"mapping": [12, 11, 3, 2, 7, 6, 0, 10, 5, 4, 8, 13], "R": [[0.8527052734804481, -0.5151903941798033, -0.08644405314128484], [-0.5205053434491465, -0.8519640818392125, -0.05684532255827265], [-0.044361064228900286, 0.09346689788757687, -0.9946336184644841]], "T": [-0.02508145644301251, 0.015088391714871207, -0.16523728163974052], "aligned_model": [[0.02228452779747124, 0.0908753449177114, -0.6322152268144852, -0.5636244096942451, 0.25055186301442034, 0.3191426801346605, 0.043435031765469014, -0.4880439077327489, 0.6000184289804658, 0.6686092461007058, -0.16932721867428044, -0.02515578535477115], [-0.5782670254177641, -0.5331619316369013, 0.2901206723030517, 0.3352257660839145, 0.46683214423194896, 0.5119372380128118, -0.024124042909377214, -0.40928063159861294, -0.1619108378478278, -0.11680574406696499, 0.6301719782978109, -0.06922913669024004], [-0.5343182524536837, 0.2548943092738001, -0.5270654986233888, 0.26214706310409497, -0.6138865996227777, 0.1753259621047061, 0.6288006572947922, -0.4996232937319497, -0.6083249625330883, 0.18088759919439543, -0.18785408859887984, -0.16041190443269177]], "inverted": false, "swapped": false, "error_lsq": 0.0376130948953967, "error_max": 0.30603405718126386, "target": "82.xyz", "model": "13.xyz", "model_rescale": 4.509807766519439, "target_rescale": 4.392213444318052},
{"mapping": [11, 12, 6, 7, 2, 3, 1, 4, 9, 10, 8, 13], "R": [[-0.5301528079197438, 0.8436338920632346, 0.08496973824280027], [-0.8428968248598699, -0.535242876445943, 0.0551362481043348], [0.09199425468995936, -0.042390085823357855, 0.9948568428311318]], "T": [-0.04979302251869542, 0.008850451551976592, -0.162848900350464], "aligned_model": [[0.09945126334546756, 0.166872254897553, -0.5738661649195428, -0.5064451733674573, 0.29601546756080876, 0.36343645911289424, 0.05552351707251323, -0.6047610971024665, 0.4806823506203671, 0.5481033421724525, -0.19656417047264402, -0.011897474479572186], [-0.5602419669426815, -0.5164929735418335, 0.27473519358572374, 0.31848418698657166, 0.5065848296217477, 0.5503338230225956, -0.022870865979833767, -0.4427069782170969, -0.1834107853503867, -0.1396617919495388, 0.6233756369072639, -0.06661985938068166], [-0.5428422066987114, 0.24654747700712887, -0.5316103417020881, 0.25777934200375224, -0.6187554764962939, 0.1706342072095463, 0.6274868239816478, -0.4892100665372669, -0.5962872461540152, 0.19310243755182516, -0.18437109946600375, -0.16190285972419208]], "inverted": false, "swapped": false, "error_lsq": 0.036741622541599205, "error_max": 0.2971472968929568, "target": "82.xyz", "model": "14.xyz", "model_rescale": 4.509807766519439, "target_rescale": 4.392213444318052},
{"mapping": [10, 9, 3, 2, 7, 6, 0, 11, 5, 4, 8, 11], "R": [[0.8557788765009386, -0.5161133255225014, -0.03563074168321345], [-0.516988200658038, -0.8557091966374488, -0.022022060994749054], [-0.019123674206479743, 0.03726668764723736, -0.9991223544074308]], "T": [-0.028935166765517835, 0.04094043749016539, -0.20084764664387866], "aligned_model": [[0.007761503533063319, 0.03602679020978664, -0.649318056145857, -0.6210527694691338, 0.23584939293327672, 0.26411467961000007, -0.03220123767710438, -0.0604665243538277, 0.5868254758618406, 0.6150907625385639, -0.20561291824640693, -0.0604665243538277], [-0.591116212453478, -0.5736464703761716, 0.27501901641875626, 0.29248875849606265, 0.4563227809418873, 0.47379252301919367, -0.07827185262208818, -0.09574159469939457, -0.1714080301139021, -0.1539382880365957, 0.6037494128869747, -0.09574159469939457], [-0.5852151757244668, 0.20737230459042105, -0.5808732158061674, 0.21171426450872044, -0.6164362828606597, 0.1761511974542282, 0.5958769703176676, -0.19671050999722003, -0.615116736705252, 0.17747074360963583, -0.20695205841435846, -0.19671050999722003]], "inverted": false, "swapped": false, "error_lsq": 0.05528653510911482, "error_max": 0.5706161945171034, "target": "82.xyz", "model": "15.xyz", "model_rescale": 4.510870436145588, "target_rescale": 4.392213444318052},
{"mapping": [10, 9, 3, 2, 7, 6, 0, 11, 5, 4, 8, 11], "R": [[0.8557788765009385, -0.5161133255225019, -0.03563074168321309], [-0.5169882006580384, -0.8557091966374486, -0.022022060994749102], [-0.01912367420647939, 0.03726668764723722, -0.999122354407431]], "T": [-0.028935166765517807, 0.040940437490165404, -0.20084764664387877], "aligned_model": [[0.0077615035330632146, 0.036026790209786254, -0.6493180561458569, -0.6210527694691339, 0.23584939293327714, 0.2641146796100001, -0.032201237677104706, -0.06046652435382774, 0.5868254758618408, 0.6150907625385638, -0.20561291824640668, -0.06046652435382774], [-0.5911162124534781, -0.5736464703761717, 0.27501901641875653, 0.292488758496063, 0.45632278094188716, 0.4737925230191936, -0.07827185262208812, -0.09574159469939456, -0.17140803011390246, -0.153938288036596, 0.6037494128869748, -0.09574159469939456], [-0.5852151757244668, 0.2073723045904211, -0.5808732158061677, 0.21171426450872022, -0.6164362828606595, 0.1761511974542283, 0.5958769703176678, -0.19671050999722003, -0.6151167367052519, 0.17747074360963605, -0.20695205841435857, -0.19671050999722003]], "inverted": false, "swapped": false, "error_lsq": 0.055286535109114805, "error_max": 0.5706161945171034, "target": "82.xyz", "model": "16.xyz", "model_rescale": 4.510870436145588, "target_rescale": 4.392213444318052},
{"mapping": [10, 9, 3, 2, 7, 6, 0, 11, 5, 4, 8, 11], "R": [[0.8557788765009385, -0.5161133255225019, -0.03563074168321416], [-0.5169882006580384, -0.8557091966374486, -0.02202206099474921], [-0.01912367420648025, 0.03726668764723787, -0.999122354407431]], "T": [-0.028935166765517877, 0.0409404374901654, -0.20084764664387855], "aligned_model": [[0.007761503533062715, 0.0360267902097866, -0.6493180561458575, -0.6210527694691336, 0.2358493929332766, 0.2641146796100005, -0.032201237677103936, -0.06046652435382783, 0.5868254758618402, 0.6150907625385641, -0.20561291824640676, -0.06046652435382783], [-0.5911162124534781, -0.5736464703761717, 0.2750190164187565, 0.29248875849606304, 0.4563227809418871, 0.47379252301919367, -0.07827185262208805, -0.09574159469939456, -0.1714080301139025, -0.15393828803659598, 0.6037494128869748, -0.09574159469939456], [-0.5852151757244668, 0.20737230459042133, -0.580873215806167, 0.21171426450872105, -0.61643628286066, 0.17615119745422814, 0.5958769703176681, -0.19671050999722017, -0.6151167367052525, 0.1774707436096356, -0.20695205841435863, -0.19671050999722017]], "inverted": false, "swapped": false, "error_lsq": 0.055286535109114805, "error_max": 0.5706161945171033, "target": "82.xyz", "model": "17.xyz", "model_rescale": 4.510870436145588, "target_rescale": 4.392213444318052},
{"mapping": [7, 8, 3, 4, 0, 1, 2, 5, 9, 10, 11, 12], "R": [[0.5301527897460134, -0.8436339066709944, 0.08496970659920614], [0.8428968367003935, 0.5352428560770586, 0.05513626482582213], [-0.09199425093444366, 0.04239005229424681, 0.9948568446070528]], "T": [-0.0333561368273152, 0.019702683735056487, 0.03616865230838631], "aligned_model": [[0.10033139146997533, 0.16841361578752867, -0.5795898858969041, -0.5115076615793508, 0.29882345262097026, 0.36690567693852366, 0.05597294583863213, -0.6107878156593178, 0.4853015460384166, 0.55338377035597, -0.1985871829951493, -0.01210927847892124], [-0.5660158593940062, -0.5218377669873799, 0.27715065411346596, 0.32132874652009213, 0.5112742679923091, 0.5554523603989354, -0.023374381787579564, -0.4473281165402172, -0.18548874771606738, -0.14131065530944112, 0.6292104216659442, -0.06755247419420583], [-0.5468345605074482, 0.250297377088574, -0.535492567608093, 0.26163936998792914, -0.623492389590596, 0.1736395480054261, 0.6349729175920735, -0.49267642523668786, -0.6008037772616622, 0.1963281603343599, -0.1848476418245975, -0.1621590200039488]], "inverted": false, "swapped": false, "error_lsq": 0.03679098373556222, "error_max": 0.3025471296936192, "target": "82.xyz", "model": "18.xyz", "model_rescale": 4.466005644533647, "target_rescale": 4.392213444318052},
{"mapping": [9, 8, 1, 0, 5, 4, 2, 11, 7, 6, 12, 13], "R": [[-0.8527052617408257, 0.5151904100682556, -0.08644407425158086], [0.5205053627248188, 0.8519640679399555, -0.05684535437402066], [0.044361063718253366, -0.09346693700397954, -0.9946336148114437]], "T": [-0.02508142917615095, 0.015088438510307207, -0.16523728603088872], "aligned_model": [[0.022284535877975534, 0.09087537058416953, -0.6322152084583839, -0.5636243737521898, 0.2505518940687684, 0.31914272877496236, 0.04343496071850363, -0.4880439016510337, 0.6000184512959578, 0.6686092860021519, -0.1693272950328181, -0.025155873987690383], [-0.5782669993125008, -0.5331618797373187, 0.29012072287622676, 0.3352258424514088, 0.4668321756202862, 0.5119372951954683, -0.02412416009572358, -0.4092805916233518, -0.16191082121599096, -0.11680570164080885, 0.6301718459150598, -0.06922927967090567], [-0.5343182422347894, 0.25489432620807684, -0.5270655045555449, 0.26214706388732134, -0.6138866302695243, 0.17532593817334197, 0.6288006832544235, -0.4996232785787396, -0.6083249788618357, 0.18088758958103052, -0.18785409043998827, -0.16041188518844285]], "inverted": false, "swapped": false, "error_lsq": 0.03761310170364863, "error_max": 0.3060340394402203, "target": "82.xyz", "model": "19.xyz", "model_rescale": 4.509807711582247, "target_rescale": 4.392213444318052},
{"mapping": [9, 8, 5, 4, 1, 0, 2, 7, 11, 10, 12, 13], "R": [[-0.5301527897460138, 0.8436339066709944, 0.08496970659920627], [-0.8428968367003935, -0.5352428560770589, 0.05513626482582217], [0.09199425093444377, -0.04239005229424688, 0.9948568446070529]], "T": [-0.04979306869881496, 0.008850479106177596, -0.16284889985299628], "aligned_model": [[0.09945124470605933, 0.1668722119711854, -0.5738662128787687, -0.5064452456136427, 0.2960154270810214, 0.36343639434614744, 0.05552363598262404, -0.6047611288768215, 0.4806823288749337, 0.5481032961400597, -0.19656404600992256, -0.011897331282502005], [-0.5602419481868683, -0.5164929409850734, 0.27473520592442896, 0.31848421312622394, 0.5065848651496302, 0.5503338723514252, -0.022870943271422348, -0.4427069747642408, -0.1834107533030583, -0.1396617461012634, 0.6233755492952856, -0.06661995047321728], [-0.5428421979331166, 0.2465474967979851, -0.5316103655472944, 0.25777932918380747, -0.6187554783383518, 0.17063421639275006, 0.6274868283775834, -0.4892100802719906, -0.5962872319722325, 0.19310246275886928, -0.18437112211916265, -0.16190286635351803]], "inverted": true, "swapped": false, "error_lsq": 0.03674162083186392, "error_max": 0.29714731430086516, "target": "82.xyz", "model": "20.xyz", "model_rescale": 4.509807711582248, "target_rescale": 4.392213444318052},
{"mapping": [8, 7, 4, 3, 1, 0, 2, 6, 10, 9, 11, 12], "R": [[-0.5301527897460133, 0.8436339066709946, 0.08496970659920586], [-0.8428968367003937, -0.5352428560770585, 0.05513626482582197], [0.09199425093444336, -0.04239005229424668, 0.9948568446070529]], "T": [-0.03335613682731525, 0.019702683735056424, 0.03616865230838634], "aligned_model": [[0.1003313914699756, 0.16841361578752873, -0.5795898858969042, -0.5115076615793511, 0.29882345262097043, 0.36690567693852355, 0.05597294583863195, -0.6107878156593176, 0.48530154603841696, 0.5533837703559701, -0.19858718299514946, -0.012109278478921206], [-0.5660158593940062, -0.5218377669873802, 0.27715065411346596, 0.3213287465200921, 0.5112742679923096, 0.5554523603989356, -0.023374381787579737, -0.4473281165402174, -0.1854887477160673, -0.14131065530944117, 0.6292104216659445, -0.06755247419420587], [-0.5468345605074483, 0.2502973770885738, -0.535492567608093, 0.2616393699879289, -0.6234923895905959, 0.17363954800542616, 0.6349729175920737, -0.49267642523668814, -0.6008037772616621, 0.1963281603343599, -0.1848476418245975, -0.16215902000394886]], "inverted": true, "swapped": false, "error_lsq": 0.03679098373556222, "error_max": 0.3025471296936195, "target": "82.xyz", "model": "21.xyz", "model_rescale": 4.466005644533646, "target_rescale": 4.392213444318052},
{"mapping": [7, 8, 3, 4, 0, 1, 2, 5, 9, 10, 11, 12], "R": [[0.530152845623881, -0.8436338689465116, 0.0849697325124759], [0.8428968008737042, 0.5352429137724907, 0.055136252440744424], [-0.09199425717824349, 0.042390074577363004, 0.9948568430802238]], "T": [-0.03335613395147486, 0.0197026854928586, 0.03616865459185087], "aligned_model": [[0.10033143665618033, 0.16841368228450457, -0.5795897879858647, -0.5115075423575405, 0.2988235717303372, 0.3669058173586614, 0.05597286533885263, -0.610787766833111, 0.48530143036984685, 0.5533836759981711, -0.19858742783019276, -0.012109380289471602], [-0.5660159276230656, -0.521837844784628, 0.27715063931668954, 0.32132872215512726, 0.5112741952935763, 0.5554522781320139, -0.02337433053089022, -0.44732813530287413, -0.18548871913569803, -0.14131063629726032, 0.6292106209081868, -0.06755241336932792], [-0.5468345744867738, 0.2502973682984063, -0.5354925608277357, 0.2616393819574444, -0.6234924015124297, 0.1736395412727504, 0.6349729271684823, -0.49267642218503155, -0.600803788240859, 0.19632815454432104, -0.18484761939654865, -0.162159015616698]], "inverted": false, "swapped": false, "error_lsq": 0.03679098595154607, "error_max": 0.3025471227502426, "target": "82.xyz", "model": "22.xyz", "model_rescale": 4.46600560860683, "target_rescale": 4.392213444318052},
{"mapping": [8, 9, 0, 1, 4, 5, 3, 10, 6, 7, 12, 13], "R": [[0.8527052964825443, -0.5151903550183232, -0.08644405963807046], [-0.5205053052877118, -0.8519641046212276, -0.05684533054082927], [-0.04436106984690892, 0.09346690608468908, -0.9946336174436262]], "T": [-0.025081418741494124, 0.015088452727018403, -0.16523728877817714], "aligned_model": [[0.022284532670345122, 0.090875356347059, -0.632215274297794, -0.5636244506210801, 0.250551824831515, 0.3191426485082289, 0.04343502273853388, -0.4880438063323897, 0.6000184262616196, 0.6686092499383335, -0.16932715466581777, -0.025155800938179977], [-0.5782670703757639, -0.533161969339378, 0.29012061568676406, 0.33522571672314994, 0.4668321305646888, 0.5119372316010746, -0.024124070804789403, -0.40928050699559515, -0.16191084862415922, -0.11680574758777328, 0.6301721397548065, -0.06922917184117532], [-0.5343182547586423, 0.2548943222842128, -0.5270654983985769, 0.2621470786442782, -0.613886609934314, 0.17532596710854106, 0.6288006762807982, -0.49962331210414135, -0.6083249733229398, 0.18088760371991527, -0.18785410778174547, -0.16041190076205675]], "inverted": true, "swapped": false, "error_lsq": 0.037613095929581904, "error_max": 0.3060340841784867, "target": "82.xyz", "model": "23.xyz", "model_rescale": 4.509807674373902, "target_rescale": 4.392213444318052},
{"mapping": [9, 8, 5, 4, 1, 0, 2, 7, 11, 10, 12, 13], "R": [[-0.5301528456238805, 0.8436338689465117, 0.08496973251247601], [-0.8428968008737043, -0.5352429137724902, 0.055136252440744354], [0.09199425717824349, -0.04239007457736316, 0.9948568430802237]], "T": [-0.04979307113911342, 0.008850483211680926, -0.1628488988819753], "aligned_model": [[0.09945128947187716, 0.1668722778546814, -0.5738661160389379, -0.5064451276561337, 0.29601554509251066, 0.36343653347531485, 0.055523556274147165, -0.6047610806514457, 0.4806822144268436, 0.5481032028096479, -0.19656428850947516, -0.011897432108657041], [-0.5602420158745351, -0.5164930181389831, 0.2747351913221082, 0.3184841890576604, 0.5065847932555019, 0.550333790991054, -0.022870892523145583, -0.4427069934417383, -0.18341072504393063, -0.13966172730837845, 0.6233757467249341, -0.06661989025869773], [-0.5428422118605327, 0.24654748817196565, -0.5316103589143442, 0.2577793411181542, -0.6187554902438996, 0.1706342097885986, 0.6274868380182381, -0.48921007732279026, -0.5962872429396702, 0.1931024570928282, -0.18437109991895895, -0.1619028620142598]], "inverted": true, "swapped": false, "error_lsq": 0.03674162300455988, "error_max": 0.2971473081389375, "target": "82.xyz", "model": "24.xyz", "model_rescale": 4.509807674373903, "target_rescale": 4.392213444318052},
{"mapping": [8, 7, 4, 3, 1, 0, 2, 6, 10, 9, 11, 12], "R": [[-0.5301528456238808, 0.8436338689465117, 0.08496973251247605], [-0.8428968008737043, -0.5352429137724904, 0.055136252440744354], [0.0919942571782435, -0.042390074577363185, 0.9948568430802239]], "T": [-0.033356133951474846, 0.01970268549285857, 0.03616865459185101], "aligned_model": [[0.10033143665618047, 0.1684136822845048, -0.5795897879858649, -0.5115075423575406, 0.29882357173033713, 0.36690581735866146, 0.05597286533885277, -0.6107877668331111, 0.48530143036984696, 0.5533836759981713, -0.19858742783019293, -0.012109380289471599], [-0.5660159276230656, -0.521837844784628, 0.27715063931668954, 0.32132872215512714, 0.5112741952935765, 0.5554522781320141, -0.02337433053089029, -0.44732813530287435, -0.18548871913569792, -0.14131063629726026, 0.6292106209081868, -0.06755241336932793], [-0.5468345744867738, 0.2502973682984062, -0.5354925608277354, 0.2616393819574445, -0.6234924015124296, 0.17363954127275036, 0.6349729271684824, -0.49267642218503127, -0.600803788240859, 0.19632815454432093, -0.18484761939654856, -0.162159015616698]], "inverted": true, "swapped": false, "error_lsq": 0.03679098595154606, "error_max": 0.3025471227502423, "target": "82.xyz", "model": "25.xyz", "model_rescale": 4.466005608606829, "target_rescale": 4.392213444318052},
{"mapping": [7, 8, 3, 4, 0, 1, 2, 5, 9, 10, 11, 12], "R": [[0.5301527249648742, -0.8436339465293808, 0.08496971504942383], [0.8428968764777226, 0.5352427925144173, 0.05513627377205724], [-0.09199425980145295, 0.042390061625696016, 0.9948568433895163]], "T": [-0.033356112335093405, 0.019702712758042865, 0.03616864199015482], "aligned_model": [[0.10033138762798828, 0.16841361576527758, -0.5795898050507484, -0.5115075769134592, 0.2988234766070037, 0.36690570474429296, 0.055972917946583794, -0.6107877969488638, 0.48530149610666873, 0.5533837242439581, -0.19858725949762257, -0.012109310190705505], [-0.5660158907461116, -0.521837793086189, 0.27715072366445753, 0.3213288213243801, 0.5112743934665656, 0.5554524911264881, -0.023374436998814602, -0.44732820656838956, -0.18548876664516462, -0.14131066898524203, 0.6292103168686072, -0.0675525346587372], [-0.5468345354591762, 0.2502973666095929, -0.5354925571782276, 0.2616393448905414, -0.6234923870779139, 0.17363951499085517, 0.6349728905953516, -0.4926763938235319, -0.6008037557232426, 0.19632814634552645, -0.18484763172102817, -0.16215901147341763]], "inverted": false, "swapped": false, "error_lsq": 0.03679098527873328, "error_max": 0.3025471179480392, "target": "82.xyz", "model": "26.xyz", "model_rescale": 4.466005838112752, "target_rescale": 4.392213444318052},
{"mapping": [9, 8, 1, 0, 5, 4, 2, 11, 7, 6, 12, 13], "R": [[-0.8527052314931666, 0.515190462079757, -0.08644406264302847], [0.5205054139519508, 0.8519640361181183, -0.05684536223856882], [0.04436104406902254, -0.09346694037664963, -0.9946336153708734]], "T": [-0.025081459639430544, 0.0150884599661341, -0.16523728355574252], "aligned_model": [[0.022284568365088, 0.0908753911000372, -0.6322152872415734, -0.5636244645066242, 0.2505517915656845, 0.31914261430063373, 0.04343500774510738, -0.4880438391130993, 0.6000184863790814, 0.6686093091140306, -0.16932718827815058, -0.025155814989841825], [-0.578267019324222, -0.5331618953238509, 0.2901208223050967, 0.33522594630546787, 0.46683221437041494, 0.511937338370786, -0.024124188462306545, -0.40928058767039, -0.16191089326486727, -0.11680576926449611, 0.6301717931828946, -0.06922931246267768], [-0.5343182213573078, 0.25489431577033306, -0.5270654953429774, 0.26214704178466336, -0.6138866065730186, 0.17532593055462214, 0.6288006504027145, -0.4996232689944433, -0.6083249517435999, 0.18088758538404093, -0.18785410218477147, -0.16041188672492648]], "inverted": false, "swapped": false, "error_lsq": 0.03761310368182095, "error_max": 0.3060340440309689, "target": "82.xyz", "model": "27.xyz", "model_rescale": 4.509807893063789, "target_rescale": 4.392213444318052},
{"mapping": [9, 8, 5, 4, 1, 0, 2, 7, 11, 10, 12, 13], "R": [[-0.5301527249648751, 0.8436339465293803, 0.08496971504942387], [-0.842896876477722, -0.5352427925144182, 0.055136273772057154], [0.09199425980145294, -0.042390061625696, 0.9948568433895163]], "T": [-0.04979304557481128, 0.00885050648585142, -0.16284890135945346], "aligned_model": [[0.09945124117989113, 0.16687221243689404, -0.5738661346289743, -0.5064451633719714, 0.29601545172262733, 0.3634364229796302, 0.055523608503654905, -0.604761112255111, 0.48068228088980586, 0.5481032521468088, -0.19656412240953416, -0.011897362753347948], [-0.560241981061493, -0.5164929685216503, 0.2747352755642151, 0.3184842881040579, 0.5065849908890633, 0.550334003428906, -0.022870998105713972, -0.44270706538026444, -0.18341077270584133, -0.13966176016599863, 0.6233754473621254, -0.06662001064555667], [-0.5428421743914267, 0.2465474876073515, -0.5316103564471699, 0.25777930555160816, -0.6187554773489682, 0.17063418464980995, 0.6274868040118826, -0.4892100502607894, -0.5962872120721712, 0.1931024499266069, -0.18437111226450992, -0.16190285798689502]], "inverted": true, "swapped": false, "error_lsq": 0.036741622381440645, "error_max": 0.297147303497263, "target": "82.xyz", "model": "28.xyz", "model_rescale": 4.5098078930637895, "target_rescale": 4.392213444318052},
{"mapping": [8, 7, 4, 3, 1, 0, 2, 6, 10, 9, 11, 12], "R": [[-0.5301527249648748, 0.8436339465293807, 0.08496971504942329], [-0.8428968764777225, -0.5352427925144176, 0.05513627377205691], [0.09199425980145241, -0.0423900616256957, 0.9948568433895164]], "T": [-0.033356112335093516, 0.019702712758042834, 0.03616864199015482], "aligned_model": [[0.10033138762798822, 0.16841361576527708, -0.5795898050507482, -0.5115075769134594, 0.29882347660700426, 0.3669057047442931, 0.05597291794658331, -0.6107877969488639, 0.48530149610666895, 0.5533837242439578, -0.1985872594976223, -0.012109310190705547], [-0.5660158907461115, -0.5218377930861892, 0.2771507236644578, 0.3213288213243801, 0.5112743934665657, 0.555452491126488, -0.02337443699881485, -0.44732820656838934, -0.18548876664516464, -0.1413106689852423, 0.6292103168686072, -0.06755253465873719], [-0.5468345354591763, 0.2502973666095927, -0.5354925571782279, 0.261639344890541, -0.6234923870779135, 0.17363951499085534, 0.6349728905953516, -0.49267639382353234, -0.6008037557232424, 0.1963281463455265, -0.18484763172102814, -0.16215901147341769]], "inverted": true, "swapped": false, "error_lsq": 0.03679098527873328, "error_max": 0.30254711794803957, "target": "82.xyz", "model": "29.xyz", "model_rescale": 4.466005838112752, "target_rescale": 4.392213444318052},
