[{"mapping": [7, 6, 3, 2, 5, 4, 10, 9, 11, 1, 0, 12], "R": [[-0.8645985665877838, 0.5024632510486212, 1.406664880265435e-17], [0.5024632510486212, 0.8645985665877838, 2.896518060982783e-17], [2.3919344249558667e-18, 3.211122772495431e-17, -1.0]], "T": [-0.013583037576928556, -0.07479128799072632, 3.405506877739995e-17], "aligned_model": [[-0.08964353327042932, -0.08964353327042934, 0.5822831517397655, 0.5822831517397655, 0.026383093399395128, 0.026383093399395114, -0.553997590730026, -0.553997590730026, 0.4907368436434387, -0.39526711542488174, -0.39526711542488174, -0.08964353327042933], [-0.041225299706508046, -0.04122529970650809, -0.09765718354980345, -0.09765718354980348, 0.5270276936704845, 0.5270276936704845, 0.09151396462743472, 0.09151396462743472, 0.3942883479549977, -0.6151409755404583, -0.6151409755404583, -0.04122529970650807], [-0.8041627089838063, 0.8041627089838063, -0.402081354491903, 0.40208135449190324, -0.402081354491903, 0.40208135449190324, -0.402081354491903, 0.40208135449190324, -4.506265192664317e-17, -0.402081354491903, 0.40208135449190324, -6.584139032320314e-17]], "inverted": false, "swapped": true, "error_lsq": 0.02584378229673995, "error_max": 0.1117184153037938, "target": "83.xyz", "model": "0.xyz", "model_rescale": 4.5108708085295355, "target_rescale": 4.449845733983245},
{"mapping": [7, 6, 3, 2, 5, 4, 10, 9, 11, 1, 0, 12], "R": [[-0.8645985665877837, 0.5024632510486213, 2.2161026203634012e-17], [0.5024632510486213, 0.8645985665877837, 1.2532806224480424e-17], [-1.286311692946145e-17, 2.197094756985986e-17, -1.0]], "T": [-0.01358303757692855, -0.07479128799072632, -2.811878814049987e-17], "aligned_model": [[-0.08964353327042932, -0.08964353327042934, 0.5822831517397655, 0.5822831517397655, 0.026383093399395218, 0.026383093399395204, -0.553997590730026, -0.553997590730026, 0.4907368436434388, -0.39526711542488174, -0.39526711542488174, -0.08964353327042933], [-0.041225299706508046, -0.04122529970650806, -0.09765718354980354, -0.09765718354980354, 0.5270276936704845, 0.5270276936704845, 0.09151396462743486, 0.09151396462743486, 0.39428834795499756, -0.6151409755404581, -0.6151409755404581, -0.04122529970650805], [-0.8041627089838063, 0.8041627089838063, -0.40208135449190313, 0.40208135449190313, -0.40208135449190313, 0.40208135449190313, -0.40208135449190313, 0.40208135449190313, -1.108624455895307e-16, -0.40208135449190313, 0.40208135449190313, -1.291824784846522e-16]], "inverted": false, "swapped": true, "error_lsq": 0.025843782296739937, "error_max": 0.11171841530379371, "target": "83.xyz", "model": "1.xyz", "model_rescale": 4.510870808529536, "target_rescale": 4.449845733983245},
{"mapping": [7, 6, 3, 2, 5, 4, 10, 9, 11, 1, 0, 12], "R": [[-0.8645985665877837, 0.5024632510486213, 3.5459732067684403e-17], [0.5024632510486213, 0.8645985665877837, 3.8648215633023773e-17], [-1.1239125443109527e-17, 5.123240409352968e-17, -1.0]], "T": [-0.01358303757692857, -0.07479128799072632, 8.15348259683488e-17], "aligned_model": [[-0.08964353327042932, -0.08964353327042937, 0.5822831517397655, 0.5822831517397655, 0.026383093399395204, 0.026383093399395176, -0.553997590730026, -0.553997590730026, 0.4907368436434387, -0.3952671154248818, -0.3952671154248818, -0.08964353327042934], [-0.041225299706508026, -0.04122529970650808, -0.09765718354980353, -0.09765718354980356, 0.5270276936704845, 0.5270276936704845, 0.09151396462743489, 0.09151396462743483, 0.39428834795499756, -0.6151409755404581, -0.6151409755404581, -0.04122529970650805], [-0.8041627089838062, 0.8041627089838064, -0.402081354491903, 0.40208135449190324, -0.402081354491903, 0.40208135449190324, -0.402081354491903, 0.40208135449190324, 1.7748177018993505e-17, -0.4020813544919031, 0.4020813544919032, -1.966378100966055e-17]], "inverted": false, "swapped": true, "error_lsq": 0.025843782296739937, "error_max": 0.11171841530379359, "target": "83.xyz", "model": "2.xyz", "model_rescale": 4.5108708085295355, "target_rescale": 4.449845733983245},
{"mapping": [10, 9, 5, 4, 3, 2, 1, 0, 6, 12, 11, 8, 13], "R": [[-0.5296835006272652, 0.8464503315849355, -0.05438037626753427], [-0.8461100810549743, -0.5317871327535685, -0.03605795577793608], [-0.05944005299788119, 0.02691248032960311, 0.9978690287317861]], "T": [-0.03848309416582432, 0.015443919694843648, -0.03386244029526258], "aligned_model": [[0.16747604063778831, 0.12432680911329674, -0.5088637511242767, -0.5520129826487683, 0.3624337510306985, 0.31928451950620695, 0.04278582707441543, -0.04351263597456771, -0.5816115342417905, 0.5488046664431857, 0.5056554349186941, -0.1867342024111039, -0.00036340445007614075], [-0.5171001075290943, -0.5457110364882402, 0.31547928708550527, 0.2868683581263594, 0.5515844541558947, 0.5229735251967489, -0.031305904248678636, -0.08852776216697028, -0.4313513886338663, -0.13816057703729162, -0.16677150599643745, 0.6298283856009167, -0.05991683320782446], [-0.43946439613824795, 0.3523153727261518, -0.4462373304347281, 0.3455424384296717, -0.3902230098456276, 0.4015567590187722, -0.8262879768977703, 0.7572715608310289, 0.31797658013754426, -0.4049903539590002, 0.3867894149053996, -0.019740850739823623, -0.034508208033370756]], "inverted": true, "swapped": false, "error_lsq": 0.036195589690007954, "error_max": 0.32527683299267757, "target": "83.xyz", "model": "3.xyz", "model_rescale": 4.509807743048502, "target_rescale": 4.449845733983245},
{"mapping": [9, 10, 4, 5, 2, 3, 0, 1, 7, 11, 12, 8, 13], "R": [[0.5296835006272652, -0.8464503315849355, -0.05438037626753411], [0.8461100810549743, 0.5317871327535685, -0.03605795577793596], [0.059440052997880986, -0.02691248032960304, 0.9978690287317861]], "T": [-0.03848309416582432, 0.015443919694843648, -0.033862440295262614], "aligned_model": [[0.16747604063778823, 0.12432680911329683, -0.5088637511242767, -0.5520129826487682, 0.3624337510306984, 0.31928451950620695, 0.042785827074415306, -0.043512635974567594, -0.5816115342417904, 0.5488046664431856, 0.5056554349186941, -0.1867342024111039, -0.0003634044500761338], [-0.5171001075290944, -0.54571103648824, 0.3154792870855052, 0.28686835812635947, 0.5515844541558946, 0.522973525196749, -0.03130590424867873, -0.0885277621669702, -0.43135138863386624, -0.13816057703729168, -0.16677150599643742, 0.6298283856009167, -0.05991683320782446], [-0.4394643961382477, 0.35231537272615177, -0.4462373304347278, 0.3455424384296717, -0.3902230098456275, 0.40155675901877197, -0.8262879768977706, 0.757271560831029, 0.3179765801375444, -0.40499035395900007, 0.3867894149053994, -0.019740850739823818, -0.03450820803337089]], "inverted": false, "swapped": false, "error_lsq": 0.036195589690007954, "error_max": 0.3252768329926777, "target": "83.xyz", "model": "4.xyz", "model_rescale": 4.509807743048502, "target_rescale": 4.449845733983245},
{"mapping": [10, 9, 5, 4, 3, 2, 1, 0, 6, 12, 11, 8, 13], "R": [[-0.5296835006272652, 0.8464503315849355, -0.05438037626753428], [-0.8461100810549743, -0.5317871327535685, -0.036057955777936045], [-0.05944005299788116, 0.026912480329603132, 0.9978690287317861]], "T": [-0.03848309416582432, 0.015443919694843648, -0.03386244029526252], "aligned_model": [[0.16747604063778834, 0.12432680911329674, -0.5088637511242767, -0.5520129826487683, 0.3624337510306985, 0.31928451950620695, 0.042785827074415445, -0.04351263597456772, -0.5816115342417905, 0.5488046664431857, 0.5056554349186941, -0.18673420241110386, -0.00036340445007612687], [-0.5171001075290943, -0.5457110364882402, 0.31547928708550527, 0.28686835812635947, 0.5515844541558947, 0.5229735251967489, -0.03130590424867866, -0.08852776216697025, -0.43135138863386624, -0.13816057703729165, -0.16677150599643745, 0.6298283856009167, -0.05991683320782445], [-0.43946439613824784, 0.3523153727261519, -0.446237330434728, 0.3455424384296717, -0.3902230098456275, 0.4015567590187722, -0.8262879768977703, 0.7572715608310289, 0.31797658013754426, -0.4049903539590001, 0.3867894149053996, -0.019740850739823887, -0.03450820803337099]], "inverted": true, "swapped": false, "error_lsq": 0.036195589690007954, "error_max": 0.32527683299267757, "target": "83.xyz", "model": "5.xyz", "model_rescale": 4.509807743048502, "target_rescale": 4.449845733983245},
{"mapping": [9, 10, 4, 5, 2, 3, 0, 1, 7, 11, 12, 8, 13], "R": [[0.5296834177365397, -0.8464503835765163, -0.054380374383658205], [0.8461101331979619, 0.5317870497858326, -0.03605795584621619], [0.05944004941674944, -0.026912484523895046, 0.9978690288319834]], "T": [-0.0384830877990488, 0.015443909388195391, -0.03386244127887011], "aligned_model": [[0.1674758253999176, 0.1243265938715459, -0.5088638836197117, -0.5520131151480834, 0.36243362560214576, 0.31928439407377407, 0.042785935989766766, -0.04351252706697663, -0.5816114097541238, 0.5488048026953998, 0.5056555711670281, -0.18673397979837453, -0.0003632955386049311], [-0.5170999414372847, -0.5457108714443378, 0.31547929796074703, 0.28686836795369397, 0.5515845587839109, 0.5229736287768578, -0.031305971357184666, -0.08852783137129078, -0.4313515247113546, -0.13816059612488563, -0.16677152613193869, 0.629828205324327, -0.059916901364237725], [-0.4394644170179603, 0.35231537942643076, -0.44623735107949974, 0.3455424453648913, -0.39022302835191675, 0.40155676809247426, -0.8262880020404983, 0.7572715908482834, 0.3179765958148936, -0.40499036307262376, 0.3867894333717673, -0.019740845760134247, -0.034508205596107545]], "inverted": false, "swapped": false, "error_lsq": 0.036195586783764826, "error_max": 0.32527686213504736, "target": "83.xyz", "model": "6.xyz", "model_rescale": 4.509807586411629, "target_rescale": 4.449845733983245},
{"mapping": [9, 10, 4, 5, 2, 3, 0, 1, 7, 11, 12, 8, 13], "R": [[0.5296834177365399, -0.8464503835765161, -0.054380374383658184], [0.8461101331979618, 0.5317870497858328, -0.036057955846216155], [0.05944004941674941, -0.026912484523895025, 0.9978690288319834]], "T": [-0.03848308779904881, 0.015443909388195398, -0.033862441278870024], "aligned_model": [[0.16747582539991746, 0.12432659387154575, -0.5088638836197117, -0.5520131151480834, 0.3624336256021459, 0.31928439407377424, 0.042785935989766724, -0.043512527066976656, -0.5816114097541241, 0.5488048026953997, 0.505655571167028, -0.18673397979837436, -0.00036329553860495883], [-0.5170999414372848, -0.5457108714443377, 0.31547929796074714, 0.2868683679536941, 0.5515845587839108, 0.5229736287768578, -0.031305971357184686, -0.08852783137129076, -0.4313515247113546, -0.13816059612488577, -0.16677152613193877, 0.629828205324327, -0.05991690136423772], [-0.43946441701796013, 0.35231537942643065, -0.4462373510794996, 0.3455424453648912, -0.39022302835191663, 0.40155676809247415, -0.8262880020404985, 0.7572715908482837, 0.31797659581489357, -0.4049903630726236, 0.3867894333717672, -0.019740845760134268, -0.034508205596107566]], "inverted": false, "swapped": false, "error_lsq": 0.036195586783764826, "error_max": 0.3252768621350473, "target": "83.xyz", "model": "7.xyz", "model_rescale": 4.509807586411629, "target_rescale": 4.449845733983245},
{"mapping": [9, 10, 4, 5, 2, 3, 0, 1, 7, 11, 12, 8, 13], "R": [[0.5296834177365397, -0.8464503835765163, -0.05438037438365819], [0.8461101331979619, 0.5317870497858326, -0.03605795584621617], [0.059440049416749415, -0.026912484523895042, 0.9978690288319834]], "T": [-0.0384830877990488, 0.015443909388195398, -0.03386244127887017], "aligned_model": [[0.1674758253999176, 0.1243265938715459, -0.5088638836197117, -0.5520131151480834, 0.36243362560214576, 0.31928439407377407, 0.04278593598976675, -0.043512527066976614, -0.5816114097541238, 0.5488048026953998, 0.5056555711670281, -0.18673397979837456, -0.00036329553860494496], [-0.5170999414372848, -0.5457108714443377, 0.31547929796074703, 0.28686836795369397, 0.5515845587839109, 0.5229736287768579, -0.03130597135718467, -0.08852783137129076, -0.4313515247113546, -0.13816059612488563, -0.16677152613193869, 0.629828205324327, -0.05991690136423773], [-0.4394644170179603, 0.3523153794264307, -0.44623735107949974, 0.34554244536489126, -0.3902230283519168, 0.4015567680924742, -0.8262880020404985, 0.7572715908482833, 0.3179765958148936, -0.40499036307262376, 0.38678943337176724, -0.019740845760134025, -0.034508205596107316]], "inverted": false, "swapped": false, "error_lsq": 0.036195586783764826, "error_max": 0.32527686213504736, "target": "83.xyz", "model": "8.xyz", "model_rescale": 4.509807586411629, "target_rescale": 4.449845733983245},
{"mapping": [11, 12, 6, 7, 2, 3, 0, 1, 5, 9, 10, 8, 13], "R": [[-0.5296835500470374, 0.8464503005099543, -0.054380378595368546], [-0.8461100499868884, -0.53178718226162, -0.03605795464847599], [-0.05944005485152796, 0.02691247942599336, 0.99786902864574]], "T": [-0.03848311745510151, 0.015443874552517441, -0.03386244493066109], "aligned_model": [[0.16747590337522933, 0.1243266677210099, -0.5088636878312889, -0.5520129234855082, 0.36243368650737645, 0.31928445085315704, 0.04278601682571713, -0.043512454482721695, -0.5816115185993423, 0.5488045714849261, 0.5056553358307068, -0.1867342914970564, -0.0003632188285022861], [-0.5171001330854456, -0.5457110626619593, 0.31547922718415516, 0.2868682976076414, 0.5515844736433598, 0.522973544066846, -0.03130582632951505, -0.0885276854825426, -0.43135148536166895, -0.13816060489657156, -0.16677153447308535, 0.6298284405518364, -0.059916755906028824], [-0.43946442626151283, 0.3523153844209592, -0.4462373533901974, 0.3455424572922747, -0.3902230351277713, 0.40155677555470076, -0.8262880073676471, 0.7572716139972968, 0.3179765960615094, -0.4049903813964176, 0.3867894292860545, -0.019740856384073996, -0.034508196685175206]], "inverted": false, "swapped": false, "error_lsq": 0.036195575067220535, "error_max": 0.3252768652801451, "target": "83.xyz", "model": "9.xyz", "model_rescale": 4.509807504472865, "target_rescale": 4.449845733983245},
{"mapping": [11, 12, 6, 7, 2, 3, 0, 1, 5, 9, 10, 8, 13], "R": [[-0.5296835500470374, 0.8464503005099543, -0.05438037859536866], [-0.8461100499868884, -0.53178718226162, -0.036057954648476075], [-0.05944005485152808, 0.026912479425993417, 0.99786902864574]], "T": [-0.03848311745510151, 0.015443874552517441, -0.03386244493066105], "aligned_model": [[0.16747590337522933, 0.12432666772100988, -0.5088636878312889, -0.5520129234855083, 0.3624336865073765, 0.31928445085315704, 0.04278601682571721, -0.0435124544827218, -0.5816115185993425, 0.5488045714849262, 0.5056553358307067, -0.1867342914970564, -0.00036321882850227916], [-0.5171001330854456, -0.5457110626619593, 0.31547922718415516, 0.2868682976076414, 0.5515844736433598, 0.522973544066846, -0.03130582632951498, -0.08852768548254268, -0.43135148536166895, -0.13816060489657153, -0.16677153447308538, 0.6298284405518364, -0.059916755906028824], [-0.4394644262615127, 0.3523153844209591, -0.4462373533901973, 0.3455424572922745, -0.3902230351277711, 0.4015567755547007, -0.8262880073676472, 0.757271613997297, 0.31797659606150924, -0.4049903813964174, 0.3867894292860544, -0.019740856384074024, -0.03450819668517526]], "inverted": false, "swapped": false, "error_lsq": 0.03619557506722053, "error_max": 0.325276865280145, "target": "83.xyz", "model": "10.xyz", "model_rescale": 4.509807504472865, "target_rescale": 4.449845733983245},
{"mapping": [11, 12, 6, 7, 2, 3, 0, 1, 5, 9, 10, 8, 13], "R": [[-0.5296835500470372, 0.8464503005099545, -0.05438037859536855], [-0.8461100499868887, -0.5317871822616198, -0.03605795464847598], [-0.05944005485152795, 0.026912479425993403, 0.9978690286457401]], "T": [-0.03848311745510151, 0.015443874552517427, -0.033862444930661144], "aligned_model": [[0.16747590337522944, 0.12432666772101005, -0.508863687831289, -0.5520129234855083, 0.36243368650737634, 0.3192844508531569, 0.04278601682571716, -0.04351245448272168, -0.5816115185993422, 0.5488045714849261, 0.5056553358307068, -0.18673429149705661, -0.00036321882850227916], [-0.5171001330854456, -0.5457110626619593, 0.31547922718415505, 0.28686829760764126, 0.5515844736433599, 0.5229735440668462, -0.03130582632951508, -0.0885276854825426, -0.4313514853616691, -0.13816060489657145, -0.16677153447308524, 0.6298284405518364, -0.05991675590602885], [-0.43946442626151283, 0.3523153844209593, -0.44623735339019743, 0.3455424572922747, -0.3902230351277714, 0.4015567755547007, -0.8262880073676473, 0.7572716139972968, 0.3179765960615094, -0.40499038139641763, 0.38678942928605453, -0.019740856384073777, -0.03450819668517496]], "inverted": false, "swapped": false, "error_lsq": 0.03619557506722053, "error_max": 0.3252768652801451, "target": "83.xyz", "model": "11.xyz", "model_rescale": 4.509807504472865, "target_rescale": 4.449845733983245},
{"mapping": [12, 11, 7, 6, 3, 2, 1, 0, 4, 10, 9, 8, 13], "R": [[0.5296834406903276, -0.8464503692946308, -0.054380373108680276], [0.8461101187919309, 0.5317870726693746, -0.03605795639857751], [0.0594400499357191, -0.026912481541474652, 0.9978690288815055]], "T": [-0.03848302647245384, 0.015443813575675112, -0.03386244011269935], "aligned_model": [[0.16747586322471203, 0.12432663443124504, -0.5088637963442716, -0.5520130251377385, 0.3624336845746591, 0.31928445578119213, 0.04278592078554232, -0.04351253680139159, -0.5816115256854726, 0.5488048355888742, 0.5056556067954072, -0.18673427133113057, -0.0003633080079246398], [-0.5171000207157684, -0.5457109500184717, 0.31547920368645904, 0.2868682743837558, 0.5515844314677465, 0.5229735021650432, -0.031305760357710356, -0.08852761896311687, -0.4313514708258506, -0.13816070089137805, -0.1667716301940813, 0.6298283247808084, -0.059916689660413615], [-0.439464401194687, 0.3523153636677558, -0.4462373317778494, 0.34554243308459337, -0.39022301277198723, 0.40155675209045555, -0.8262879622922972, 0.757271567432588, 0.3179765772814115, -0.40499034871827505, 0.38678941614416773, -0.01974085551602156, -0.034508197429854566]], "inverted": true, "swapped": false, "error_lsq": 0.03619557910124115, "error_max": 0.325276844857296, "target": "83.xyz", "model": "12.xyz", "model_rescale": 4.509807766519439, "target_rescale": 4.449845733983245},
{"mapping": [12, 11, 7, 6, 3, 2, 1, 0, 4, 10, 9, 8, 13], "R": [[0.5296834406903276, -0.8464503692946308, -0.05438037310868026], [0.8461101187919309, 0.5317870726693746, -0.0360579563985775], [0.05944004993571907, -0.026912481541474638, 0.9978690288815055]], "T": [-0.03848302647245384, 0.015443813575675112, -0.0338624401126994], "aligned_model": [[0.16747586322471197, 0.12432663443124504, -0.5088637963442716, -0.5520130251377385, 0.3624336845746591, 0.31928445578119213, 0.04278592078554232, -0.04351253680139159, -0.5816115256854726, 0.5488048355888742, 0.5056556067954072, -0.18673427133113057, -0.00036330800792464674], [-0.5171000207157684, -0.5457109500184717, 0.31547920368645904, 0.2868682743837558, 0.5515844314677465, 0.5229735021650432, -0.031305760357710356, -0.08852761896311687, -0.4313514708258506, -0.13816070089137805, -0.1667716301940813, 0.6298283247808084, -0.059916689660413615], [-0.4394644011946868, 0.3523153636677557, -0.44623733177784924, 0.34554243308459326, -0.39022301277198707, 0.40155675209045544, -0.8262879622922974, 0.757271567432588, 0.31797657728141143, -0.4049903487182749, 0.3867894161441676, -0.01974085551602152, -0.03450819742985452]], "inverted": true, "swapped": false, "error_lsq": 0.036195579101241146, "error_max": 0.3252768448572959, "target": "83.xyz", "model": "13.xyz", "model_rescale": 4.509807766519439, "target_rescale": 4.449845733983245},
{"mapping": [11, 12, 6, 7, 2, 3, 0, 1, 5, 9, 10, 8, 13], "R": [[-0.5296834406903281, 0.8464503692946308, -0.054380373108680324], [-0.8461101187919309, -0.5317870726693752, -0.03605795639857747], [-0.05944004993571911, 0.02691248154147468, 0.9978690288815057]], "T": [-0.03848302647245385, 0.01544381357567514, -0.03386244011269953], "aligned_model": [[0.1674758632247118, 0.12432663443124481, -0.5088637963442716, -0.5520130251377385, 0.3624336845746595, 0.3192844557811925, 0.042785920785542324, -0.04351253680139166, -0.5816115256854729, 0.5488048355888743, 0.5056556067954073, -0.18673427133113035, -0.00036330800792468143], [-0.5171000207157687, -0.5457109500184719, 0.3154792036864594, 0.2868682743837561, 0.5515844314677465, 0.5229735021650432, -0.03130576035771042, -0.08852761896311687, -0.43135147082585046, -0.13816070089137833, -0.16677163019408156, 0.6298283247808086, -0.059916689660413656], [-0.439464401194687, 0.35231536366775584, -0.4462373317778494, 0.3455424330845934, -0.39022301277198723, 0.4015567520904556, -0.8262879622922975, 0.7572715674325879, 0.31797657728141154, -0.40499034871827505, 0.3867894161441678, -0.019740855516021456, -0.03450819742985445]], "inverted": false, "swapped": false, "error_lsq": 0.03619557910124115, "error_max": 0.3252768448572961, "target": "83.xyz", "model": "14.xyz", "model_rescale": 4.509807766519439, "target_rescale": 4.449845733983245},
{"mapping": [7, 6, 3, 2, 10, 9, 5, 4, 11, 1, 0, 12], "R": [[0.864598562095274, -0.5024632587789728, -5.654117481496593e-17], [-0.5024632587789728, -0.864598562095274, 1.2074933385874405e-17], [-5.4952628822802524e-17, 1.7969892909896138e-17, -1.0000000000000002]], "T": [0.013582893675993288, 0.07479139849012273, 3.8454392973031425e-17], "aligned_model": [[0.08964338906938148, 0.08964338906938156, -0.5822832954362575, -0.5822832954362575, 0.5539974453421602, 0.5539974453421602, -0.02638324268117704, -0.026383242681176998, -0.4907369917384019, 0.3952669763551979, 0.3952669763551979, 0.08964338906938152], [0.04122540952584972, 0.04122540952584971, 0.09765729937682274, 0.09765729937682274, -0.09151385895986974, -0.09151385895986974, -0.5270275828137521, -0.5270275828137521, -0.3942882329464914, 0.6151410826272281, 0.6151410826272281, 0.041225409525849716], [-0.8041627089838065, 0.8041627089838065, -0.4020813544919031, 0.4020813544919034, -0.4020813544919032, 0.4020813544919033, -0.40208135449190313, 0.40208135449190335, -3.84936612582839e-17, -0.40208135449190313, 0.40208135449190335, -6.605025160722024e-17]], "inverted": false, "swapped": true, "error_lsq": 0.02584378678232728, "error_max": 0.11171856761547365, "target": "83.xyz", "model": "15.xyz", "model_rescale": 4.510870436145588, "target_rescale": 4.449845733983245},
{"mapping": [7, 6, 3, 2, 10, 9, 5, 4, 11, 1, 0, 12], "R": [[0.864598562095274, -0.5024632587789728, -6.119656788847347e-17], [-0.5024632587789728, -0.864598562095274, 1.3329446835666571e-17], [-5.960802189631006e-17, 1.9224406359688307e-17, -1.0000000000000002]], "T": [0.013582893675993288, 0.07479139849012273, -2.504341881820393e-17], "aligned_model": [[0.08964338906938146, 0.08964338906938157, -0.5822832954362575, -0.5822832954362575, 0.5539974453421602, 0.5539974453421602, -0.026383242681177047, -0.02638324268117699, -0.4907369917384019, 0.3952669763551979, 0.3952669763551979, 0.08964338906938152], [0.04122540952584973, 0.0412254095258497, 0.09765729937682274, 0.09765729937682274, -0.09151385895986974, -0.09151385895986974, -0.5270275828137521, -0.5270275828137521, -0.3942882329464914, 0.6151410826272281, 0.6151410826272281, 0.041225409525849716], [-0.8041627089838065, 0.8041627089838065, -0.40208135449190313, 0.40208135449190335, -0.40208135449190324, 0.40208135449190324, -0.4020813544919032, 0.4020813544919033, -1.0023213245478975e-16, -0.4020813544919032, 0.4020813544919033, -1.2994426388648878e-16]], "inverted": false, "swapped": true, "error_lsq": 0.02584378678232728, "error_max": 0.11171856761547365, "target": "83.xyz", "model": "16.xyz", "model_rescale": 4.510870436145588, "target_rescale": 4.449845733983245},
{"mapping": [6, 7, 2, 3, 9, 10, 4, 5, 11, 0, 1, 12], "R": [[-0.8645985620952739, 0.5024632587789731, 1.2471724275920502e-17], [0.5024632587789731, 0.8645985620952739, 8.610667008958789e-18], [-6.456491070227557e-18, 1.3711353536898824e-17, -1.0000000000000002]], "T": [0.013582893675993312, 0.07479139849012274, 1.230868440868349e-16], "aligned_model": [[0.08964338906938155, 0.08964338906938152, -0.5822832954362576, -0.5822832954362576, 0.5539974453421602, 0.5539974453421602, -0.026383242681177182, -0.026383242681177196, -0.490736991738402, 0.39526697635519814, 0.39526697635519814, 0.08964338906938153], [0.04122540952584971, 0.041225409525849695, 0.09765729937682295, 0.09765729937682295, -0.0915138589598699, -0.0915138589598699, -0.5270275828137521, -0.5270275828137521, -0.3942882329464912, 0.6151410826272279, 0.6151410826272279, 0.0412254095258497], [-0.8041627089838064, 0.8041627089838066, -0.4020813544919032, 0.4020813544919033, -0.4020813544919032, 0.4020813544919033, -0.4020813544919032, 0.4020813544919033, 2.1255680475502352e-16, -0.4020813544919032, 0.4020813544919033, 2.2354521179280003e-16]], "inverted": true, "swapped": true, "error_lsq": 0.02584378678232727, "error_max": 0.11171856761547348, "target": "83.xyz", "model": "17.xyz", "model_rescale": 4.510870436145588, "target_rescale": 4.449845733983245},
{"mapping": [5, 3, 8, 9, 2, 1, 6, 0, 7, 4, 11, 10, 12], "R": [[0.3574592094652941, 0.840361343868598, 0.40745027340745643], [0.4329584409037362, -0.535673809148536, 0.7249831436954266], [0.8275082489127543, -0.08274286630073752, -0.5553230735866153]], "T": [0.0907468018226043, 0.11864631909097045, -0.07233280484766536], "aligned_model": [[-0.2063943229633899, 0.3214376912375812, -0.33860852977208117, -0.5793861449101319, 0.25848276782460655, 0.36722610718245763, 0.12007639257317604, 0.04075539164589173, -0.6650792453086471, 0.6479084067741472, 0.5521534006756178, -0.252915429373566, -0.06798794771195946], [-0.7139742789125282, -0.6333655371541306, 0.34561310487542374, 0.06019621654735613, 0.5743734390985876, 0.5699384548450097, -0.13307942837083864, -0.010956395696679722, -0.23528174566626575, -0.05247068661244117, -0.07767390374241501, 0.6410910670890456, -0.006521411443102004], [-0.29520568320968943, 0.197309918100132, -0.45176432830979946, 0.4418156277911228, -0.43644721613188736, 0.3589792453927691, -0.74015990957853, 0.8039334717616097, -0.006810101940958879, -0.2476443082687086, 0.37062487273470435, -0.003138598577717769, 0.0085070102369533]], "inverted": false, "swapped": false, "error_lsq": 0.05034015433745245, "error_max": 0.3342518270048085, "target": "83.xyz", "model": "18.xyz", "model_rescale": 4.466005644533647, "target_rescale": 4.449845733983245},
{"mapping": [8, 9, 4, 5, 0, 1, 2, 3, 7, 10, 11, 12, 13], "R": [[0.5296834184923314, -0.8464503832122221, -0.05438037269236191], [0.8461101327553389, 0.5317870504546904, -0.03605795636809037], [0.059440048982317605, -0.02691248276512171, 0.997869028905295]], "T": [-0.038483084603445655, 0.015443848283073273, -0.03386244237553627], "aligned_model": [[0.16747582176907022, 0.12432659278030805, -0.5088638678473449, -0.5520130968361071, 0.3624336174703041, 0.31928438848154195, 0.04278605297987187, -0.04351240499765245, -0.5816115789137732, 0.5488047888327086, 0.5056555598439465, -0.18673415968028056, -0.000363176008890298], [-0.5170999876913975, -0.5457109173184402, 0.315479229124344, 0.2868682994973012, 0.5515844826898687, 0.522973553062826, -0.03130584316416739, -0.08852770241825299, -0.43135145527707763, -0.13816065321048834, -0.16677158283753116, 0.6298282451912478, -0.05991677279121019], [-0.43946440751281646, 0.3523153670137379, -0.44623733975069796, 0.3455424347758564, -0.3902230199454694, 0.401556754581085, -0.8262879681294886, 0.7572715809236201, 0.3179765796685551, -0.4049903549671444, 0.38678941955940993, -0.019740852613713576, -0.03450819360293414]], "inverted": false, "swapped": false, "error_lsq": 0.036195575362193096, "error_max": 0.3252768493062264, "target": "83.xyz", "model": "19.xyz", "model_rescale": 4.509807711582247, "target_rescale": 4.449845733983245},
{"mapping": [8, 9, 4, 5, 0, 1, 2, 3, 7, 10, 11, 12, 13], "R": [[0.5296834184923317, -0.8464503832122219, -0.05438037269236198], [0.8461101327553386, 0.5317870504546908, -0.036057956368090324], [0.059440048982317625, -0.026912482765121773, 0.9978690289052952]], "T": [-0.03848308460344563, 0.015443848283073307, -0.03386244237553629], "aligned_model": [[0.16747582176906997, 0.12432659278030775, -0.5088638678473447, -0.5520130968361069, 0.3624336174703043, 0.319284388481542, 0.0427860529798719, -0.04351240499765253, -0.5816115789137735, 0.5488047888327084, 0.5056555598439462, -0.18673415968028026, -0.00036317600889030494], [-0.5170999876913975, -0.5457109173184402, 0.31547922912434423, 0.2868682994973014, 0.5515844826898685, 0.5229735530628258, -0.03130584316416739, -0.0885277024182529, -0.43135145527707736, -0.13816065321048857, -0.16677158283753132, 0.6298282451912479, -0.059916772791210146], [-0.43946440751281657, 0.352315367013738, -0.446237339750698, 0.34554243477585656, -0.3902230199454695, 0.4015567545810851, -0.8262879681294886, 0.7572715809236201, 0.3179765796685552, -0.4049903549671444, 0.38678941955941015, -0.019740852613713816, -0.034508193602934355]], "inverted": false, "swapped": false, "error_lsq": 0.03619557536219311, "error_max": 0.32527684930622647, "target": "83.xyz", "model": "20.xyz", "model_rescale": 4.509807711582248, "target_rescale": 4.449845733983245},
{"mapping": [6, 4, 7, 10, 2, 0, 5, 1, 8, 3, 11, 9, 12], "R": [[-0.3574592094652941, -0.8403613438685982, 0.40745027340745665], [-0.4329584409037357, 0.5356738091485362, 0.7249831436954272], [-0.8275082489127549, 0.0827428663007378, -0.5553230735866148]], "T": [0.09074680182260439, 0.11864631909097062, -0.07233280484766536], "aligned_model": [[-0.20639432296338991, 0.32143769123758137, -0.33860852977208133, -0.5793861449101322, 0.2584827678246067, 0.36722610718245774, 0.12007639257317612, 0.04075539164589173, -0.6650792453086474, 0.6479084067741474, 0.552153400675618, -0.25291542937356615, -0.06798794771195948], [-0.7139742789125281, -0.6333655371541309, 0.3456131048754242, 0.060196216547356074, 0.5743734390985882, 0.5699384548450097, -0.13307942837083836, -0.01095639569668011, -0.23528174566626564, -0.052470686612441114, -0.07767390374241537, 0.641091067089046, -0.006521411443101949], [-0.29520568320969015, 0.19730991810013154, -0.4517643283097994, 0.4418156277911228, -0.4364472161318871, 0.3589792453927698, -0.7401599095785303, 0.8039334717616099, -0.006810101940959268, -0.2476443082687086, 0.37062487273470457, -0.003138598577717311, 0.008507010236953244]], "inverted": true, "swapped": false, "error_lsq": 0.05034015433745246, "error_max": 0.3342518270048088, "target": "83.xyz", "model": "21.xyz", "model_rescale": 4.466005644533646, "target_rescale": 4.449845733983245},
{"mapping": [5, 3, 8, 9, 2, 1, 6, 0, 7, 4, 11, 10, 12], "R": [[0.3574591462136215, 0.8403613850970089, 0.40745024386551265], [0.43295847906379636, -0.5356737508591559, 0.7249831639750315], [0.8275082562699863, -0.0827428249355795, -0.5553230687867082]], "T": [0.09074680589102559, 0.11864631946357895, -0.07233280461719752], "aligned_model": [[-0.20639434757751074, 0.32143764577626954, -0.3386086244013896, -0.5793860682353345, 0.2584828493480695, 0.36722597042874, 0.12007634691478297, 0.04075527593644633, -0.6650793188936833, 0.6479083402685633, 0.5521536871960139, -0.2529153737430408, -0.06798784514422428], [-0.7139742497822175, -0.6333654623279996, 0.34561313073166156, 0.060196116938901034, 0.5743733894141378, 0.5699385451017066, -0.13307937831842226, -0.010956326362088542, -0.2352817407321336, -0.052470590864204525, -0.07767404529535787, 0.6410909884026962, -0.006521482049657357], [-0.2952056743004069, 0.1973099504913601, -0.4517643422784201, 0.4418155974316703, -0.4364472285547907, 0.35897926224340426, -0.7401599004027457, 0.8039334883457431, -0.006810116176081266, -0.24764427561097874, 0.37062486993436605, -0.0031386286706686223, 0.0085069975475483]], "inverted": false, "swapped": false, "error_lsq": 0.050340150260374986, "error_max": 0.33425177713020543, "target": "83.xyz", "model": "22.xyz", "model_rescale": 4.46600560860683, "target_rescale": 4.449845733983245},
{"mapping": [8, 9, 4, 5, 0, 1, 2, 3, 7, 10, 11, 12, 13], "R": [[0.529683477361521, -0.8464503462251431, -0.05438037500369627], [0.8461100957189092, 0.5317871094220118, -0.036057955781211695], [0.0594400515876782, -0.026912480894867457, 0.9978690288005424]], "T": [-0.038483078514408964, 0.015443847510237287, -0.033862442446120494], "aligned_model": [[0.16747588627779797, 0.12432665509905544, -0.5088637510039022, -0.5520129821826449, 0.36243375793752436, 0.3192845267587818, 0.042785962485500845, -0.04351249987198422, -0.5816115144710523, 0.548804695163335, 0.5056554639845925, -0.18673439361006008, -0.00036326869324169314], [-0.5171000648449081, -0.5457109942423356, 0.3154792059095698, 0.2868682765121424, 0.5515844006341357, 0.5229734712367082, -0.031305788479072165, -0.08852764727392695, -0.4313514820407061, -0.13816063595620737, -0.16677156535363474, 0.6298284366317566, -0.059916717876499555], [-0.4394644096923308, 0.3523153712837155, -0.44623733918604214, 0.34554244179000404, -0.3902230183344363, 0.40155676264161, -0.8262879778875517, 0.7572715840645406, 0.3179765841608142, -0.40499036169137737, 0.3867894192846689, -0.01974085952210957, -0.03450819691150546]], "inverted": false, "swapped": false, "error_lsq": 0.036195578834253506, "error_max": 0.32527685263059664, "target": "83.xyz", "model": "23.xyz", "model_rescale": 4.509807674373902, "target_rescale": 4.449845733983245},
{"mapping": [9, 8, 5, 4, 1, 0, 3, 2, 6, 11, 10, 12, 13], "R": [[-0.5296834773615217, 0.8464503462251427, -0.05438037500369663], [-0.8461100957189087, -0.5317871094220125, -0.03605795578121184], [-0.059440051587678545, 0.026912480894867634, 0.9978690288005424]], "T": [-0.038483078514408936, 0.015443847510237332, -0.03386244244612054], "aligned_model": [[0.16747588627779764, 0.12432665509905483, -0.5088637510039019, -0.5520129821826447, 0.36243375793752486, 0.31928452675878205, 0.04278596248550108, -0.043512499871984536, -0.5816115144710526, 0.548804695163335, 0.505655463984592, -0.18673439361005956, -0.0003632686932417348], [-0.5171000648449081, -0.5457109942423356, 0.3154792059095702, 0.2868682765121427, 0.5515844006341353, 0.5229734712367078, -0.03130578847907202, -0.08852764727392702, -0.4313514820407056, -0.13816063595620767, -0.16677156535363516, 0.6298284366317566, -0.05991671787649952], [-0.4394644096923309, 0.3523153712837155, -0.44623733918604236, 0.34554244179000404, -0.3902230183344361, 0.4015567626416103, -0.8262879778875517, 0.7572715840645404, 0.317976584160814, -0.40499036169137725, 0.38678941928466914, -0.01974085952210955, -0.034508196911505515]], "inverted": true, "swapped": false, "error_lsq": 0.03619557883425351, "error_max": 0.32527685263059636, "target": "83.xyz", "model": "24.xyz", "model_rescale": 4.509807674373903, "target_rescale": 4.449845733983245},
{"mapping": [4, 6, 10, 7, 0, 2, 1, 5, 8, 11, 3, 9, 12], "R": [[0.3574591462136215, 0.8403613850970089, -0.40745024386551265], [0.43295847906379636, -0.5356737508591559, -0.7249831639750315], [-0.8275082562699863, 0.0827428249355795, -0.5553230687867082]], "T": [0.09074680589102563, 0.11864631946357898, 0.07233280461719754], "aligned_model": [[0.32143764577626965, -0.20639434757751068, -0.5793860682353345, -0.3386086244013897, 0.36722597042874, 0.2584828493480695, 0.04075527593644637, 0.12007634691478294, -0.6650793188936834, 0.5521536871960138, 0.6479083402685633, -0.25291537374304085, -0.06798784514422429], [-0.6333654623279998, -0.7139742497822175, 0.06019611693890117, 0.3456131307316615, 0.5699385451017066, 0.574373389414138, -0.010956326362088459, -0.1330793783184224, -0.23528174073213357, -0.0776740452953579, -0.05247059086420472, 0.6410909884026962, -0.006521482049657384], [-0.19730995049136008, 0.295205674300407, -0.44181559743167026, 0.45176434227842005, -0.35897926224340443, 0.4364472285547907, -0.8039334883457432, 0.7401599004027457, 0.006810116176081293, -0.3706248699343661, 0.24764427561097868, 0.003138628670668539, -0.0085069975475483]], "inverted": false, "swapped": false, "error_lsq": 0.050340150260374986, "error_max": 0.3342517771302056, "target": "83.xyz", "model": "25.xyz", "model_rescale": 4.466005608606829, "target_rescale": 4.449845733983245},
{"mapping": [3, 5, 9, 8, 1, 2, 0, 6, 7, 11, 4, 10, 12], "R": [[-0.3574592355996292, -0.8403613268706589, -0.407450285537652], [-0.4329583973879227, 0.5356738303924117, -0.7249831539863554], [0.8275082603912848, -0.08274290140493756, -0.5553230512515057]], "T": [0.09074681549113474, 0.11864633436882019, 0.07233276357683993], "aligned_model": [[0.3214377173513614, -0.20639436439206177, -0.5793861355433867, -0.338608537065868, 0.36722616910027395, 0.25848274158264967, 0.04075545799523313, 0.12007634671297907, -0.6650792481709088, 0.5521533558077656, 0.6479084284564022, -0.2529154244383459, -0.06798796952239121], [-0.6333654583239257, -0.7139742584290275, 0.060196184914922596, 0.34561308955080916, 0.5699384737188987, 0.5743733958023838, -0.010956359889529116, -0.13307942482059978, -0.23528174405761862, -0.07767395961110049, -0.05247062471549785, 0.6410910185233504, -0.006521437806044084], [-0.1973100065135912, 0.2952057533583557, -0.4418155627158169, 0.4517643471695638, -0.3589793741445636, 0.4364472362433691, -0.8039335633307844, 0.7401599425445765, 0.0068101579833430015, -0.3706247867946343, 0.2476441826726296, 0.0031386264704039712, -0.008506952942851823]], "inverted": true, "swapped": false, "error_lsq": 0.050340156617886204, "error_max": 0.3342517994209508, "target": "83.xyz", "model": "26.xyz", "model_rescale": 4.466005838112752, "target_rescale": 4.449845733983245},
{"mapping": [8, 9, 4, 5, 0, 1, 2, 3, 7, 10, 11, 12, 13], "R": [[0.529683352755669, -0.8464504243215033, -0.054380373108880095], [0.8461101741820306, 0.5317869847045675, -0.03605795396966132], [0.05944004508046574, -0.02691248901107856, 0.9978690289692638]], "T": [-0.03848305898970847, 0.015443880373074648, -0.033862438586125185], "aligned_model": [[0.1674758229281584, 0.12432659534529203, -0.5088637864953685, -0.5520130140782349, 0.36243364528943733, 0.319284417706571, 0.04278602276802339, -0.043512432397709355, -0.5816115566893668, 0.5488047451804212, 0.5056555175975548, -0.18673423446623355, -0.0003632048148429906], [-0.5171000147110255, -0.545710941283638, 0.3154793037772709, 0.28686837720465846, 0.5515846157093105, 0.5229736891366981, -0.031305901955004545, -0.08852775510022942, -0.4313515387585605, -0.13816066571047347, -0.1667715922830859, 0.6298281473587183, -0.05991682852761698], [-0.4394643898007283, 0.3523153529141588, -0.44623731627746616, 0.3455424264374209, -0.39022299748791445, 0.4015567452269726, -0.8262879384706104, 0.7572715469591637, 0.3179765639223959, -0.4049903399262932, 0.38678940278859386, -0.01974086052997018, -0.03450819575572329]], "inverted": false, "swapped": false, "error_lsq": 0.03619557860124211, "error_max": 0.32527684751825603, "target": "83.xyz", "model": "27.xyz", "model_rescale": 4.509807893063789, "target_rescale": 4.449845733983245},
