[{"mapping": [7, 6, 3, 2, 5, 4, 10, 9, 11, 1, 0, 12], "R": [[-0.8645985665877838, 0.5024632510486212, -1.1746074738463448e-17], [0.5024632510486212, 0.8645985665877838, 2.4649681853119753e-17], [2.2541198663141227e-17, 1.5410108696903818e-17, -1.0]], "T": [-0.013583037576928556, -0.07479128799072632, 3.564037942722416e-17], "aligned_model": [[-0.08964353327042934, -0.08964353327042932, 0.5822831517397655, 0.5822831517397655, 0.026383093399395114, 0.026383093399395128, -0.553997590730026, -0.553997590730026, 0.4907368436434387, -0.39526711542488174, -0.39526711542488174, -0.08964353327042933], [-0.041225299706508046, -0.04122529970650809, -0.09765718354980345, -0.09765718354980348, 0.5270276936704845, 0.5270276936704845, 0.09151396462743472, 0.09151396462743472, 0.3942883479549977, -0.6151409755404583, -0.6151409755404583, -0.04122529970650807], [-0.8041627089838063, 0.8041627089838063, -0.40208135449190324, 0.40208135449190335, -0.40208135449190324, 0.40208135449190335, -0.40208135449190324, 0.40208135449190335, 1.4107805193308262e-16, -0.40208135449190324, 0.40208135449190335, 1.371599703595027e-16]], "inverted": false, "swapped": true, "error_lsq": 0.025843782296739958, "error_max": 0.11171841530379381, "target": "84.xyz", "model": "0.xyz", "model_rescale": 4.5108708085295355, "target_rescale": 4.449845733983245},
{"mapping": [7, 6, 3, 2, 5, 4, 10, 9, 11, 1, 0, 12], "R": [[-0.8645985665877838, 0.5024632510486211, -2.3862118190029766e-17], [0.5024632510486211, 0.8645985665877838, -4.061386149813249e-17], [2.2418029685794174e-19, -4.710452391754893e-17, -1.0]], "T": [-0.013583037576928528, -0.0747912879907263, -2.30464348105234e-17], "aligned_model": [[-0.08964353327042932, -0.08964353327042929, 0.5822831517397655, 0.5822831517397655, 0.026383093399395086, 0.0263830933993951, -0.553997590730026, -0.553997590730026, 0.49073684364343867, -0.39526711542488163, -0.39526711542488163, -0.0896435332704293], [-0.0412252997065081, -0.04122529970650803, -0.0976571835498034, -0.09765718354980338, 0.5270276936704845, 0.5270276936704845, 0.09151396462743465, 0.0915139646274347, 0.3942883479549977, -0.6151409755404583, -0.6151409755404583, -0.04122529970650807], [-0.8041627089838063, 0.8041627089838063, -0.4020813544919033, 0.4020813544919033, -0.4020813544919033, 0.4020813544919033, -0.4020813544919033, 0.4020813544919033, 4.5667076945246936e-17, -0.40208135449190324, 0.40208135449190335, 7.720407306101055e-17]], "inverted": false, "swapped": true, "error_lsq": 0.025843782296739948, "error_max": 0.11171841530379391, "target": "84.xyz", "model": "1.xyz", "model_rescale": 4.510870808529536, "target_rescale": 4.449845733983245},
{"mapping": [7, 6, 3, 2, 5, 4, 10, 9, 11, 1, 0, 12], "R": [[-0.8645985665877833, 0.5024632510486217, -9.839987911350434e-18], [0.5024632510486217, 0.8645985665877833, -1.4688927727629745e-16], [-6.529882436103614e-17, -1.3194449089641853e-16, -1.0]], "T": [-0.013583037576928608, -0.07479128799072632, 9.743249566463355e-17], "aligned_model": [[-0.08964353327042937, -0.08964353327042934, 0.5822831517397655, 0.5822831517397655, 0.026383093399395395, 0.02638309339939541, -0.5539975907300259, -0.5539975907300259, 0.49073684364343895, -0.395267115424882, -0.395267115424882, -0.08964353327042936], [-0.041225299706508144, -0.04122529970650791, -0.09765718354980385, -0.09765718354980374, 0.5270276936704843, 0.5270276936704845, 0.091513964627435, 0.09151396462743511, 0.39428834795499734, -0.6151409755404581, -0.6151409755404579, -0.041225299706508026], [-0.8041627089838062, 0.8041627089838064, -0.4020813544919032, 0.4020813544919034, -0.4020813544919033, 0.4020813544919033, -0.4020813544919032, 0.4020813544919034, 1.2336601315380195e-16, -0.40208135449190313, 0.40208135449190346, 1.93049233995582e-16]], "inverted": false, "swapped": true, "error_lsq": 0.025843782296739944, "error_max": 0.11171841530379366, "target": "84.xyz", "model": "2.xyz", "model_rescale": 4.5108708085295355, "target_rescale": 4.449845733983245},
{"mapping": [10, 9, 5, 4, 3, 2, 1, 0, 7, 12, 11, 8, 13], "R": [[-0.5296835006272652, 0.8464503315849355, 0.05438037626753431], [-0.8461100810549743, -0.5317871327535685, 0.03605795577793608], [0.0594400529978812, -0.026912480329603146, 0.9978690287317861]], "T": [-0.03848309416582431, 0.015443919694843655, 0.03386244029526268], "aligned_model": [[0.12432680911329673, 0.16747604063778837, -0.5520129826487683, -0.5088637511242767, 0.31928451950620695, 0.3624337510306985, -0.043512635974567726, 0.04278582707441547, -0.5816115342417905, 0.505655434918694, 0.5488046664431857, -0.1867342024111039, -0.00036340445007612687], [-0.54571103648824, -0.5171001075290942, 0.2868683581263594, 0.31547928708550527, 0.5229735251967489, 0.5515844541558947, -0.08852776216697028, -0.03130590424867863, -0.4313513886338663, -0.16677150599643747, -0.13816057703729165, 0.6298283856009168, -0.059916833207824455], [-0.35231537272615193, 0.43946439613824784, -0.34554243842967175, 0.4462373304347281, -0.4015567590187723, 0.39022300984562747, -0.7572715608310288, 0.8262879768977704, -0.3179765801375443, -0.38678941490539964, 0.4049903539590001, 0.01974085073982374, 0.03450820803337086]], "inverted": true, "swapped": false, "error_lsq": 0.036195589690007975, "error_max": 0.3252768329926776, "target": "84.xyz", "model": "3.xyz", "model_rescale": 4.509807743048502, "target_rescale": 4.449845733983245},
{"mapping": [10, 9, 5, 4, 3, 2, 1, 0, 7, 12, 11, 8, 13], "R": [[-0.5296835006272651, 0.8464503315849357, 0.05438037626753413], [-0.8461100810549744, -0.5317871327535684, 0.036057955777935996], [0.059440052997881035, -0.02691248032960305, 0.9978690287317862]], "T": [-0.038483094165824315, 0.015443919694843634, 0.03386244029526259], "aligned_model": [[0.12432680911329683, 0.1674760406377883, -0.5520129826487682, -0.5088637511242768, 0.31928451950620695, 0.3624337510306984, -0.04351263597456759, 0.04278582707441534, -0.5816115342417904, 0.5056554349186941, 0.5488046664431856, -0.186734202411104, -0.000363404450076113], [-0.54571103648824, -0.5171001075290942, 0.2868683581263594, 0.31547928708550516, 0.522973525196749, 0.5515844541558949, -0.08852776216697025, -0.03130590424867872, -0.4313513886338664, -0.1667715059964374, -0.13816057703729165, 0.6298283856009166, -0.059916833207824476], [-0.3523153727261519, 0.4394643961382477, -0.34554243842967175, 0.44623733043472785, -0.40155675901877214, 0.39022300984562747, -0.7572715608310291, 0.8262879768977707, -0.3179765801375444, -0.38678941490539953, 0.40499035395900007, 0.01974085073982378, 0.03450820803337087]], "inverted": true, "swapped": false, "error_lsq": 0.03619558969000796, "error_max": 0.32527683299267773, "target": "84.xyz", "model": "4.xyz", "model_rescale": 4.509807743048502, "target_rescale": 4.449845733983245},
{"mapping": [9, 10, 4, 5, 2, 3, 0, 1, 6, 11, 12, 8, 13], "R": [[0.5296835006272652, -0.8464503315849355, 0.054380376267534114], [0.8461100810549743, 0.5317871327535685, 0.036057955777935975], [-0.05944005299788101, 0.026912480329603035, 0.9978690287317861]], "T": [-0.03848309416582432, 0.015443919694843648, 0.03386244029526249], "aligned_model": [[0.1243268091132968, 0.16747604063778826, -0.5520129826487682, -0.5088637511242767, 0.31928451950620695, 0.3624337510306984, -0.04351263597456759, 0.042785827074415306, -0.5816115342417904, 0.5056554349186941, 0.5488046664431856, -0.18673420241110386, -0.00036340445007612687], [-0.54571103648824, -0.5171001075290943, 0.28686835812635947, 0.3154792870855052, 0.522973525196749, 0.5515844541558947, -0.0885277621669702, -0.03130590424867872, -0.43135138863386624, -0.16677150599643742, -0.13816057703729168, 0.6298283856009167, -0.05991683320782445], [-0.35231537272615193, 0.4394643961382478, -0.3455424384296718, 0.4462373304347279, -0.40155675901877214, 0.3902230098456276, -0.7572715608310289, 0.8262879768977703, -0.31797658013754443, -0.3867894149053996, 0.4049903539590001, 0.019740850739823873, 0.03450820803337096]], "inverted": false, "swapped": false, "error_lsq": 0.03619558969000796, "error_max": 0.32527683299267773, "target": "84.xyz", "model": "5.xyz", "model_rescale": 4.509807743048502, "target_rescale": 4.449845733983245},
{"mapping": [10, 9, 5, 4, 3, 2, 1, 0, 7, 12, 11, 8, 13], "R": [[-0.5296834177365392, 0.8464503835765167, 0.05438037438365783], [-0.8461101331979624, -0.531787049785832, 0.03605795584621607], [0.05944004941674912, -0.02691248452389483, 0.9978690288319834]], "T": [-0.03848308779904881, 0.015443909388195346, 0.03386244127887005], "aligned_model": [[0.12432659387154639, 0.1674758253999178, -0.5520131151480836, -0.5088638836197121, 0.3192843940737739, 0.36243362560214526, -0.043512527066976295, 0.0427859359897665, -0.5816114097541236, 0.5056555711670282, 0.5488048026953997, -0.18673397979837492, -0.0003632955386048964], [-0.5457108714443376, -0.5170999414372847, 0.2868683679536936, 0.31547929796074653, 0.5229736287768582, 0.5515845587839111, -0.08852783137129071, -0.031305971357184784, -0.431351524711355, -0.1667715261319383, -0.13816059612488532, 0.6298282053243269, -0.059916901364237746], [-0.3523153794264308, 0.43946441701796024, -0.34554244536489154, 0.4462373510794996, -0.40155676809247415, 0.3902230283519169, -0.7572715908482834, 0.8262880020404983, -0.31797659581489396, -0.3867894333717672, 0.40499036307262387, 0.019740845760134237, 0.0345082055961075]], "inverted": true, "swapped": false, "error_lsq": 0.03619558678376483, "error_max": 0.32527686213504775, "target": "84.xyz", "model": "6.xyz", "model_rescale": 4.509807586411629, "target_rescale": 4.449845733983245},
{"mapping": [10, 9, 5, 4, 3, 2, 1, 0, 7, 12, 11, 8, 13], "R": [[-0.5296834177365393, 0.8464503835765166, 0.05438037438365759], [-0.8461101331979622, -0.5317870497858319, 0.036057955846215996], [0.059440049416748936, -0.026912484523894657, 0.9978690288319834]], "T": [-0.03848308779904882, 0.015443909388195343, 0.03386244127886996], "aligned_model": [[0.12432659387154646, 0.16747582539991765, -0.5520131151480834, -0.5088638836197121, 0.31928439407377407, 0.3624336256021453, -0.043512527066976135, 0.0427859359897663, -0.5816114097541235, 0.5056555711670283, 0.5488048026953996, -0.18673397979837486, -0.00036329553860491026], [-0.5457108714443375, -0.5170999414372845, 0.2868683679536936, 0.31547929796074653, 0.522973628776858, 0.551584558783911, -0.08852783137129064, -0.031305971357184825, -0.43135152471135496, -0.1667715261319382, -0.13816059612488532, 0.6298282053243267, -0.05991690136423773], [-0.3523153794264307, 0.4394644170179601, -0.3455424453648915, 0.4462373510794993, -0.40155676809247387, 0.3902230283519169, -0.7572715908482838, 0.8262880020404983, -0.317976595814894, -0.3867894333717669, 0.40499036307262387, 0.019740845760134247, 0.034508205596107504]], "inverted": true, "swapped": false, "error_lsq": 0.03619558678376483, "error_max": 0.32527686213504775, "target": "84.xyz", "model": "7.xyz", "model_rescale": 4.509807586411629, "target_rescale": 4.449845733983245},
{"mapping": [9, 10, 4, 5, 2, 3, 0, 1, 6, 11, 12, 8, 13], "R": [[0.5296834177365397, -0.8464503835765163, 0.05438037438365822], [0.8461101331979619, 0.5317870497858326, 0.036057955846216176], [-0.05944004941674943, 0.02691248452389506, 0.9978690288319834]], "T": [-0.03848308779904881, 0.015443909388195384, 0.0338624412788699], "aligned_model": [[0.12432659387154589, 0.16747582539991762, -0.5520131151480835, -0.5088638836197118, 0.31928439407377407, 0.36243362560214576, -0.04351252706697665, 0.04278593598976675, -0.581611409754124, 0.505655571167028, 0.5488048026953997, -0.18673397979837453, -0.0003632955386049311], [-0.5457108714443377, -0.5170999414372847, 0.28686836795369397, 0.31547929796074703, 0.5229736287768579, 0.5515845587839109, -0.08852783137129078, -0.031305971357184686, -0.4313515247113546, -0.16677152613193869, -0.13816059612488563, 0.629828205324327, -0.05991690136423772], [-0.35231537942643076, 0.43946441701796024, -0.3455424453648913, 0.4462373510794997, -0.40155676809247426, 0.39022302835191675, -0.7572715908482835, 0.8262880020404982, -0.3179765958148936, -0.3867894333717673, 0.4049903630726237, 0.019740845760134344, 0.034508205596107636]], "inverted": false, "swapped": false, "error_lsq": 0.03619558678376483, "error_max": 0.3252768621350474, "target": "84.xyz", "model": "8.xyz", "model_rescale": 4.509807586411629, "target_rescale": 4.449845733983245},
{"mapping": [11, 12, 6, 7, 2, 3, 0, 1, 4, 9, 10, 8, 13], "R": [[-0.5296835500470374, 0.8464503005099543, 0.054380378595368546], [-0.8461100499868884, -0.53178718226162, 0.036057954648475984], [0.05944005485152796, -0.02691247942599337, 0.99786902864574]], "T": [-0.03848311745510152, 0.015443874552517434, 0.033862444930660984], "aligned_model": [[0.12432666772100989, 0.1674759033752293, -0.5520129234855082, -0.5088636878312889, 0.3192844508531571, 0.3624336865073765, -0.04351245448272171, 0.042786016825717116, -0.5816115185993425, 0.5056553358307068, 0.5488045714849261, -0.1867342914970564, -0.0003632188285023], [-0.5457110626619593, -0.5171001330854456, 0.2868682976076414, 0.31547922718415516, 0.522973544066846, 0.5515844736433598, -0.08852768548254261, -0.03130582632951506, -0.43135148536166895, -0.16677153447308535, -0.13816060489657156, 0.6298284405518364, -0.05991675590602884], [-0.3523153844209592, 0.43946442626151283, -0.3455424572922747, 0.4462373533901974, -0.40155677555470076, 0.3902230351277713, -0.7572716139972968, 0.8262880073676471, -0.3179765960615094, -0.3867894292860545, 0.4049903813964176, 0.019740856384073892, 0.0345081966851751]], "inverted": false, "swapped": false, "error_lsq": 0.036195575067220535, "error_max": 0.3252768652801451, "target": "84.xyz", "model": "9.xyz", "model_rescale": 4.509807504472865, "target_rescale": 4.449845733983245},
{"mapping": [11, 12, 6, 7, 2, 3, 0, 1, 4, 9, 10, 8, 13], "R": [[-0.5296835500470374, 0.8464503005099543, 0.054380378595368546], [-0.8461100499868884, -0.53178718226162, 0.03605795464847599], [0.05944005485152796, -0.02691247942599337, 0.99786902864574]], "T": [-0.038483117455101516, 0.015443874552517441, 0.03386244493066102], "aligned_model": [[0.12432666772100989, 0.1674759033752293, -0.5520129234855082, -0.5088636878312889, 0.3192844508531571, 0.36243368650737645, -0.04351245448272171, 0.04278601682571712, -0.5816115185993423, 0.5056553358307068, 0.5488045714849261, -0.1867342914970564, -0.0003632188285023], [-0.5457110626619593, -0.5171001330854456, 0.2868682976076414, 0.31547922718415516, 0.522973544066846, 0.5515844736433598, -0.08852768548254261, -0.031305826329515035, -0.43135148536166895, -0.16677153447308535, -0.13816060489657156, 0.6298284405518364, -0.059916755906028824], [-0.3523153844209591, 0.4394644262615127, -0.34554245729227456, 0.44623735339019727, -0.4015567755547006, 0.39022303512777123, -0.7572716139972969, 0.8262880073676473, -0.3179765960615093, -0.38678942928605436, 0.40499038139641746, 0.01974085638407383, 0.03450819668517504]], "inverted": false, "swapped": false, "error_lsq": 0.03619557506722053, "error_max": 0.325276865280145, "target": "84.xyz", "model": "10.xyz", "model_rescale": 4.509807504472865, "target_rescale": 4.449845733983245},
{"mapping": [11, 12, 6, 7, 2, 3, 0, 1, 4, 9, 10, 8, 13], "R": [[-0.5296835500470374, 0.8464503005099543, 0.05438037859536852], [-0.8461100499868884, -0.53178718226162, 0.03605795464847605], [0.059440054851527986, -0.026912479425993313, 0.99786902864574]], "T": [-0.03848311745510152, 0.015443874552517434, 0.03386244493066092], "aligned_model": [[0.12432666772100992, 0.1674759033752293, -0.5520129234855082, -0.5088636878312889, 0.3192844508531571, 0.36243368650737645, -0.04351245448272169, 0.04278601682571709, -0.5816115185993425, 0.5056553358307068, 0.5488045714849261, -0.18673429149705636, -0.0003632188285022861], [-0.5457110626619593, -0.5171001330854456, 0.2868682976076414, 0.31547922718415516, 0.522973544066846, 0.5515844736433598, -0.08852768548254265, -0.03130582632951501, -0.43135148536166895, -0.16677153447308538, -0.13816060489657153, 0.6298284405518364, -0.059916755906028824], [-0.3523153844209592, 0.4394644262615128, -0.34554245729227473, 0.44623735339019727, -0.40155677555470076, 0.39022303512777123, -0.7572716139972969, 0.826288007367647, -0.3179765960615094, -0.3867894292860545, 0.4049903813964175, 0.019740856384074093, 0.03450819668517534]], "inverted": false, "swapped": false, "error_lsq": 0.036195575067220535, "error_max": 0.3252768652801451, "target": "84.xyz", "model": "11.xyz", "model_rescale": 4.509807504472865, "target_rescale": 4.449845733983245},
{"mapping": [11, 12, 6, 7, 2, 3, 0, 1, 4, 9, 10, 8, 13], "R": [[-0.5296834406903278, 0.8464503692946308, 0.05438037310868034], [-0.8461101187919309, -0.5317870726693749, 0.036057956398577465], [0.05944004993571911, -0.026912481541474707, 0.9978690288815056]], "T": [-0.03848302647245384, 0.01544381357567512, 0.03386244011269934], "aligned_model": [[0.12432663443124493, 0.16747586322471192, -0.5520130251377385, -0.5088637963442716, 0.3192844557811923, 0.36243368457465935, -0.04351253680139165, 0.04278592078554236, -0.5816115256854727, 0.5056556067954072, 0.5488048355888742, -0.18673427133113046, -0.00036330800792464674], [-0.5457109500184718, -0.5171000207157685, 0.28686827438375595, 0.3154792036864592, 0.5229735021650432, 0.5515844314677465, -0.08852761896311685, -0.03130576035771042, -0.43135147082585057, -0.1667716301940814, -0.1381607008913782, 0.6298283247808085, -0.059916689660413636], [-0.3523153636677558, 0.439464401194687, -0.3455424330845933, 0.44623733177784947, -0.40155675209045555, 0.39022301277198723, -0.757271567432588, 0.8262879622922972, -0.3179765772814115, -0.3867894161441678, 0.404990348718275, 0.01974085551602157, 0.034508197429854545]], "inverted": false, "swapped": false, "error_lsq": 0.03619557910124116, "error_max": 0.325276844857296, "target": "84.xyz", "model": "12.xyz", "model_rescale": 4.509807766519439, "target_rescale": 4.449845733983245},
{"mapping": [11, 12, 6, 7, 2, 3, 0, 1, 4, 9, 10, 8, 13], "R": [[-0.5296834406903277, 0.8464503692946308, 0.05438037310868016], [-0.8461101187919309, -0.5317870726693747, 0.03605795639857737], [0.059440049935718914, -0.026912481541474617, 0.9978690288815055]], "T": [-0.03848302647245384, 0.015443813575675116, 0.033862440112699364], "aligned_model": [[0.12432663443124507, 0.16747586322471192, -0.5520130251377385, -0.5088637963442717, 0.3192844557811923, 0.36243368457465913, -0.043512536801391506, 0.042785920785542234, -0.5816115256854726, 0.5056556067954072, 0.5488048355888742, -0.18673427133113052, -0.00036330800792464674], [-0.5457109500184716, -0.5171000207157685, 0.2868682743837559, 0.31547920368645904, 0.5229735021650433, 0.5515844314677464, -0.08852761896311677, -0.031305760357710474, -0.43135147082585057, -0.1667716301940813, -0.13816070089137816, 0.6298283247808085, -0.05991668966041362], [-0.3523153636677558, 0.4394644011946867, -0.3455424330845933, 0.4462373317778492, -0.4015567520904554, 0.3902230127719871, -0.7572715674325882, 0.8262879622922974, -0.3179765772814116, -0.3867894161441676, 0.4049903487182749, 0.019740855516021547, 0.034508197429854476]], "inverted": false, "swapped": false, "error_lsq": 0.03619557910124115, "error_max": 0.3252768448572961, "target": "84.xyz", "model": "13.xyz", "model_rescale": 4.509807766519439, "target_rescale": 4.449845733983245},
{"mapping": [12, 11, 7, 6, 3, 2, 1, 0, 5, 10, 9, 8, 13], "R": [[0.5296834406903278, -0.8464503692946308, 0.054380373108680276], [0.8461101187919309, 0.5317870726693749, 0.03605795639857752], [-0.059440049935719115, 0.026912481541474628, 0.9978690288815055]], "T": [-0.03848302647245384, 0.015443813575675126, 0.033862440112699496], "aligned_model": [[0.12432663443124496, 0.16747586322471192, -0.5520130251377385, -0.5088637963442716, 0.31928445578119236, 0.3624336845746593, -0.043512536801391596, 0.0427859207855423, -0.5816115256854727, 0.5056556067954072, 0.5488048355888742, -0.18673427133113046, -0.0003633080079246606], [-0.5457109500184718, -0.5171000207157685, 0.28686827438375595, 0.3154792036864592, 0.5229735021650432, 0.5515844314677465, -0.0885276189631169, -0.03130576035771036, -0.43135147082585057, -0.16677163019408142, -0.13816070089137816, 0.6298283247808085, -0.05991668966041364], [-0.3523153636677558, 0.43946440119468694, -0.34554243308459337, 0.44623733177784936, -0.40155675209045555, 0.3902230127719872, -0.7572715674325879, 0.8262879622922973, -0.3179765772814115, -0.38678941614416773, 0.404990348718275, 0.019740855516021394, 0.03450819742985442]], "inverted": true, "swapped": false, "error_lsq": 0.03619557910124115, "error_max": 0.325276844857296, "target": "84.xyz", "model": "14.xyz", "model_rescale": 4.509807766519439, "target_rescale": 4.449845733983245},
{"mapping": [6, 7, 2, 3, 9, 10, 4, 5, 11, 0, 1, 12], "R": [[-0.864598562095274, 0.5024632587789728, -8.728589053544747e-18], [0.5024632587789728, 0.864598562095274, -6.000385197009659e-17], [-2.2603005455370486e-17, -5.626503943390973e-17, -1.0000000000000002]], "T": [0.013582893675993288, 0.07479139849012273, 6.839687838201385e-17], "aligned_model": [[0.0896433890693815, 0.08964338906938153, -0.5822832954362575, -0.5822832954362575, 0.5539974453421602, 0.5539974453421602, -0.026383242681177026, -0.026383242681177012, -0.4907369917384019, 0.3952669763551979, 0.3952669763551979, 0.08964338906938152], [0.04122540952584967, 0.041225409525849764, 0.09765729937682271, 0.09765729937682277, -0.09151385895986977, -0.09151385895986971, -0.5270275828137521, -0.5270275828137521, -0.3942882329464914, 0.6151410826272281, 0.6151410826272281, 0.041225409525849716], [-0.8041627089838064, 0.8041627089838066, -0.40208135449190335, 0.40208135449190346, -0.40208135449190335, 0.40208135449190346, -0.4020813544919033, 0.4020813544919035, 1.146676447310344e-18, -0.4020813544919034, 0.4020813544919034, -3.005172152536853e-17]], "inverted": true, "swapped": true, "error_lsq": 0.02584378678232728, "error_max": 0.11171856761547366, "target": "84.xyz", "model": "15.xyz", "model_rescale": 4.510870436145588, "target_rescale": 4.449845733983245},
{"mapping": [6, 7, 2, 3, 9, 10, 4, 5, 11, 0, 1, 12], "R": [[-0.864598562095274, 0.5024632587789728, -6.602085977149595e-18], [0.5024632587789728, 0.864598562095274, -5.211257930635381e-17], [-2.0476502378975286e-17, -4.837376677016697e-17, -1.0000000000000002]], "T": [0.013582893675993288, 0.07479139849012273, 5.2733349830717854e-18], "aligned_model": [[0.08964338906938152, 0.08964338906938152, -0.5822832954362575, -0.5822832954362575, 0.5539974453421602, 0.5539974453421602, -0.02638324268117702, -0.02638324268117702, -0.4907369917384019, 0.3952669763551979, 0.3952669763551979, 0.08964338906938152], [0.041225409525849674, 0.04122540952584976, 0.09765729937682271, 0.09765729937682277, -0.09151385895986977, -0.09151385895986971, -0.5270275828137521, -0.5270275828137521, -0.3942882329464914, 0.6151410826272281, 0.6151410826272281, 0.041225409525849716], [-0.8041627089838065, 0.8041627089838065, -0.4020813544919034, 0.4020813544919034, -0.4020813544919034, 0.4020813544919034, -0.40208135449190335, 0.40208135449190346, -6.675094001212696e-17, -0.40208135449190346, 0.40208135449190335, -9.327840041800967e-17]], "inverted": true, "swapped": true, "error_lsq": 0.02584378678232728, "error_max": 0.11171856761547366, "target": "84.xyz", "model": "16.xyz", "model_rescale": 4.510870436145588, "target_rescale": 4.449845733983245},
{"mapping": [7, 6, 3, 2, 10, 9, 5, 4, 11, 1, 0, 12], "R": [[0.8645985620952736, -0.5024632587789729, -1.8149819330110915e-16], [-0.5024632587789729, -0.8645985620952736, 5.249985733186552e-17], [-1.833023263514293e-16, 4.5804872509233306e-17, -1.0]], "T": [0.013582893675993316, 0.07479139849012272, 9.445317571564036e-17], "aligned_model": [[0.08964338906938137, 0.08964338906938167, -0.5822832954362575, -0.5822832954362572, 0.5539974453421599, 0.5539974453421601, -0.026383242681177206, -0.026383242681177053, -0.4907369917384019, 0.395266976355198, 0.3952669763551981, 0.08964338906938152], [0.04122540952584973, 0.041225409525849646, 0.09765729937682288, 0.09765729937682285, -0.09151385895986981, -0.09151385895986987, -0.527027582813752, -0.527027582813752, -0.3942882329464911, 0.6151410826272279, 0.6151410826272279, 0.04122540952584969], [-0.8041627089838062, 0.8041627089838064, -0.4020813544919031, 0.4020813544919035, -0.4020813544919033, 0.4020813544919033, -0.4020813544919032, 0.4020813544919034, 2.6115849776939576e-16, -0.40208135449190324, 0.40208135449190335, 1.7868491132125231e-16]], "inverted": false, "swapped": true, "error_lsq": 0.02584378678232728, "error_max": 0.11171856761547347, "target": "84.xyz", "model": "17.xyz", "model_rescale": 4.510870436145588, "target_rescale": 4.449845733983245},
{"mapping": [5, 3, 8, 9, 2, 1, 6, 0, 7, 4, 11, 10, 12], "R": [[0.35745920946529364, 0.8403613438685982, 0.40745027340745654], [0.43295844090373603, -0.5356738091485359, 0.724983143695427], [0.8275082489127548, -0.0827428663007374, -0.5553230735866148]], "T": [0.09074680182260433, 0.11864631909097054, -0.0723328048476653], "aligned_model": [[-0.20639432296338964, 0.32143769123758126, -0.3386085297720811, -0.5793861449101322, 0.25848276782460666, 0.3672261071824574, 0.12007639257317639, 0.0407553916458914, -0.6650792453086471, 0.6479084067741473, 0.5521534006756177, -0.25291542937356615, -0.06798794771195943], [-0.7139742789125282, -0.6333655371541307, 0.3456131048754239, 0.06019621654735588, 0.574373439098588, 0.5699384548450098, -0.13307942837083833, -0.010956395696680027, -0.23528174566626595, -0.05247068661244092, -0.07767390374241503, 0.6410910670890457, -0.006521411443102004], [-0.29520568320968976, 0.19730991810013182, -0.4517643283097995, 0.44181562779112266, -0.4364472161318871, 0.3589792453927695, -0.7401599095785301, 0.8039334717616098, -0.006810101940959323, -0.24764430826870837, 0.37062487273470457, -0.0031385985777176023, 0.008507010236953216]], "inverted": false, "swapped": false, "error_lsq": 0.05034015433745247, "error_max": 0.3342518270048087, "target": "84.xyz", "model": "18.xyz", "model_rescale": 4.466005644533647, "target_rescale": 4.449845733983245},
{"mapping": [8, 9, 4, 5, 0, 1, 2, 3, 6, 10, 11, 12, 13], "R": [[0.5296834184923314, -0.8464503832122221, 0.05438037269236194], [0.8461101327553389, 0.5317870504546904, 0.03605795636809038], [-0.059440048982317625, 0.026912482765121728, 0.997869028905295]], "T": [-0.03848308460344565, 0.015443848283073273, 0.03386244237553628], "aligned_model": [[0.12432659278030803, 0.16747582176907022, -0.5520130968361071, -0.5088638678473449, 0.31928438848154195, 0.3624336174703041, -0.04351240499765247, 0.042786052979871904, -0.5816115789137734, 0.5056555598439464, 0.5488047888327087, -0.18673415968028056, -0.0003631760088902772], [-0.5457109173184402, -0.5170999876913975, 0.2868682994973012, 0.315479229124344, 0.522973553062826, 0.5515844826898687, -0.08852770241825299, -0.03130584316416739, -0.43135145527707763, -0.16677158283753116, -0.13816065321048834, 0.6298282451912478, -0.05991677279121019], [-0.352315367013738, 0.43946440751281635, -0.3455424347758565, 0.44623733975069785, -0.4015567545810851, 0.39022301994546926, -0.7572715809236201, 0.8262879681294886, -0.3179765796685552, -0.38678941955941004, 0.4049903549671443, 0.019740852613713784, 0.03450819360293435]], "inverted": false, "swapped": false, "error_lsq": 0.036195575362193116, "error_max": 0.3252768493062265, "target": "84.xyz", "model": "19.xyz", "model_rescale": 4.509807711582247, "target_rescale": 4.449845733983245},
{"mapping": [9, 8, 5, 4, 1, 0, 3, 2, 7, 11, 10, 12, 13], "R": [[-0.5296834184923316, 0.8464503832122221, 0.05438037269236193], [-0.8461101327553389, -0.5317870504546907, 0.03605795636809029], [0.059440048982317556, -0.026912482765121752, 0.9978690289052952]], "T": [-0.03848308460344563, 0.015443848283073294, 0.03386244237553625], "aligned_model": [[0.12432659278030792, 0.16747582176907008, -0.552013096836107, -0.5088638678473448, 0.31928438848154195, 0.3624336174703041, -0.04351240499765246, 0.0427860529798719, -0.5816115789137734, 0.5056555598439463, 0.5488047888327086, -0.1867341596802804, -0.0003631760088902772], [-0.5457109173184403, -0.5170999876913976, 0.28686829949730136, 0.31547922912434406, 0.5229735530628259, 0.5515844826898686, -0.08852770241825289, -0.03130584316416743, -0.4313514552770776, -0.16677158283753124, -0.13816065321048848, 0.6298282451912479, -0.05991677279121016], [-0.3523153670137381, 0.43946440751281646, -0.34554243477585656, 0.446237339750698, -0.4015567545810851, 0.3902230199454695, -0.7572715809236201, 0.8262879681294886, -0.3179765796685553, -0.3867894195594101, 0.4049903549671445, 0.019740852613713798, 0.03450819360293431]], "inverted": true, "swapped": false, "error_lsq": 0.03619557536219311, "error_max": 0.32527684930622663, "target": "84.xyz", "model": "20.xyz", "model_rescale": 4.509807711582248, "target_rescale": 4.449845733983245},
{"mapping": [4, 6, 10, 7, 0, 2, 1, 5, 8, 11, 3, 9, 12], "R": [[0.35745920946529397, 0.840361343868598, -0.4074502734074569], [0.4329584409037359, -0.5356738091485364, -0.7249831436954268], [-0.8275082489127545, 0.08274286630073735, -0.555323073586615]], "T": [0.09074680182260442, 0.11864631909097056, 0.07233280484766534], "aligned_model": [[0.32143769123758115, -0.20639432296339, -0.5793861449101322, -0.33860852977208117, 0.3672261071824578, 0.2584827678246069, 0.040755391645891564, 0.12007639257317622, -0.6650792453086474, 0.5521534006756178, 0.6479084067741474, -0.252915429373566, -0.06798794771195948], [-0.6333655371541309, -0.7139742789125282, 0.060196216547356296, 0.345613104875424, 0.5699384548450097, 0.574373439098588, -0.010956395696679888, -0.13307942837083864, -0.23528174566626558, -0.07767390374241526, -0.052470686612441336, 0.6410910670890458, -0.006521411443101921], [-0.19730991810013188, 0.2952056832096897, -0.4418156277911226, 0.4517643283097995, -0.3589792453927696, 0.43644721613188725, -0.8039334717616099, 0.74015990957853, 0.006810101940959254, -0.37062487273470457, 0.24764430826870837, 0.003138598577717644, -0.008507010236953286]], "inverted": false, "swapped": false, "error_lsq": 0.05034015433745247, "error_max": 0.3342518270048086, "target": "84.xyz", "model": "21.xyz", "model_rescale": 4.466005644533646, "target_rescale": 4.449845733983245},
{"mapping": [5, 3, 8, 9, 2, 1, 6, 0, 7, 4, 11, 10, 12], "R": [[0.35745914621362174, 0.8403613850970086, 0.407450243865513], [0.4329584790637965, -0.5356737508591563, 0.7249831639750313], [0.8275082562699863, -0.08274282493557927, -0.5553230687867086]], "T": [0.09074680589102563, 0.1186463194635789, -0.07233280461719757], "aligned_model": [[-0.20639434757751107, 0.32143764577626927, -0.33860862440138934, -0.5793860682353345, 0.2584828493480697, 0.3672259704287403, 0.12007634691478289, 0.04075527593644632, -0.6650793188936832, 0.6479083402685633, 0.5521536871960138, -0.25291537374304046, -0.06798784514422429], [-0.7139742497822175, -0.6333654623279998, 0.34561313073166156, 0.06019611693890131, 0.5743733894141378, 0.5699385451017066, -0.13307937831842254, -0.010956326362088376, -0.23528174073213343, -0.05247059086420486, -0.07767404529535796, 0.6410909884026963, -0.006521482049657329], [-0.2952056743004068, 0.19730995049136038, -0.45176434227842033, 0.4418155974316702, -0.4364472285547909, 0.35897926224340415, -0.7401599004027459, 0.8039334883457432, -0.00681011617608121, -0.2476442756109787, 0.37062486993436616, -0.003138628670668886, 0.0085069975475483]], "inverted": false, "swapped": false, "error_lsq": 0.050340150260375, "error_max": 0.33425177713020515, "target": "84.xyz", "model": "22.xyz", "model_rescale": 4.46600560860683, "target_rescale": 4.449845733983245},
{"mapping": [8, 9, 4, 5, 0, 1, 2, 3, 6, 10, 11, 12, 13], "R": [[0.529683477361521, -0.8464503462251431, 0.054380375003696295], [0.8461100957189092, 0.5317871094220118, 0.03605795578121171], [-0.059440051587678226, 0.026912480894867464, 0.9978690288005424]], "T": [-0.03848307851440896, 0.015443847510237287, 0.03386244244612048], "aligned_model": [[0.12432665509905544, 0.16747588627779797, -0.5520129821826448, -0.5088637510039022, 0.3192845267587818, 0.36243375793752436, -0.04351249987198423, 0.04278596248550088, -0.5816115144710522, 0.5056554639845925, 0.548804695163335, -0.18673439361006008, -0.0003632686932416723], [-0.5457109942423356, -0.5171000648449081, 0.2868682765121424, 0.3154792059095698, 0.5229734712367082, 0.5515844006341357, -0.08852764727392695, -0.03130578847907215, -0.4313514820407061, -0.16677156535363477, -0.13816063595620737, 0.6298284366317566, -0.059916717876499555], [-0.35231537128371554, 0.4394644096923307, -0.34554244179000415, 0.4462373391860421, -0.40155676264161005, 0.3902230183344362, -0.7572715840645406, 0.8262879778875517, -0.3179765841608142, -0.38678941928466903, 0.40499036169137725, 0.019740859522109747, 0.03450819691150565]], "inverted": false, "swapped": false, "error_lsq": 0.036195578834253506, "error_max": 0.32527685263059664, "target": "84.xyz", "model": "23.xyz", "model_rescale": 4.509807674373902, "target_rescale": 4.449845733983245},
{"mapping": [9, 8, 5, 4, 1, 0, 3, 2, 7, 11, 10, 12, 13], "R": [[-0.5296834773615209, 0.8464503462251433, 0.05438037500369645], [-0.8461100957189093, -0.5317871094220117, 0.0360579557812118], [0.05944005158767838, -0.026912480894867565, 0.9978690288005425]], "T": [-0.03848307851440893, 0.015443847510237273, 0.03386244244612048], "aligned_model": [[0.12432665509905547, 0.16747588627779816, -0.5520129821826448, -0.5088637510039022, 0.31928452675878166, 0.36243375793752436, -0.043512499871984314, 0.04278596248550102, -0.5816115144710521, 0.5056554639845924, 0.5488046951633351, -0.18673439361006014, -0.00036326869324164457], [-0.5457109942423354, -0.5171000648449079, 0.2868682765121422, 0.3154792059095697, 0.5229734712367081, 0.5515844006341356, -0.08852764727392701, -0.03130578847907209, -0.4313514820407062, -0.1667715653536347, -0.1381606359562072, 0.6298284366317565, -0.059916717876499555], [-0.35231537128371565, 0.43946440969233086, -0.3455424417900042, 0.4462373391860423, -0.4015567626416103, 0.39022301833443623, -0.7572715840645406, 0.8262879778875517, -0.3179765841608142, -0.3867894192846692, 0.4049903616913773, 0.019740859522109726, 0.03450819691150565]], "inverted": true, "swapped": false, "error_lsq": 0.03619557883425352, "error_max": 0.32527685263059664, "target": "84.xyz", "model": "24.xyz", "model_rescale": 4.509807674373903, "target_rescale": 4.449845733983245},
{"mapping": [4, 6, 10, 7, 0, 2, 1, 5, 8, 11, 3, 9, 12], "R": [[0.3574591462136217, 0.8403613850970086, -0.4074502438655131], [0.43295847906379653, -0.5356737508591563, -0.724983163975031], [-0.8275082562699863, 0.08274282493557916, -0.5553230687867086]], "T": [0.09074680589102568, 0.11864631946357895, 0.07233280461719757], "aligned_model": [[0.3214376457762694, -0.20639434757751102, -0.5793860682353346, -0.33860862440138945, 0.3672259704287403, 0.2584828493480698, 0.04075527593644632, 0.12007634691478296, -0.6650793188936834, 0.5521536871960138, 0.6479083402685634, -0.2529153737430406, -0.06798784514422432], [-0.6333654623279997, -0.7139742497822175, 0.060196116938901534, 0.34561313073166144, 0.5699385451017065, 0.5743733894141377, -0.010956326362088153, -0.13307937831842276, -0.23528174073213326, -0.0776740452953579, -0.052470590864205024, 0.6410909884026963, -0.006521482049657301], [-0.19730995049136038, 0.2952056743004068, -0.4418155974316702, 0.45176434227842033, -0.3589792622434044, 0.4364472285547909, -0.8039334883457433, 0.7401599004027458, 0.006810116176081321, -0.3706248699343663, 0.2476442756109786, 0.0031386286706688166, -0.008506997547548328]], "inverted": false, "swapped": false, "error_lsq": 0.050340150260375, "error_max": 0.33425177713020526, "target": "84.xyz", "model": "25.xyz", "model_rescale": 4.466005608606829, "target_rescale": 4.449845733983245},
{"mapping": [3, 5, 9, 8, 1, 2, 0, 6, 7, 11, 4, 10, 12], "R": [[-0.3574592355996295, -0.8403613268706589, -0.40745028553765217], [-0.43295839738792286, 0.535673830392412, -0.7249831539863549], [0.8275082603912846, -0.08274290140493745, -0.555323051251506]], "T": [0.09074681549113477, 0.11864633436882013, 0.07233276357683996], "aligned_model": [[0.3214377173513613, -0.206394364392062, -0.5793861355433868, -0.338608537065868, 0.36722616910027417, 0.25848274158264983, 0.04075545799523321, 0.12007634671297895, -0.665079248170909, 0.5521533558077655, 0.6479084284564022, -0.2529154244383458, -0.06798796952239121], [-0.6333654583239255, -0.7139742584290275, 0.060196184914922984, 0.3456130895508091, 0.5699384737188986, 0.5743733958023834, -0.010956359889528783, -0.13307942482060006, -0.23528174405761834, -0.07767395961110057, -0.052470624715498154, 0.6410910185233504, -0.006521437806044056], [-0.1973100065135914, 0.2952057533583554, -0.441815562715817, 0.45176434716956393, -0.3589793741445634, 0.43644723624336934, -0.8039335633307845, 0.7401599425445765, 0.006810157983342863, -0.3706247867946343, 0.24764418267262964, 0.0031386264704041517, -0.00850695294285185]], "inverted": true, "swapped": false, "error_lsq": 0.05034015661788622, "error_max": 0.3342517994209506, "target": "84.xyz", "model": "26.xyz", "model_rescale": 4.466005838112752, "target_rescale": 4.449845733983245},
{"mapping": [8, 9, 4, 5, 0, 1, 2, 3, 6, 10, 11, 12, 13], "R": [[0.5296833527556688, -0.8464504243215031, 0.054380373108880074], [0.8461101741820304, 0.5317869847045675, 0.03605795396966144], [-0.05944004508046583, 0.02691248901107847, 0.9978690289692634]], "T": [-0.038483058989708455, 0.015443880373074662, 0.03386243858612519], "aligned_model": [[0.12432659534529202, 0.16747582292815838, -0.5520130140782348, -0.5088637864953683, 0.31928441770657096, 0.3624336452894373, -0.043512432397709334, 0.04278602276802339, -0.5816115566893666, 0.5056555175975547, 0.5488047451804211, -0.1867342344662335, -0.0003632048148429698], [-0.5457109412836378, -0.5171000147110254, 0.2868683772046584, 0.31547930377727096, 0.5229736891366978, 0.5515846157093103, -0.08852775510022946, -0.03130590195500441, -0.43135153875856036, -0.16677159228308597, -0.13816066571047342, 0.6298281473587182, -0.05991682852761694], [-0.35231535291415866, 0.43946438980072805, -0.3455424264374209, 0.4462373162774658, -0.4015567452269726, 0.3902229974879141, -0.7572715469591633, 0.8262879384706101, -0.3179765639223958, -0.3867894027885938, 0.4049903399262929, 0.019740860529970303, 0.0345081957557235]], "inverted": false, "swapped": false, "error_lsq": 0.03619557860124211, "error_max": 0.3252768475182559, "target": "84.xyz", "model": "27.xyz", "model_rescale": 4.509807893063789, "target_rescale": 4.449845733983245},
{"mapping": [9, 8, 5, 4, 1, 0, 3, 2, 7, 11, 10, 12, 13], "R": [[-0.5296833527556694, 0.846450424321503, 0.054380373108879956], [-0.8461101741820303, -0.5317869847045679, 0.03605795396966133], [0.05944004508046569, -0.0269124890110784, 0.9978690289692635]], "T": [-0.03848305898970845, 0.015443880373074662, 0.03386243858612515], "aligned_model": [[0.12432659534529178, 0.16747582292815805, -0.5520130140782346, -0.5088637864953682, 0.31928441770657123, 0.36243364528943756, -0.043512432397709265, 0.042786022768023256, -0.5816115566893667, 0.5056555175975547, 0.5488047451804209, -0.1867342344662332, -0.00036320481484299755], [-0.5457109412836378, -0.5171000147110254, 0.2868683772046586, 0.315479303777271, 0.5229736891366977, 0.5515846157093102, -0.08852775510022938, -0.0313059019550045, -0.43135153875856014, -0.16677159228308608, -0.13816066571047364, 0.6298281473587182, -0.05991682852761694], [-0.35231535291415883, 0.4394643898007282, -0.3455424264374211, 0.44623731627746593, -0.40155674522697266, 0.3902229974879144, -0.7572715469591633, 0.8262879384706101, -0.3179765639223961, -0.38678940278859386, 0.4049903399262932, 0.019740860529970303, 0.03450819575572346]], "inverted": true, "swapped": false, "error_lsq": 0.03619557860124212, "error_max": 0.32527684751825614, "target": "84.xyz", "model": "28.xyz", "model_rescale": 4.5098078930637895, "target_rescale": 4.449845733983245},
