[{"mapping": [10, 9, 3, 2, 5, 4, 1, 11, 7, 6, 8, 11], "R": [[-0.8557788655867801, 0.5161133462306153, 0.0356307038611528], [0.5169882202186296, 0.855709184463629, 0.02202207482879409], [-0.019123633812062217, 0.03726668038916703, -0.9991223554513202]], "T": [-0.028935344482851684, 0.04094041793398446, 0.20084763598084593], "aligned_model": [[0.036026615276886796, 0.007761360937157152, -0.621052946110516, -0.6493182004502457, 0.264114625059184, 0.2358493707194544, -0.03220110658660913, -0.06046636092633876, 0.6150907792360399, 0.5868255248963102, -0.20561272668461075, -0.06046636092633876], [-0.5736465868342903, -0.5911163384437462, 0.29248888971240755, 0.2750191381029516, 0.4737925041955059, 0.45632275258604993, -0.07827192765610919, -0.09574167926556515, -0.15393807322821498, -0.17140782483767095, 0.6037492736960965, -0.09574167926556515], [-0.20737229505978166, 0.5852151206530785, -0.21171421270876323, 0.5808732030040968, -0.17615117564242633, 0.6164362400704337, -0.5958769063402529, 0.196710509372607, -0.177470736084, 0.6151166796288601, 0.20695207275821298, 0.196710509372607]], "inverted": false, "swapped": false, "error_lsq": 0.0552865425626203, "error_max": 0.5706162956438519, "target": "85.xyz", "model": "0.xyz", "model_rescale": 4.5108708085295355, "target_rescale": 4.392213444318052},
{"mapping": [10, 9, 3, 2, 5, 4, 1, 11, 7, 6, 8, 11], "R": [[-0.8557788655867802, 0.5161133462306151, 0.035630703861152316], [0.5169882202186293, 0.8557091844636291, 0.022022074828794282], [-0.019123633812061714, 0.03726668038916694, -0.9991223554513202]], "T": [-0.028935344482851642, 0.040940417933984445, 0.20084763598084587], "aligned_model": [[0.036026615276886796, 0.007761360937157562, -0.6210529461105161, -0.6493182004502454, 0.26411462505918365, 0.23584937071945436, -0.03220110658660942, -0.060466360926338676, 0.6150907792360398, 0.5868255248963106, -0.20561272668461086, -0.060466360926338676], [-0.5736465868342902, -0.5911163384437463, 0.29248888971240744, 0.2750191381029513, 0.4737925041955059, 0.4563227525860498, -0.07827192765610902, -0.09574167926556512, -0.1539380732282147, -0.17140782483767084, 0.6037492736960963, -0.09574167926556512], [-0.20737229505978155, 0.5852151206530782, -0.21171421270876267, 0.5808732030040971, -0.17615117564242616, 0.6164362400704335, -0.5958769063402531, 0.19671050937260703, -0.1774707360840001, 0.6151166796288596, 0.2069520727582132, 0.19671050937260703]], "inverted": false, "swapped": false, "error_lsq": 0.055286542562620306, "error_max": 0.570616295643852, "target": "85.xyz", "model": "1.xyz", "model_rescale": 4.510870808529536, "target_rescale": 4.392213444318052},
{"mapping": [9, 10, 2, 3, 4, 5, 0, 11, 6, 7, 8, 11], "R": [[0.8557788655867798, -0.5161133462306153, 0.03563070386115326], [-0.5169882202186296, -0.8557091844636288, 0.022022074828794386], [0.01912363381206245, -0.037266680389167514, -0.9991223554513199]], "T": [-0.028935344482851698, 0.040940417933984445, 0.2008476359808457], "aligned_model": [[0.03602661527688684, 0.00776136093715684, -0.6210529461105156, -0.6493182004502456, 0.26411462505918415, 0.23584937071945408, -0.03220110658660878, -0.060466360926338794, 0.6150907792360398, 0.5868255248963099, -0.20561272668461067, -0.060466360926338794], [-0.5736465868342902, -0.5911163384437463, 0.2924888897124077, 0.27501913810295153, 0.47379250419550584, 0.45632275258604965, -0.07827192765610894, -0.09574167926556512, -0.15393807322821493, -0.1714078248376711, 0.6037492736960964, -0.09574167926556512], [-0.20737229505978177, 0.5852151206530781, -0.21171421270876334, 0.5808732030040966, -0.17615117564242605, 0.6164362400704338, -0.5958769063402529, 0.196710509372607, -0.17747073608399971, 0.6151166796288602, 0.20695207275821315, 0.196710509372607]], "inverted": true, "swapped": false, "error_lsq": 0.0552865425626203, "error_max": 0.5706162956438519, "target": "85.xyz", "model": "2.xyz", "model_rescale": 4.5108708085295355, "target_rescale": 4.392213444318052},
{"mapping": [10, 9, 3, 2, 5, 4, 1, 11, 7, 6, 8, 13], "R": [[-0.852705307138941, 0.5151903444541092, 0.08644401748149465], [0.5205052910007187, 0.851964113011584, 0.05684533561025323], [-0.04436103264512363, 0.09346688783543372, -0.9946336208177446]], "T": [-0.02508141971891331, 0.015088518698809315, 0.16523729326413597], "aligned_model": [[0.09087523125532569, 0.022284442073106293, -0.5636244665222944, -0.6322152557045138, 0.3191426197660361, 0.2505518305838167, 0.04343517757451054, -0.48804377922080006, 0.6686092262972553, 0.6000184371150359, -0.16932727716939577, -0.025155611607708843], [-0.533162080445189, -0.5782671848171609, 0.3352257702441006, 0.2901206658721286, 0.5119372970735508, 0.4668321927015789, -0.02412411561350258, -0.40928044361764887, -0.11680566659957847, -0.16191077097155046, 0.6301720049205958, -0.06922921998547457], [-0.2548943389152126, 0.5343182287869088, -0.26214704418581425, 0.5270655235163072, -0.1753259698921267, 0.6138865978099948, -0.6288006528465615, 0.49962332913401986, -0.18088762317090182, 0.6083249445312197, 0.18785409940127876, 0.16041191485555992]], "inverted": false, "swapped": false, "error_lsq": 0.037613085450900745, "error_max": 0.3060340997472096, "target": "85.xyz", "model": "3.xyz", "model_rescale": 4.509807743048502, "target_rescale": 4.392213444318052},
{"mapping": [10, 9, 3, 2, 5, 4, 1, 11, 7, 6, 8, 13], "R": [[-0.852705307138941, 0.5151903444541093, 0.08644401748149427], [0.5205052910007186, 0.851964113011584, 0.05684533561025318], [-0.044361032645123366, 0.0934668878354335, -0.9946336208177446]], "T": [-0.025081419718913298, 0.015088518698809318, 0.16523729326413594], "aligned_model": [[0.0908752312553255, 0.022284442073106432, -0.5636244665222946, -0.6322152557045136, 0.319142619766036, 0.2505518305838169, 0.043435177574510264, -0.4880437792207999, 0.6686092262972552, 0.6000184371150361, -0.16932727716939572, -0.025155611607708843], [-0.533162080445189, -0.5782671848171609, 0.33522577024410044, 0.29012066587212854, 0.5119372970735508, 0.46683219270157894, -0.024124115613502597, -0.40928044361764887, -0.11680566659957839, -0.16191077097155035, 0.6301720049205957, -0.06922921998547457], [-0.25489433891521246, 0.5343182287869088, -0.2621470441858139, 0.5270655235163073, -0.17532596989212662, 0.6138865978099945, -0.6288006528465617, 0.49962332913401997, -0.18088762317090185, 0.6083249445312193, 0.18785409940127884, 0.16041191485555997]], "inverted": false, "swapped": false, "error_lsq": 0.03761308545090074, "error_max": 0.30603409974720974, "target": "85.xyz", "model": "4.xyz", "model_rescale": 4.509807743048502, "target_rescale": 4.392213444318052},
{"mapping": [10, 9, 3, 2, 5, 4, 1, 11, 7, 6, 8, 13], "R": [[-0.8527053071389409, 0.5151903444541095, 0.08644401748149368], [0.5205052910007191, 0.8519641130115838, 0.05684533561025336], [-0.044361032645122714, 0.09346688783543335, -0.9946336208177448]], "T": [-0.02508141971891329, 0.015088518698809322, 0.16523729326413608], "aligned_model": [[0.09087523125532512, 0.02228444207310651, -0.5636244665222947, -0.6322152557045133, 0.3191426197660359, 0.2505518305838173, 0.04343517757450976, -0.48804377922079983, 0.6686092262972548, 0.6000184371150362, -0.16932727716939558, -0.025155611607708826], [-0.5331620804451889, -0.578267184817161, 0.33522577024410083, 0.2901206658721287, 0.5119372970735507, 0.46683219270157866, -0.02412411561350247, -0.4092804436176487, -0.11680566659957863, -0.16191077097155074, 0.6301720049205958, -0.06922921998547454], [-0.25489433891521274, 0.5343182287869088, -0.2621470441858136, 0.527065523516308, -0.17532596989212687, 0.6138865978099947, -0.6288006528465615, 0.4996233291340204, -0.18088762317090243, 0.6083249445312191, 0.1878540994012788, 0.16041191485555972]], "inverted": false, "swapped": false, "error_lsq": 0.037613085450900745, "error_max": 0.3060340997472102, "target": "85.xyz", "model": "5.xyz", "model_rescale": 4.509807743048502, "target_rescale": 4.392213444318052},
{"mapping": [10, 9, 3, 2, 5, 4, 1, 11, 7, 6, 8, 13], "R": [[-0.8527052808622764, 0.5151903846556745, 0.08644403708715005], [0.5205053343725619, 0.8519640844724214, 0.056845366203201714], [-0.044361028834933675, 0.09346692638258125, -0.9946336173653589]], "T": [-0.025081431600909275, 0.015088503166578485, 0.16523729150340072], "aligned_model": [[0.09087537497402451, 0.022284567852963497, -0.5636244170637326, -0.6322152241847936, 0.3191427070835524, 0.2505518999624914, 0.04343512245637781, -0.4880438907673882, 0.6686091807741176, 0.6000183736530565, -0.16932743563561287, -0.025155684664683202], [-0.5331618226227148, -0.5782669528359068, 0.3352259016661459, 0.29012077145295406, 0.5119373883001331, 0.4668322580869413, -0.02412420251726531, -0.4092805573518041, -0.11680580306817413, -0.161910933281366, 0.6301717336633637, -0.06922933273045716], [-0.2548943414194978, 0.5343182509545792, -0.26214704832275615, 0.5270655440513208, -0.17532594989872713, 0.6138866424753499, -0.6288006927635625, 0.4996233059351643, -0.18088764020568804, 0.6083249521683889, 0.18785408643958648, 0.16041189961051422]], "inverted": false, "swapped": false, "error_lsq": 0.037613096411699555, "error_max": 0.3060340645444715, "target": "85.xyz", "model": "6.xyz", "model_rescale": 4.509807586411629, "target_rescale": 4.392213444318052},
{"mapping": [10, 9, 3, 2, 5, 4, 1, 11, 7, 6, 8, 13], "R": [[-0.8527052808622764, 0.5151903846556742, 0.08644403708715002], [0.5205053343725619, 0.8519640844724216, 0.05684536620320174], [-0.04436102883493366, 0.09346692638258125, -0.9946336173653588]], "T": [-0.02508143160090926, 0.015088503166578483, 0.16523729150340066], "aligned_model": [[0.09087537497402462, 0.022284567852963635, -0.5636244170637326, -0.6322152241847936, 0.3191427070835523, 0.2505518999624913, 0.04343512245637784, -0.4880438907673881, 0.6686091807741176, 0.6000183736530565, -0.16932743563561292, -0.025155684664683174], [-0.5331618226227148, -0.5782669528359068, 0.3352259016661459, 0.29012077145295406, 0.5119373883001331, 0.46683225808694134, -0.024124202517265304, -0.40928055735180413, -0.11680580306817409, -0.161910933281366, 0.6301717336633638, -0.0692293327304572], [-0.2548943414194976, 0.5343182509545791, -0.262147048322756, 0.5270655440513208, -0.17532594989872696, 0.6138866424753497, -0.6288006927635628, 0.4996233059351642, -0.18088764020568787, 0.6083249521683889, 0.1878540864395865, 0.16041189961051427]], "inverted": false, "swapped": false, "error_lsq": 0.03761309641169954, "error_max": 0.3060340645444714, "target": "85.xyz", "model": "7.xyz", "model_rescale": 4.509807586411629, "target_rescale": 4.392213444318052},
{"mapping": [9, 10, 2, 3, 4, 5, 0, 12, 6, 7, 8, 13], "R": [[0.8527052808622763, -0.5151903846556749, 0.08644403708714996], [-0.5205053343725623, -0.8519640844724213, 0.05684536620320236], [0.044361028834933224, -0.09346692638258179, -0.994633617365359]], "T": [-0.025081431600909268, 0.015088503166578487, 0.16523729150340052], "aligned_model": [[0.09087537497402427, 0.02228456785296333, -0.5636244170637326, -0.6322152241847936, 0.31914270708355263, 0.2505518999624917, 0.04343512245637769, -0.4880438907673884, 0.6686091807741176, 0.6000183736530565, -0.16932743563561264, -0.025155684664683254], [-0.5331618226227147, -0.5782669528359071, 0.3352259016661465, 0.2901207714529541, 0.5119373883001332, 0.4668322580869409, -0.024124202517264822, -0.4092805573518042, -0.11680580306817424, -0.16191093328136663, 0.6301717336633638, -0.0692293327304572], [-0.2548943414194982, 0.5343182509545789, -0.2621470483227559, 0.5270655440513211, -0.17532594989872688, 0.6138866424753502, -0.628800692763563, 0.499623305935164, -0.18088764020568823, 0.6083249521683888, 0.187854086439587, 0.16041189961051427]], "inverted": true, "swapped": false, "error_lsq": 0.037613096411699555, "error_max": 0.30603406454447124, "target": "85.xyz", "model": "8.xyz", "model_rescale": 4.509807586411629, "target_rescale": 4.392213444318052},
{"mapping": [12, 11, 3, 2, 7, 6, 1, 9, 5, 4, 8, 13], "R": [[0.8527053393420209, -0.5151902821212637, 0.08644407131447317], [-0.5205052341855738, -0.8519641471105296, 0.056845344784325985], [0.04436108027347953, -0.09346692059782716, -0.9946336156147797]], "T": [-0.025081390859792184, 0.015088496330312022, 0.16523729439988766], "aligned_model": [[0.0908753843377165, 0.02228454881205088, -0.5636244056581402, -0.6322152411838059, 0.3191425962560159, 0.2505517607303503, 0.043435012488896564, -0.48804370875821956, 0.6686092636012724, 0.6000184280756067, -0.1693272412246008, -0.02515582303676904], [-0.5331620281776943, -0.5782671422151522, 0.33522582475020146, 0.29012071071274353, 0.511937230692705, 0.4668321166552471, -0.02412411180604955, -0.40928042605095555, -0.11680574287603056, -0.16191085691348847, 0.6301720998338307, -0.06922922584350748], [-0.2548943447972746, 0.5343182605269853, -0.26214708540673404, 0.5270655199175258, -0.17532597549252732, 0.6138866298317325, -0.628800710079867, 0.4996233300469403, -0.18088761096549827, 0.6083249943587616, 0.18785410584023543, 0.1604118952443927]], "inverted": false, "swapped": false, "error_lsq": 0.0376130966457414, "error_max": 0.3060341147763529, "target": "85.xyz", "model": "9.xyz", "model_rescale": 4.509807504472865, "target_rescale": 4.392213444318052},
{"mapping": [12, 11, 3, 2, 7, 6, 1, 9, 5, 4, 8, 13], "R": [[0.8527053393420208, -0.5151902821212642, 0.0864440713144734], [-0.5205052341855743, -0.8519641471105295, 0.05684534478432572], [0.04436108027347982, -0.09346692059782706, -0.9946336156147798]], "T": [-0.025081390859792198, 0.015088496330312045, 0.1652372943998876], "aligned_model": [[0.09087538433771639, 0.02228454881205058, -0.5636244056581401, -0.6322152411838058, 0.3191425962560162, 0.2505517607303504, 0.04343501248889673, -0.48804370875822, 0.6686092636012723, 0.6000184280756066, -0.16932724122460055, -0.025155823036769095], [-0.5331620281776945, -0.5782671422151522, 0.3352258247502017, 0.2901207107127439, 0.5119372306927049, 0.46683211665524715, -0.024124111806049727, -0.40928042605095527, -0.11680574287603092, -0.16191085691348864, 0.6301720998338308, -0.06922922584350745], [-0.2548943447972744, 0.5343182605269854, -0.26214708540673415, 0.5270655199175256, -0.17532597549252732, 0.6138866298317325, -0.6288007100798674, 0.49962333004694026, -0.18088761096549805, 0.6083249943587616, 0.18785410584023532, 0.16041189524439275]], "inverted": false, "swapped": false, "error_lsq": 0.0376130966457414, "error_max": 0.3060341147763528, "target": "85.xyz", "model": "10.xyz", "model_rescale": 4.509807504472865, "target_rescale": 4.392213444318052},
{"mapping": [12, 11, 3, 2, 7, 6, 1, 9, 5, 4, 8, 13], "R": [[0.8527053393420208, -0.5151902821212639, 0.08644407131447338], [-0.5205052341855738, -0.8519641471105296, 0.05684534478432561], [0.044361080273479875, -0.09346692059782695, -0.9946336156147797]], "T": [-0.025081390859792205, 0.015088496330312031, 0.1652372943998877], "aligned_model": [[0.09087538433771646, 0.022284548812050664, -0.5636244056581401, -0.6322152411838058, 0.31914259625601604, 0.25055176073035024, 0.043435012488896696, -0.48804370875821984, 0.6686092636012724, 0.6000184280756066, -0.16932724122460063, -0.025155823036769057], [-0.5331620281776944, -0.5782671422151521, 0.3352258247502013, 0.29012071071274365, 0.5119372306927049, 0.4668321166552472, -0.024124111806049838, -0.4092804260509554, -0.11680574287603068, -0.1619108569134883, 0.6301720998338307, -0.06922922584350745], [-0.25489434479727435, 0.5343182605269854, -0.2621470854067342, 0.5270655199175256, -0.17532597549252738, 0.6138866298317325, -0.6288007100798669, 0.4996233300469404, -0.18088761096549805, 0.6083249943587618, 0.18785410584023496, 0.16041189524439248]], "inverted": false, "swapped": false, "error_lsq": 0.03761309664574141, "error_max": 0.30603411477635295, "target": "85.xyz", "model": "11.xyz", "model_rescale": 4.509807504472865, "target_rescale": 4.392213444318052},
{"mapping": [12, 11, 3, 2, 7, 6, 1, 9, 5, 4, 8, 13], "R": [[0.8527052734804479, -0.5151903941798033, 0.08644405314128499], [-0.5205053434491465, -0.8519640818392122, 0.05684532255827315], [0.04436106422890014, -0.09346689788757738, -0.9946336184644837]], "T": [-0.02508145644301251, 0.015088391714871193, 0.16523728163974064], "aligned_model": [[0.09087534491771143, 0.022284527797471122, -0.5636244096942449, -0.6322152268144852, 0.3191426801346606, 0.2505518630144203, 0.043435031765469125, -0.4880439077327489, 0.6686092461007058, 0.6000184289804655, -0.16932721867428038, -0.025155785354771164], [-0.533161931636901, -0.5782670254177642, 0.33522576608391474, 0.2901206723030515, 0.5119372380128119, 0.46683214423194863, -0.02412404290937684, -0.40928063159861305, -0.11680574406696484, -0.16191083784782806, 0.6301719782978108, -0.06922913669024006], [-0.2548943092738004, 0.5343182524536835, -0.26214706310409486, 0.5270654986233889, -0.17532596210470583, 0.613886599622778, -0.6288006572947917, 0.49962329373194947, -0.18088759919439543, 0.6083249625330884, 0.18785408859888034, 0.16041190443269193]], "inverted": false, "swapped": false, "error_lsq": 0.037613094895396694, "error_max": 0.30603405718126364, "target": "85.xyz", "model": "12.xyz", "model_rescale": 4.509807766519439, "target_rescale": 4.392213444318052},
{"mapping": [12, 11, 3, 2, 7, 6, 1, 9, 5, 4, 8, 13], "R": [[0.852705273480448, -0.5151903941798037, 0.08644405314128502], [-0.5205053434491467, -0.8519640818392124, 0.05684532255827239], [0.04436106422890053, -0.09346689788757677, -0.9946336184644842]], "T": [-0.025081456443012524, 0.015088391714871226, 0.1652372816397406], "aligned_model": [[0.09087534491771126, 0.022284527797470963, -0.563624409694245, -0.6322152268144853, 0.3191426801346608, 0.2505518630144205, 0.04343503176546911, -0.48804390773274914, 0.668609246100706, 0.6000184289804658, -0.1693272186742802, -0.02515578535477122], [-0.5331619316369014, -0.578267025417764, 0.3352257660839146, 0.290120672303052, 0.5119372380128117, 0.4668321442319491, -0.024124042909377412, -0.4092806315986127, -0.11680574406696523, -0.1619108378478278, 0.630171978297811, -0.06922913669024004], [-0.25489430927379997, 0.5343182524536839, -0.2621470631040951, 0.5270654986233888, -0.17532596210470613, 0.6138865996227778, -0.6288006572947923, 0.49962329373194986, -0.1808875991943953, 0.6083249625330887, 0.18785408859887998, 0.16041190443269204]], "inverted": false, "swapped": false, "error_lsq": 0.0376130948953967, "error_max": 0.30603405718126386, "target": "85.xyz", "model": "13.xyz", "model_rescale": 4.509807766519439, "target_rescale": 4.392213444318052},
{"mapping": [11, 12, 2, 3, 6, 7, 0, 10, 4, 5, 8, 13], "R": [[-0.8527052734804481, 0.5151903941798035, 0.08644405314128431], [0.5205053434491465, 0.8519640818392125, 0.05684532255827297], [-0.044361064228899655, 0.09346689788757688, -0.9946336184644842]], "T": [-0.025081456443012483, 0.015088391714871207, 0.16523728163974047], "aligned_model": [[0.0908753449177111, 0.02228452779747135, -0.5636244096942452, -0.632215226814485, 0.31914268013466046, 0.25055186301442073, 0.0434350317654686, -0.48804390773274875, 0.6686092461007057, 0.6000184289804659, -0.16932721867428033, -0.025155785354771167], [-0.5331619316369012, -0.5782670254177642, 0.33522576608391463, 0.29012067230305155, 0.5119372380128119, 0.4668321442319488, -0.024124042909376964, -0.4092806315986131, -0.11680574406696485, -0.16191083784782795, 0.6301719782978109, -0.06922913669024006], [-0.2548943092738004, 0.5343182524536837, -0.26214706310409464, 0.5270654986233895, -0.17532596210470622, 0.6138865996227779, -0.6288006572947922, 0.49962329373195, -0.18088759919439593, 0.6083249625330882, 0.18785408859888045, 0.16041190443269207]], "inverted": true, "swapped": false, "error_lsq": 0.0376130948953967, "error_max": 0.3060340571812642, "target": "85.xyz", "model": "14.xyz", "model_rescale": 4.509807766519439, "target_rescale": 4.392213444318052},
{"mapping": [10, 9, 3, 2, 7, 6, 1, 11, 5, 4, 8, 11], "R": [[0.8557788765009382, -0.5161133255225021, 0.035630741683213965], [-0.5169882006580389, -0.8557091966374483, 0.022022060994749196], [0.019123674206480073, -0.03726668764723777, -0.9991223544074309]], "T": [-0.028935166765517856, 0.04094043749016541, 0.20084764664387883], "aligned_model": [[0.03602679020978633, 0.007761503533062597, -0.6210527694691335, -0.6493180561458571, 0.26411467961000057, 0.23584939293327686, -0.0322012376771041, -0.060466524353827836, 0.6150907625385639, 0.5868254758618402, -0.20561291824640648, -0.060466524353827836], [-0.5736464703761716, -0.591116212453478, 0.2924887584960634, 0.27501901641875687, 0.47379252301919345, 0.45632278094188694, -0.07827185262208802, -0.09574159469939453, -0.15393828803659632, -0.17140803011390282, 0.6037494128869749, -0.09574159469939453], [-0.20737230459042122, 0.5852151757244668, -0.21171426450872077, 0.5808732158061671, -0.17615119745422803, 0.61643628286066, -0.5958769703176676, 0.19671050999722015, -0.1774707436096356, 0.6151167367052524, 0.20695205841435865, 0.19671050999722015]], "inverted": false, "swapped": false, "error_lsq": 0.055286535109114805, "error_max": 0.5706161945171033, "target": "85.xyz", "model": "15.xyz", "model_rescale": 4.510870436145588, "target_rescale": 4.392213444318052},
{"mapping": [10, 9, 3, 2, 7, 6, 1, 11, 5, 4, 8, 11], "R": [[0.8557788765009382, -0.5161133255225019, 0.03563074168321385], [-0.5169882006580386, -0.8557091966374484, 0.022022060994749165], [0.019123674206479993, -0.03726668764723767, -0.9991223544074308]], "T": [-0.028935166765517842, 0.040940437490165404, 0.20084764664387877], "aligned_model": [[0.0360267902097864, 0.0077615035330627705, -0.6210527694691335, -0.6493180561458571, 0.26411467961000046, 0.23584939293327678, -0.03220123767710415, -0.0604665243538278, 0.6150907625385638, 0.5868254758618401, -0.20561291824640654, -0.0604665243538278], [-0.5736464703761716, -0.591116212453478, 0.29248875849606315, 0.27501901641875665, 0.47379252301919345, 0.456322780941887, -0.07827185262208805, -0.09574159469939453, -0.15393828803659615, -0.1714080301139026, 0.6037494128869748, -0.09574159469939453], [-0.207372304590421, 0.5852151757244667, -0.21171426450872055, 0.5808732158061671, -0.17615119745422791, 0.6164362828606598, -0.5958769703176678, 0.1967105099972202, -0.1774707436096355, 0.6151167367052521, 0.20695205841435868, 0.1967105099972202]], "inverted": false, "swapped": false, "error_lsq": 0.055286535109114805, "error_max": 0.5706161945171033, "target": "85.xyz", "model": "16.xyz", "model_rescale": 4.510870436145588, "target_rescale": 4.392213444318052},
{"mapping": [10, 9, 3, 2, 7, 6, 1, 11, 5, 4, 8, 11], "R": [[0.8557788765009381, -0.5161133255225023, 0.03563074168321396], [-0.5169882006580391, -0.8557091966374483, 0.022022060994748946], [0.019123674206480187, -0.03726668764723755, -0.9991223544074309]], "T": [-0.028935166765517863, 0.04094043749016543, 0.2008476466438789], "aligned_model": [[0.03602679020978616, 0.0077615035330624305, -0.6210527694691333, -0.649318056145857, 0.2641146796100007, 0.23584939293327697, -0.032201237677104144, -0.06046652435382786, 0.6150907625385638, 0.5868254758618401, -0.20561291824640635, -0.06046652435382786], [-0.5736464703761718, -0.591116212453478, 0.2924887584960634, 0.2750190164187571, 0.4737925230191934, 0.45632278094188705, -0.07827185262208819, -0.0957415946993945, -0.15393828803659648, -0.1714080301139028, 0.6037494128869749, -0.0957415946993945], [-0.20737230459042097, 0.585215175724467, -0.21171426450872075, 0.5808732158061672, -0.17615119745422805, 0.6164362828606599, -0.5958769703176675, 0.19671050999721998, -0.17747074360963547, 0.6151167367052525, 0.2069520584143583, 0.19671050999721998]], "inverted": false, "swapped": false, "error_lsq": 0.055286535109114805, "error_max": 0.5706161945171033, "target": "85.xyz", "model": "17.xyz", "model_rescale": 4.510870436145588, "target_rescale": 4.392213444318052},
{"mapping": [8, 7, 4, 3, 1, 0, 2, 5, 10, 9, 11, 12], "R": [[-0.530152789746014, 0.8436339066709944, -0.08496970659920607], [-0.8428968367003935, -0.5352428560770591, -0.055136264825822026], [-0.09199425093444354, 0.04239005229424676, 0.994856844607053]], "T": [-0.03335613682731523, 0.019702683735056493, -0.03616865230838623], "aligned_model": [[0.16841361578752845, 0.10033139146997513, -0.5115076615793508, -0.5795898858969041, 0.36690567693852394, 0.29882345262097065, 0.05597294583863204, -0.6107878156593181, 0.5533837703559701, 0.48530154603841674, -0.19858718299514905, -0.012109278478921282], [-0.5218377669873803, -0.5660158593940063, 0.3213287465200925, 0.27715065411346634, 0.5554523603989353, 0.5112742679923092, -0.02337438178757966, -0.44732811654021704, -0.14131065530944148, -0.18548874771606766, 0.6292104216659445, -0.06755247419420585], [-0.2502973770885739, 0.5468345605074483, -0.2616393699879291, 0.5354925676080933, -0.17363954800542614, 0.6234923895905962, -0.6349729175920735, 0.49267642523668814, -0.1963281603343599, 0.6008037772616623, 0.1848476418245976, 0.1621590200039489]], "inverted": true, "swapped": false, "error_lsq": 0.036790983735562215, "error_max": 0.3025471296936194, "target": "85.xyz", "model": "18.xyz", "model_rescale": 4.466005644533647, "target_rescale": 4.392213444318052},
{"mapping": [8, 9, 0, 1, 4, 5, 2, 11, 6, 7, 12, 13], "R": [[0.8527052617408255, -0.5151904100682556, 0.08644407425158072], [-0.5205053627248188, -0.8519640679399554, 0.05684535437402001], [0.04436106371825359, -0.09346693700397891, -0.9946336148114435]], "T": [-0.025081429176150943, 0.015088438510307231, 0.1652372860308888], "aligned_model": [[0.09087537058416945, 0.02228453587797554, -0.5636243737521898, -0.6322152084583836, 0.3191427287749623, 0.25055189406876843, 0.04343496071850353, -0.4880439016510336, 0.6686092860021516, 0.6000184512959578, -0.16932729503281804, -0.025155873987690383], [-0.5331618797373188, -0.5782669993125003, 0.3352258424514086, 0.290120722876227, 0.511937295195468, 0.4668321756202864, -0.024124160095724066, -0.4092805916233515, -0.1168057016408091, -0.16191082121599068, 0.6301718459150599, -0.06922927967090563], [-0.2548943262080763, 0.5343182422347899, -0.26214706388732134, 0.5270655045555448, -0.17532593817334216, 0.613886630269524, -0.6288006832544232, 0.4996232785787399, -0.18088758958103038, 0.6083249788618358, 0.18785409043998796, 0.160411885188443]], "inverted": true, "swapped": false, "error_lsq": 0.037613101703648615, "error_max": 0.30603403944022045, "target": "85.xyz", "model": "19.xyz", "model_rescale": 4.509807711582247, "target_rescale": 4.392213444318052},
{"mapping": [9, 8, 1, 0, 5, 4, 3, 10, 7, 6, 12, 13], "R": [[-0.8527052617408255, 0.5151904100682559, 0.08644407425158077], [0.5205053627248192, 0.8519640679399552, 0.05684535437402058], [-0.044361063718253296, 0.09346693700397943, -0.9946336148114436]], "T": [-0.025081429176150964, 0.015088438510307237, 0.16523728603088875], "aligned_model": [[0.09087537058416928, 0.022284535877975353, -0.5636243737521895, -0.6322152084583834, 0.31914272877496247, 0.2505518940687685, 0.04343496071850351, -0.48804390165103373, 0.6686092860021516, 0.6000184512959578, -0.16932729503281788, -0.02515587398769043], [-0.5331618797373184, -0.5782669993125004, 0.3352258424514089, 0.29012072287622687, 0.511937295195468, 0.46683217562028595, -0.0241241600957236, -0.40928059162335145, -0.11680570164080913, -0.16191082121599115, 0.6301718459150599, -0.06922927967090561], [-0.2548943262080767, 0.5343182422347895, -0.26214706388732123, 0.527065504555545, -0.17532593817334194, 0.6138866302695243, -0.6288006832544234, 0.4996232785787398, -0.1808875895810305, 0.6083249788618358, 0.18785409043998827, 0.1604118851884429]], "inverted": false, "swapped": false, "error_lsq": 0.03761310170364863, "error_max": 0.3060340394402203, "target": "85.xyz", "model": "20.xyz", "model_rescale": 4.509807711582248, "target_rescale": 4.392213444318052},
{"mapping": [7, 8, 3, 4, 0, 1, 2, 6, 9, 10, 11, 12], "R": [[0.5301527897460134, -0.8436339066709944, -0.08496970659920611], [0.8428968367003935, 0.5352428560770586, -0.05513626482582218], [0.09199425093444369, -0.04239005229424676, 0.9948568446070528]], "T": [-0.03335613682731521, 0.01970268373505648, -0.03616865230838626], "aligned_model": [[0.16841361578752873, 0.1003313914699754, -0.5115076615793509, -0.5795898858969042, 0.3669056769385237, 0.29882345262097043, 0.05597294583863212, -0.610787815659318, 0.5533837703559701, 0.4853015460384167, -0.19858718299514933, -0.012109278478921237], [-0.52183776698738, -0.5660158593940063, 0.3213287465200922, 0.2771506541134659, 0.5554523603989356, 0.5112742679923094, -0.023374381787579557, -0.44732811654021737, -0.14131065530944115, -0.18548874771606744, 0.6292104216659444, -0.06755247419420587], [-0.2502973770885738, 0.5468345605074482, -0.2616393699879289, 0.535492567608093, -0.17363954800542583, 0.6234923895905962, -0.6349729175920735, 0.49267642523668786, -0.1963281603343597, 0.6008037772616622, 0.1848476418245977, 0.16215902000394894]], "inverted": false, "swapped": false, "error_lsq": 0.03679098373556222, "error_max": 0.30254712969361924, "target": "85.xyz", "model": "21.xyz", "model_rescale": 4.466005644533646, "target_rescale": 4.392213444318052},
{"mapping": [8, 7, 4, 3, 1, 0, 2, 5, 10, 9, 11, 12], "R": [[-0.5301528456238805, 0.8436338689465117, -0.08496973251247629], [-0.8428968008737043, -0.5352429137724902, -0.05513625244074447], [-0.09199425717824371, 0.04239007457736333, 0.9948568430802237]], "T": [-0.03335613395147478, 0.019702685492858592, -0.036168654591850896], "aligned_model": [[0.16841368228450496, 0.10033143665618041, -0.5115075423575404, -0.5795897879858648, 0.3669058173586613, 0.29882357173033675, 0.05597286533885298, -0.6107877668331109, 0.5533836759981712, 0.4853014303698467, -0.198587427830193, -0.012109380289471568], [-0.5218378447846278, -0.5660159276230655, 0.321328722155127, 0.27715063931668926, 0.555452278132014, 0.5112741952935764, -0.02337433053089017, -0.44732813530287435, -0.14131063629726004, -0.18548871913569775, 0.6292106209081866, -0.06755241336932791], [-0.2502973682984062, 0.5468345744867738, -0.26163938195744463, 0.5354925608277353, -0.17363954127275025, 0.6234924015124297, -0.6349729271684822, 0.49267642218503116, -0.19632815454432084, 0.6008037882408591, 0.18484761939654856, 0.162159015616698]], "inverted": true, "swapped": false, "error_lsq": 0.03679098595154607, "error_max": 0.3025471227502422, "target": "85.xyz", "model": "22.xyz", "model_rescale": 4.46600560860683, "target_rescale": 4.392213444318052},
{"mapping": [9, 8, 1, 0, 5, 4, 3, 10, 7, 6, 12, 13], "R": [[-0.8527052964825443, 0.5151903550183232, 0.08644405963807082], [0.5205053052877116, 0.8519641046212276, 0.05684533054082912], [-0.04436106984690934, 0.09346690608468912, -0.9946336174436261]], "T": [-0.025081418741494138, 0.015088452727018403, 0.16523728877817723], "aligned_model": [[0.09087535634705912, 0.02228453267034497, -0.56362445062108, -0.6322152742977941, 0.31914264850822893, 0.25055182483151484, 0.043435022738534154, -0.48804380633238986, 0.6686092499383336, 0.6000184262616195, -0.1693271546658178, -0.02515580093817999], [-0.5331619693393779, -0.5782670703757637, 0.33522571672314977, 0.290120615686764, 0.5119372316010746, 0.46683213056468886, -0.024124070804789514, -0.4092805069955951, -0.11680574758777325, -0.16191084862415905, 0.6301721397548065, -0.0692291718411753], [-0.2548943222842125, 0.5343182547586425, -0.26214707864427833, 0.5270654983985765, -0.17532596710854093, 0.613886609934314, -0.6288006762807979, 0.49962331210414135, -0.18088760371991486, 0.6083249733229401, 0.18785410778174538, 0.16041190076205686]], "inverted": false, "swapped": false, "error_lsq": 0.03761309592958191, "error_max": 0.30603408417848665, "target": "85.xyz", "model": "23.xyz", "model_rescale": 4.509807674373902, "target_rescale": 4.392213444318052},
{"mapping": [9, 8, 1, 0, 5, 4, 3, 10, 7, 6, 12, 13], "R": [[-0.8527052964825447, 0.5151903550183231, 0.08644405963807024], [0.5205053052877114, 0.851964104621228, 0.05684533054082906], [-0.044361069846908865, 0.09346690608468876, -0.9946336174436264]], "T": [-0.025081418741494124, 0.015088452727018383, 0.16523728877817723], "aligned_model": [[0.09087535634705908, 0.022284532670345372, -0.5636244506210804, -0.632215274297794, 0.31914264850822865, 0.250551824831515, 0.04343502273853371, -0.4880438063323895, 0.6686092499383334, 0.6000184262616197, -0.16932715466581794, -0.025155800938179963], [-0.5331619693393778, -0.5782670703757636, 0.33522571672314955, 0.2901206156867638, 0.5119372316010746, 0.46683213056468886, -0.02412407080478958, -0.40928050699559526, -0.11680574758777308, -0.16191084862415883, 0.6301721397548065, -0.06922917184117533], [-0.2548943222842127, 0.5343182547586426, -0.2621470786442782, 0.5270654983985771, -0.17532596710854137, 0.6138866099343139, -0.628800676280798, 0.4996233121041418, -0.18088760371991547, 0.6083249733229399, 0.18785410778174563, 0.16041190076205705]], "inverted": false, "swapped": false, "error_lsq": 0.03761309592958192, "error_max": 0.3060340841784872, "target": "85.xyz", "model": "24.xyz", "model_rescale": 4.509807674373903, "target_rescale": 4.392213444318052},
{"mapping": [7, 8, 3, 4, 0, 1, 2, 6, 9, 10, 11, 12], "R": [[0.5301528456238808, -0.8436338689465115, -0.08496973251247597], [0.8428968008737041, 0.5352429137724904, -0.0551362524407443], [0.09199425717824342, -0.04239007457736314, 0.9948568430802236]], "T": [-0.03335613395147485, 0.01970268549285857, -0.03616865459185087], "aligned_model": [[0.16841368228450468, 0.10033143665618041, -0.5115075423575405, -0.5795897879858647, 0.36690581735866135, 0.29882357173033713, 0.05597286533885269, -0.6107877668331111, 0.5533836759981711, 0.48530143036984674, -0.19858742783019284, -0.012109380289471602], [-0.5218378447846279, -0.5660159276230655, 0.32132872215512714, 0.2771506393166896, 0.555452278132014, 0.5112741952935764, -0.023374330530890323, -0.4473281353028742, -0.14131063629726037, -0.18548871913569792, 0.6292106209081868, -0.06755241336932792], [-0.250297368298406, 0.5468345744867738, -0.2616393819574443, 0.5354925608277354, -0.17363954127275022, 0.6234924015124297, -0.6349729271684821, 0.49267642218503144, -0.19632815454432076, 0.600803788240859, 0.18484761939654862, 0.16215901561669807]], "inverted": false, "swapped": false, "error_lsq": 0.03679098595154607, "error_max": 0.3025471227502424, "target": "85.xyz", "model": "25.xyz", "model_rescale": 4.466005608606829, "target_rescale": 4.392213444318052},
{"mapping": [8, 7, 4, 3, 1, 0, 2, 5, 10, 9, 11, 12], "R": [[-0.5301527249648748, 0.8436339465293807, -0.08496971504942334], [-0.8428968764777225, -0.5352427925144176, -0.05513627377205692], [-0.09199425980145244, 0.04239006162569574, 0.9948568433895164]], "T": [-0.03335611233509351, 0.019702712758042834, -0.03616864199015471], "aligned_model": [[0.16841361576527708, 0.10033138762798821, -0.5115075769134594, -0.5795898050507482, 0.3669057047442931, 0.29882347660700426, 0.05597291794658337, -0.6107877969488639, 0.5533837242439579, 0.48530149610666895, -0.1985872594976223, -0.012109310190705547], [-0.5218377930861892, -0.5660158907461116, 0.32132882132438023, 0.2771507236644578, 0.555452491126488, 0.5112743934665657, -0.023374436998814835, -0.44732820656838934, -0.1413106689852423, -0.18548876664516464, 0.6292103168686072, -0.06755253465873719], [-0.2502973666095927, 0.5468345354591765, -0.26163934489054114, 0.5354925571782281, -0.1736395149908554, 0.6234923870779138, -0.6349728905953516, 0.49267639382353257, -0.19632814634552656, 0.6008037557232426, 0.1848476317210282, 0.16215901147341774]], "inverted": true, "swapped": false, "error_lsq": 0.03679098527873328, "error_max": 0.30254711794803973, "target": "85.xyz", "model": "26.xyz", "model_rescale": 4.466005838112752, "target_rescale": 4.392213444318052},
{"mapping": [8, 9, 0, 1, 4, 5, 2, 11, 6, 7, 12, 13], "R": [[0.852705231493167, -0.5151904620797565, 0.08644406264302837], [-0.5205054139519503, -0.8519640361181188, 0.05684536223856902], [0.044361044069022415, -0.09346694037664972, -0.9946336153708734]], "T": [-0.025081459639430537, 0.015088459966134067, 0.1652372835557426], "aligned_model": [[0.09087539110003758, 0.022284568365088457, -0.5636244645066245, -0.6322152872415737, 0.3191426143006334, 0.2505517915656843, 0.04343500774510736, -0.488043839113099, 0.6686093091140308, 0.6000184863790816, -0.169327188278151, -0.025155814989841763], [-0.5331618953238509, -0.5782670193242222, 0.33522594630546754, 0.2901208223050963, 0.5119373383707864, 0.46683221437041506, -0.024124188462306434, -0.40928058767039044, -0.11680576926449562, -0.1619108932648669, 0.6301717931828946, -0.06922931246267772], [-0.25489431577033306, 0.5343182213573078, -0.2621470417846632, 0.5270654953429776, -0.175325930554622, 0.6138866065730189, -0.6288006504027144, 0.4996232689944433, -0.1808875853840409, 0.6083249517435999, 0.18785410218477167, 0.16041188672492654]], "inverted": true, "swapped": false, "error_lsq": 0.03761310368182094, "error_max": 0.306034044030969, "target": "85.xyz", "model": "27.xyz", "model_rescale": 4.509807893063789, "target_rescale": 4.392213444318052},
{"mapping": [9, 8, 1, 0, 5, 4, 3, 10, 7, 6, 12, 13], "R": [[-0.8527052314931666, 0.5151904620797572, 0.08644406264302833], [0.5205054139519509, 0.8519640361181183, 0.05684536223856897], [-0.044361044069022346, 0.09346694037664967, -0.9946336153708734]], "T": [-0.02508145963943053, 0.015088459966134093, 0.16523728355574255], "aligned_model": [[0.09087539110003709, 0.022284568365088, -0.5636244645066241, -0.6322152872415733, 0.31914261430063373, 0.25055179156568463, 0.04343500774510726, -0.4880438391130993, 0.6686093091140305, 0.6000184863790813, -0.16932718827815046, -0.025155814989841818], [-0.5331618953238508, -0.5782670193242221, 0.3352259463054679, 0.29012082230509667, 0.511937338370786, 0.4668322143704148, -0.02412418846230644, -0.40928058767038994, -0.11680576926449607, -0.16191089326486732, 0.6301717931828945, -0.06922931246267769], [-0.25489431577033317, 0.5343182213573079, -0.2621470417846633, 0.5270654953429778, -0.17532593055462217, 0.6138866065730189, -0.6288006504027144, 0.49962326899444354, -0.18088758538404112, 0.6083249517435999, 0.1878541021847716, 0.16041188672492648]], "inverted": false, "swapped": false, "error_lsq": 0.03761310368182095, "error_max": 0.3060340440309691, "target": "85.xyz", "model": "28.xyz", "model_rescale": 4.5098078930637895, "target_rescale": 4.392213444318052},
{"mapping": [7, 8, 3, 4, 0, 1, 2, 6, 9, 10, 11, 12], "R": [[0.5301527249648741, -0.8436339465293811, -0.08496971504942379], [0.8428968764777228, 0.5352427925144172, -0.05513627377205723], [0.09199425980145291, -0.042390061625695995, 0.9948568433895164]], "T": [-0.03335611233509341, 0.019702712758042855, -0.03616864199015474], "aligned_model": [[0.16841361576527766, 0.10033138762798843, -0.5115075769134593, -0.5795898050507485, 0.3669057047442929, 0.29882347660700365, 0.055972917946583774, -0.6107877969488636, 0.5533837242439581, 0.48530149610666895, -0.19858725949762274, -0.012109310190705488], [-0.5218377930861892, -0.5660158907461117, 0.32132882132438007, 0.2771507236644575, 0.5554524911264882, 0.5112743934665657, -0.023374436998814634, -0.44732820656838984, -0.14131066898524194, -0.1854887666451645, 0.6292103168686072, -0.06755253465873723], [-0.2502973666095926, 0.5468345354591762, -0.2616393448905411, 0.5354925571782276, -0.17363951499085492, 0.6234923870779139, -0.6349728905953516, 0.49267639382353196, -0.19632814634552617, 0.6008037557232426, 0.1848476317210283, 0.16215901147341777]], "inverted": false, "swapped": false, "error_lsq": 0.036790985278733264, "error_max": 0.30254711794803923, "target": "85.xyz", "model": "29.xyz", "model_rescale": 4.466005838112752, "target_rescale": 4.392213444318052},
