[{"mapping": [3, 2, 10, 9, 5, 4, 11, 0, 7, 6, 8, 11], "R": [[0.855778954159717, -0.5161132021348156, 0.03563066375256379], [-0.5169880732526113, -0.8557092751187308, 0.02202200241415566], [0.019123643268315074, -0.0372665943966385, -0.9991223584777907]], "T": [0.028935230655314646, -0.04094039674924592, -0.20084763281724177], "aligned_model": [[0.6493181125791717, 0.6210528900569294, -0.007761596190697741, -0.03602681871294003, -0.2358494290671884, -0.26411465158943065, 0.060466224016358136, 0.032201001494115866, -0.5868256898967369, -0.6150909124189792, 0.20561270830031317, 0.060466224016358136], [-0.2750190413136563, -0.29248873547776455, 0.5911163232025904, 0.5736466290384823, -0.45632280904936084, -0.4737925032134691, 0.09574170613482731, 0.07827201197071908, 0.1714077088195745, 0.15393801465546625, -0.603749222959428, 0.09574170613482731], [-0.5808732040361844, 0.21171421407752533, -0.5852151657955618, 0.20737225231814804, -0.616436194645253, 0.17615122346845669, -0.19671051809165988, 0.5958769000220496, -0.6151166707310773, 0.17747074738263247, -0.20695203182216532, -0.19671051809165988]], "inverted": false, "swapped": false, "error_lsq": 0.05528655581476236, "error_max": 0.5706164396990274, "target": "86.xyz", "model": "0.xyz", "model_rescale": 4.5108708085295355, "target_rescale": 4.392213560442301},
{"mapping": [3, 2, 10, 9, 5, 4, 11, 0, 7, 6, 8, 11], "R": [[0.855778954159717, -0.5161132021348154, 0.03563066375256367], [-0.5169880732526113, -0.8557092751187308, 0.02202200241415598], [0.019123643268314824, -0.03726659439663871, -0.9991223584777907]], "T": [0.02893523065531463, -0.04094039674924592, -0.20084763281724186], "aligned_model": [[0.6493181125791715, 0.6210528900569293, -0.007761596190697922, -0.0360268187129401, -0.23584942906718828, -0.2641146515894305, 0.06046622401635808, 0.03220100149411591, -0.5868256898967368, -0.615090912418979, 0.20561270830031325, 0.06046622401635808], [-0.2750190413136561, -0.2924887354777646, 0.5911163232025903, 0.573646629038482, -0.4563228090493607, -0.47379250321346916, 0.09574170613482728, 0.0782720119707188, 0.17140770881957457, 0.15393801465546608, -0.6037492229594279, 0.09574170613482728], [-0.5808732040361844, 0.21171421407752497, -0.5852151657955613, 0.20737225231814807, -0.6164361946452529, 0.17615122346845644, -0.19671051809165982, 0.5958769000220497, -0.615116670731077, 0.17747074738263238, -0.20695203182216548, -0.19671051809165982]], "inverted": false, "swapped": false, "error_lsq": 0.05528655581476236, "error_max": 0.5706164396990274, "target": "86.xyz", "model": "1.xyz", "model_rescale": 4.510870808529536, "target_rescale": 4.392213560442301},
{"mapping": [3, 2, 10, 9, 5, 4, 11, 0, 7, 6, 8, 11], "R": [[0.8557789541597172, -0.5161132021348149, 0.03563066375256471], [-0.5169880732526109, -0.855709275118731, 0.022022002414155886], [0.01912364326831577, -0.03726659439663916, -0.9991223584777906]], "T": [0.028935230655314694, -0.040940396749245885, -0.20084763281724166], "aligned_model": [[0.6493181125791719, 0.6210528900569289, -0.007761596190697658, -0.03602681871294067, -0.23584942906718762, -0.2641146515894307, 0.060466224016358094, 0.032201001494115075, -0.5868256898967364, -0.6150909124189795, 0.20561270830031353, 0.060466224016358094], [-0.2750190413136559, -0.2924887354777643, 0.5911163232025903, 0.573646629038482, -0.4563228090493608, -0.47379250321346916, 0.09574170613482735, 0.07827201197071895, 0.17140770881957434, 0.15393801465546592, -0.6037492229594279, 0.09574170613482735], [-0.5808732040361837, 0.2117142140775259, -0.5852151657955614, 0.2073722523181482, -0.6164361946452532, 0.1761512234684564, -0.19671051809165999, 0.5958769000220498, -0.6151166707310777, 0.17747074738263197, -0.20695203182216546, -0.19671051809165999]], "inverted": false, "swapped": false, "error_lsq": 0.05528655581476236, "error_max": 0.5706164396990274, "target": "86.xyz", "model": "2.xyz", "model_rescale": 4.5108708085295355, "target_rescale": 4.392213560442301},
{"mapping": [3, 2, 10, 9, 5, 4, 11, 0, 7, 6, 8, 13], "R": [[0.8552710927423018, -0.5166267805859821, -0.0401014650699037], [-0.5178531104655666, -0.8549187124722336, -0.030694479079414888], [-0.018425902977250417, 0.047018769084082784, -0.9987240466982313]], "T": [0.018339012886746022, -0.019877023565583345, -0.23648639856577872], "aligned_model": [[0.5769863744812944, 0.6088057093137682, -0.07952844043331933, -0.0477091056008455, -0.30836716055063085, -0.27654782571815706, 0.46414078929628055, 0.05022453453156629, -0.6589258283138688, -0.627106493481395, 0.16307030936348788, 0.018405199699092465], [-0.3277972202096899, -0.3034420524961475, 0.5390984676248759, 0.5634536353384182, -0.5080839471770199, -0.48372877946347753, 0.39621939734646316, 0.0888939110756663, 0.12005364306837055, 0.1444088107819129, -0.6351228213086878, 0.06453874336212392], [-0.6466962507961701, 0.14576194971442222, -0.6469783163347257, 0.14547988417586663, -0.6056060405779784, 0.18685215993261392, 0.1300674557751154, 0.5533747360299057, -0.6108351526332925, 0.18162304787729985, -0.22338897462711982, -0.23908346448068643]], "inverted": false, "swapped": false, "error_lsq": 0.04050365157854605, "error_max": 0.3473503273507423, "target": "86.xyz", "model": "3.xyz", "model_rescale": 4.509807743048502, "target_rescale": 4.392213560442301},
{"mapping": [2, 3, 9, 10, 4, 5, 12, 1, 6, 7, 8, 13], "R": [[-0.8552710927423015, 0.5166267805859825, -0.0401014650699035], [0.5178531104655668, 0.8549187124722332, -0.030694479079414933], [0.018425902977250202, -0.04701876908408273, -0.9987240466982312]], "T": [0.018339012886746046, -0.019877023565583365, -0.23648639856577874], "aligned_model": [[0.5769863744812943, 0.6088057093137679, -0.07952844043331886, -0.04770910560084519, -0.30836716055063096, -0.2765478257181573, 0.4641407892962808, 0.050224534531566216, -0.6589258283138686, -0.627106493481395, 0.16307030936348754, 0.018405199699092534], [-0.32779722020969004, -0.30344205249614764, 0.5390984676248757, 0.563453635338418, -0.5080839471770198, -0.4837287794634773, 0.3962193973464629, 0.08889391107566628, 0.12005364306837076, 0.14440881078191314, -0.6351228213086879, 0.06453874336212388], [-0.6466962507961697, 0.14576194971442225, -0.6469783163347255, 0.14547988417586644, -0.6056060405779782, 0.18685215993261373, 0.1300674557751153, 0.5533747360299057, -0.6108351526332924, 0.18162304787729955, -0.22338897462711987, -0.23908346448068657]], "inverted": true, "swapped": false, "error_lsq": 0.040503651578546046, "error_max": 0.34735032735074206, "target": "86.xyz", "model": "4.xyz", "model_rescale": 4.509807743048502, "target_rescale": 4.392213560442301},
{"mapping": [3, 2, 10, 9, 5, 4, 11, 0, 7, 6, 8, 13], "R": [[0.8552710927423018, -0.5166267805859821, -0.040101465069903586], [-0.5178531104655666, -0.8549187124722335, -0.03069447907941547], [-0.01842590297725002, 0.04701876908408323, -0.9987240466982313]], "T": [0.018339012886746036, -0.0198770235655834, -0.23648639856577866], "aligned_model": [[0.5769863744812944, 0.6088057093137682, -0.07952844043331928, -0.04770910560084553, -0.3083671605506308, -0.276547825718157, 0.4641407892962806, 0.05022453453156622, -0.6589258283138688, -0.627106493481395, 0.16307030936348788, 0.01840519969909247], [-0.32779722020969015, -0.3034420524961473, 0.5390984676248756, 0.5634536353384183, -0.5080839471770201, -0.4837287794634773, 0.3962193973464633, 0.08889391107566669, 0.12005364306837024, 0.1444088107819131, -0.6351228213086879, 0.06453874336212387], [-0.6466962507961698, 0.14576194971442244, -0.646978316334726, 0.14547988417586624, -0.6056060405779781, 0.18685215993261414, 0.13006745577511516, 0.5533747360299057, -0.6108351526332926, 0.1816230478772997, -0.22338897462711968, -0.2390834644806867]], "inverted": false, "swapped": false, "error_lsq": 0.04050365157854605, "error_max": 0.34735032735074206, "target": "86.xyz", "model": "5.xyz", "model_rescale": 4.509807743048502, "target_rescale": 4.392213560442301},
{"mapping": [3, 2, 10, 9, 5, 4, 11, 0, 7, 6, 8, 13], "R": [[0.8552710680249805, -0.5166268227268249, -0.040101449332844465], [-0.5178531514865425, -0.8549186883287682, -0.030694459462164727], [-0.018425897396462457, 0.047018745042846505, -0.9987240479330267]], "T": [0.018339025558671642, -0.01987700704371896, -0.23648640229658252], "aligned_model": [[0.5769863414654578, 0.6088056649162018, -0.0795285688938626, -0.04770924544311862, -0.3083672337412836, -0.2765479102905396, 0.4641408885254108, 0.0502245972279739, -0.6589257686672246, -0.6271064452164806, 0.16307046892750865, 0.018405273777229923], [-0.3277973289130427, -0.303442175919297, 0.5390982312056779, 0.5634533841994237, -0.5080840200680845, -0.4837288670743389, 0.3962194950645508, 0.08889401063686188, 0.12005379860279776, 0.14440895159654343, -0.6351225490314005, 0.06453885764311618], [-0.6466962593794627, 0.14576196963495458, -0.6469783104771072, 0.14547991853731013, -0.6056060661915001, 0.18685216282291717, 0.13006747461503226, 0.5533747569951804, -0.6108351837802131, 0.18162304523420425, -0.22338900193682792, -0.23908347201923677]], "inverted": false, "swapped": false, "error_lsq": 0.04050366429878549, "error_max": 0.34735032460103027, "target": "86.xyz", "model": "6.xyz", "model_rescale": 4.509807586411629, "target_rescale": 4.392213560442301},
{"mapping": [3, 2, 10, 9, 5, 4, 11, 0, 7, 6, 8, 13], "R": [[0.8552710680249805, -0.5166268227268251, -0.04010144933284403], [-0.5178531514865425, -0.8549186883287682, -0.030694459462164685], [-0.018425897396462096, 0.04701874504284625, -0.9987240479330267]], "T": [0.01833902555867169, -0.019877007043718958, -0.23648640229658258], "aligned_model": [[0.5769863414654581, 0.6088056649162017, -0.0795285688938623, -0.04770924544311868, -0.30836723374128355, -0.2765479102905399, 0.46414088852541074, 0.05022459722797362, -0.6589257686672243, -0.6271064452164807, 0.16307046892750862, 0.01840527377722999], [-0.3277973289130427, -0.303442175919297, 0.539098231205678, 0.5634533841994236, -0.5080840200680845, -0.4837288670743389, 0.3962194950645508, 0.08889401063686185, 0.12005379860279776, 0.14440895159654346, -0.6351225490314005, 0.06453885764311618], [-0.6466962593794624, 0.1457619696349547, -0.6469783104771071, 0.14547991853731002, -0.6056060661915001, 0.18685216282291695, 0.13006747461503232, 0.5533747569951805, -0.6108351837802133, 0.18162304523420386, -0.22338900193682784, -0.23908347201923671]], "inverted": false, "swapped": false, "error_lsq": 0.040503664298785484, "error_max": 0.34735032460103044, "target": "86.xyz", "model": "7.xyz", "model_rescale": 4.509807586411629, "target_rescale": 4.392213560442301},
{"mapping": [3, 2, 10, 9, 5, 4, 11, 0, 7, 6, 8, 13], "R": [[0.8552710680249809, -0.5166268227268249, -0.0401014493328442], [-0.5178531514865423, -0.8549186883287684, -0.030694459462164318], [-0.01842589739646245, 0.04701874504284602, -0.9987240479330269]], "T": [0.018339025558671677, -0.019877007043718906, -0.23648640229658247], "aligned_model": [[0.5769863414654582, 0.608805664916202, -0.07952856889386259, -0.04770924544311882, -0.3083672337412835, -0.2765479102905397, 0.46414088852541074, 0.050224597227973705, -0.6589257686672246, -0.6271064452164808, 0.1630704689275088, 0.018405273777229933], [-0.3277973289130423, -0.30344217591929695, 0.5390982312056781, 0.5634533841994235, -0.5080840200680844, -0.4837288670743391, 0.39621949506455084, 0.08889401063686163, 0.12005379860279773, 0.1444089515965431, -0.6351225490314004, 0.06453885764311623], [-0.6466962593794627, 0.1457619696349547, -0.646978310477107, 0.1454799185373104, -0.6056060661915005, 0.18685216282291695, 0.1300674746150326, 0.5533747569951807, -0.6108351837802133, 0.1816230452342042, -0.2233890019368284, -0.23908347201923696]], "inverted": false, "swapped": false, "error_lsq": 0.0405036642987855, "error_max": 0.3473503246010306, "target": "86.xyz", "model": "8.xyz", "model_rescale": 4.509807586411629, "target_rescale": 4.392213560442301},
{"mapping": [3, 2, 12, 11, 7, 6, 9, 0, 5, 4, 8, 13], "R": [[-0.8552711274593859, 0.5166267264060631, -0.04010142263443848], [0.5178530543231641, 0.8549187464558701, -0.03069447973975179], [0.018425869383046002, -0.047018746487744824, -0.9987240483818342]], "T": [0.018338986275631488, -0.01987700193468464, -0.2364864020597583], "aligned_model": [[0.576986356947641, 0.6088056597921085, -0.07952854955481103, -0.04770924671034345, -0.3083671002007528, -0.27654779735628526, 0.4641406868588288, 0.05022471742841916, -0.6589258275034562, -0.6271065246589886, 0.16307027296096135, 0.018405414583951587], [-0.32779727219590427, -0.30344210266997873, 0.5390984184317305, 0.563453587957656, -0.5080838772924208, -0.48372870776649524, 0.3962193747266779, 0.08889391895033501, 0.12005372319595439, 0.14440889272187993, -0.635122917541036, 0.06453874942440947], [-0.6466962487749686, 0.14576199499375048, -0.646978339189674, 0.14547990457904497, -0.6056060829980021, 0.18685216077071692, 0.1300674957494039, 0.5533747665272055, -0.6108352082790762, 0.18162303548964276, -0.2233889675712792, -0.23908347724151344]], "inverted": false, "swapped": false, "error_lsq": 0.04050366561834869, "error_max": 0.34735039206674423, "target": "86.xyz", "model": "9.xyz", "model_rescale": 4.509807504472865, "target_rescale": 4.392213560442301},
{"mapping": [2, 3, 11, 12, 6, 7, 10, 1, 4, 5, 8, 13], "R": [[0.8552711274593856, -0.5166267264060632, -0.040101422634438555], [-0.5178530543231642, -0.8549187464558696, -0.03069447973975196], [-0.018425869383045967, 0.04701874648774502, -0.9987240483818339]], "T": [0.018338986275631474, -0.019877001934684675, -0.23648640205975835], "aligned_model": [[0.5769863569476408, 0.6088056597921083, -0.0795285495548109, -0.04770924671034327, -0.3083671002007529, -0.27654779735628526, 0.46414068685882887, 0.05022471742841925, -0.6589258275034561, -0.6271065246589885, 0.16307027296096116, 0.01840541458395159], [-0.32779727219590443, -0.3034421026699788, 0.5390984184317302, 0.5634535879576559, -0.5080838772924207, -0.483728707766495, 0.3962193747266777, 0.08889391895033508, 0.12005372319595445, 0.1444088927218801, -0.6351229175410359, 0.0645387494244094], [-0.6466962487749683, 0.1457619949937503, -0.646978339189674, 0.1454799045790447, -0.6056060829980018, 0.18685216077071687, 0.13006749574940363, 0.5533747665272055, -0.610835208279076, 0.1816230354896426, -0.22338896757127924, -0.2390834772415136]], "inverted": true, "swapped": false, "error_lsq": 0.040503665618348686, "error_max": 0.3473503920667439, "target": "86.xyz", "model": "10.xyz", "model_rescale": 4.509807504472865, "target_rescale": 4.392213560442301},
{"mapping": [3, 2, 12, 11, 7, 6, 9, 0, 5, 4, 8, 13], "R": [[-0.8552711274593859, 0.5166267264060632, -0.04010142263443836], [0.5178530543231642, 0.85491874645587, -0.03069447973975189], [0.018425869383045836, -0.04701874648774484, -0.9987240483818342]], "T": [0.018338986275631502, -0.019877001934684654, -0.23648640205975824], "aligned_model": [[0.576986356947641, 0.6088056597921085, -0.07952854955481091, -0.04770924671034342, -0.3083671002007528, -0.2765477973562853, 0.46414068685882887, 0.050224717428419094, -0.6589258275034563, -0.6271065246589888, 0.1630702729609613, 0.018405414583951597], [-0.32779727219590443, -0.3034421026699788, 0.5390984184317305, 0.5634535879576561, -0.5080838772924208, -0.4837287077664952, 0.39621937472667784, 0.08889391895033506, 0.1200537231959544, 0.14440889272188, -0.635122917541036, 0.06453874942440943], [-0.6466962487749683, 0.1457619949937506, -0.646978339189674, 0.14547990457904492, -0.605606082998002, 0.18685216077071692, 0.1300674957494039, 0.5533747665272055, -0.6108352082790762, 0.18162303548964265, -0.22338896757127935, -0.2390834772415137]], "inverted": false, "swapped": false, "error_lsq": 0.04050366561834869, "error_max": 0.34735039206674423, "target": "86.xyz", "model": "11.xyz", "model_rescale": 4.509807504472865, "target_rescale": 4.392213560442301},
{"mapping": [3, 2, 12, 11, 7, 6, 9, 0, 5, 4, 8, 13], "R": [[-0.8552710599733439, 0.5166268378157213, -0.040101426665409376], [0.5178531661621957, 0.8549186781554428, -0.030694495218847425], [0.018425858673676285, -0.04701876422747371, -0.99872404774425]], "T": [0.018339052585435816, -0.01987689759487396, -0.23648640246900948], "aligned_model": [[0.5769863506565237, 0.6088056548505582, -0.07952851928288904, -0.04770921508885463, -0.3083671930971419, -0.27654788890310744, 0.46414089605730463, 0.050224681528434886, -0.6589258181729662, -0.6271065139789318, 0.1630702506839424, 0.018405377334400484], [-0.32779723127003757, -0.3034420508770841, 0.5390983049667629, 0.5634534853597165, -0.508083899230438, -0.4837287188374845, 0.39621959396089623, 0.08889383962085627, 0.12005371033503939, 0.14440889072799287, -0.6351227960413147, 0.06453865922790278], [-0.6466962189822555, 0.14576197823403597, -0.6469783169063725, 0.14547988030991887, -0.6056060414019524, 0.18685215581433912, 0.13006745497520744, 0.5533747283922581, -0.6108351793905453, 0.18162301782574608, -0.22338895599109576, -0.23908346882403328]], "inverted": false, "swapped": false, "error_lsq": 0.040503662446020855, "error_max": 0.34735030973687747, "target": "86.xyz", "model": "12.xyz", "model_rescale": 4.509807766519439, "target_rescale": 4.392213560442301},
{"mapping": [2, 3, 11, 12, 6, 7, 10, 1, 4, 5, 8, 13], "R": [[0.8552710599733442, -0.516626837815721, -0.040101426665408495], [-0.5178531661621952, -0.8549186781554432, -0.030694495218847387], [-0.01842585867367557, 0.04701876422747321, -0.9987240477442502]], "T": [0.0183390525854359, -0.01987689759487394, -0.2364864024690095], "aligned_model": [[0.5769863506565243, 0.608805654850558, -0.07952851928288884, -0.047709215088855145, -0.30836719309714133, -0.27654788890310766, 0.46414089605730424, 0.050224681528434234, -0.6589258181729659, -0.6271065139789321, 0.16307025068394276, 0.01840537733440053], [-0.32779723127003724, -0.30344205087708376, 0.539098304966763, 0.5634534853597164, -0.5080838992304382, -0.4837287188374847, 0.39621959396089657, 0.08889383962085629, 0.12005371033503903, 0.1444088907279925, -0.6351227960413148, 0.0645386592279028], [-0.6466962189822548, 0.14576197823403644, -0.6469783169063725, 0.1454798803099188, -0.6056060414019525, 0.1868521558143388, 0.1300674549752078, 0.5533747283922583, -0.6108351793905459, 0.18162301782574544, -0.2233889559910958, -0.2390834688240334]], "inverted": true, "swapped": false, "error_lsq": 0.04050366244602084, "error_max": 0.3473503097368779, "target": "86.xyz", "model": "13.xyz", "model_rescale": 4.509807766519439, "target_rescale": 4.392213560442301},
{"mapping": [2, 3, 11, 12, 6, 7, 10, 1, 4, 5, 8, 13], "R": [[0.8552710599733442, -0.5166268378157214, -0.04010142666540872], [-0.5178531661621956, -0.8549186781554431, -0.030694495218847352], [-0.018425858673675764, 0.047018764227473316, -0.9987240477442503]], "T": [0.018339052585435882, -0.019876897594873946, -0.23648640246900965], "aligned_model": [[0.5769863506565243, 0.608805654850558, -0.07952851928288882, -0.04770921508885493, -0.3083671930971416, -0.2765478889031077, 0.4641408960573045, 0.050224681528434414, -0.6589258181729659, -0.6271065139789321, 0.16307025068394262, 0.018405377334400553], [-0.3277972312700374, -0.3034420508770839, 0.539098304966763, 0.5634534853597164, -0.5080838992304382, -0.48372871883748464, 0.39621959396089645, 0.08889383962085624, 0.12005371033503924, 0.14440889072799268, -0.6351227960413148, 0.06453865922790283], [-0.6466962189822552, 0.14576197823403647, -0.6469783169063728, 0.14547988030991893, -0.6056060414019526, 0.186852155814339, 0.13006745497520789, 0.5533747283922581, -0.6108351793905459, 0.18162301782574575, -0.2233889559910956, -0.23908346882403314]], "inverted": true, "swapped": false, "error_lsq": 0.04050366244602085, "error_max": 0.3473503097368779, "target": "86.xyz", "model": "14.xyz", "model_rescale": 4.509807766519439, "target_rescale": 4.392213560442301},
{"mapping": [3, 2, 10, 9, 7, 6, 11, 0, 5, 4, 8, 11], "R": [[-0.8557789650738771, 0.5161131814266944, 0.03563070157462444], [0.5169880536920091, 0.8557092872925511, 0.02202198858010914], [-0.019123683662733003, 0.03726660165470043, -0.9991223574339019]], "T": [0.02893505293798367, -0.04094041630545816, -0.20084764348026668], "aligned_model": [[0.6493179682747625, 0.6210527134155293, -0.00776173878658953, -0.036026993645822875, -0.23584945128100573, -0.26411470614023913, 0.0604663874438605, 0.03220113258462716, -0.5868256408623065, -0.6150908957215397, 0.20561289986213707, 0.0604663874438605], [-0.2750189196294859, -0.29248860426143863, 0.5911161972122897, 0.573646512580337, -0.4563228374052106, -0.4737925220371634, 0.09574162156868443, 0.0782719369367317, 0.17140791409580194, 0.1539382294638492, -0.6037493621502716, 0.09574162156868443], [-0.5808732168382587, 0.21171426587747938, -0.58521522086694, 0.20737226184879803, -0.6164362374354718, 0.1761512452802662, -0.19671051871627357, 0.5958769639994643, -0.6151167278074874, 0.1774707549082506, -0.2069520174783028, -0.19671051871627357]], "inverted": false, "swapped": false, "error_lsq": 0.05528654836126148, "error_max": 0.5706163385722557, "target": "86.xyz", "model": "15.xyz", "model_rescale": 4.510870436145588, "target_rescale": 4.392213560442301},
{"mapping": [3, 2, 10, 9, 7, 6, 11, 0, 5, 4, 8, 11], "R": [[-0.8557789650738771, 0.5161131814266944, 0.03563070157462444], [0.5169880536920091, 0.8557092872925511, 0.02202198858010914], [-0.019123683662733003, 0.03726660165470043, -0.9991223574339019]], "T": [0.028935052937983676, -0.04094041630545816, -0.20084764348026676], "aligned_model": [[0.6493179682747625, 0.6210527134155293, -0.007761738786589523, -0.03602699364582286, -0.23584945128100573, -0.26411470614023913, 0.0604663874438605, 0.03220113258462716, -0.5868256408623065, -0.6150908957215397, 0.20561289986213707, 0.0604663874438605], [-0.2750189196294859, -0.29248860426143863, 0.5911161972122897, 0.573646512580337, -0.4563228374052106, -0.4737925220371634, 0.09574162156868443, 0.07827193693673168, 0.17140791409580194, 0.1539382294638492, -0.6037493621502716, 0.09574162156868443], [-0.5808732168382585, 0.2117142658774793, -0.5852152208669399, 0.20737226184879795, -0.6164362374354717, 0.17615124528026613, -0.19671051871627357, 0.5958769639994643, -0.6151167278074874, 0.1774707549082505, -0.20695201747830277, -0.19671051871627357]], "inverted": false, "swapped": false, "error_lsq": 0.05528654836126148, "error_max": 0.5706163385722557, "target": "86.xyz", "model": "16.xyz", "model_rescale": 4.510870436145588, "target_rescale": 4.392213560442301},
{"mapping": [3, 2, 10, 9, 7, 6, 11, 0, 5, 4, 8, 11], "R": [[-0.855778965073877, 0.5161131814266946, 0.03563070157462392], [0.5169880536920091, 0.8557092872925511, 0.02202198858010909], [-0.019123683662732576, 0.03726660165470012, -0.999122357433902]], "T": [0.028935052937983635, -0.040940416305458166, -0.2008476434802666], "aligned_model": [[0.6493179682747622, 0.6210527134155291, -0.0077617387865896, -0.03602699364582253, -0.23584945128100612, -0.264114706140239, 0.0604663874438605, 0.03220113258462756, -0.5868256408623066, -0.6150908957215396, 0.20561289986213688, 0.0604663874438605], [-0.27501891962948594, -0.29248860426143863, 0.5911161972122897, 0.573646512580337, -0.4563228374052106, -0.4737925220371634, 0.09574162156868443, 0.07827193693673173, 0.17140791409580192, 0.15393822946384922, -0.6037493621502716, 0.09574162156868443], [-0.580873216838259, 0.21171426587747919, -0.58521522086694, 0.20737226184879817, -0.6164362374354716, 0.17615124528026652, -0.19671051871627382, 0.5958769639994644, -0.615116727807487, 0.17747075490825107, -0.20695201747830308, -0.19671051871627382]], "inverted": false, "swapped": false, "error_lsq": 0.05528654836126148, "error_max": 0.5706163385722557, "target": "86.xyz", "model": "17.xyz", "model_rescale": 4.510870436145588, "target_rescale": 4.392213560442301},
{"mapping": [3, 4, 7, 8, 0, 1, 6, 2, 9, 10, 11, 12], "R": [[-0.5311641538368819, 0.8461345284355308, 0.04382923074765761], [-0.8458254315972356, -0.532567598419154, 0.03083978562515259], [0.0494366356268303, -0.02069088937761731, 0.9985629204785563]], "T": [0.05207352857843317, -0.007171110332970826, -0.03885439154952333], "aligned_model": [[0.5223634299985316, 0.5574817284940534, -0.15976878049446777, -0.12465048199894593, -0.35827774279701186, -0.32315944430149, 0.5884186526530711, 0.04000674509763824, -0.5455833035057067, -0.5104650050101849, 0.1921938178496695, 0.004888446602116403], [-0.3146903116612374, -0.2899798438148472, 0.5267556907335248, 0.5514661585799151, -0.5524366553374314, -0.527726187491041, 0.4353851554712329, 0.08750595905762658, 0.14434690822443488, 0.1690573760708251, -0.6339879531014304, 0.06279549121123633], [-0.6518035459397368, 0.14829789571744134, -0.6478505494443135, 0.15225089221286459, -0.6058075746308185, 0.19429386702635967, 0.12453770777235976, 0.5605557451465066, -0.6191058824434028, 0.18099555921377528, -0.22624738406511297, -0.23954569651067165]], "inverted": false, "swapped": false, "error_lsq": 0.03941778521606618, "error_max": 0.3351060496935684, "target": "86.xyz", "model": "18.xyz", "model_rescale": 4.466005644533647, "target_rescale": 4.392213560442301},
{"mapping": [1, 0, 9, 8, 5, 4, 10, 2, 7, 6, 12, 13], "R": [[0.855271050056256, -0.5166268558669785, -0.04010140561962708], [-0.5178531826711376, -0.8549186692149934, -0.030694465707009563], [-0.01842585501525308, 0.04701872844585993, -0.998724049496302]], "T": [0.018339026642741302, -0.019876942546259387, -0.2364864002342128], "aligned_model": [[0.5769863342801118, 0.6088056221625495, -0.07952852638040006, -0.047709238497962256, -0.30836722474138106, -0.27654793685894324, 0.46414087588599906, 0.050224755569286225, -0.6589258414604826, -0.6271065535780449, 0.1630703285196924, 0.018405467686848427], [-0.32779727930839436, -0.30344212203552984, 0.5390982805758558, 0.5634534378487205, -0.5080839330083418, -0.4837287757354772, 0.39621953465874665, 0.08889396221981477, 0.12005369134308086, 0.1444088486159454, -0.6351226621785632, 0.06453880494695022], [-0.6466962184828746, 0.14576198977711835, -0.646978305723998, 0.14547990253599513, -0.6056060647840398, 0.1868521434759533, 0.13006748330506446, 0.5533747336415902, -0.6108351923794582, 0.18162301588053487, -0.22338897857223228, -0.23908347461840299]], "inverted": false, "swapped": false, "error_lsq": 0.04050367201602656, "error_max": 0.3473503387863246, "target": "86.xyz", "model": "19.xyz", "model_rescale": 4.509807711582247, "target_rescale": 4.392213560442301},
{"mapping": [1, 0, 9, 8, 5, 4, 10, 2, 7, 6, 12, 13], "R": [[0.8552710500562563, -0.5166268558669781, -0.0401014056196262], [-0.5178531826711371, -0.8549186692149935, -0.03069446570701], [-0.018425855015252124, 0.047018728445859824, -0.9987240494963019]], "T": [0.018339026642741417, -0.01987694254625943, -0.23648640023421272], "aligned_model": [[0.5769863342801123, 0.6088056221625493, -0.0795285263803999, -0.047709238497962804, -0.3083672247413803, -0.27654793685894313, 0.4641408758859985, 0.0502247555692856, -0.658925841460482, -0.627106553578045, 0.16307032851969278, 0.018405467686848507], [-0.3277972793083942, -0.30344212203552934, 0.5390982805758555, 0.5634534378487204, -0.5080839330083419, -0.48372877573547707, 0.3962195346587468, 0.08889396221981503, 0.1200536913430803, 0.14440884861594522, -0.635122662178563, 0.06453880494695013], [-0.6466962184828741, 0.14576198977711904, -0.6469783057239983, 0.14547990253599488, -0.6056060647840399, 0.18685214347595328, 0.13006748330506476, 0.5533747336415901, -0.6108351923794588, 0.18162301588053434, -0.22338897857223164, -0.23908347461840274]], "inverted": false, "swapped": false, "error_lsq": 0.040503672016026566, "error_max": 0.34735033878632504, "target": "86.xyz", "model": "20.xyz", "model_rescale": 4.509807711582248, "target_rescale": 4.392213560442301},
{"mapping": [4, 3, 8, 7, 1, 0, 5, 2, 10, 9, 11, 12], "R": [[0.5311641538368812, -0.8461345284355312, 0.043829230747657565], [0.8458254315972359, 0.5325675984191534, 0.030839785625152515], [-0.0494366356268302, 0.02069088937761735, 0.9985629204785562]], "T": [0.0520735285784332, -0.00717111033297077, -0.03885439154952326], "aligned_model": [[0.5223634299985319, 0.5574817284940538, -0.15976878049446816, -0.12465048199894638, -0.3582777427970115, -0.3231594443014897, 0.5884186526530708, 0.04000674509763817, -0.5455833035057069, -0.5104650050101851, 0.19219381784967, 0.004888446602116361], [-0.31469031166123695, -0.28997984381484676, 0.5267556907335249, 0.5514661585799151, -0.5524366553374317, -0.5277261874910415, 0.43538515547123335, 0.08750595905762658, 0.14434690822443455, 0.16905737607082474, -0.6339879531014304, 0.06279549121123638], [-0.6518035459397367, 0.14829789571744117, -0.6478505494443134, 0.15225089221286453, -0.6058075746308184, 0.19429386702635948, 0.12453770777235969, 0.5605557451465066, -0.6191058824434027, 0.1809955592137752, -0.22624738406511302, -0.23954569651067165]], "inverted": true, "swapped": false, "error_lsq": 0.039417785216066176, "error_max": 0.3351060496935684, "target": "86.xyz", "model": "21.xyz", "model_rescale": 4.466005644533646, "target_rescale": 4.392213560442301},
{"mapping": [3, 4, 7, 8, 0, 1, 6, 2, 9, 10, 11, 12], "R": [[-0.5311642145822808, 0.8461344913460733, 0.043829210598761846], [-0.8458253934500077, -0.5325676583716976, 0.03083979655618066], [0.04943663562914289, -0.020690862983659956, 0.9985629210253417]], "T": [0.05207352840955343, -0.007171113157264819, -0.038854389687410104], "aligned_model": [[0.5223633309015983, 0.557481613535268, -0.15976882583577107, -0.12465054320210123, -0.3582778667703282, -0.32315958413665835, 0.5884185896207306, 0.04000683283789617, -0.5455831900962904, -0.5104649074626206, 0.19219406299132394, 0.004888550204226308], [-0.31469029910232194, -0.28997982229863006, 0.5267557582149647, 0.5514662350186565, -0.5524365819500898, -0.527726105146398, 0.43538518030761847, 0.08750590663791395, 0.14434688098826212, 0.169057357791954, -0.6339881523533438, 0.06279542983422208], [-0.6518035318603318, 0.14829791667138204, -0.6478505623978655, 0.15225088613384835, -0.6058075765302856, 0.19429387200142823, 0.12453771904144557, 0.5605557479149119, -0.6191059030541383, 0.18099554547757563, -0.226247378725918, -0.2395457006168022]], "inverted": false, "swapped": false, "error_lsq": 0.03941778841705172, "error_max": 0.3351060594908623, "target": "86.xyz", "model": "22.xyz", "model_rescale": 4.46600560860683, "target_rescale": 4.392213560442301},
{"mapping": [0, 1, 8, 9, 4, 5, 11, 3, 6, 7, 12, 13], "R": [[-0.8552710835680805, 0.5166267989265967, -0.040101424452748204], [0.5178531270633493, 0.8549187020756097, -0.030694488626880477], [0.01842586234053252, -0.0470187566000305, -0.9987240480356899]], "T": [0.018339014664572776, -0.019876958483044164, -0.2364864009560262], "aligned_model": [[0.5769863957836966, 0.6088056988721894, -0.07952852704240901, -0.04770922395391618, -0.3083671578841748, -0.276547854795682, 0.4641407907215453, 0.05022469593990456, -0.6589258187197795, -0.6271065156312867, 0.16307018644577376, 0.01840539285141174], [-0.3277971747705963, -0.30344199911054376, 0.5390983492877484, 0.5634535249478008, -0.5080838870742994, -0.48372871141424684, 0.39621946399951036, 0.08889387053388093, 0.12005371940733542, 0.14440889506738788, -0.6351229578049976, 0.06453869487382846], [-0.6466962332031939, 0.14576198043605387, -0.6469783243620517, 0.14547988927719607, -0.605606057025418, 0.18685215661382976, 0.13006747306160926, 0.5533747417737551, -0.610835190112563, 0.1816230235266847, -0.22338895406515838, -0.23908347186549253]], "inverted": true, "swapped": false, "error_lsq": 0.040503664020926027, "error_max": 0.34735034764728673, "target": "86.xyz", "model": "23.xyz", "model_rescale": 4.509807674373902, "target_rescale": 4.392213560442301},
{"mapping": [1, 0, 9, 8, 5, 4, 10, 2, 7, 6, 12, 13], "R": [[0.8552710835680805, -0.5166267989265967, -0.040101424452747406], [-0.5178531270633493, -0.8549187020756096, -0.03069448862688101], [-0.018425862340531556, 0.04701875660003055, -0.9987240480356899]], "T": [0.01833901466457284, -0.019876958483044223, -0.2364864009560262], "aligned_model": [[0.5769863957836969, 0.608805698872189, -0.07952852704240862, -0.04770922395391641, -0.30836715788417435, -0.2765478547956821, 0.4641407907215449, 0.05022469593990399, -0.658925818719779, -0.6271065156312868, 0.16307018644577378, 0.018405392851411795], [-0.3277971747705965, -0.30344199911054365, 0.5390983492877478, 0.5634535249478007, -0.5080838870742995, -0.4837287114142466, 0.3962194639995104, 0.08889387053388129, 0.12005371940733514, 0.14440889506738805, -0.6351229578049977, 0.06453869487382838], [-0.6466962332031934, 0.1457619804360546, -0.6469783243620522, 0.1454798892771958, -0.605606057025418, 0.18685215661382987, 0.13006747306160954, 0.5533747417737549, -0.6108351901125637, 0.1816230235266842, -0.22338895406515794, -0.23908347186549256]], "inverted": false, "swapped": false, "error_lsq": 0.04050366402092604, "error_max": 0.34735034764728706, "target": "86.xyz", "model": "24.xyz", "model_rescale": 4.509807674373903, "target_rescale": 4.392213560442301},
{"mapping": [4, 3, 8, 7, 1, 0, 5, 2, 10, 9, 11, 12], "R": [[0.5311642145822804, -0.8461344913460735, 0.043829210598761915], [0.845825393450008, 0.5325676583716972, 0.030839796556180646], [-0.04943663562914292, 0.020690862983660054, 0.9985629210253417]], "T": [0.05207352840955344, -0.007171113157264798, -0.03885438968741001], "aligned_model": [[0.5223633309015984, 0.5574816135352684, -0.1597688258357714, -0.12465054320210149, -0.358277866770328, -0.32315958413665813, 0.5884185896207306, 0.04000683283789618, -0.5455831900962906, -0.5104649074626207, 0.19219406299132424, 0.004888550204226266], [-0.3146902991023217, -0.28997982229862984, 0.5267557582149647, 0.5514662350186565, -0.55243658195009, -0.5277261051463982, 0.43538518030761875, 0.08750590663791397, 0.14434688098826187, 0.16905735779195374, -0.6339881523533438, 0.0627954298342221], [-0.6518035318603319, 0.14829791667138192, -0.6478505623978654, 0.15225088613384832, -0.6058075765302855, 0.1942938720014282, 0.12453771904144545, 0.5605557479149119, -0.6191059030541382, 0.18099554547757563, -0.22624737872591805, -0.23954570061680217]], "inverted": true, "swapped": false, "error_lsq": 0.039417788417051715, "error_max": 0.33510605949086214, "target": "86.xyz", "model": "25.xyz", "model_rescale": 4.466005608606829, "target_rescale": 4.392213560442301},
{"mapping": [3, 4, 7, 8, 0, 1, 6, 2, 9, 10, 11, 12], "R": [[-0.5311640896416155, 0.8461345691302592, 0.043829223104512254], [-0.8458254730325644, -0.5325675335376588, 0.03083976963035963], [0.049436616433902646, -0.020690895204556768, 0.9985629213080175]], "T": [0.05207350394175492, -0.0071711399893662105, -0.038854393166398576], "aligned_model": [[0.5223633521935738, 0.5574816430428001, -0.1597687739419784, -0.124650483092752, -0.35827776455657334, -0.32315947370734693, 0.5884186296442787, 0.0400067700592443, -0.5455832512404484, -0.510464960391222, 0.19219389536767958, 0.004888479210017907], [-0.3146903749767343, -0.28997992101729353, 0.5267557282780896, 0.5514661822375304, -0.5524367763488998, -0.5277263223894589, 0.43538523903740944, 0.08750600746766139, 0.14434693238640964, 0.16905738634585044, -0.6339878465859772, 0.06279555350822061], [-0.6518035189151419, 0.1482978887262328, -0.6478505209836372, 0.15225088665773748, -0.6058075588712318, 0.19429384877014283, 0.12453770495049762, 0.5605557137826609, -0.6191058646781642, 0.1809955429632105, -0.22624739448834294, -0.2395456938587138]], "inverted": false, "swapped": false, "error_lsq": 0.03941778831368136, "error_max": 0.33510605990240067, "target": "86.xyz", "model": "26.xyz", "model_rescale": 4.466005838112752, "target_rescale": 4.392213560442301},
{"mapping": [0, 1, 8, 9, 4, 5, 11, 3, 6, 7, 12, 13], "R": [[-0.8552710193959171, 0.5166269056283884, -0.04010141845752158], [0.5178532328940596, 0.8549186390309361, -0.030694459087321165], [0.018425866672694503, -0.047018730505284496, -0.9987240491842739]], "T": [0.018339056514041333, -0.01987696324982024, -0.23648639713608346], "aligned_model": [[0.5769864138526618, 0.608805710641135, -0.07952855905347532, -0.04770926226500223, -0.3083671196902408, -0.2765478229017677, 0.46414082151545116, 0.050224704456607094, -0.6589258750639677, -0.6271065782754945, 0.16307022170323274, 0.018405407668133998], [-0.3277973761407098, -0.30344222510046204, 0.5390983022997461, 0.5634534533399939, -0.5080839706901669, -0.48372881964991915, 0.39621952684179773, 0.08889398930790388, 0.12005376385217559, 0.14440891489242336, -0.6351226092776306, 0.06453883826765613], [-0.6466962084051546, 0.1457619677175275, -0.646978280598128, 0.14547989552455412, -0.6056060473487963, 0.18685212877388577, 0.13006747054604398, 0.5533747071092212, -0.6108351640954975, 0.18162301202718453, -0.2233889781821285, -0.2390834690134608]], "inverted": true, "swapped": false, "error_lsq": 0.04050367355572947, "error_max": 0.34735034074603427, "target": "86.xyz", "model": "27.xyz", "model_rescale": 4.509807893063789, "target_rescale": 4.392213560442301},
{"mapping": [1, 0, 9, 8, 5, 4, 10, 2, 7, 6, 12, 13], "R": [[0.8552710193959173, -0.5166269056283879, -0.040101418457521756], [-0.517853232894059, -0.8549186390309362, -0.03069445908732148], [-0.01842586667269452, 0.04701873050528485, -0.9987240491842737]], "T": [0.018339056514041305, -0.019876963249820256, -0.2364863971360835], "aligned_model": [[0.5769864138526618, 0.608805710641135, -0.07952855905347578, -0.04770926226500255, -0.3083671196902405, -0.2765478229017672, 0.4641408215154509, 0.05022470445660715, -0.6589258750639677, -0.6271065782754945, 0.16307022170323301, 0.018405407668133922], [-0.32779737614070953, -0.30344222510046154, 0.5390983022997456, 0.5634534533399936, -0.5080839706901671, -0.48372881964991904, 0.39621952684179795, 0.08889398930790406, 0.12005376385217507, 0.14440891489242308, -0.6351226092776303, 0.06453883826765607], [-0.6466962084051546, 0.14576196771752753, -0.6469782805981281, 0.14547989552455404, -0.6056060473487961, 0.18685212877388596, 0.13006747054604384, 0.5533747071092208, -0.6108351640954974, 0.18162301202718462, -0.22338897818212838, -0.23908346901346086]], "inverted": false, "swapped": false, "error_lsq": 0.04050367355572949, "error_max": 0.3473503407460342, "target": "86.xyz", "model": "28.xyz", "model_rescale": 4.5098078930637895, "target_rescale": 4.392213560442301},
{"mapping": [4, 3, 8, 7, 1, 0, 5, 2, 10, 9, 11, 12], "R": [[0.5311640896416155, -0.8461345691302592, 0.043829223104512136], [0.8458254730325644, 0.5325675335376588, 0.030839769630359663], [-0.04943661643390261, 0.020690895204556654, 0.9985629213080175]], "T": [0.0520735039417549, -0.0071711399893662035, -0.03885439316639849], "aligned_model": [[0.5223633521935738, 0.5574816430428001, -0.1597687739419783, -0.12465048309275205, -0.3582777645565733, -0.323159473707347, 0.5884186296442787, 0.040006770059244204, -0.5455832512404483, -0.510464960391222, 0.19219389536767956, 0.004888479210017921], [-0.3146903749767343, -0.28997992101729353, 0.5267557282780896, 0.5514661822375304, -0.5524367763488998, -0.5277263223894589, 0.43538523903740944, 0.0875060074676614, 0.14434693238640967, 0.16905738634585046, -0.6339878465859772, 0.0627955535082206], [-0.6518035189151415, 0.14829788872623278, -0.647850520983637, 0.15225088665773734, -0.6058075588712316, 0.1942938487701427, 0.12453770495049757, 0.5605557137826609, -0.619105864678164, 0.1809955429632103, -0.22624739448834288, -0.23954569385871377]], "inverted": true, "swapped": false, "error_lsq": 0.03941778831368136, "error_max": 0.3351060599024006, "target": "86.xyz", "model": "29.xyz", "model_rescale": 4.466005838112752, "target_rescale": 4.392213560442301},
