[{"mapping": [8, 7, 1, 0, 5, 4, 10, 9, 11, 3, 2, 12], "R": [[0.864598657025222, -0.5024630954310803, 4.3778986390648036e-17], [-0.5024630954310803, -0.864598657025222, -7.055080987265816e-18], [4.13961706706583e-17, -1.5897511469885944e-17, -1.0000000000000002]], "T": [-0.013582907519503574, -0.07479130562322286, 3.772939355962275e-17], "aligned_model": [[-0.08964357676900213, -0.08964357676900221, 0.5822830205769763, 0.5822830205769763, 0.026382976318600707, 0.026382976318600666, -0.5539973080080809, -0.5539973080080809, 0.4907369333916129, -0.3952671295294711, -0.3952671295294711, -0.08964357676900217], [-0.04122562329808348, -0.041225623298083464, -0.0976570776062913, -0.0976570776062913, 0.5270278785732665, 0.5270278785732665, 0.09151413710564141, 0.09151413710564141, 0.3942885067666695, -0.6151410328834317, -0.6151410328834317, -0.04122562329808347], [-0.8041626893087753, 0.8041626893087753, -0.40208134465438755, 0.4020813446543878, -0.40208134465438755, 0.4020813446543878, -0.40208134465438755, 0.4020813446543878, -4.3300176345699355e-17, -0.40208134465438755, 0.4020813446543878, -6.563605934271282e-17]], "inverted": false, "swapped": true, "error_lsq": 0.025843776603104215, "error_max": 0.1117184737826938, "target": "87.xyz", "model": "0.xyz", "model_rescale": 4.5108708085295355, "target_rescale": 4.449845842855311},
{"mapping": [8, 7, 1, 0, 5, 4, 10, 9, 11, 3, 2, 12], "R": [[0.864598657025222, -0.5024630954310804, 3.121891777937967e-17], [-0.5024630954310804, -0.864598657025222, -5.251210694303837e-18], [2.9630373966053176e-17, -1.1146164349383915e-17, -1.0000000000000002]], "T": [-0.01358290751950356, -0.07479130562322288, -2.644329759902191e-17], "aligned_model": [[-0.08964357676900213, -0.08964357676900218, 0.5822830205769763, 0.5822830205769763, 0.02638297631860077, 0.026382976318600742, -0.5539973080080809, -0.5539973080080809, 0.4907369333916129, -0.39526712952947113, -0.39526712952947113, -0.08964357676900216], [-0.041225623298083484, -0.04122562329808347, -0.09765707760629137, -0.09765707760629137, 0.5270278785732666, 0.5270278785732666, 0.09151413710564145, 0.09151413710564145, 0.3942885067666695, -0.6151410328834317, -0.6151410328834317, -0.04122562329808348], [-0.8041626893087753, 0.8041626893087753, -0.4020813446543876, 0.4020813446543877, -0.4020813446543876, 0.4020813446543877, -0.4020813446543876, 0.4020813446543877, -1.1296100016961329e-16, -0.4020813446543876, 0.4020813446543877, -1.2879287513975548e-16]], "inverted": false, "swapped": true, "error_lsq": 0.025843776603104215, "error_max": 0.11171847378269394, "target": "87.xyz", "model": "1.xyz", "model_rescale": 4.510870808529536, "target_rescale": 4.449845842855311},
{"mapping": [8, 7, 1, 0, 5, 4, 10, 9, 11, 3, 2, 12], "R": [[0.864598657025222, -0.5024630954310803, -2.2998456876926794e-16], [-0.5024630954310803, -0.864598657025222, 1.1565569271794082e-16], [-2.5695706666171624e-16, 1.556300172393513e-17, -1.0000000000000002]], "T": [-0.013582907519503574, -0.07479130562322286, 6.869210294041757e-17], "aligned_model": [[-0.08964357676900235, -0.08964357676900199, 0.5822830205769762, 0.5822830205769765, 0.026382976318600596, 0.026382976318600777, -0.553997308008081, -0.5539973080080808, 0.4907369333916129, -0.3952671295294712, -0.39526712952947096, -0.08964357676900217], [-0.04122562329808338, -0.04122562329808356, -0.09765707760629126, -0.09765707760629135, 0.5270278785732665, 0.5270278785732665, 0.09151413710564146, 0.09151413710564135, 0.3942885067666695, -0.6151410328834317, -0.6151410328834317, -0.04122562329808347], [-0.8041626893087752, 0.8041626893087754, -0.4020813446543877, 0.4020813446543876, -0.4020813446543875, 0.40208134465438783, -0.4020813446543874, 0.40208134465438794, -9.284071284255813e-17, -0.40208134465438755, 0.4020813446543878, -9.731839892271751e-18]], "inverted": false, "swapped": true, "error_lsq": 0.025843776603104215, "error_max": 0.11171847378269383, "target": "87.xyz", "model": "2.xyz", "model_rescale": 4.5108708085295355, "target_rescale": 4.449845842855311},
{"mapping": [3, 2, 10, 9, 5, 4, 11, 1, 0, 7, 6, 8, 13], "R": [[0.8556359085834753, -0.5147946986187047, -0.05360606511028171], [-0.5168740061596772, -0.8552773399125231, -0.036632411722468526], [-0.02698988141835476, 0.059051588515766106, -0.997890002051723]], "T": [0.012692593194684458, -0.02207217169734657, -0.03219692936976657], "aligned_model": [[0.5661356322620472, 0.6086704706232419, -0.09148423268335351, -0.04894939432215887, -0.3183364551533776, -0.27580161679218296, 0.4628680447383037, -0.029924473345907962, 0.05514520337648132, -0.6697756220531835, -0.6272407836919889, 0.15841298062802664, 0.01261036501528668], [-0.33170080504197286, -0.30263406216147226, 0.5343497344433746, 0.5634164773238751, -0.5128582603770263, -0.4837915174965257, 0.3967397535310154, 0.0332600908173232, 0.09139357657832434, 0.11479510369649973, 0.1438618465770003, -0.6370470966057594, 0.06232683369782377], [-0.448135334552307, 0.343661076025518, -0.4446009837161095, 0.34719542686171545, -0.3939717466964133, 0.3978246638814117, 0.32581957526638605, -0.8270871991696662, 0.7565056219859834, -0.3981337140275425, 0.39366269655028246, -0.017449293817417243, -0.035290788591841434]], "inverted": false, "swapped": false, "error_lsq": 0.03745283184453832, "error_max": 0.33852420991147625, "target": "87.xyz", "model": "3.xyz", "model_rescale": 4.509807743048502, "target_rescale": 4.449845842855311},
{"mapping": [3, 2, 10, 9, 5, 4, 11, 1, 0, 7, 6, 8, 13], "R": [[0.8556359085834748, -0.5147946986187057, -0.05360606511028168], [-0.5168740061596782, -0.8552773399125226, -0.03663241172246841], [-0.026989881418354733, 0.059051588515766015, -0.9978900020517232]], "T": [0.012692593194684462, -0.022072171697346602, -0.03219692936976663], "aligned_model": [[0.5661356322620471, 0.6086704706232416, -0.09148423268335289, -0.048949394322158266, -0.3183364551533782, -0.27580161679218357, 0.4628680447383042, -0.029924473345907854, 0.05514520337648139, -0.6697756220531833, -0.6272407836919888, 0.15841298062802595, 0.012610365015286779], [-0.3317008050419734, -0.3026340621614729, 0.5343497344433747, 0.5634164773238752, -0.512858260377026, -0.4837915174965255, 0.3967397535310149, 0.03326009081732327, 0.09139357657832423, 0.11479510369650048, 0.14386184657700096, -0.6370470966057599, 0.062326833697823755], [-0.44813533455230686, 0.34366107602551793, -0.4446009837161094, 0.3471954268617154, -0.3939717466964132, 0.3978246638814116, 0.325819575266386, -0.8270871991696666, 0.7565056219859836, -0.3981337140275424, 0.3936626965502824, -0.017449293817417236, -0.03529078859184139]], "inverted": false, "swapped": false, "error_lsq": 0.037452831844538306, "error_max": 0.338524209911476, "target": "87.xyz", "model": "4.xyz", "model_rescale": 4.509807743048502, "target_rescale": 4.449845842855311},
{"mapping": [3, 2, 10, 9, 5, 4, 11, 1, 0, 7, 6, 8, 13], "R": [[0.8556359085834753, -0.5147946986187046, -0.05360606511028136], [-0.516874006159677, -0.8552773399125231, -0.03663241172246864], [-0.026989881418354414, 0.05905158851576602, -0.997890002051723]], "T": [0.012692593194684468, -0.02207217169734657, -0.0321969293697665], "aligned_model": [[0.5661356322620476, 0.6086704706232419, -0.09148423268335343, -0.04894939432215906, -0.31833645515337744, -0.27580161679218307, 0.4628680447383034, -0.029924473345907688, 0.055145203376481045, -0.6697756220531832, -0.6272407836919889, 0.15841298062802667, 0.012610365015286661], [-0.33170080504197275, -0.30263406216147215, 0.5343497344433744, 0.5634164773238751, -0.5128582603770263, -0.4837915174965257, 0.3967397535310154, 0.03326009081732312, 0.09139357657832442, 0.11479510369649959, 0.14386184657700024, -0.6370470966057594, 0.062326833697823755], [-0.44813533455230664, 0.34366107602551826, -0.4446009837161095, 0.3471954268617154, -0.3939717466964132, 0.3978246638814117, 0.32581957526638616, -0.8270871991696661, 0.7565056219859835, -0.3981337140275426, 0.3936626965502823, -0.017449293817417354, -0.03529078859184166]], "inverted": false, "swapped": false, "error_lsq": 0.03745283184453831, "error_max": 0.3385242099114764, "target": "87.xyz", "model": "5.xyz", "model_rescale": 4.509807743048502, "target_rescale": 4.449845842855311},
{"mapping": [3, 2, 10, 9, 5, 4, 11, 1, 0, 7, 6, 8, 13], "R": [[0.8556358850078415, -0.5147947376400933, -0.05360606668014083], [-0.5168740453694226, -0.8552773160395787, -0.036632415857858036], [-0.02698987792296071, 0.05905159410382105, -0.9978900018155817]], "T": [0.012692598700997117, -0.022072165778730453, -0.03219693100960686], "aligned_model": [[0.5661355858335746, 0.6086704269177474, -0.09148437659616367, -0.04894953551199077, -0.31833654057117144, -0.2758016994869985, 0.46286814202409216, -0.029924409640042723, 0.05514527252830306, -0.6697755768950483, -0.6272407358108755, 0.15841313436567803, 0.012610431444130172], [-0.3317009326912036, -0.30263418551983223, 0.5343494772480637, 0.563416224419435, -0.5128583536139316, -0.4837916064425602, 0.3967398506453946, 0.03326019018395185, 0.09139368452669452, 0.11479523791209814, 0.14386198508346948, -0.6370468341244232, 0.06232693735532318], [-0.4481353419936767, 0.34366109589784266, -0.4446009837186969, 0.3471954541728225, -0.3939717511515812, 0.3978246867399382, 0.3258195767980678, -0.8270872353342692, 0.7565056404487692, -0.39813373589611323, 0.39366270199540615, -0.017449310515759334, -0.035290797442749995]], "inverted": false, "swapped": false, "error_lsq": 0.03745284453102666, "error_max": 0.3385241937452336, "target": "87.xyz", "model": "6.xyz", "model_rescale": 4.509807586411629, "target_rescale": 4.449845842855311},
{"mapping": [2, 3, 9, 10, 4, 5, 12, 0, 1, 6, 7, 8, 13], "R": [[-0.8556358850078415, 0.5147947376400933, -0.053606066680140944], [0.5168740453694226, 0.8552773160395787, -0.036632415857858605], [0.026989877922960506, -0.05905159410382159, -0.9978900018155817]], "T": [0.01269259870099711, -0.022072165778730474, -0.032196931009606904], "aligned_model": [[0.5661355858335745, 0.6086704269177475, -0.09148437659616372, -0.04894953551199073, -0.31833654057117144, -0.2758016994869985, 0.46286814202409216, -0.02992440964004282, 0.05514527252830316, -0.6697755768950484, -0.6272407358108754, 0.15841313436567803, 0.01261043144413016], [-0.3317009326912038, -0.302634185519832, 0.5343494772480635, 0.5634162244194352, -0.5128583536139318, -0.48379160644256003, 0.39673985064539474, 0.03326019018395137, 0.09139368452669495, 0.11479523791209792, 0.14386198508346967, -0.6370468341244232, 0.06232693735532316], [-0.4481353419936765, 0.3436610958978426, -0.444600983718697, 0.3471954541728221, -0.39397175115158073, 0.39782468673993837, 0.3258195767980674, -0.8270872353342693, 0.7565056404487694, -0.39813373589611306, 0.39366270199540604, -0.01744931051575914, -0.03529079744275018]], "inverted": true, "swapped": false, "error_lsq": 0.03745284453102665, "error_max": 0.33852419374523324, "target": "87.xyz", "model": "7.xyz", "model_rescale": 4.509807586411629, "target_rescale": 4.449845842855311},
{"mapping": [3, 2, 10, 9, 5, 4, 11, 1, 0, 7, 6, 8, 13], "R": [[0.8556358850078415, -0.5147947376400934, -0.05360606668014048], [-0.5168740453694225, -0.8552773160395787, -0.036632415857858355], [-0.026989877922960245, 0.059051594103821145, -0.9978900018155817]], "T": [0.012692598700997131, -0.02207216577873046, -0.032196931009606786], "aligned_model": [[0.5661355858335747, 0.6086704269177473, -0.09148437659616346, -0.04894953551199084, -0.3183365405711713, -0.2758016994869987, 0.4628681420240921, -0.029924409640042417, 0.0551452725283028, -0.6697755768950482, -0.6272407358108756, 0.15841313436567794, 0.012610431444130177], [-0.33170093269120365, -0.30263418551983207, 0.5343494772480635, 0.5634162244194351, -0.5128583536139317, -0.4837916064425601, 0.39673985064539474, 0.033260190183951585, 0.09139368452669476, 0.11479523791209796, 0.14386198508346953, -0.6370468341244231, 0.06232693735532316], [-0.4481353419936764, 0.34366109589784294, -0.44460098371869705, 0.34719545417282227, -0.39397175115158106, 0.39782468673993826, 0.3258195767980678, -0.8270872353342691, 0.7565056404487693, -0.39813373589611345, 0.3936627019954059, -0.0174493105157593, -0.035290797442750245]], "inverted": false, "swapped": false, "error_lsq": 0.03745284453102666, "error_max": 0.3385241937452337, "target": "87.xyz", "model": "8.xyz", "model_rescale": 4.509807586411629, "target_rescale": 4.449845842855311},
{"mapping": [3, 2, 12, 11, 7, 6, 9, 1, 0, 5, 4, 8, 13], "R": [[-0.8556359441065226, 0.5147946390968768, -0.05360606971282569], [0.5168739470323717, 0.8552773754910877, -0.03663241532105285], [0.026989887589929533, -0.059051592105491976, -0.9978900016723736]], "T": [0.012692546048961407, -0.022072150445002568, -0.03219692938743646], "aligned_model": [[0.5661355757411126, 0.6086704200044482, -0.0914843838122079, -0.04894953954887231, -0.31833643140900253, -0.27580158714566694, 0.4628679379520547, -0.02992428544937983, 0.05514540307729135, -0.6697756603010793, -0.6272408160377437, 0.15841292671632426, 0.012610558813955761], [-0.33170085670667204, -0.3026341094331257, 0.5343496831521423, 0.5634164304256887, -0.512858193099681, -0.48379144582613454, 0.39673973318423167, 0.03326009234916872, 0.09139358689626143, 0.11479517989364604, 0.1438619271671924, -0.6370471926429531, 0.062326839622715076], [-0.4481353540160178, 0.34366109814803214, -0.44460099819992577, 0.34719545396412416, -0.3939717700849687, 0.3978246820790812, 0.32581959756139595, -0.8270872534594407, 0.756505650868659, -0.3981337350574411, 0.39366271710660883, -0.017449287614716404, -0.0352908012953909]], "inverted": false, "swapped": false, "error_lsq": 0.037452846922658226, "error_max": 0.3385242575100951, "target": "87.xyz", "model": "9.xyz", "model_rescale": 4.509807504472865, "target_rescale": 4.449845842855311},
{"mapping": [3, 2, 12, 11, 7, 6, 9, 1, 0, 5, 4, 8, 13], "R": [[-0.8556359441065227, 0.5147946390968765, -0.05360606971282626], [0.5168739470323713, 0.8552773754910878, -0.03663241532105281], [0.026989887589930064, -0.059051592105492226, -0.9978900016723735]], "T": [0.012692546048961379, -0.022072150445002558, -0.03219692938743651], "aligned_model": [[0.5661355757411125, 0.6086704200044485, -0.09148438381220837, -0.04894953954887234, -0.31833643140900264, -0.27580158714566655, 0.4628679379520547, -0.029924285449380358, 0.055145403077291766, -0.6697756603010796, -0.6272408160377436, 0.15841292671632445, 0.012610558813955711], [-0.33170085670667177, -0.30263410943312546, 0.5343496831521422, 0.5634164304256886, -0.512858193099681, -0.4837914458261346, 0.3967397331842318, 0.03326009234916874, 0.0913935868962614, 0.11479517989364584, 0.14386192716719215, -0.6370471926429531, 0.06232683962271507], [-0.448135354016018, 0.3436610981480317, -0.4446009981999256, 0.3471954539641241, -0.3939717700849684, 0.3978246820790813, 0.3258195975613956, -0.8270872534594409, 0.756505650868659, -0.3981337350574406, 0.3936627171066091, -0.017449287614716487, -0.035290801295390854]], "inverted": false, "swapped": false, "error_lsq": 0.037452846922658226, "error_max": 0.33852425751009474, "target": "87.xyz", "model": "10.xyz", "model_rescale": 4.509807504472865, "target_rescale": 4.449845842855311},
{"mapping": [2, 3, 11, 12, 6, 7, 10, 0, 1, 4, 5, 8, 13], "R": [[0.8556359441065226, -0.5147946390968768, -0.05360606971282511], [-0.5168739470323717, -0.8552773754910877, -0.036632415321052984], [-0.02698988758992898, 0.05905159210549179, -0.9978900016723736]], "T": [0.012692546048961417, -0.022072150445002575, -0.032196929387436575], "aligned_model": [[0.5661355757411128, 0.6086704200044479, -0.09148438381220765, -0.04894953954887252, -0.31833643140900225, -0.27580158714566716, 0.4628679379520545, -0.029924285449379362, 0.055145403077290905, -0.669775660301079, -0.627240816037744, 0.1584129267163243, 0.012610558813955787], [-0.33170085670667204, -0.30263410943312563, 0.5343496831521423, 0.5634164304256887, -0.512858193099681, -0.4837914458261344, 0.3967397331842317, 0.033260092349168616, 0.09139358689626152, 0.11479517989364599, 0.14386192716719245, -0.6370471926429531, 0.06232683962271508], [-0.44813535401601734, 0.34366109814803253, -0.4446009981999258, 0.34719545396412405, -0.39397177008496875, 0.3978246820790811, 0.32581959756139617, -0.8270872534594408, 0.7565056508686588, -0.39813373505744143, 0.3936627171066084, -0.01744928761471607, -0.035290801295390736]], "inverted": true, "swapped": false, "error_lsq": 0.037452846922658226, "error_max": 0.33852425751009535, "target": "87.xyz", "model": "11.xyz", "model_rescale": 4.509807504472865, "target_rescale": 4.449845842855311},
{"mapping": [3, 2, 12, 11, 7, 6, 9, 1, 0, 5, 4, 8, 13], "R": [[-0.8556358762275544, 0.5147947524533384, -0.05360606457119377], [0.5168740599675236, 0.855277307350754, -0.036632412745172344], [0.026989876713201744, -0.05905159081133912, -0.9978900020431392]], "T": [0.012692615411162851, -0.02207203774461168, -0.03219693530987945], "aligned_model": [[0.5661355762774583, 0.6086704139895333, -0.09148434506280095, -0.048949507350725945, -0.31833651805604307, -0.27580168034396807, 0.46286814694830986, -0.029924312522466488, 0.0551453629016835, -0.6697756437311528, -0.6272408060190778, 0.15841290638087568, 0.012610525189608507], [-0.3317008008575499, -0.3026340573168394, 0.5343495857519078, 0.5634163292926182, -0.5128581995130859, -0.4837914559723754, 0.39673995345444246, 0.03326001422691091, 0.09139350130833179, 0.11479518332758161, 0.14386192686829202, -0.6370470633553756, 0.06232675776762135], [-0.4481353288458477, 0.34366107760432457, -0.44460097061091763, 0.34719543583925466, -0.39397174299070514, 0.39782466345946715, 0.32581956035519966, -0.827087200774934, 0.7565056121254102, -0.3981337140584939, 0.3936626923916784, -0.017449290169674246, -0.035290794324761884]], "inverted": false, "swapped": false, "error_lsq": 0.03745284286839283, "error_max": 0.33852418471855666, "target": "87.xyz", "model": "12.xyz", "model_rescale": 4.509807766519439, "target_rescale": 4.449845842855311},
{"mapping": [3, 2, 12, 11, 7, 6, 9, 1, 0, 5, 4, 8, 13], "R": [[-0.8556358762275547, 0.5147947524533383, -0.05360606457119449], [0.5168740599675234, 0.8552773073507542, -0.03663241274517204], [0.026989876713202538, -0.05905159081133923, -0.9978900020431393]], "T": [0.012692615411162834, -0.022072037744611667, -0.03219693530987953], "aligned_model": [[0.5661355762774581, 0.6086704139895337, -0.09148434506280138, -0.04894950735072583, -0.3183365180560433, -0.27580168034396774, 0.4628681469483101, -0.02992431252246711, 0.05514536290168405, -0.6697756437311531, -0.6272408060190775, 0.15841290638087585, 0.012610525189608474], [-0.3317008008575496, -0.30263405731683946, 0.5343495857519079, 0.5634163292926181, -0.5128581995130858, -0.4837914559723756, 0.39673995345444246, 0.03326001422691116, 0.09139350130833157, 0.11479518332758162, 0.14386192686829183, -0.6370470633553756, 0.062326757767621366], [-0.44813532884584817, 0.34366107760432385, -0.4446009706109173, 0.3471954358392547, -0.393971742990705, 0.39782466345946704, 0.3258195603551993, -0.8270872007749343, 0.7565056121254103, -0.39813371405849324, 0.3936626923916788, -0.01744929016967452, -0.035290794324761836]], "inverted": false, "swapped": false, "error_lsq": 0.03745284286839283, "error_max": 0.3385241847185563, "target": "87.xyz", "model": "13.xyz", "model_rescale": 4.509807766519439, "target_rescale": 4.449845842855311},
{"mapping": [3, 2, 12, 11, 7, 6, 9, 1, 0, 5, 4, 8, 13], "R": [[-0.8556358762275549, 0.5147947524533381, -0.05360606457119421], [0.5168740599675232, 0.8552773073507544, -0.03663241274517325], [0.02698987671320168, -0.05905159081134012, -0.9978900020431393]], "T": [0.012692615411162848, -0.02207203774461169, -0.03219693530987941], "aligned_model": [[0.5661355762774584, 0.6086704139895337, -0.09148434506280144, -0.04894950735072609, -0.31833651805604307, -0.27580168034396774, 0.4628681469483099, -0.029924312522466894, 0.0551453629016838, -0.6697756437311531, -0.6272408060190777, 0.15841290638087596, 0.01261052518960844], [-0.33170080085754994, -0.3026340573168388, 0.5343495857519074, 0.5634163292926186, -0.5128581995130863, -0.4837914559723752, 0.396739953454443, 0.033260014226910176, 0.0913935013083325, 0.11479518332758093, 0.14386192686829208, -0.6370470633553756, 0.062326757767621324], [-0.4481353288458477, 0.3436610776043245, -0.4446009706109181, 0.34719543583925416, -0.3939717429907046, 0.39782466345946765, 0.3258195603551991, -0.827087200774934, 0.7565056121254102, -0.39813371405849374, 0.3936626923916785, -0.017449290169674017, -0.03529079432476221]], "inverted": false, "swapped": false, "error_lsq": 0.03745284286839283, "error_max": 0.33852418471855616, "target": "87.xyz", "model": "14.xyz", "model_rescale": 4.509807766519439, "target_rescale": 4.449845842855311},
{"mapping": [8, 7, 1, 0, 10, 9, 5, 4, 11, 3, 2, 12], "R": [[-0.8645986525327275, 0.5024631031614083, -2.2036225726809795e-17], [0.5024631031614083, 0.8645986525327275, -1.6447520732324718e-17], [1.0788218763831295e-17, -2.5292894623330156e-17, -1.0]], "T": [0.013582763618566161, 0.0747914161226197, 3.527376883095328e-17], "aligned_model": [[0.08964343256795584, 0.08964343256795587, -0.582283164273472, -0.582283164273472, 0.5539971626202157, 0.5539971626202157, -0.026383125600369692, -0.026383125600369678, -0.4907370814865666, 0.3952669904597702, 0.3952669904597702, 0.08964343256795587], [0.041225733117426125, 0.04122573311742615, 0.09765719343329199, 0.09765719343329202, -0.0915140314380594, -0.0915140314380594, -0.5270277677165368, -0.5270277677165368, -0.3942883917581772, 0.6151411399702112, 0.6151411399702112, 0.04122573311742614], [-0.8041626893087751, 0.8041626893087751, -0.40208134465438744, 0.40208134465438766, -0.40208134465438744, 0.40208134465438766, -0.40208134465438744, 0.40208134465438766, -4.5696510649767454e-17, -0.40208134465438744, 0.40208134465438766, -6.564903426302655e-17]], "inverted": false, "swapped": true, "error_lsq": 0.025843781088708235, "error_max": 0.11171862609438463, "target": "87.xyz", "model": "15.xyz", "model_rescale": 4.510870436145588, "target_rescale": 4.449845842855311},
{"mapping": [7, 8, 0, 1, 9, 10, 4, 5, 11, 2, 3, 12], "R": [[0.8645986525327276, -0.5024631031614081, 2.042747006703884e-17], [-0.5024631031614081, -0.8645986525327276, -3.923939517008719e-18], [1.9633197920948285e-17, -6.8714171805954505e-18, -1.0]], "T": [0.01358276361856614, 0.0747914161226197, 1.0410080075045138e-17], "aligned_model": [[0.08964343256795586, 0.08964343256795583, -0.582283164273472, -0.582283164273472, 0.5539971626202158, 0.5539971626202158, -0.02638312560036956, -0.026383125600369574, -0.49073708148656636, 0.39526699045977004, 0.39526699045977004, 0.08964343256795584], [0.04122573311742615, 0.04122573311742615, 0.09765719343329186, 0.09765719343329186, -0.09151403143805927, -0.09151403143805927, -0.5270277677165368, -0.5270277677165368, -0.39428839175817726, 0.6151411399702114, 0.6151411399702114, 0.04122573311742615], [-0.8041626893087751, 0.8041626893087751, -0.4020813446543876, 0.4020813446543875, -0.4020813446543876, 0.4020813446543875, -0.4020813446543876, 0.4020813446543875, 1.0174752762092219e-16, -0.4020813446543876, 0.4020813446543875, 1.118943021144487e-16]], "inverted": true, "swapped": true, "error_lsq": 0.02584378108870823, "error_max": 0.1117186260943847, "target": "87.xyz", "model": "16.xyz", "model_rescale": 4.510870436145588, "target_rescale": 4.449845842855311},
{"mapping": [7, 8, 0, 1, 9, 10, 4, 5, 11, 2, 3, 12], "R": [[0.8645986525327278, -0.5024631031614079, -1.7018410108999846e-16], [-0.5024631031614079, -0.8645986525327278, 4.945097979000807e-17], [-1.719882372445657e-16, 4.2755981049551227e-17, -1.0000000000000002]], "T": [0.013582763618566113, 0.0747914161226197, 1.309322917099792e-16], "aligned_model": [[0.08964343256795569, 0.08964343256795597, -0.5822831642734723, -0.582283164273472, 0.5539971626202157, 0.5539971626202159, -0.026383125600369497, -0.02638312560036936, -0.49073708148656636, 0.3952669904597699, 0.39526699045977, 0.08964343256795583], [0.04122573311742622, 0.04122573311742614, 0.09765719343329168, 0.09765719343329166, -0.0915140314380591, -0.09151403143805915, -0.5270277677165369, -0.5270277677165369, -0.39428839175817754, 0.6151411399702115, 0.6151411399702115, 0.04122573311742618], [-0.8041626893087752, 0.8041626893087754, -0.4020813446543875, 0.40208134465438783, -0.4020813446543877, 0.4020813446543876, -0.4020813446543876, 0.4020813446543877, 2.9336184040283075e-16, -0.40208134465438766, 0.40208134465438766, 2.1612690451579721e-16]], "inverted": true, "swapped": true, "error_lsq": 0.02584378108870823, "error_max": 0.11171862609438478, "target": "87.xyz", "model": "17.xyz", "model_rescale": 4.510870436145588, "target_rescale": 4.449845842855311},
{"mapping": [9, 8, 3, 5, 1, 2, 7, 0, 6, 11, 4, 10, 12], "R": [[0.3574591368534567, 0.8403614243448359, 0.40745017112906073], [0.43295849621004245, -0.5356736844045893, 0.7249832028371083], [0.8275082513422574, -0.0827428565468446, -0.5553230714196447]], "T": [-0.09074689199837874, -0.11864628630175215, 0.07233280433925572], "aligned_model": [[0.5793860511578324, 0.3386084695709384, -0.32143789055283223, 0.20639410676222056, -0.36722612596165904, -0.2584827938573825, 0.6650791031566425, -0.040755492375954855, -0.1200765268234836, -0.552153515637001, -0.6479085241385364, 0.2529154175721282, 0.06798783972832176], [-0.0601960854491778, -0.34561300725505323, 0.6333655349386763, 0.7139743564656595, -0.5699384642897185, -0.5743734303037747, 0.23528189067408056, 0.010956433639415245, 0.13307945853652564, 0.07767386676925729, 0.05247063700954248, -0.6410909833783116, 0.0065214676253591425], [-0.4418156217850202, 0.45176433266326277, -0.19730992286024046, 0.2952056834908014, -0.3589792474773749, 0.43644721514061924, 0.006810108030713705, -0.803933472109924, 0.7401599081233505, -0.3706248783440958, 0.24764430177230862, 0.0031386028475288846, -0.008507009491929951]], "inverted": true, "swapped": false, "error_lsq": 0.05034013673430799, "error_max": 0.3342518067390178, "target": "87.xyz", "model": "18.xyz", "model_rescale": 4.466005644533647, "target_rescale": 4.449845842855311},
{"mapping": [1, 0, 9, 8, 5, 4, 10, 3, 2, 7, 6, 12, 13], "R": [[0.8556358676461132, -0.5147947666848001, -0.05360606487540001], [-0.5168740742408946, -0.8552772986775394, -0.03663241384988579], [-0.026989875418412055, 0.059051592364588235, -0.9978900019862437]], "T": [0.012692580690094084, -0.022072096587566405, -0.032196931670943466], "aligned_model": [[0.5661355432796542, 0.6086703817512552, -0.09148437168015132, -0.04894953320855032, -0.3183365648553327, -0.2758017263837317, 0.4628681245619125, -0.029924232450486195, 0.05514544449271579, -0.6697756843796363, -0.6272408459080353, 0.1584129773605055, 0.012610606021114792], [-0.3317008735015017, -0.3026341287301507, 0.5343495345936694, 0.5634162793650203, -0.5128582595569174, -0.4837915147855665, 0.3967398929480439, 0.033260144824900334, 0.09139363436760217, 0.11479513676171804, 0.14386188153306895, -0.6370469424336581, 0.062326889596251246], [-0.4481353294856447, 0.34366108656482075, -0.4446009731402905, 0.34719544291017496, -0.39397174287837405, 0.3978246731720914, 0.3258195676552562, -0.8270872200368222, 0.7565056120641087, -0.3981337153592994, 0.39366270069116605, -0.017449298170830067, -0.03529080398635686]], "inverted": false, "swapped": false, "error_lsq": 0.03745285320889812, "error_max": 0.3385241928054888, "target": "87.xyz", "model": "19.xyz", "model_rescale": 4.509807711582247, "target_rescale": 4.449845842855311},
{"mapping": [0, 1, 8, 9, 4, 5, 11, 2, 3, 6, 7, 12, 13], "R": [[-0.8556358676461134, 0.5147947666847998, -0.05360606487539971], [0.5168740742408944, 0.8552772986775398, -0.036632413849885935], [0.026989875418411753, -0.05905159236458819, -0.9978900019862438]], "T": [0.01269258069009412, -0.02207209658756641, -0.03219693167094343], "aligned_model": [[0.5661355432796544, 0.6086703817512551, -0.09148437168015137, -0.0489495332085506, -0.3183365648553324, -0.2758017263837316, 0.4628681245619123, -0.029924232450485946, 0.05514544449271555, -0.6697756843796362, -0.6272408459080355, 0.15841297736050575, 0.012610606021114799], [-0.33170087350150146, -0.3026341287301504, 0.5343495345936692, 0.5634162793650203, -0.5128582595569176, -0.48379151478556653, 0.39673989294804407, 0.03326014482490021, 0.09139363436760227, 0.11479513676171778, 0.14386188153306878, -0.6370469424336581, 0.06232688959625124], [-0.4481353294856447, 0.343661086564821, -0.4446009731402908, 0.3471954429101749, -0.3939717428783742, 0.39782467317209147, 0.3258195676552563, -0.8270872200368222, 0.7565056120641087, -0.3981337153592998, 0.3936627006911659, -0.01744929817082992, -0.03529080398635683]], "inverted": true, "swapped": false, "error_lsq": 0.03745285320889812, "error_max": 0.33852419280548895, "target": "87.xyz", "model": "20.xyz", "model_rescale": 4.509807711582248, "target_rescale": 4.449845842855311},
{"mapping": [10, 7, 4, 6, 0, 2, 8, 1, 5, 11, 3, 9, 12], "R": [[-0.35745913685345654, -0.8403614243448355, 0.4074501711290608], [-0.4329584962100424, 0.5356736844045893, 0.7249832028371079], [-0.8275082513422574, 0.08274285654684432, -0.5553230714196447]], "T": [-0.09074689199837878, -0.11864628630175218, 0.07233280433925579], "aligned_model": [[0.5793860511578323, 0.3386084695709382, -0.3214378905528321, 0.20639410676222053, -0.367226125961659, -0.25848279385738254, 0.6650791031566423, -0.04075549237595484, -0.12007652682348362, -0.5521535156370011, -0.6479085241385363, 0.25291541757212815, 0.06798783972832177], [-0.06019608544917811, -0.3456130072550531, 0.6333655349386761, 0.7139743564656592, -0.5699384642897185, -0.5743734303037746, 0.23528189067408029, 0.01095643363941494, 0.13307945853652586, 0.07767386676925726, 0.0524706370095427, -0.6410909833783115, 0.006521467625359059], [-0.44181562178502, 0.451764332663263, -0.19730992286024054, 0.29520568349080134, -0.358979247477375, 0.43644721514061935, 0.0068101080307139406, -0.8039334721099239, 0.7401599081233504, -0.37062487834409596, 0.24764430177230848, 0.0031386028475289818, -0.008507009491929896]], "inverted": false, "swapped": false, "error_lsq": 0.05034013673430799, "error_max": 0.33425180673901767, "target": "87.xyz", "model": "21.xyz", "model_rescale": 4.466005644533646, "target_rescale": 4.449845842855311},
{"mapping": [9, 8, 3, 5, 1, 2, 7, 0, 6, 11, 4, 10, 12], "R": [[0.3574590736017669, 0.84036146557325, 0.4074501415870978], [0.43295853437010157, -0.5356736261151831, 0.7249832231167177], [0.827508258699489, -0.08274281518168475, -0.5553230666197375]], "T": [-0.09074689606679785, -0.1186462866743629, 0.07233280410878774], "aligned_model": [[0.5793859744830212, 0.338608564200257, -0.32143784509152395, 0.20639413137632812, -0.36722598920791444, -0.25848287538084075, 0.6650791767416729, -0.04075537666649846, -0.12007648116508784, -0.5521538021574197, -0.6479084576329399, 0.25291536194160524, 0.06798773716057525], [-0.06019598584072029, -0.34561303311126834, 0.6333654601125445, 0.7139743273353572, -0.5699385545464031, -0.5743733806193424, 0.23528188573997516, 0.010956364304840413, 0.13307940848411376, 0.0776740083221449, 0.05247054126130103, -0.6410909046919638, 0.006521538231901228], [-0.4418155914255676, 0.4517643466318851, -0.19730995525146866, 0.29520567458151925, -0.35897926432800886, 0.4364472275635213, 0.00681012226583784, -0.8039334886940561, 0.7401598989475665, -0.3706248755437616, 0.2476442691145786, 0.003138632940479613, -0.008506996802526035]], "inverted": true, "swapped": false, "error_lsq": 0.050340132657237656, "error_max": 0.33425175686444114, "target": "87.xyz", "model": "22.xyz", "model_rescale": 4.46600560860683, "target_rescale": 4.449845842855311},
{"mapping": [0, 1, 8, 9, 4, 5, 11, 2, 3, 6, 7, 12, 13], "R": [[-0.8556358999935515, 0.5147947127881749, -0.05360606614522212], [0.5168740204273119, 0.8552773312221819, -0.03663241330801521], [0.02698988050236792, -0.059051590857512715, -0.9978900019379217]], "T": [0.012692576216990787, -0.022072101978548347, -0.03219693152042082], "aligned_model": [[0.5661356183953281, 0.608670458225431, -0.09148435633918788, -0.04894951650908495, -0.3183364854721222, -0.2758016456420193, 0.46286804171986445, -0.029924300666542645, 0.055145378993663174, -0.6697756473084241, -0.6272408074783212, 0.15841284151908958, 0.012610539163560268], [-0.3317007502551661, -0.30263400567395726, 0.5343496236930125, 0.5634163682742213, -0.512858193535233, -0.4837914489540242, 0.39673982304405486, 0.033260045503217164, 0.09139353466563484, 0.11479518591848238, 0.14386193049969123, -0.6370472282818801, 0.062326790084426], [-0.44813534250558057, 0.3436610800392901, -0.4446009803883556, 0.34719544215651504, -0.3939717529971014, 0.3978246695477692, 0.32581957733608513, -0.8270872195285, 0.7565056255612412, -0.3981337217981088, 0.3936627007467619, -0.01744928118638682, -0.03529079698362931]], "inverted": true, "swapped": false, "error_lsq": 0.037452844824372306, "error_max": 0.3385242181495437, "target": "87.xyz", "model": "23.xyz", "model_rescale": 4.509807674373902, "target_rescale": 4.449845842855311},
{"mapping": [1, 0, 9, 8, 5, 4, 10, 3, 2, 7, 6, 12, 13], "R": [[0.8556358999935512, -0.5147947127881756, -0.05360606614522141], [-0.5168740204273126, -0.8552773312221814, -0.03663241330801463], [-0.02698988050236757, 0.05905159085751188, -0.9978900019379217]], "T": [0.012692576216990801, -0.022072101978548343, -0.03219693152042082], "aligned_model": [[0.5661356183953281, 0.6086704582254305, -0.0914843563391872, -0.04894951650908483, -0.3183364854721222, -0.27580164564201987, 0.46286804171986445, -0.029924300666542, 0.055145378993662675, -0.6697756473084236, -0.6272408074783212, 0.15841284151908908, 0.012610539163560345], [-0.3317007502551663, -0.30263400567395793, 0.5343496236930128, 0.563416368274221, -0.5128581935352324, -0.4837914489540241, 0.3967398230440542, 0.03326004550321763, 0.09139353466563435, 0.11479518591848317, 0.14386193049969156, -0.6370472282818802, 0.062326790084425994], [-0.44813534250558035, 0.34366108003929047, -0.4446009803883554, 0.34719544215651543, -0.39397175299710196, 0.39782466954776885, 0.32581957733608574, -0.8270872195284998, 0.7565056255612411, -0.39813372179810924, 0.3936627007467616, -0.017449281186387045, -0.03529079698362927]], "inverted": false, "swapped": false, "error_lsq": 0.037452844824372306, "error_max": 0.33852421814954425, "target": "87.xyz", "model": "24.xyz", "model_rescale": 4.509807674373903, "target_rescale": 4.449845842855311},
{"mapping": [10, 7, 4, 6, 0, 2, 8, 1, 5, 11, 3, 9, 12], "R": [[-0.357459073601767, -0.8403614655732501, 0.4074501415870977], [-0.43295853437010146, 0.535673626115183, 0.7249832231167181], [-0.8275082586994891, 0.08274281518168503, -0.5553230666197374]], "T": [-0.09074689606679791, -0.11864628667436304, 0.0723328041087878], "aligned_model": [[0.5793859744830213, 0.33860856420025726, -0.32143784509152423, 0.20639413137632795, -0.3672259892079145, -0.2584828753808407, 0.665079176741673, -0.040755376666498686, -0.12007648116508779, -0.5521538021574199, -0.64790845763294, 0.25291536194160547, 0.06798773716057523], [-0.060195985840720154, -0.3456130331112685, 0.6333654601125446, 0.7139743273353573, -0.5699385545464031, -0.5743733806193427, 0.23528188573997522, 0.010956364304840607, 0.13307940848411354, 0.0776740083221449, 0.05247054126130092, -0.6410909046919638, 0.006521538231901228], [-0.44181559142556776, 0.45176434663188497, -0.19730995525146833, 0.2952056745815197, -0.35897926432800925, 0.4364472275635213, 0.006810122265837895, -0.8039334886940563, 0.7401598989475668, -0.3706248755437615, 0.2476442691145787, 0.0031386329404793495, -0.008506996802526007]], "inverted": false, "swapped": false, "error_lsq": 0.05034013265723766, "error_max": 0.3342517568644416, "target": "87.xyz", "model": "25.xyz", "model_rescale": 4.466005608606829, "target_rescale": 4.449845842855311},
{"mapping": [9, 8, 3, 5, 1, 2, 7, 0, 6, 11, 4, 10, 12], "R": [[0.35745916298780056, 0.840361407346901, 0.40745018325925086], [0.4329584526942376, -0.535673705648466, 0.7249832131280368], [0.8275082628207848, -0.08274289165104542, -0.5553230490845403]], "T": [-0.090746905666906, -0.1186463015796038, 0.072332763068431], "aligned_model": [[0.5793860417910802, 0.33860847686472506, -0.3214379166666019, 0.2063941481908944, -0.36722618787947153, -0.25848276761542943, 0.6650791060189033, -0.04075555872529325, -0.12007648096328384, -0.5521534707691595, -0.6479085458207802, 0.252915412636902, 0.0679878615387489], [-0.06019605381674635, -0.34561299193043443, 0.6333654561084652, 0.7139743359821669, -0.5699384831636194, -0.5743733870075651, 0.2352818890654354, 0.010956397832250456, 0.13307945498629692, 0.0776739226379466, 0.052470575112595355, -0.6410909348126161, 0.006521493988304747], [-0.4418155567097167, 0.4517643515230275, -0.1973100112737018, 0.2952057536394639, -0.35897937622916604, 0.4364472352521049, 0.006810164073093927, -0.8039335636790996, 0.7401599410893975, -0.37062479240402385, 0.2476441761762318, 0.003138630740216919, -0.00850695219782878]], "inverted": true, "swapped": false, "error_lsq": 0.050340139014743865, "error_max": 0.33425177915517446, "target": "87.xyz", "model": "26.xyz", "model_rescale": 4.466005838112752, "target_rescale": 4.449845842855311},
{"mapping": [1, 0, 9, 8, 5, 4, 10, 3, 2, 7, 6, 12, 13], "R": [[0.8556358370106616, -0.5147948175755681, -0.05360606514567131], [-0.516874125140121, -0.855277267895499, -0.036632414360035205], [-0.02698987187259095, 0.05905159454704329, -0.997890001952997]], "T": [0.012692616302022498, -0.02207212053038661, -0.03219693148460488], "aligned_model": [[0.5661356338952073, 0.6086704708695938, -0.09148439291783285, -0.048949555943446244, -0.31833644950601686, -0.2758016125316302, 0.46286807137586705, -0.029924285185237005, 0.05514538876353621, -0.6697757073437475, -0.6272408703693609, 0.1584128757051519, 0.012610551789149596], [-0.3317009766872215, -0.3026342326807721, 0.5343495502240403, 0.5634162942304897, -0.5128583027407885, -0.4837915587343391, 0.39673988405496097, 0.03326017554961444, 0.09139366356251319, 0.11479520378087486, 0.14386194778732425, -0.6370468929202806, 0.062326919556063815], [-0.4481353133515429, 0.34366107080944797, -0.444600955623742, 0.34719542853724883, -0.3939717299416454, 0.39782465421934543, 0.32581955573619675, -0.8270871851566346, 0.7565055831653471, -0.39813369926382175, 0.3936626848971691, -0.01744929303172485, -0.035290800995643815]], "inverted": false, "swapped": false, "error_lsq": 0.0374528541808882, "error_max": 0.3385241944506994, "target": "87.xyz", "model": "27.xyz", "model_rescale": 4.509807893063789, "target_rescale": 4.449845842855311},
