[{"mapping": [8, 7, 1, 0, 5, 4, 10, 9, 11, 3, 2, 12], "R": [[0.864598657025222, -0.5024630954310803, 2.0568078922130815e-16], [-0.5024630954310803, -0.864598657025222, -8.205161052234733e-17], [2.1905924034479477e-16, -3.240529375846798e-17, -1.0000000000000002]], "T": [-0.013582907519503574, -0.07479130562322286, 4.972108361961061e-17], "aligned_model": [[-0.089643576769002, -0.08964357676900234, 0.5822830205769765, 0.5822830205769762, 0.02638297631860077, 0.026382976318600603, -0.5539973080080808, -0.553997308008081, 0.4907369333916129, -0.395267129529471, -0.39526712952947113, -0.08964357676900217], [-0.04122562329808354, -0.0412256232980834, -0.09765707760629133, -0.09765707760629128, 0.5270278785732665, 0.5270278785732665, 0.09151413710564138, 0.09151413710564144, 0.3942885067666695, -0.6151410328834317, -0.6151410328834317, -0.04122562329808347], [-0.8041626893087753, 0.8041626893087753, -0.40208134465438766, 0.402081344654388, -0.40208134465438783, 0.40208134465438783, -0.4020813446543879, 0.4020813446543878, 2.147600177392639e-16, -0.40208134465438783, 0.40208134465438783, 1.311215321378152e-16]], "inverted": false, "swapped": true, "error_lsq": 0.025843776603104218, "error_max": 0.11171847378269381, "target": "88.xyz", "model": "0.xyz", "model_rescale": 4.5108708085295355, "target_rescale": 4.449845842855311},
{"mapping": [7, 8, 0, 1, 4, 5, 9, 10, 11, 2, 3, 12], "R": [[-0.864598657025222, 0.5024630954310804, 1.4831430482897102e-17], [0.5024630954310804, 0.864598657025222, 1.6394561321196413e-16], [6.955338541955435e-17, 1.4919940347834803e-16, -1.0000000000000002]], "T": [-0.01358290751950356, -0.07479130562322288, -3.652660472877827e-18], "aligned_model": [[-0.08964357676900214, -0.08964357676900217, 0.5822830205769763, 0.5822830205769763, 0.026382976318600763, 0.02638297631860075, -0.5539973080080809, -0.5539973080080809, 0.4907369333916129, -0.39526712952947113, -0.39526712952947113, -0.08964357676900216], [-0.041225623298083346, -0.04122562329808361, -0.0976570776062913, -0.09765707760629144, 0.5270278785732667, 0.5270278785732665, 0.0915141371056415, 0.0915141371056414, 0.3942885067666695, -0.6151410328834316, -0.6151410328834318, -0.04122562329808348], [-0.8041626893087753, 0.8041626893087753, -0.40208134465438783, 0.40208134465438783, -0.4020813446543877, 0.40208134465438794, -0.40208134465438783, 0.40208134465438783, -1.9068083614846397e-17, -0.40208134465438794, 0.4020813446543877, -9.907658792086294e-17]], "inverted": true, "swapped": true, "error_lsq": 0.025843776603104215, "error_max": 0.11171847378269405, "target": "88.xyz", "model": "1.xyz", "model_rescale": 4.510870808529536, "target_rescale": 4.449845842855311},
{"mapping": [8, 7, 1, 0, 5, 4, 10, 9, 11, 3, 2, 12], "R": [[0.8645986570252218, -0.5024630954310805, -2.563925753706395e-16], [-0.5024630954310805, -0.8645986570252218, 9.255566581304419e-17], [-2.6818248268079967e-16, 4.8804302704244915e-17, -1.0]], "T": [-0.013582907519503602, -0.07479130562322286, 7.179614343404909e-17], "aligned_model": [[-0.08964357676900239, -0.08964357676900198, 0.582283020576976, 0.5822830205769762, 0.02638297631860072, 0.02638297631860093, -0.553997308008081, -0.5539973080080808, 0.4907369333916129, -0.3952671295294713, -0.3952671295294711, -0.08964357676900218], [-0.04122562329808338, -0.04122562329808353, -0.09765707760629143, -0.09765707760629151, 0.5270278785732665, 0.5270278785732665, 0.09151413710564157, 0.09151413710564152, 0.3942885067666694, -0.6151410328834316, -0.6151410328834316, -0.04122562329808346], [-0.804162689308775, 0.8041626893087752, -0.40208134465438783, 0.4020813446543876, -0.4020813446543876, 0.40208134465438783, -0.4020813446543875, 0.40208134465438794, 8.570706025874251e-17, -0.4020813446543876, 0.40208134465438783, 1.9420301367461633e-16]], "inverted": false, "swapped": true, "error_lsq": 0.025843776603104218, "error_max": 0.11171847378269374, "target": "88.xyz", "model": "2.xyz", "model_rescale": 4.5108708085295355, "target_rescale": 4.449845842855311},
{"mapping": [2, 3, 9, 10, 4, 5, 11, 0, 1, 6, 7, 8, 13], "R": [[-0.8556359085834753, 0.5147946986187046, 0.05360606511028153], [0.516874006159677, 0.8552773399125231, 0.03663241172246862], [-0.026989881418354556, 0.059051588515766085, -0.997890002051723]], "T": [0.012692593194684462, -0.02207217169734657, 0.03219692936976656], "aligned_model": [[0.6086704706232419, 0.5661356322620473, -0.048949394322159, -0.0914842326833535, -0.27580161679218296, -0.3183364551533775, 0.4628680447383035, 0.05514520337648117, -0.029924473345907827, -0.6272407836919889, -0.6697756220531834, 0.1584129806280267, 0.01261036501528667], [-0.30263406216147215, -0.33170080504197275, 0.5634164773238751, 0.5343497344433744, -0.4837915174965257, -0.5128582603770263, 0.3967397535310154, 0.0913935765783244, 0.03326009081732313, 0.14386184657700024, 0.11479510369649959, -0.6370470966057594, 0.06232683369782377], [-0.34366107602551815, 0.4481353345523068, -0.34719542686171545, 0.4446009837161095, -0.3978246638814117, 0.39397174669641327, -0.3258195752663861, -0.7565056219859834, 0.8270871991696662, -0.3936626965502824, 0.39813371402754255, 0.017449293817417146, 0.03529078859184143]], "inverted": true, "swapped": false, "error_lsq": 0.03745283184453832, "error_max": 0.3385242099114763, "target": "88.xyz", "model": "3.xyz", "model_rescale": 4.509807743048502, "target_rescale": 4.449845842855311},
{"mapping": [3, 2, 10, 9, 5, 4, 12, 1, 0, 7, 6, 8, 13], "R": [[0.8556359085834753, -0.5147946986187046, 0.05360606511028114], [-0.516874006159677, -0.8552773399125231, 0.0366324117224685], [0.026989881418354292, -0.059051588515765786, -0.997890002051723]], "T": [0.012692593194684475, -0.02207217169734657, 0.032196929369766564], "aligned_model": [[0.6086704706232418, 0.5661356322620477, -0.04894939432215914, -0.09148423268335332, -0.2758016167921831, -0.31833645515337733, 0.46286804473830334, 0.05514520337648088, -0.029924473345907508, -0.627240783691989, -0.6697756220531831, 0.1584129806280267, 0.012610365015286678], [-0.30263406216147215, -0.33170080504197264, 0.563416477323875, 0.5343497344433745, -0.4837915174965257, -0.5128582603770262, 0.3967397535310154, 0.09139357657832432, 0.03326009081732323, 0.14386184657700019, 0.11479510369649965, -0.6370470966057594, 0.06232683369782377], [-0.3436610760255183, 0.44813533455230636, -0.34719542686171534, 0.44460098371610934, -0.39782466388141147, 0.3939717466964132, -0.3258195752663863, -0.7565056219859836, 0.8270871991696663, -0.3936626965502821, 0.3981337140275426, 0.01744929381741727, 0.03529078859184152]], "inverted": false, "swapped": false, "error_lsq": 0.03745283184453831, "error_max": 0.3385242099114765, "target": "88.xyz", "model": "4.xyz", "model_rescale": 4.509807743048502, "target_rescale": 4.449845842855311},
{"mapping": [3, 2, 10, 9, 5, 4, 11, 1, 0, 7, 6, 8, 13], "R": [[0.855635908583475, -0.514794698618705, -0.0536060651102812], [-0.5168740061596774, -0.8552773399125229, -0.03663241172246871], [-0.026989881418354213, 0.059051588515766015, -0.997890002051723]], "T": [0.012692593194684472, -0.022072171697346585, -0.032196929369766515], "aligned_model": [[0.5661356322620473, 0.6086704706232416, -0.09148423268335315, -0.0489493943221589, -0.31833645515337755, -0.27580161679218335, 0.46286804473830356, -0.029924473345907525, 0.055145203376480954, -0.669775622053183, -0.6272407836919887, 0.1584129806280264, 0.012610365015286699], [-0.331700805041973, -0.3026340621614723, 0.5343497344433745, 0.5634164773238752, -0.5128582603770262, -0.48379151749652555, 0.39673975353101537, 0.033260090817323035, 0.09139357657832445, 0.11479510369649983, 0.14386184657700052, -0.6370470966057595, 0.06232683369782373], [-0.4481353345523066, 0.3436610760255183, -0.4446009837161096, 0.3471954268617153, -0.3939717466964133, 0.3978246638814116, 0.32581957526638616, -0.8270871991696661, 0.7565056219859835, -0.3981337140275428, 0.39366269655028213, -0.01744929381741728, -0.03529078859184169]], "inverted": false, "swapped": false, "error_lsq": 0.03745283184453832, "error_max": 0.3385242099114766, "target": "88.xyz", "model": "5.xyz", "model_rescale": 4.509807743048502, "target_rescale": 4.449845842855311},
{"mapping": [3, 2, 10, 9, 5, 4, 11, 1, 0, 7, 6, 8, 13], "R": [[0.8556358850078415, -0.5147947376400933, -0.053606066680141305], [-0.5168740453694226, -0.8552773160395787, -0.03663241585785823], [-0.026989877922961016, 0.05905159410382145, -0.9978900018155817]], "T": [0.012692598700997103, -0.02207216577873046, -0.03219693100960689], "aligned_model": [[0.5661355858335744, 0.6086704269177476, -0.09148437659616386, -0.04894953551199059, -0.3183365405711716, -0.27580169948699834, 0.4628681420240923, -0.02992440964004311, 0.055145272528303424, -0.6697755768950485, -0.6272407358108752, 0.158413134365678, 0.012610431444130158], [-0.33170093269120365, -0.3026341855198322, 0.5343494772480636, 0.5634162244194351, -0.5128583536139316, -0.48379160644256014, 0.39673985064539463, 0.03326019018395168, 0.09139368452669466, 0.11479523791209807, 0.14386198508346953, -0.6370468341244232, 0.06232693735532317], [-0.448135341993677, 0.3436610958978424, -0.444600983718697, 0.3471954541728224, -0.393971751151581, 0.39782468673993837, 0.32581957679806745, -0.8270872353342692, 0.7565056404487692, -0.398133735896113, 0.39366270199540637, -0.017449310515759313, -0.03529079744275004]], "inverted": false, "swapped": false, "error_lsq": 0.037452844531026666, "error_max": 0.33852419374523346, "target": "88.xyz", "model": "6.xyz", "model_rescale": 4.509807586411629, "target_rescale": 4.449845842855311},
{"mapping": [3, 2, 10, 9, 5, 4, 12, 1, 0, 7, 6, 8, 13], "R": [[0.8556358850078412, -0.5147947376400938, 0.053606066680140826], [-0.516874045369423, -0.8552773160395784, 0.03663241585785844], [0.026989877922960467, -0.059051594103821395, -0.9978900018155816]], "T": [0.012692598700997117, -0.022072165778730488, 0.03219693100960687], "aligned_model": [[0.6086704269177472, 0.5661355858335744, -0.04894953551199044, -0.09148437659616332, -0.2758016994869988, -0.3183365405711717, 0.4628681420240924, 0.05514527252830312, -0.02992440964004268, -0.6272407358108754, -0.6697755768950482, 0.15841313436567764, 0.012610431444130208], [-0.30263418551983245, -0.33170093269120415, 0.5634162244194352, 0.5343494772480635, -0.4837916064425598, -0.5128583536139315, 0.3967398506453944, 0.0913936845266948, 0.03326019018395149, 0.14386198508347003, 0.11479523791209838, -0.6370468341244232, 0.062326937355323145], [-0.34366109589784266, 0.44813534199367633, -0.34719545417282216, 0.44460098371869683, -0.39782468673993826, 0.39397175115158073, -0.3258195767980675, -0.7565056404487693, 0.8270872353342692, -0.393662701995406, 0.398133735896113, 0.017449310515759174, 0.035290797442750134]], "inverted": false, "swapped": false, "error_lsq": 0.03745284453102666, "error_max": 0.3385241937452333, "target": "88.xyz", "model": "7.xyz", "model_rescale": 4.509807586411629, "target_rescale": 4.449845842855311},
{"mapping": [2, 3, 9, 10, 4, 5, 11, 0, 1, 6, 7, 8, 13], "R": [[-0.8556358850078415, 0.5147947376400933, 0.05360606668014145], [0.5168740453694226, 0.8552773160395787, 0.03663241585785846], [-0.02698987792296102, 0.05905159410382173, -0.9978900018155817]], "T": [0.012692598700997103, -0.022072165778730467, 0.032196931009606786], "aligned_model": [[0.6086704269177476, 0.5661355858335743, -0.048949535511990536, -0.09148437659616393, -0.2758016994869983, -0.31833654057117167, 0.4628681420240924, 0.055145272528303535, -0.029924409640043222, -0.6272407358108751, -0.6697755768950486, 0.15841313436567797, 0.012610431444130142], [-0.30263418551983207, -0.33170093269120376, 0.5634162244194352, 0.5343494772480635, -0.48379160644256003, -0.5128583536139317, 0.39673985064539474, 0.09139368452669483, 0.033260190183951495, 0.14386198508346962, 0.11479523791209795, -0.6370468341244232, 0.06232693735532315], [-0.3436610958978424, 0.44813534199367694, -0.3471954541728223, 0.444600983718697, -0.3978246867399386, 0.39397175115158073, -0.32581957679806733, -0.7565056404487693, 0.8270872353342691, -0.3936627019954065, 0.39813373589611284, 0.017449310515759382, 0.03529079744275025]], "inverted": true, "swapped": false, "error_lsq": 0.037452844531026666, "error_max": 0.3385241937452331, "target": "88.xyz", "model": "8.xyz", "model_rescale": 4.509807586411629, "target_rescale": 4.449845842855311},
{"mapping": [3, 2, 12, 11, 7, 6, 10, 1, 0, 5, 4, 8, 13], "R": [[-0.8556359441065227, 0.5147946390968765, 0.05360606971282625], [0.5168739470323713, 0.8552773754910878, 0.036632415321053206], [-0.026989887589929845, 0.05905159210549256, -0.9978900016723735]], "T": [0.012692546048961379, -0.02207215044500257, 0.03219692938743652], "aligned_model": [[0.6086704200044485, 0.5661355757411125, -0.04894953954887232, -0.09148438381220837, -0.27580158714566655, -0.31833643140900264, 0.4628679379520547, 0.05514540307729174, -0.02992428544938033, -0.6272408160377436, -0.6697756603010796, 0.15841292671632445, 0.012610558813955706], [-0.3026341094331253, -0.33170085670667193, 0.5634164304256887, 0.534349683152142, -0.4837914458261344, -0.5128581930996811, 0.39673973318423195, 0.09139358689626169, 0.03326009234916842, 0.1438619271671923, 0.11479517989364565, -0.6370471926429531, 0.062326839622715055], [-0.343661098148032, 0.44813535401601795, -0.34719545396412405, 0.4446009981999259, -0.3978246820790816, 0.3939717700849683, -0.3258195975613956, -0.7565056508686587, 0.8270872534594409, -0.3936627171066092, 0.3981337350574407, 0.01744928761471634, 0.03529080129539099]], "inverted": false, "swapped": false, "error_lsq": 0.03745284692265824, "error_max": 0.33852425751009474, "target": "88.xyz", "model": "9.xyz", "model_rescale": 4.509807504472865, "target_rescale": 4.449845842855311},
{"mapping": [3, 2, 12, 11, 7, 6, 10, 1, 0, 5, 4, 8, 13], "R": [[-0.8556359441065227, 0.5147946390968765, 0.05360606971282625], [0.5168739470323713, 0.8552773754910878, 0.036632415321053234], [-0.026989887589929845, 0.05905159210549259, -0.9978900016723735]], "T": [0.012692546048961379, -0.022072150445002568, 0.032196929387436464], "aligned_model": [[0.6086704200044485, 0.5661355757411125, -0.04894953954887234, -0.09148438381220837, -0.2758015871456666, -0.3183364314090026, 0.46286793795205466, 0.05514540307729175, -0.029924285449380337, -0.6272408160377436, -0.6697756603010796, 0.15841292671632445, 0.0126105588139557], [-0.3026341094331253, -0.33170085670667193, 0.5634164304256887, 0.534349683152142, -0.4837914458261344, -0.5128581930996811, 0.39673973318423195, 0.09139358689626173, 0.0332600923491684, 0.1438619271671923, 0.11479517989364565, -0.6370471926429531, 0.06232683962271506], [-0.34366109814803186, 0.44813535401601784, -0.34719545396412393, 0.44460099819992577, -0.39782468207908156, 0.39397177008496814, -0.3258195975613955, -0.7565056508686591, 0.8270872534594409, -0.3936627171066091, 0.3981337350574406, 0.017449287614716376, 0.03529080129539104]], "inverted": false, "swapped": false, "error_lsq": 0.03745284692265823, "error_max": 0.3385242575100947, "target": "88.xyz", "model": "10.xyz", "model_rescale": 4.509807504472865, "target_rescale": 4.449845842855311},
{"mapping": [2, 3, 11, 12, 6, 7, 9, 0, 1, 4, 5, 8, 13], "R": [[0.8556359441065226, -0.514794639096877, 0.05360606971282574], [-0.5168739470323718, -0.8552773754910877, 0.03663241532105317], [0.026989887589929408, -0.05905159210549228, -0.9978900016723736]], "T": [0.012692546048961407, -0.022072150445002575, 0.03219692938743638], "aligned_model": [[0.6086704200044482, 0.5661355757411125, -0.04894953954887225, -0.0914843838122079, -0.275801587145667, -0.31833643140900264, 0.46286793795205483, 0.055145403077291405, -0.029924285449379865, -0.6272408160377437, -0.6697756603010793, 0.1584129267163242, 0.012610558813955753], [-0.30263410943312563, -0.33170085670667226, 0.5634164304256888, 0.5343496831521422, -0.4837914458261344, -0.5128581930996811, 0.39673973318423184, 0.09139358689626167, 0.03326009234916846, 0.14386192716719257, 0.11479517989364596, -0.6370471926429532, 0.062326839622715055], [-0.34366109814803225, 0.4481353540160176, -0.34719545396412393, 0.44460099819992593, -0.3978246820790814, 0.3939717700849685, -0.3258195975613958, -0.756505650868659, 0.8270872534594407, -0.3936627171066088, 0.3981337350574411, 0.01744928761471643, 0.03529080129539115]], "inverted": true, "swapped": false, "error_lsq": 0.037452846922658226, "error_max": 0.3385242575100949, "target": "88.xyz", "model": "11.xyz", "model_rescale": 4.509807504472865, "target_rescale": 4.449845842855311},
{"mapping": [3, 2, 12, 11, 7, 6, 10, 1, 0, 5, 4, 8, 13], "R": [[-0.8556358762275547, 0.5147947524533383, 0.05360606457119418], [0.5168740599675234, 0.8552773073507542, 0.03663241274517252], [-0.026989876713202014, 0.059051590811339476, -0.9978900020431393]], "T": [0.012692615411162834, -0.022072037744611684, 0.03219693530987956], "aligned_model": [[0.6086704139895336, 0.5661355762774583, -0.04894950735072594, -0.09148434506280127, -0.27580168034396785, -0.3183365180560432, 0.46286814694830997, 0.055145362901683787, -0.029924312522466853, -0.6272408060190776, -0.669775643731153, 0.15841290638087585, 0.012610525189608469], [-0.3026340573168393, -0.3317008008575499, 0.5634163292926183, 0.5343495857519077, -0.48379145597237544, -0.512858199513086, 0.39673995345444263, 0.09139350130833193, 0.03326001422691077, 0.143861926868292, 0.11479518332758142, -0.6370470633553756, 0.06232675776762135], [-0.3436610776043244, 0.4481353288458479, -0.34719543583925466, 0.44460097061091763, -0.39782466345946743, 0.3939717429907049, -0.32581956035519943, -0.7565056121254101, 0.8270872007749341, -0.3936626923916787, 0.39813371405849357, 0.017449290169674316, 0.03529079432476201]], "inverted": false, "swapped": false, "error_lsq": 0.03745284286839283, "error_max": 0.33852418471855644, "target": "88.xyz", "model": "12.xyz", "model_rescale": 4.509807766519439, "target_rescale": 4.449845842855311},
{"mapping": [3, 2, 12, 11, 7, 6, 10, 1, 0, 5, 4, 8, 13], "R": [[-0.8556358762275547, 0.5147947524533384, 0.05360606457119396], [0.5168740599675236, 0.8552773073507542, 0.036632412745172205], [-0.026989876713201993, 0.05905159081133911, -0.9978900020431394]], "T": [0.012692615411162851, -0.022072037744611674, 0.03219693530987947], "aligned_model": [[0.6086704139895335, 0.5661355762774584, -0.048949507350725986, -0.09148434506280112, -0.275801680343968, -0.3183365180560431, 0.4628681469483099, 0.05514536290168366, -0.029924312522466655, -0.6272408060190778, -0.669775643731153, 0.1584129063808758, 0.012610525189608495], [-0.3026340573168394, -0.33170080085754977, 0.5634163292926182, 0.5343495857519078, -0.48379145597237555, -0.5128581995130859, 0.3967399534544425, 0.09139350130833171, 0.03326001422691102, 0.14386192686829194, 0.11479518332758162, -0.6370470633553758, 0.06232675776762136], [-0.34366107760432435, 0.4481353288458478, -0.34719543583925466, 0.44460097061091747, -0.3978246634594671, 0.39397174299070503, -0.32581956035519954, -0.7565056121254106, 0.8270872007749343, -0.3936626923916785, 0.3981337140584936, 0.017449290169674482, 0.03529079432476199]], "inverted": false, "swapped": false, "error_lsq": 0.03745284286839284, "error_max": 0.33852418471855655, "target": "88.xyz", "model": "13.xyz", "model_rescale": 4.509807766519439, "target_rescale": 4.449845842855311},
{"mapping": [2, 3, 11, 12, 6, 7, 9, 0, 1, 4, 5, 8, 13], "R": [[0.8556358762275548, -0.5147947524533384, 0.0536060645711937], [-0.5168740599675236, -0.8552773073507542, 0.036632412745172746], [0.026989876713201483, -0.05905159081133941, -0.9978900020431394]], "T": [0.012692615411162862, -0.022072037744611687, 0.032196935309879375], "aligned_model": [[0.6086704139895335, 0.5661355762774586, -0.04894950735072613, -0.09148434506280108, -0.2758016803439681, -0.31833651805604307, 0.4628681469483098, 0.05514536290168344, -0.029924312522466436, -0.6272408060190781, -0.669775643731153, 0.15841290638087585, 0.012610525189608488], [-0.30263405731683923, -0.33170080085755, 0.5634163292926184, 0.5343495857519076, -0.4837914559723754, -0.5128581995130861, 0.3967399534544427, 0.0913935013083321, 0.033260014226910585, 0.14386192686829213, 0.11479518332758137, -0.6370470633553758, 0.06232675776762133], [-0.34366107760432474, 0.4481353288458476, -0.3471954358392545, 0.44460097061091786, -0.3978246634594674, 0.393971742990705, -0.3258195603551996, -0.7565056121254105, 0.827087200774934, -0.39366269239167834, 0.398133714058494, 0.017449290169674215, 0.035290794324762134]], "inverted": true, "swapped": false, "error_lsq": 0.037452842868392844, "error_max": 0.33852418471855666, "target": "88.xyz", "model": "14.xyz", "model_rescale": 4.509807766519439, "target_rescale": 4.449845842855311},
{"mapping": [8, 7, 1, 0, 10, 9, 5, 4, 11, 3, 2, 12], "R": [[-0.8645986525327276, 0.5024631031614081, 5.943351387592189e-18], [0.5024631031614081, 0.8645986525327276, -1.1796848532821863e-18], [-5.7313617133734015e-18, 1.9663608468271846e-18, -1.0]], "T": [0.01358276361856614, 0.0747914161226197, 3.769962743611915e-17], "aligned_model": [[0.08964343256795584, 0.08964343256795584, -0.582283164273472, -0.582283164273472, 0.5539971626202158, 0.5539971626202158, -0.026383125600369567, -0.026383125600369567, -0.49073708148656636, 0.39526699045977004, 0.39526699045977004, 0.08964343256795584], [0.04122573311742615, 0.04122573311742615, 0.09765719343329186, 0.09765719343329186, -0.09151403143805927, -0.09151403143805927, -0.5270277677165368, -0.5270277677165368, -0.39428839175817726, 0.6151411399702114, 0.6151411399702114, 0.04122573311742615], [-0.8041626893087751, 0.8041626893087751, -0.40208134465438766, 0.4020813446543878, -0.40208134465438766, 0.4020813446543878, -0.40208134465438766, 0.4020813446543878, 1.3505442902046225e-16, -0.40208134465438766, 0.4020813446543878, 1.3799006493749346e-16]], "inverted": false, "swapped": true, "error_lsq": 0.025843781088708235, "error_max": 0.1117186260943847, "target": "88.xyz", "model": "15.xyz", "model_rescale": 4.510870436145588, "target_rescale": 4.449845842855311},
{"mapping": [8, 7, 1, 0, 10, 9, 5, 4, 11, 3, 2, 12], "R": [[-0.8645986525327276, 0.5024631031614081, 2.3862127136048523e-17], [0.5024631031614081, 0.8645986525327276, 4.0613916441258457e-17], [-2.2416848177933137e-19, 4.710457587799984e-17, -1.0]], "T": [0.01358276361856614, 0.0747914161226197, -2.3046433381043938e-17], "aligned_model": [[0.08964343256795586, 0.08964343256795583, -0.582283164273472, -0.582283164273472, 0.5539971626202158, 0.5539971626202158, -0.02638312560036956, -0.026383125600369574, -0.49073708148656636, 0.39526699045977004, 0.39526699045977004, 0.08964343256795584], [0.04122573311742619, 0.04122573311742612, 0.09765719343329188, 0.09765719343329185, -0.09151403143805924, -0.09151403143805929, -0.5270277677165368, -0.5270277677165368, -0.39428839175817726, 0.6151411399702114, 0.6151411399702114, 0.04122573311742615], [-0.8041626893087751, 0.8041626893087751, -0.4020813446543877, 0.4020813446543877, -0.4020813446543877, 0.4020813446543877, -0.4020813446543877, 0.4020813446543877, 4.5667039527474316e-17, -0.40208134465438766, 0.4020813446543878, 7.720408741781409e-17]], "inverted": false, "swapped": true, "error_lsq": 0.025843781088708235, "error_max": 0.11171862609438471, "target": "88.xyz", "model": "16.xyz", "model_rescale": 4.510870436145588, "target_rescale": 4.449845842855311},
{"mapping": [7, 8, 0, 1, 9, 10, 4, 5, 11, 2, 3, 12], "R": [[0.8645986525327278, -0.5024631031614079, -2.097582124267149e-16], [-0.5024631031614079, -0.8645986525327278, 5.695370722195476e-17], [-2.0997380428910105e-16, 5.615366380867139e-17, -1.0000000000000002]], "T": [0.013582763618566113, 0.0747914161226197, 1.306516417418791e-16], "aligned_model": [[0.08964343256795566, 0.089643432567956, -0.5822831642734723, -0.582283164273472, 0.5539971626202157, 0.5539971626202159, -0.02638312560036951, -0.026383125600369345, -0.49073708148656636, 0.39526699045976976, 0.39526699045977, 0.08964343256795583], [0.04122573311742623, 0.04122573311742613, 0.0976571934332917, 0.09765719343329164, -0.0915140314380591, -0.09151403143805915, -0.5270277677165369, -0.5270277677165369, -0.39428839175817754, 0.6151411399702115, 0.6151411399702115, 0.04122573311742618], [-0.8041626893087752, 0.8041626893087754, -0.4020813446543876, 0.40208134465438805, -0.40208134465438783, 0.40208134465438783, -0.4020813446543877, 0.40208134465438794, 1.0992225160947421e-16, -0.4020813446543878, 0.4020813446543879, 1.2986816413290728e-17]], "inverted": true, "swapped": true, "error_lsq": 0.025843781088708235, "error_max": 0.11171862609438481, "target": "88.xyz", "model": "17.xyz", "model_rescale": 4.510870436145588, "target_rescale": 4.449845842855311},
{"mapping": [9, 8, 3, 5, 1, 2, 7, 0, 6, 11, 4, 10, 12], "R": [[0.35745913685345676, 0.8403614243448357, 0.40745017112906046], [0.4329584962100423, -0.5356736844045891, 0.7249832028371082], [0.8275082513422573, -0.08274285654684488, -0.5553230714196447]], "T": [-0.0907468919983787, -0.11864628630175214, 0.07233280433925571], "aligned_model": [[0.5793860511578321, 0.3386084695709384, -0.32143789055283223, 0.20639410676222048, -0.367226125961659, -0.2584827938573823, 0.6650791031566423, -0.04075549237595501, -0.12007652682348345, -0.552153515637001, -0.6479085241385362, 0.2529154175721282, 0.06798783972832174], [-0.06019608544917773, -0.3456130072550532, 0.633365534938676, 0.7139743564656592, -0.5699384642897183, -0.5743734303037746, 0.23528189067408048, 0.010956433639415314, 0.13307945853652556, 0.07767386676925725, 0.052470637009542354, -0.6410909833783114, 0.006521467625359129], [-0.44181562178502043, 0.45176433266326255, -0.1973099228602403, 0.2952056834908013, -0.3589792474773749, 0.4364472151406192, 0.006810108030713469, -0.803933472109924, 0.7401599081233503, -0.3706248783440956, 0.24764430177230878, 0.0031386028475287042, -0.008507009491929993]], "inverted": true, "swapped": false, "error_lsq": 0.050340136734308, "error_max": 0.33425180673901794, "target": "88.xyz", "model": "18.xyz", "model_rescale": 4.466005644533647, "target_rescale": 4.449845842855311},
{"mapping": [1, 0, 9, 8, 5, 4, 11, 3, 2, 7, 6, 12, 13], "R": [[0.8556358676461131, -0.5147947666848001, 0.053606064875400754], [-0.5168740742408946, -0.8552772986775394, 0.036632413849885304], [0.026989875418412947, -0.05905159236458821, -0.9978900019862436]], "T": [0.012692580690094057, -0.02207209658756639, 0.03219693167094342], "aligned_model": [[0.6086703817512554, 0.5661355432796539, -0.048949533208550056, -0.09148437168015164, -0.27580172638373146, -0.318336564855333, 0.46286812456191273, 0.055145444492716356, -0.029924232450486806, -0.6272408459080351, -0.6697756843796366, 0.1584129773605054, 0.012610606021114782], [-0.3026341287301509, -0.3317008735015014, 0.5634162793650201, 0.5343495345936695, -0.48379151478556665, -0.5128582595569172, 0.39673989294804374, 0.09139363436760178, 0.03326014482490073, 0.14386188153306875, 0.11479513676171824, -0.6370469424336581, 0.06232688959625126], [-0.3436610865648201, 0.4481353294856453, -0.3471954429101752, 0.4446009731402902, -0.39782467317209136, 0.393971742878374, -0.325819567655256, -0.7565056120641087, 0.827087220036822, -0.3936627006911665, 0.39813371535929887, 0.017449298170830227, 0.035290803986356575]], "inverted": false, "swapped": false, "error_lsq": 0.03745285320889812, "error_max": 0.3385241928054885, "target": "88.xyz", "model": "19.xyz", "model_rescale": 4.509807711582247, "target_rescale": 4.449845842855311},
{"mapping": [1, 0, 9, 8, 5, 4, 11, 3, 2, 7, 6, 12, 13], "R": [[0.8556358676461135, -0.5147947666847996, 0.05360606487540037], [-0.5168740742408944, -0.8552772986775399, 0.036632413849886386], [0.026989875418412083, -0.05905159236458893, -0.9978900019862438]], "T": [0.012692580690094098, -0.022072096587566425, 0.03219693167094343], "aligned_model": [[0.6086703817512554, 0.5661355432796541, -0.04894953320855053, -0.0914843716801518, -0.2758017263837312, -0.3183365648553325, 0.4628681245619124, 0.055145444492716036, -0.029924232450486515, -0.6272408459080352, -0.6697756843796365, 0.15841297736050589, 0.012610606021114757], [-0.3026341287301502, -0.3317008735015016, 0.5634162793650204, 0.5343495345936691, -0.4837915147855664, -0.5128582595569178, 0.39673989294804435, 0.09139363436760262, 0.03326014482489984, 0.14386188153306895, 0.11479513676171754, -0.6370469424336582, 0.062326889596251225], [-0.34366108656482075, 0.44813532948564494, -0.3471954429101747, 0.444600973140291, -0.39782467317209186, 0.39397174287837383, -0.3258195676552559, -0.7565056120641087, 0.8270872200368222, -0.3936627006911662, 0.3981337153592995, 0.017449298170829734, 0.035290803986356874]], "inverted": false, "swapped": false, "error_lsq": 0.037452853208898136, "error_max": 0.33852419280548857, "target": "88.xyz", "model": "20.xyz", "model_rescale": 4.509807711582248, "target_rescale": 4.449845842855311},
{"mapping": [10, 7, 4, 6, 0, 2, 8, 1, 5, 11, 3, 9, 12], "R": [[-0.3574591368534567, -0.8403614243448359, 0.4074501711290608], [-0.43295849621004245, 0.5356736844045892, 0.7249832028371082], [-0.8275082513422574, 0.08274285654684466, -0.5553230714196449]], "T": [-0.09074689199837879, -0.11864628630175222, 0.07233280433925582], "aligned_model": [[0.5793860511578324, 0.3386084695709384, -0.3214378905528323, 0.2063941067622206, -0.36722612596165916, -0.2584827938573826, 0.6650791031566425, -0.040755492375954966, -0.12007652682348358, -0.5521535156370012, -0.6479085241385365, 0.2529154175721282, 0.06798783972832176], [-0.06019608544917798, -0.3456130072550532, 0.6333655349386761, 0.7139743564656592, -0.5699384642897185, -0.5743734303037747, 0.23528189067408034, 0.010956433639415009, 0.1330794585365257, 0.0776738667692572, 0.05247063700954255, -0.6410909833783115, 0.006521467625359101], [-0.4418156217850203, 0.4517643326632628, -0.1973099228602404, 0.2952056834908014, -0.3589792474773751, 0.43644721514061946, 0.006810108030713691, -0.8039334721099242, 0.7401599081233505, -0.3706248783440958, 0.24764430177230873, 0.003138602847528857, -0.008507009491929937]], "inverted": false, "swapped": false, "error_lsq": 0.050340136734308004, "error_max": 0.33425180673901794, "target": "88.xyz", "model": "21.xyz", "model_rescale": 4.466005644533646, "target_rescale": 4.449845842855311},
{"mapping": [9, 8, 3, 5, 1, 2, 7, 0, 6, 11, 4, 10, 12], "R": [[0.357459073601767, 0.8403614655732501, 0.4074501415870979], [0.432958534370102, -0.5356736261151832, 0.7249832231167177], [0.8275082586994889, -0.08274281518168458, -0.5553230666197378]], "T": [-0.09074689606679788, -0.1186462866743629, 0.07233280410878778], "aligned_model": [[0.5793859744830213, 0.3386085642002571, -0.32143784509152395, 0.20639413137632823, -0.3672259892079145, -0.2584828753808408, 0.665079176741673, -0.04075537666649849, -0.12007648116508784, -0.5521538021574198, -0.64790845763294, 0.2529153619416053, 0.06798773716057525], [-0.060195985840720403, -0.34561303311126823, 0.6333654601125445, 0.7139743273353574, -0.5699385545464034, -0.5743733806193424, 0.23528188573997527, 0.010956364304840135, 0.13307940848411398, 0.07767400832214473, 0.05247054126130109, -0.641090904691964, 0.006521538231901228], [-0.44181559142556776, 0.45176434663188525, -0.19730995525146888, 0.2952056745815191, -0.35897926432800875, 0.43644722756352156, 0.006810122265837715, -0.8039334886940563, 0.7401598989475666, -0.3706248755437616, 0.24764426911457865, 0.0031386329404798213, -0.008506996802526048]], "inverted": true, "swapped": false, "error_lsq": 0.05034013265723768, "error_max": 0.3342517568644411, "target": "88.xyz", "model": "22.xyz", "model_rescale": 4.46600560860683, "target_rescale": 4.449845842855311},
{"mapping": [1, 0, 9, 8, 5, 4, 11, 3, 2, 7, 6, 12, 13], "R": [[0.8556358999935516, -0.5147947127881745, 0.05360606614522216], [-0.5168740204273117, -0.855277331222182, 0.03663241330801457], [0.026989880502368307, -0.059051590857512166, -0.9978900019379215]], "T": [0.012692576216990777, -0.022072101978548316, 0.03219693152042078], "aligned_model": [[0.608670458225431, 0.5661356183953281, -0.048949516509085196, -0.09148435633918814, -0.275801645642019, -0.31833648547212196, 0.4628680417198643, 0.05514537899366317, -0.029924300666542718, -0.6272408074783211, -0.669775647308424, 0.1584128415190898, 0.01261053916356023], [-0.3026340056739573, -0.3317007502551656, 0.563416368274221, 0.5343496236930128, -0.4837914489540245, -0.5128581935352328, 0.3967398230440547, 0.09139353466563435, 0.03326004550321771, 0.14386193049969084, 0.1147951859184825, -0.6370472282818801, 0.062326790084426036], [-0.34366108003928986, 0.4481353425055808, -0.34719544215651543, 0.4446009803883552, -0.3978246695477689, 0.39397175299710174, -0.32581957733608535, -0.7565056255612412, 0.8270872195285, -0.393662700746762, 0.39813372179810863, 0.0174492811863872, 0.03529079698362921]], "inverted": false, "swapped": false, "error_lsq": 0.037452844824372306, "error_max": 0.338524218149544, "target": "88.xyz", "model": "23.xyz", "model_rescale": 4.509807674373902, "target_rescale": 4.449845842855311},
{"mapping": [1, 0, 9, 8, 5, 4, 11, 3, 2, 7, 6, 12, 13], "R": [[0.8556358999935516, -0.5147947127881745, 0.053606066145222085], [-0.5168740204273117, -0.855277331222182, 0.03663241330801459], [0.02698988050236823, -0.05905159085751216, -0.9978900019379215]], "T": [0.01269257621699077, -0.022072101978548312, 0.03219693152042078], "aligned_model": [[0.608670458225431, 0.5661356183953281, -0.04894951650908526, -0.09148435633918815, -0.275801645642019, -0.31833648547212184, 0.4628680417198641, 0.05514537899366309, -0.029924300666542655, -0.6272408074783211, -0.669775647308424, 0.15841284151908977, 0.012610539163560213], [-0.3026340056739572, -0.3317007502551656, 0.5634163682742209, 0.5343496236930126, -0.4837914489540243, -0.5128581935352328, 0.3967398230440547, 0.09139353466563437, 0.03326004550321769, 0.14386193049969082, 0.11479518591848248, -0.63704722828188, 0.06232679008442603], [-0.34366108003929, 0.4481353425055808, -0.34719544215651554, 0.44460098038835527, -0.397824669547769, 0.3939717529971018, -0.32581957733608546, -0.7565056255612411, 0.8270872195284998, -0.3936627007467621, 0.39813372179810874, 0.017449281186387364, 0.03529079698362941]], "inverted": false, "swapped": false, "error_lsq": 0.03745284482437232, "error_max": 0.33852421814954414, "target": "88.xyz", "model": "24.xyz", "model_rescale": 4.509807674373903, "target_rescale": 4.449845842855311},
{"mapping": [10, 7, 4, 6, 0, 2, 8, 1, 5, 11, 3, 9, 12], "R": [[-0.3574590736017667, -0.8403614655732503, 0.40745014158709747], [-0.4329585343701019, 0.5356736261151828, 0.7249832231167179], [-0.8275082586994889, 0.08274281518168464, -0.5553230666197376]], "T": [-0.09074689606679788, -0.11864628667436303, 0.0723328041087878], "aligned_model": [[0.5793859744830212, 0.33860856420025726, -0.32143784509152445, 0.20639413137632767, -0.3672259892079142, -0.2584828753808405, 0.6650791767416728, -0.04075537666649863, -0.1200764811650879, -0.5521538021574199, -0.64790845763294, 0.2529153619416057, 0.06798773716057523], [-0.060195985840720195, -0.3456130331112682, 0.6333654601125444, 0.7139743273353574, -0.5699385545464034, -0.5743733806193425, 0.23528188573997535, 0.010956364304840122, 0.1330794084841139, 0.07767400832214458, 0.052470541261300824, -0.6410909046919637, 0.006521538231901242], [-0.44181559142556753, 0.4517643466318851, -0.19730995525146872, 0.29520567458151936, -0.35897926432800903, 0.4364472275635214, 0.006810122265837895, -0.8039334886940561, 0.7401598989475666, -0.3706248755437616, 0.24764426911457854, 0.003138632940479655, -0.008506996802526035]], "inverted": false, "swapped": false, "error_lsq": 0.05034013265723766, "error_max": 0.3342517568644416, "target": "88.xyz", "model": "25.xyz", "model_rescale": 4.466005608606829, "target_rescale": 4.449845842855311},
{"mapping": [9, 8, 3, 5, 1, 2, 7, 0, 6, 11, 4, 10, 12], "R": [[0.3574591629878002, 0.840361407346901, 0.40745018325925053], [0.4329584526942377, -0.5356737056484656, 0.7249832131280368], [0.8275082628207846, -0.08274289165104531, -0.5553230490845402]], "T": [-0.09074690566690595, -0.1186463015796038, 0.07233276306843098], "aligned_model": [[0.5793860417910801, 0.33860847686472506, -0.32143791666660204, 0.20639414819089402, -0.3672261878794712, -0.2584827676154292, 0.6650791060189032, -0.04075555872529317, -0.12007648096328394, -0.5521534707691593, -0.64790854582078, 0.2529154126369021, 0.06798786153874888], [-0.060196053816746184, -0.34561299193043427, 0.6333654561084652, 0.7139743359821669, -0.5699384831636194, -0.5743733870075651, 0.2352818890654355, 0.010956397832250456, 0.13307945498629692, 0.07767392263794641, 0.052470575112595244, -0.6410909348126159, 0.0065214939883047746], [-0.4418155567097166, 0.4517643515230274, -0.19731001127370182, 0.29520575363946366, -0.35897937622916587, 0.4364472352521048, 0.0068101640730938995, -0.8039335636790994, 0.7401599410893972, -0.3706247924040238, 0.2476441761762317, 0.0031386307402169744, -0.008506952197828793]], "inverted": true, "swapped": false, "error_lsq": 0.050340139014743865, "error_max": 0.3342517791551746, "target": "88.xyz", "model": "26.xyz", "model_rescale": 4.466005838112752, "target_rescale": 4.449845842855311},
{"mapping": [1, 0, 9, 8, 5, 4, 11, 3, 2, 7, 6, 12, 13], "R": [[0.8556358370106615, -0.5147948175755683, 0.053606065145671414], [-0.5168741251401214, -0.8552772678954988, 0.03663241436003488], [0.026989871872591182, -0.059051594547043076, -0.9978900019529972]], "T": [0.012692616302022498, -0.02207212053038661, 0.03219693148460482], "aligned_model": [[0.6086704708695938, 0.566135633895207, -0.048949555943446105, -0.0914843929178328, -0.2758016125316303, -0.31833644950601697, 0.46286807137586716, 0.05514538876353632, -0.02992428518523706, -0.6272408703693607, -0.6697757073437475, 0.15841287570515172, 0.012610551789149634], [-0.3026342326807725, -0.33170097668722165, 0.5634162942304897, 0.5343495502240405, -0.48379155873433904, -0.5128583027407883, 0.3967398840549607, 0.09139366356251295, 0.03326017554961471, 0.14386194778732442, 0.11479520378087531, -0.6370468929202807, 0.06232691955606383], [-0.3436610708094478, 0.44813531335154316, -0.347195428537249, 0.44460095562374197, -0.3978246542193453, 0.39397172994164564, -0.3258195557361968, -0.7565055831653473, 0.8270871851566346, -0.3936626848971692, 0.39813369926382175, 0.01744929303172479, 0.03529080099564353]], "inverted": false, "swapped": false, "error_lsq": 0.037452854180888194, "error_max": 0.3385241944506994, "target": "88.xyz", "model": "27.xyz", "model_rescale": 4.509807893063789, "target_rescale": 4.449845842855311},
{"mapping": [1, 0, 9, 8, 5, 4, 11, 3, 2, 7, 6, 12, 13], "R": [[0.8556358370106611, -0.5147948175755686, 0.05360606514567123], [-0.5168741251401217, -0.8552772678954985, 0.03663241436003485], [0.026989871872591015, -0.05905159454704298, -0.997890001952997]], "T": [0.012692616302022501, -0.022072120530386624, 0.032196931484604834], "aligned_model": [[0.6086704708695934, 0.5661356338952068, -0.04894955594344596, -0.09148439291783253, -0.2758016125316305, -0.318336449506017, 0.4628680713758671, 0.05514538876353621, -0.029924285185236876, -0.6272408703693605, -0.669775707343747, 0.15841287570515142, 0.012610551789149662], [-0.3026342326807726, -0.33170097668722176, 0.5634162942304894, 0.5343495502240403, -0.48379155873433877, -0.5128583027407879, 0.3967398840549603, 0.09139366356251288, 0.0332601755496147, 0.14386194778732458, 0.11479520378087549, -0.6370468929202805, 0.06232691955606379], [-0.343661070809448, 0.44813531335154305, -0.3471954285372491, 0.44460095562374197, -0.3978246542193454, 0.3939717299416457, -0.32581955573619703, -0.7565055831653471, 0.8270871851566344, -0.39366268489716916, 0.3981336992638219, 0.017449293031724974, 0.03529080099564374]], "inverted": false, "swapped": false, "error_lsq": 0.0374528541808882, "error_max": 0.3385241944506996, "target": "88.xyz", "model": "28.xyz", "model_rescale": 4.5098078930637895, "target_rescale": 4.449845842855311},
