[{"mapping": [3, 2, 10, 9, 5, 4, 11, 1, 7, 6, 8, 11], "R": [[0.855778954159717, -0.5161132021348154, -0.035630663752564025], [-0.5169880732526113, -0.8557092751187308, -0.02202200241415546], [-0.019123643268315386, 0.037266594396638444, -0.9991223584777907]], "T": [0.02893523065531466, -0.040940396749245926, 0.20084763281724188], "aligned_model": [[0.6210528900569293, 0.6493181125791717, -0.03602681871294022, -0.007761596190697748, -0.26411465158943065, -0.23584942906718814, 0.06046622401635811, 0.03220100149411565, -0.6150909124189792, -0.5868256898967368, 0.20561270830031328, 0.06046622401635811], [-0.29248873547776444, -0.27501904131365634, 0.5736466290384823, 0.5911163232025904, -0.473792503213469, -0.45632280904936096, 0.0957417061348273, 0.07827201197071923, 0.1539380146554663, 0.1714077088195744, -0.603749222959428, 0.0957417061348273], [-0.21171421407752555, 0.5808732040361841, -0.207372252318148, 0.5852151657955618, -0.1761512234684568, 0.616436194645253, 0.19671051809165999, -0.5958769000220496, -0.1774707473826323, 0.6151166707310775, 0.20695203182216526, 0.19671051809165999]], "inverted": false, "swapped": false, "error_lsq": 0.05528655581476236, "error_max": 0.5706164396990274, "target": "89.xyz", "model": "0.xyz", "model_rescale": 4.5108708085295355, "target_rescale": 4.392213560442301},
{"mapping": [3, 2, 10, 9, 5, 4, 11, 1, 7, 6, 8, 11], "R": [[0.8557789541597172, -0.5161132021348152, -0.035630663752564115], [-0.5169880732526111, -0.855709275118731, -0.022022002414155684], [-0.019123643268315366, 0.03726659439663869, -0.9991223584777906]], "T": [0.02893523065531466, -0.040940396749245926, 0.20084763281724183], "aligned_model": [[0.621052890056929, 0.6493181125791716, -0.03602681871294036, -0.007761596190697825, -0.2641146515894305, -0.23584942906718798, 0.06046622401635808, 0.03220100149411554, -0.6150909124189792, -0.5868256898967366, 0.20561270830031342, 0.06046622401635808], [-0.2924887354777644, -0.2750190413136561, 0.5736466290384821, 0.5911163232025902, -0.4737925032134691, -0.45632280904936084, 0.09574170613482727, 0.07827201197071904, 0.15393801465546608, 0.17140770881957434, -0.6037492229594278, 0.09574170613482727], [-0.21171421407752528, 0.5808732040361839, -0.20737225231814782, 0.5852151657955614, -0.1761512234684564, 0.6164361946452528, 0.19671051809166, -0.5958769000220496, -0.17747074738263202, 0.6151166707310772, 0.20695203182216543, 0.19671051809166]], "inverted": false, "swapped": false, "error_lsq": 0.05528655581476236, "error_max": 0.5706164396990274, "target": "89.xyz", "model": "1.xyz", "model_rescale": 4.510870808529536, "target_rescale": 4.392213560442301},
{"mapping": [3, 2, 10, 9, 5, 4, 11, 1, 7, 6, 8, 11], "R": [[0.8557789541597172, -0.5161132021348154, -0.03563066375256356], [-0.5169880732526111, -0.855709275118731, -0.022022002414155868], [-0.01912364326831479, 0.037266594396638555, -0.9991223584777906]], "T": [0.02893523065531463, -0.040940396749245885, 0.200847632817242], "aligned_model": [[0.6210528900569294, 0.6493181125791716, -0.03602681871294007, -0.0077615961906979634, -0.2641146515894305, -0.2358494290671884, 0.06046622401635807, 0.032201001494115984, -0.6150909124189791, -0.5868256898967369, 0.2056127083003133, 0.06046622401635807], [-0.29248873547776444, -0.27501904131365607, 0.5736466290384821, 0.5911163232025904, -0.47379250321346916, -0.4563228090493608, 0.09574170613482735, 0.07827201197071895, 0.15393801465546608, 0.17140770881957448, -0.6037492229594279, 0.09574170613482735], [-0.211714214077525, 0.5808732040361846, -0.2073722523181481, 0.5852151657955615, -0.17615122346845657, 0.616436194645253, 0.19671051809165976, -0.5958769000220494, -0.17747074738263252, 0.6151166707310771, 0.2069520318221654, 0.19671051809165976]], "inverted": false, "swapped": false, "error_lsq": 0.05528655581476236, "error_max": 0.5706164396990274, "target": "89.xyz", "model": "2.xyz", "model_rescale": 4.5108708085295355, "target_rescale": 4.392213560442301},
{"mapping": [2, 3, 9, 10, 4, 5, 12, 0, 6, 7, 8, 13], "R": [[-0.8527053871845127, 0.5151902156397671, -0.08644399560154867], [0.5205051573284315, 0.8519641990401043, -0.0568452702382388], [0.04436106244236063, -0.09346681369878801, -0.9946336264554809]], "T": [0.025081303705905392, -0.015088495988446126, 0.1652372911921445], "aligned_model": [[0.5636244050521393, 0.6322151768732641, -0.09087542538385124, -0.022284653562726398, -0.3191426554130407, -0.2505518835919159, 0.48804359398805075, -0.04343528903373925, -0.6686093578500035, -0.6000185860288787, 0.16932725475058968, 0.025155482787385563], [-0.33522563156357577, -0.29012057906237737, 0.5331621186413803, 0.5782671711425788, -0.5119373000083248, -0.46683224750712643, 0.40928051058687515, 0.024124190587129384, 0.11680561075695535, 0.16191066325815373, -0.6301719619771879, 0.06922924308832777], [-0.2621470643976521, 0.5270655077778477, -0.25489429921902673, 0.5343182729564729, -0.17532601578020815, 0.6138865563952915, 0.49962336672888474, -0.6288006527305313, -0.18088762403207667, 0.6083249481434231, 0.18785405065735605, 0.16041191944496827]], "inverted": true, "swapped": false, "error_lsq": 0.03761309430555718, "error_max": 0.3060341761575462, "target": "89.xyz", "model": "3.xyz", "model_rescale": 4.509807743048502, "target_rescale": 4.392213560442301},
{"mapping": [3, 2, 10, 9, 5, 4, 11, 1, 7, 6, 8, 13], "R": [[0.8527053871845132, -0.5151902156397664, -0.08644399560154824], [-0.5205051573284308, -0.8519641990401048, -0.056845270238238814], [-0.044361062442360336, 0.09346681369878775, -0.9946336264554809]], "T": [0.02508130370590538, -0.015088495988446091, 0.16523729119214461], "aligned_model": [[0.5636244050521396, 0.6322151768732641, -0.09087542538385149, -0.022284653562727016, -0.3191426554130402, -0.2505518835919157, 0.48804359398805036, -0.043435289033739014, -0.6686093578500036, -0.6000185860288791, 0.1693272547505902, 0.025155482787385487], [-0.3352256315635753, -0.29012057906237687, 0.5331621186413803, 0.5782671711425788, -0.511937300008325, -0.4668322475071266, 0.40928051058687553, 0.024124190587129384, 0.11680561075695485, 0.16191066325815326, -0.6301719619771878, 0.06922924308832779], [-0.2621470643976518, 0.5270655077778477, -0.2548942992190266, 0.5343182729564728, -0.17532601578020815, 0.6138865563952913, 0.49962336672888485, -0.6288006527305314, -0.18088762403207673, 0.6083249481434228, 0.18785405065735628, 0.1604119194449685]], "inverted": false, "swapped": false, "error_lsq": 0.03761309430555718, "error_max": 0.30603417615754647, "target": "89.xyz", "model": "4.xyz", "model_rescale": 4.509807743048502, "target_rescale": 4.392213560442301},
{"mapping": [2, 3, 9, 10, 4, 5, 12, 0, 6, 7, 8, 13], "R": [[-0.8527053871845127, 0.5151902156397671, -0.0864439956015488], [0.5205051573284315, 0.8519641990401043, -0.05684527023823875], [0.044361062442360766, -0.09346681369878802, -0.9946336264554809]], "T": [0.025081303705905392, -0.015088495988446131, 0.16523729119214445], "aligned_model": [[0.5636244050521392, 0.6322151768732641, -0.0908754253838513, -0.022284653562726343, -0.31914265541304077, -0.2505518835919158, 0.4880435939880508, -0.04343528903373936, -0.6686093578500036, -0.6000185860288787, 0.1693272547505897, 0.025155482787385587], [-0.33522563156357577, -0.2901205790623774, 0.5331621186413803, 0.5782671711425788, -0.5119373000083248, -0.4668322475071265, 0.4092805105868751, 0.02412419058712941, 0.11680561075695536, 0.16191066325815373, -0.6301719619771879, 0.06922924308832779], [-0.26214706439765223, 0.5270655077778474, -0.25489429921902673, 0.5343182729564729, -0.17532601578020815, 0.6138865563952915, 0.49962336672888463, -0.6288006527305313, -0.18088762403207656, 0.6083249481434231, 0.18785405065735625, 0.16041191944496852]], "inverted": true, "swapped": false, "error_lsq": 0.03761309430555718, "error_max": 0.3060341761575461, "target": "89.xyz", "model": "5.xyz", "model_rescale": 4.509807743048502, "target_rescale": 4.392213560442301},
{"mapping": [2, 3, 9, 10, 4, 5, 12, 0, 6, 7, 8, 13], "R": [[-0.8527053609078303, 0.515190255841379, -0.08644401520719154], [0.5205052007003197, 0.8519641705009271, -0.05684530083117906], [0.04436105863216917, -0.09346685224592544, -0.9946336230030992]], "T": [0.02508131558789931, -0.015088480456215227, 0.16523728943141114], "aligned_model": [[0.563624355593587, 0.632215145353543, -0.09087556910247968, -0.022284779342523754, -0.3191427427305632, -0.2505519529706073, 0.488043705534639, -0.043435233915608606, -0.6686093123268763, -0.6000185225669203, 0.16932741321673617, 0.025155555844347293], [-0.33522576298565304, -0.2901206846432431, 0.5331618608188915, 0.5782669391613013, -0.511937391234905, -0.46683231289249505, 0.4092806243210227, 0.024124277490910964, 0.11680574722559342, 0.16191082556800335, -0.6301716907199398, 0.06922935583332088], [-0.2621470685346011, 0.5270655283128574, -0.2548943017233308, 0.5343182951241278, -0.17532599578682384, 0.6138866010606348, 0.49962334353004817, -0.6288006926475248, -0.18088764106685745, 0.6083249557806011, 0.1878540376956848, 0.1604119041999336]], "inverted": true, "swapped": false, "error_lsq": 0.03761310526635284, "error_max": 0.3060341409547553, "target": "89.xyz", "model": "6.xyz", "model_rescale": 4.509807586411629, "target_rescale": 4.392213560442301},
{"mapping": [2, 3, 9, 10, 4, 5, 12, 0, 6, 7, 8, 13], "R": [[-0.8527053609078307, 0.5151902558413788, -0.08644401520719182], [0.5205052007003192, 0.8519641705009273, -0.056845300831179266], [0.04436105863216934, -0.09346685224592576, -0.9946336230030993]], "T": [0.025081315587899337, -0.015088480456215202, 0.16523728943141122], "aligned_model": [[0.5636243555935873, 0.6322151453535433, -0.09087556910248003, -0.022284779342523913, -0.31914274273056326, -0.2505519529706071, 0.48804370553463905, -0.04343523391560884, -0.6686093123268764, -0.6000185225669203, 0.16932741321673644, 0.02515555584434728], [-0.33522576298565276, -0.2901206846432427, 0.5331618608188913, 0.5782669391613013, -0.5119373912349051, -0.46683231289249505, 0.40928062432102297, 0.024124277490910815, 0.11680574722559299, 0.16191082556800307, -0.6301716907199397, 0.0692293558333209], [-0.2621470685346011, 0.5270655283128572, -0.25489430172333083, 0.5343182951241275, -0.17532599578682354, 0.6138866010606349, 0.4996233435300479, -0.6288006926475249, -0.1808876410668572, 0.6083249557806012, 0.18785403769568487, 0.16041190419993356]], "inverted": true, "swapped": false, "error_lsq": 0.03761310526635284, "error_max": 0.30603414095475506, "target": "89.xyz", "model": "7.xyz", "model_rescale": 4.509807586411629, "target_rescale": 4.392213560442301},
{"mapping": [3, 2, 10, 9, 5, 4, 11, 1, 7, 6, 8, 13], "R": [[0.8527053609078303, -0.515190255841379, -0.08644401520719186], [-0.5205052007003195, -0.8519641705009271, -0.05684530083117949], [-0.044361058632169235, 0.09346685224592598, -0.9946336230030992]], "T": [0.025081315587899337, -0.015088480456215195, 0.1652372894314113], "aligned_model": [[0.5636243555935869, 0.6322151453535431, -0.09087556910247979, -0.02228477934252362, -0.3191427427305633, -0.2505519529706072, 0.4880437055346391, -0.04343523391560883, -0.6686093123268764, -0.6000185225669202, 0.16932741321673617, 0.025155555844347297], [-0.33522576298565304, -0.29012068464324275, 0.5331618608188912, 0.5782669391613015, -0.5119373912349051, -0.4668323128924948, 0.40928062432102297, 0.024124277490910635, 0.11680574722559309, 0.16191082556800335, -0.6301716907199397, 0.06922935583332089], [-0.2621470685346012, 0.5270655283128574, -0.254894301723331, 0.5343182951241274, -0.1753259957868235, 0.613886601060635, 0.49962334353004784, -0.6288006926475247, -0.18088764106685729, 0.6083249557806012, 0.18785403769568487, 0.16041190419993342]], "inverted": false, "swapped": false, "error_lsq": 0.03761310526635285, "error_max": 0.30603414095475495, "target": "89.xyz", "model": "8.xyz", "model_rescale": 4.509807586411629, "target_rescale": 4.392213560442301},
{"mapping": [3, 2, 12, 11, 7, 6, 9, 1, 5, 4, 8, 13], "R": [[-0.8527054193875977, 0.5151901533068967, -0.08644404943452003], [0.5205051005132567, 0.8519642331390568, -0.056845279412311], [0.04436111007071368, -0.09346684646116758, -0.9946336212525185]], "T": [0.025081274846780393, -0.015088473619952794, 0.165237292327898], "aligned_model": [[0.5636243441880032, 0.6322151623525677, -0.09087557846624593, -0.02228476030168147, -0.31914263190301745, -0.250551813738453, 0.48804352352546093, -0.04343512394812181, -0.6686093951540348, -0.6000185769894704, 0.16932721880582358, 0.02515569421644265], [-0.3352256860696643, -0.29012062390298315, 0.5331620663738653, 0.5782671285405464, -0.511937233627479, -0.4668321714607979, 0.409280493020179, 0.024124186779713952, 0.11680568703338835, 0.16191074920006948, -0.6301720568904252, 0.0692292489463951], [-0.2621471056185779, 0.5270655041790624, -0.2548943051010889, 0.5343183046965514, -0.17532602138061018, 0.6138865884170301, 0.49962336764181003, -0.6288007099638345, -0.180887611826669, 0.6083249979709713, 0.18785405709629885, 0.16041189983380572]], "inverted": false, "swapped": false, "error_lsq": 0.0376131055004004, "error_max": 0.3060341911867338, "target": "89.xyz", "model": "9.xyz", "model_rescale": 4.509807504472865, "target_rescale": 4.392213560442301},
{"mapping": [3, 2, 12, 11, 7, 6, 9, 1, 5, 4, 8, 13], "R": [[-0.8527054193875977, 0.5151901533068967, -0.08644404943452003], [0.5205051005132567, 0.8519642331390568, -0.056845279412311], [0.04436111007071368, -0.09346684646116758, -0.9946336212525185]], "T": [0.025081274846780386, -0.015088473619952796, 0.16523729232789797], "aligned_model": [[0.5636243441880032, 0.6322151623525677, -0.09087557846624593, -0.022284760301681483, -0.31914263190301745, -0.250551813738453, 0.48804352352546093, -0.04343512394812182, -0.6686093951540348, -0.6000185769894704, 0.16932721880582358, 0.02515569421644265], [-0.33522568606966424, -0.29012062390298315, 0.5331620663738653, 0.5782671285405464, -0.511937233627479, -0.4668321714607979, 0.409280493020179, 0.024124186779713938, 0.11680568703338834, 0.16191074920006948, -0.6301720568904252, 0.0692292489463951], [-0.2621471056185778, 0.5270655041790623, -0.25489430510108874, 0.5343183046965514, -0.17532602138061004, 0.61388658841703, 0.4996233676418099, -0.6288007099638347, -0.18088761182666885, 0.6083249979709713, 0.18785405709629893, 0.16041189983380577]], "inverted": false, "swapped": false, "error_lsq": 0.0376131055004004, "error_max": 0.30603419118673375, "target": "89.xyz", "model": "10.xyz", "model_rescale": 4.509807504472865, "target_rescale": 4.392213560442301},
{"mapping": [2, 3, 11, 12, 6, 7, 10, 0, 4, 5, 8, 13], "R": [[0.852705419387598, -0.5151901533068963, -0.08644404943451989], [-0.5205051005132564, -0.8519642331390571, -0.056845279412311475], [-0.04436111007071336, 0.0934668464611679, -0.9946336212525188]], "T": [0.025081274846780372, -0.015088473619952773, 0.16523729232789786], "aligned_model": [[0.5636243441880036, 0.6322151623525678, -0.09087557846624619, -0.022284760301681843, -0.3191426319030173, -0.2505518137384529, 0.48804352352546065, -0.04343512394812177, -0.6686093951540348, -0.6000185769894706, 0.16932721880582394, 0.025155694216442606], [-0.33522568606966424, -0.2901206239029827, 0.5331620663738652, 0.5782671285405467, -0.5119372336274794, -0.46683217146079786, 0.4092804930201795, 0.024124186779713612, 0.11680568703338792, 0.16191074920006945, -0.6301720568904252, 0.06922924894639514], [-0.2621471056185778, 0.5270655041790626, -0.2548943051010892, 0.5343183046965512, -0.17532602138061004, 0.6138865884170304, 0.4996233676418099, -0.6288007099638347, -0.18088761182666913, 0.6083249979709713, 0.1878540570962993, 0.16041189983380583]], "inverted": true, "swapped": false, "error_lsq": 0.0376131055004004, "error_max": 0.30603419118673386, "target": "89.xyz", "model": "11.xyz", "model_rescale": 4.509807504472865, "target_rescale": 4.392213560442301},
{"mapping": [3, 2, 12, 11, 7, 6, 9, 1, 5, 4, 8, 13], "R": [[-0.85270535352604, 0.515190265365447, -0.08644403126134047], [0.5205052097768423, 0.8519641678677535, -0.05684525718625895], [0.04436109402614617, -0.09346682375092753, -0.9946336241022202]], "T": [0.025081340429985072, -0.0150883690045009, 0.1652372795677599], "aligned_model": [[0.563624348224096, 0.6322151479832431, -0.0908755390462276, -0.022284739287080604, -0.3191427157816638, -0.2505519160225168, 0.4880437224999619, -0.04343514322468843, -0.6686093776534701, -0.600018577894323, 0.169327196255484, 0.025155656534458542], [-0.33522562740338124, -0.29012058549329117, 0.5331619698330738, 0.5782670117431639, -0.5119372409476005, -0.46683219903751044, 0.40928069856787036, 0.024124117883031152, 0.11680568822432426, 0.16191073013441434, -0.6301719353544076, 0.06922915979312122], [-0.262147083315936, 0.5270654828849262, -0.2548942695776237, 0.5343182966232385, -0.17532600799278691, 0.6138865582080753, 0.4996233313268339, -0.6288006571787651, -0.18088760005556304, 0.6083249661452992, 0.18785403985495455, 0.16041190902209684]], "inverted": false, "swapped": false, "error_lsq": 0.03761310375005854, "error_max": 0.30603413359154263, "target": "89.xyz", "model": "12.xyz", "model_rescale": 4.509807766519439, "target_rescale": 4.392213560442301},
{"mapping": [3, 2, 12, 11, 7, 6, 9, 1, 5, 4, 8, 13], "R": [[-0.85270535352604, 0.515190265365447, -0.08644403126134059], [0.5205052097768426, 0.8519641678677535, -0.05684525718625863], [0.04436109402614642, -0.09346682375092732, -0.9946336241022202]], "T": [0.025081340429985072, -0.01508836900450092, 0.16523727956775985], "aligned_model": [[0.563624348224096, 0.6322151479832431, -0.09087553904622762, -0.022284739287080562, -0.3191427157816638, -0.25055191602251675, 0.488043722499962, -0.04343514322468854, -0.6686093776534701, -0.600018577894323, 0.169327196255484, 0.02515565653445855], [-0.3352256274033813, -0.2901205854932915, 0.533161969833074, 0.5782670117431638, -0.5119372409476004, -0.4668321990375106, 0.4092806985678702, 0.02412411788303139, 0.11680568822432455, 0.16191073013441434, -0.6301719353544077, 0.06922915979312122], [-0.262147083315936, 0.5270654828849259, -0.25489426957762334, 0.5343182966232385, -0.17532600799278686, 0.613886558208075, 0.49962333132683384, -0.6288006571787654, -0.18088760005556276, 0.6083249661452992, 0.18785403985495439, 0.16041190902209693]], "inverted": false, "swapped": false, "error_lsq": 0.03761310375005853, "error_max": 0.30603413359154247, "target": "89.xyz", "model": "13.xyz", "model_rescale": 4.509807766519439, "target_rescale": 4.392213560442301},
{"mapping": [2, 3, 11, 12, 6, 7, 10, 0, 4, 5, 8, 13], "R": [[0.8527053535260398, -0.5151902653654468, -0.08644403126134073], [-0.5205052097768423, -0.8519641678677532, -0.05684525718625862], [-0.04436109402614657, 0.09346682375092738, -0.99463362410222]], "T": [0.02508134042998506, -0.015088369004500933, 0.16523727956775972], "aligned_model": [[0.5636243482240958, 0.6322151479832431, -0.09087553904622772, -0.022284739287080527, -0.31914271578166375, -0.2505519160225166, 0.48804372249996186, -0.043435143224688666, -0.66860937765347, -0.6000185778943227, 0.169327196255484, 0.025155656534458552], [-0.3352256274033812, -0.2901205854932914, 0.5331619698330737, 0.5782670117431635, -0.5119372409476002, -0.46683219903751044, 0.40928069856787, 0.024124117883031357, 0.11680568822432445, 0.16191073013441426, -0.6301719353544075, 0.06922915979312118], [-0.26214708331593606, 0.5270654828849258, -0.2548942695776233, 0.5343182966232386, -0.1753260079927869, 0.613886558208075, 0.4996233313268338, -0.6288006571787651, -0.18088760005556268, 0.6083249661452992, 0.1878540398549544, 0.16041190902209698]], "inverted": true, "swapped": false, "error_lsq": 0.03761310375005854, "error_max": 0.3060341335915425, "target": "89.xyz", "model": "14.xyz", "model_rescale": 4.509807766519439, "target_rescale": 4.392213560442301},
{"mapping": [3, 2, 10, 9, 7, 6, 11, 1, 5, 4, 8, 11], "R": [[-0.855778965073877, 0.5161131814266946, -0.035630701574624196], [0.5169880536920093, 0.8557092872925511, -0.022021988580108967], [0.019123683662732874, -0.037266601654700166, -0.999122357433902]], "T": [0.028935052937983662, -0.04094041630545818, 0.2008476434802668], "aligned_model": [[0.6210527134155291, 0.6493179682747623, -0.03602699364582261, -0.007761738786589468, -0.26411470614023913, -0.23584945128100598, 0.060466387443860514, 0.032201132584627375, -0.6150908957215396, -0.5868256408623065, 0.2056128998621369, 0.060466387443860514], [-0.29248860426143874, -0.2750189196294861, 0.573646512580337, 0.5911161972122897, -0.4737925220371634, -0.45632283740521074, 0.09574162156868442, 0.07827193693673182, 0.15393822946384939, 0.17140791409580197, -0.6037493621502718, 0.09574162156868442], [-0.21171426587747938, 0.5808732168382588, -0.20737226184879803, 0.5852152208669401, -0.17615124528026643, 0.6164362374354717, 0.1967105187162737, -0.5958769639994643, -0.17747075490825082, 0.6151167278074874, 0.20695201747830286, 0.1967105187162737]], "inverted": false, "swapped": false, "error_lsq": 0.05528654836126148, "error_max": 0.5706163385722557, "target": "89.xyz", "model": "15.xyz", "model_rescale": 4.510870436145588, "target_rescale": 4.392213560442301},
{"mapping": [3, 2, 10, 9, 7, 6, 11, 1, 5, 4, 8, 11], "R": [[-0.855778965073877, 0.5161131814266946, -0.035630701574624196], [0.5169880536920093, 0.8557092872925511, -0.022021988580108967], [0.019123683662732874, -0.037266601654700166, -0.999122357433902]], "T": [0.028935052937983655, -0.04094041630545818, 0.20084764348026674], "aligned_model": [[0.6210527134155293, 0.6493179682747623, -0.036026993645822625, -0.007761738786589475, -0.26411470614023913, -0.23584945128100598, 0.060466387443860514, 0.032201132584627354, -0.6150908957215395, -0.5868256408623065, 0.2056128998621369, 0.060466387443860514], [-0.29248860426143874, -0.2750189196294861, 0.573646512580337, 0.5911161972122897, -0.4737925220371634, -0.45632283740521074, 0.09574162156868442, 0.0782719369367318, 0.15393822946384939, 0.17140791409580197, -0.6037493621502718, 0.09574162156868442], [-0.21171426587747927, 0.5808732168382587, -0.20737226184879792, 0.5852152208669401, -0.17615124528026632, 0.6164362374354717, 0.19671051871627376, -0.5958769639994645, -0.1774707549082507, 0.6151167278074873, 0.2069520174783029, 0.19671051871627376]], "inverted": false, "swapped": false, "error_lsq": 0.05528654836126148, "error_max": 0.5706163385722557, "target": "89.xyz", "model": "16.xyz", "model_rescale": 4.510870436145588, "target_rescale": 4.392213560442301},
{"mapping": [3, 2, 10, 9, 7, 6, 11, 1, 5, 4, 8, 11], "R": [[-0.855778965073877, 0.5161131814266946, -0.035630701574624016], [0.5169880536920091, 0.8557092872925511, -0.02202198858010889], [0.01912368366273276, -0.0372666016547, -0.999122357433902]], "T": [0.02893505293798365, -0.04094041630545817, 0.2008476434802669], "aligned_model": [[0.6210527134155291, 0.6493179682747622, -0.036026993645822555, -0.007761738786589551, -0.2641147061402391, -0.23584945128100604, 0.060466387443860486, 0.032201132584627506, -0.6150908957215396, -0.5868256408623066, 0.2056128998621369, 0.060466387443860486], [-0.2924886042614386, -0.27501891962948605, 0.573646512580337, 0.5911161972122897, -0.4737925220371633, -0.4563228374052108, 0.09574162156868443, 0.07827193693673187, 0.1539382294638493, 0.17140791409580183, -0.6037493621502716, 0.09574162156868443], [-0.21171426587747916, 0.580873216838259, -0.20737226184879787, 0.5852152208669403, -0.17615124528026643, 0.6164362374354717, 0.19671051871627354, -0.5958769639994641, -0.17747075490825082, 0.6151167278074874, 0.20695201747830266, 0.19671051871627354]], "inverted": false, "swapped": false, "error_lsq": 0.05528654836126146, "error_max": 0.5706163385722557, "target": "89.xyz", "model": "17.xyz", "model_rescale": 4.510870436145588, "target_rescale": 4.392213560442301},
{"mapping": [4, 3, 8, 7, 1, 0, 5, 2, 10, 9, 11, 12], "R": [[0.5301526866476919, -0.8436339736653944, 0.08496968469855107], [0.8428969093350787, 0.5352427483087084, 0.05513620059736672], [-0.09199417956374564, 0.04239007974134476, 0.994856850037188]], "T": [0.03335602476477076, -0.01970264574847306, -0.036168654588144056], "aligned_model": [[0.5115075903229006, 0.5795897970924905, -0.16841379174059043, -0.10033158497100056, -0.36690572050397663, -0.29882351373438676, 0.6107876376917972, -0.055973054173344, -0.5533838999534885, -0.4853016931838986, 0.19858714314452444, 0.012109152596245863], [-0.32132863231471226, -0.27715059137132253, 0.5218377960525891, 0.5660158369959788, -0.5554523617009021, -0.5112743207575123, 0.4473281863674328, 0.023374453699481594, 0.14131063259534254, 0.18548867353873227, -0.6292103798051709, 0.06755249464287133], [-0.26163938769352824, 0.5354925542534055, -0.2502973417279289, 0.546834600219005, -0.1736395966072648, 0.623492345339669, 0.492676466797863, -0.6349729179874095, -0.19632815939950074, 0.600803782547433, 0.18484759624348152, 0.16215902395952453]], "inverted": true, "swapped": false, "error_lsq": 0.03679097792307901, "error_max": 0.30254713792552346, "target": "89.xyz", "model": "18.xyz", "model_rescale": 4.466005644533647, "target_rescale": 4.392213560442301},
{"mapping": [1, 0, 9, 8, 5, 4, 10, 3, 7, 6, 12, 13], "R": [[0.8527053417864213, -0.5151902812539011, -0.08644405237162726], [-0.5205052290525152, -0.8519641539685033, -0.05684528900200096], [-0.044361093515502256, 0.09346686286732059, -0.9946336204491835]], "T": [0.02508131316313045, -0.015088415799941662, 0.16523728395890425], "aligned_model": [[0.5636243122820545, 0.6322151296271478, -0.09087556471267663, -0.022284747367583357, -0.31914276442195516, -0.25055194707686185, 0.4880437164182508, -0.043435072177737316, -0.6686094175549084, -0.6000186002098151, 0.169327272614002, 0.025155745167355945], [-0.33522570377087646, -0.29012063606647254, 0.5331619179334921, 0.5782669856378961, -0.5119372981302635, -0.46683223042585953, 0.40928065859260643, 0.02412423506939773, 0.11680564579816363, 0.16191071350256755, -0.6301718029716453, 0.06922930277380167], [-0.262147084099169, 0.5270654888170783, -0.25489428651189944, 0.5343182864043479, -0.17532598406143363, 0.6138865888548136, 0.4996233161736269, -0.628800683138386, -0.18088759044220315, 0.6083249824740441, 0.18785404169606904, 0.16041188977786114]], "inverted": false, "swapped": false, "error_lsq": 0.03761311055828768, "error_max": 0.3060341158505112, "target": "89.xyz", "model": "19.xyz", "model_rescale": 4.509807711582247, "target_rescale": 4.392213560442301},
{"mapping": [0, 1, 8, 9, 4, 5, 11, 2, 6, 7, 12, 13], "R": [[-0.8527053417864212, 0.5151902812539015, -0.08644405237162706], [0.5205052290525156, 0.8519641539685032, -0.0568452890020012], [0.04436109351550191, -0.0934668628673207, -0.9946336204491836]], "T": [0.025081313163130486, -0.015088415799941683, 0.16523728395890427], "aligned_model": [[0.5636243122820545, 0.6322151296271475, -0.09087556471267627, -0.022284747367583155, -0.3191427644219552, -0.2505519470768621, 0.4880437164182509, -0.04343507217773708, -0.6686094175549082, -0.6000186002098151, 0.16932727261400174, 0.025155745167356015], [-0.3352257037708768, -0.29012063606647265, 0.5331619179334921, 0.5782669856378961, -0.5119372981302635, -0.46683223042585936, 0.4092806585926063, 0.024124235069397516, 0.11680564579816385, 0.161910713502568, -0.6301718029716454, 0.06922930277380163], [-0.26214708409916887, 0.5270654888170785, -0.2548942865118997, 0.5343182864043476, -0.1753259840614337, 0.6138865888548136, 0.4996233161736269, -0.6288006831383859, -0.1808875904422034, 0.608324982474044, 0.18785404169606926, 0.16041188977786117]], "inverted": true, "swapped": false, "error_lsq": 0.03761311055828767, "error_max": 0.30603411585051116, "target": "89.xyz", "model": "20.xyz", "model_rescale": 4.509807711582248, "target_rescale": 4.392213560442301},
{"mapping": [3, 4, 7, 8, 0, 1, 6, 2, 9, 10, 11, 12], "R": [[-0.5301526866476923, 0.8436339736653942, 0.08496968469855132], [-0.8428969093350784, -0.5352427483087089, 0.05513620059736679], [0.09199417956374586, -0.0423900797413449, 0.994856850037188]], "T": [0.03335602476477076, -0.01970264574847308, -0.03616865458814414], "aligned_model": [[0.5115075903229006, 0.5795897970924906, -0.16841379174059026, -0.10033158497100023, -0.3669057205039771, -0.2988235137343871, 0.6107876376917977, -0.055973054173344125, -0.5533838999534886, -0.4853016931838986, 0.19858714314452422, 0.012109152596245943], [-0.32132863231471254, -0.2771505913713228, 0.5218377960525893, 0.5660158369959789, -0.555452361700902, -0.5112743207575123, 0.4473281863674326, 0.023374453699481573, 0.14131063259534282, 0.1854886735387326, -0.6292103798051711, 0.06755249464287137], [-0.26163938769352824, 0.5354925542534054, -0.25029734172792883, 0.5468346002190048, -0.17363959660726455, 0.6234923453396691, 0.4926764667978627, -0.6349729179874095, -0.19632815939950052, 0.6008037825474332, 0.18484759624348154, 0.16215902395952453]], "inverted": false, "swapped": false, "error_lsq": 0.036790977923079005, "error_max": 0.3025471379255233, "target": "89.xyz", "model": "21.xyz", "model_rescale": 4.466005644533646, "target_rescale": 4.392213560442301},
{"mapping": [4, 3, 8, 7, 1, 0, 5, 2, 10, 9, 11, 12], "R": [[0.5301527425255581, -0.843633935940923, 0.08496971061182056], [0.8428968735084003, 0.5352428060041374, 0.055136188212293755], [-0.09199418580754724, 0.04239010202446421, 0.9948568485103586]], "T": [0.03335602188893087, -0.01970264750627519, -0.036168656871608834], "aligned_model": [[0.5115074711010902, 0.5795896991814504, -0.16841385823757943, -0.10033163015721909, -0.3669058609241205, -0.2988236328437601, 0.6107875888655843, -0.05597297367355723, -0.553383805595688, -0.4853015775153276, 0.19858738797959713, 0.012109254406803122], [-0.32132860794975765, -0.2771505765745531, 0.5218378738498265, 0.5660159052250311, -0.5554522794340013, -0.5112742480587967, 0.4473282051300886, 0.023374402442801975, 0.1413106135831688, 0.18548864495837333, -0.6292105790473796, 0.06755243381800652], [-0.2616393996630426, 0.5354925474730489, -0.25029733293775713, 0.5468346141983342, -0.17363958987458525, 0.6234923572615062, 0.49267646374620777, -0.6349729275638211, -0.1963281536094629, 0.6008037935266285, 0.1848475738154221, 0.16215901957227058]], "inverted": true, "swapped": false, "error_lsq": 0.03679098013903677, "error_max": 0.30254713098217056, "target": "89.xyz", "model": "22.xyz", "model_rescale": 4.46600560860683, "target_rescale": 4.392213560442301},
{"mapping": [0, 1, 8, 9, 4, 5, 11, 2, 6, 7, 12, 13], "R": [[-0.8527053765281374, 0.5151902262039526, -0.08644403775812354], [0.5205051716153927, 0.8519641906497702, -0.05684526516881527], [0.04436109964415229, -0.09346683194803601, -0.9946336230813633]], "T": [0.02508130272847574, -0.01508843001665403, 0.16523728670619126], "aligned_model": [[0.563624389150928, 0.6322151954665463, -0.09087555047558776, -0.022284744159969474, -0.3191426841552266, -0.2505518778396083, 0.4880436210996158, -0.04343513419775749, -0.6686093814910998, -0.6000185751754816, 0.1693271322470535, 0.025155672117860805], [-0.3352255780426009, -0.290120528876989, 0.5331620075355497, 0.5782670567011616, -0.5119372345358614, -0.4668321853702495, 0.40928057396484113, 0.024124145778447688, 0.11680569174512473, 0.1619107409107366, -0.6301720968114124, 0.06922919494405956], [-0.26214709885611504, 0.5270654826601189, -0.254894282588032, 0.5343182989282019, -0.1753260129966222, 0.6138865685196118, 0.4996233496990157, -0.6288006761647686, -0.1808876045810825, 0.6083249769351514, 0.18785405903780525, 0.1604119053514652]], "inverted": true, "swapped": false, "error_lsq": 0.03761310478424244, "error_max": 0.306034160588819, "target": "89.xyz", "model": "23.xyz", "model_rescale": 4.509807674373902, "target_rescale": 4.392213560442301},
{"mapping": [1, 0, 9, 8, 5, 4, 10, 3, 7, 6, 12, 13], "R": [[0.8527053765281372, -0.5151902262039526, -0.08644403775812382], [-0.5205051716153927, -0.8519641906497699, -0.05684526516881571], [-0.044361099644152274, 0.09346683194803651, -0.994633623081363]], "T": [0.025081302728475727, -0.015088430016654029, 0.1652372867061912], "aligned_model": [[0.5636243891509277, 0.6322151954665461, -0.09087555047558779, -0.02228474415996926, -0.3191426841552267, -0.25055187783960814, 0.48804362109961574, -0.04343513419775771, -0.6686093814910997, -0.6000185751754813, 0.1693271322470534, 0.025155672117860798], [-0.335225578042601, -0.2901205288769888, 0.5331620075355493, 0.5782670567011615, -0.5119372345358613, -0.46683218537024906, 0.4092805739648411, 0.02412414577844731, 0.11680569174512459, 0.16191074091073684, -0.6301720968114121, 0.06922919494405952], [-0.26214709885611504, 0.5270654826601189, -0.2548942825880322, 0.5343182989282016, -0.17532601299662193, 0.613886568519612, 0.49962334969901534, -0.6288006761647685, -0.18088760458108244, 0.6083249769351514, 0.18785405903780544, 0.1604119053514651]], "inverted": false, "swapped": false, "error_lsq": 0.03761310478424245, "error_max": 0.3060341605888187, "target": "89.xyz", "model": "24.xyz", "model_rescale": 4.509807674373903, "target_rescale": 4.392213560442301},
{"mapping": [3, 4, 7, 8, 0, 1, 6, 2, 9, 10, 11, 12], "R": [[-0.530152742525558, 0.8436339359409227, 0.084969710611821], [-0.8428968735084, -0.5352428060041375, 0.05513618821229392], [0.09199418580754763, -0.042390102024464485, 0.9948568485103583]], "T": [0.03335602188893079, -0.019702647506275248, -0.03616865687160886], "aligned_model": [[0.5115074711010901, 0.5795896991814508, -0.1684138582375796, -0.1003316301572189, -0.36690586092412064, -0.29882363284375996, 0.6107875888655845, -0.055972973673557566, -0.5533838055956881, -0.4853015775153275, 0.19858738797959713, 0.01210925440680314], [-0.3213286079497579, -0.2771505765745532, 0.5218378738498264, 0.5660159052250311, -0.5554522794340012, -0.5112742480587965, 0.4473282051300885, 0.023374402442801846, 0.14131061358316888, 0.18548864495837353, -0.6292105790473798, 0.06755243381800653], [-0.2616393996630425, 0.5354925474730484, -0.25029733293775697, 0.546834614198334, -0.17363958987458475, 0.6234923572615063, 0.4926764637462072, -0.6349729275638208, -0.19632815360946246, 0.6008037935266286, 0.18484757381542213, 0.16215901957227055]], "inverted": false, "swapped": false, "error_lsq": 0.03679098013903676, "error_max": 0.30254713098217, "target": "89.xyz", "model": "25.xyz", "model_rescale": 4.466005608606829, "target_rescale": 4.392213560442301},
{"mapping": [4, 3, 8, 7, 1, 0, 5, 2, 10, 9, 11, 12], "R": [[0.530152621866575, -0.8436340135237562, 0.08496969314876607], [0.8428969491123831, 0.5352426847460884, 0.05513620954360457], [-0.0919941884307548, 0.04239008907278344, 0.9948568488196522]], "T": [0.03335600027255327, -0.019702674771465374, -0.03616864426991498], "aligned_model": [[0.51150750565701, 0.5795897162463344, -0.16841379171832388, -0.10033158112899947, -0.3669057483097459, -0.29882353772042153, 0.6107876189813464, -0.055973026281298646, -0.5533838538414719, -0.48530164325214764, 0.19858721964696563, 0.012109184308025739], [-0.3213287071190307, -0.2771506609223402, 0.5218378221514005, 0.566015868348091, -0.5554524924284506, -0.5112744462317601, 0.44732827639558703, 0.02337450891071617, 0.1413106462711638, 0.1854886924678543, -0.6292102750078298, 0.06755255510740668], [-0.2616393625961443, 0.5354925438235368, -0.2502973312489487, 0.5468345751707324, -0.17363956359270297, 0.6234923428269782, 0.4926764353847136, -0.6349728909906832, -0.19632814541066804, 0.6008037610090131, 0.1848475861399245, 0.16215901542899805]], "inverted": true, "swapped": false, "error_lsq": 0.036790979466232374, "error_max": 0.30254712617994145, "target": "89.xyz", "model": "26.xyz", "model_rescale": 4.466005838112752, "target_rescale": 4.392213560442301},
{"mapping": [1, 0, 9, 8, 5, 4, 10, 3, 7, 6, 12, 13], "R": [[0.8527053115387568, -0.5151903332654293, -0.08644404076307113], [-0.520505280279675, -0.8519641221466611, -0.05684529686655106], [-0.044361073866269383, 0.09346686623999552, -0.9946336210086134]], "T": [0.025081343626413583, -0.015088437255764394, 0.1652372814837568], "aligned_model": [[0.5636244030364983, 0.6322152084103445, -0.09087558522853105, -0.022284779854684838, -0.319142649947631, -0.25055184457378477, 0.4880436538803268, -0.04343511920434147, -0.6686094406667925, -0.6000186352929463, 0.16932716585931087, 0.02515568616950473], [-0.3352258076249402, -0.2901207354953436, 0.5331619335200204, 0.5782670056496171, -0.5119373413055586, -0.46683226917596204, 0.40928065463962554, 0.02412426343596724, 0.11680571342186172, 0.16191078555145832, -0.6301717502395014, 0.06922933556556385], [-0.26214706199651383, 0.527065479604508, -0.25489427607415827, 0.5343182655268636, -0.17532597644271405, 0.6138865651583078, 0.49962330658932874, -0.6288006502866756, -0.18088758624521192, 0.6083249553558099, 0.18785405344085926, 0.1604118913143461]], "inverted": false, "swapped": false, "error_lsq": 0.037613112536481724, "error_max": 0.3060341204412865, "target": "89.xyz", "model": "27.xyz", "model_rescale": 4.509807893063789, "target_rescale": 4.392213560442301},
{"mapping": [1, 0, 9, 8, 5, 4, 10, 3, 7, 6, 12, 13], "R": [[0.8527053115387573, -0.515190333265429, -0.08644404076307129], [-0.5205052802796747, -0.8519641221466614, -0.0568452968665511], [-0.044361073866269515, 0.09346686623999562, -0.9946336210086135]], "T": [0.025081343626413597, -0.01508843725576438, 0.16523728148375677], "aligned_model": [[0.5636244030364984, 0.6322152084103448, -0.09087558522853142, -0.022284779854685095, -0.31914264994763075, -0.25055184457378443, 0.48804365388032667, -0.04343511920434159, -0.6686094406667928, -0.6000186352929464, 0.1693271658593112, 0.025155686169504723], [-0.3352258076249399, -0.29012073549534323, 0.5331619335200203, 0.578267005649617, -0.5119373413055588, -0.46683226917596204, 0.4092806546396258, 0.024124263435967228, 0.1168057134218614, 0.16191078555145802, -0.6301717502395013, 0.06922933556556386], [-0.2621470619965142, 0.527065479604508, -0.25489427607415854, 0.5343182655268637, -0.17532597644271425, 0.6138865651583079, 0.49962330658932874, -0.6288006502866756, -0.18088758624521212, 0.6083249553558101, 0.1878540534408594, 0.16041189131434627]], "inverted": false, "swapped": false, "error_lsq": 0.03761311253648174, "error_max": 0.3060341204412865, "target": "89.xyz", "model": "28.xyz", "model_rescale": 4.5098078930637895, "target_rescale": 4.392213560442301},
{"mapping": [3, 4, 7, 8, 0, 1, 6, 2, 9, 10, 11, 12], "R": [[-0.5301526218665751, 0.843634013523756, 0.08496969314876619], [-0.8428969491123829, -0.5352426847460885, 0.05513620954360469], [0.09199418843075498, -0.04239008907278347, 0.9948568488196521]], "T": [0.03335600027255324, -0.019702674771465412, -0.03616864426991501], "aligned_model": [[0.5115075056570098, 0.5795897162463343, -0.16841379171832377, -0.1003315811289993, -0.366905748309746, -0.29882353772042153, 0.6107876189813465, -0.05597302628129873, -0.5533838538414717, -0.4853016432521473, 0.19858721964696546, 0.012109184308025756], [-0.32132870711903083, -0.27715066092234025, 0.5218378221514005, 0.566015868348091, -0.5554524924284505, -0.51127444623176, 0.4473282763955869, 0.023374508910716064, 0.14131064627116385, 0.18548869246785443, -0.6292102750078298, 0.06755255510740667], [-0.2616393625961441, 0.5354925438235365, -0.25029733124894854, 0.5468345751707322, -0.17363956359270263, 0.6234923428269781, 0.49267643538471323, -0.6349728909906831, -0.1963281454106678, 0.6008037610090129, 0.18484758613992458, 0.16215901542899802]], "inverted": false, "swapped": false, "error_lsq": 0.03679097946623236, "error_max": 0.302547126179941, "target": "89.xyz", "model": "29.xyz", "model_rescale": 4.466005838112752, "target_rescale": 4.392213560442301},
