[{"mapping": [2, 3, 9, 10, 4, 5, 11, 1, 6, 7, 8, 11], "R": [[-0.855778957720548, 0.5161131961254722, 0.03563066527420916], [0.5169880676095505, 0.8557092781125373, 0.02202201856015095], [-0.01912363647624899, 0.03726660887806465, -0.9991223580676463]], "T": [0.028935230797792907, -0.040940319709716275, -0.2008476336964596], "aligned_model": [[0.6493181149853983, 0.6210528912560597, -0.0077615997965293365, -0.03602682352586799, -0.23584942534135478, -0.2641146490706935, 0.060466223202009374, 0.03220099947267072, -0.5868256905356214, -0.61509091426496, 0.2056127123643468, 0.060466223202009374], [-0.2750189539155877, -0.29248866088804987, 0.591116406103277, 0.5736466991308149, -0.45632272723700495, -0.47379243420946704, 0.09574178332765508, 0.07827207635519298, 0.17140778817177216, 0.15393808119931007, -0.6037491445949167, 0.09574178332765508], [-0.5808732076002789, 0.21171421018806982, -0.5852151566787877, 0.20737226110956117, -0.6164362025779987, 0.17615121521035007, -0.19671051674309456, 0.595876901045254, -0.6151166692634545, 0.17747074852489428, -0.20695204136084855, -0.19671051674309456]], "inverted": true, "swapped": false, "error_lsq": 0.05528655431714883, "error_max": 0.5706164063402028, "target": "90.xyz", "model": "0.xyz", "model_rescale": 4.5108708085295355, "target_rescale": 4.392213536331437},
{"mapping": [2, 3, 9, 10, 4, 5, 11, 1, 6, 7, 8, 11], "R": [[-0.855778957720548, 0.5161131961254722, 0.035630665274209605], [0.5169880676095505, 0.8557092781125373, 0.022022018560150597], [-0.019123636476249546, 0.03726660887806457, -0.9991223580676463]], "T": [0.028935230797792914, -0.04094031970971632, -0.20084763369645953], "aligned_model": [[0.6493181149853985, 0.6210528912560594, -0.007761599796529156, -0.03602682352586815, -0.23584942534135456, -0.2641146490706936, 0.06046622320200939, 0.032200999472670376, -0.5868256905356212, -0.6150909142649602, 0.20561271236434683, 0.06046622320200939], [-0.2750189539155879, -0.29248866088804976, 0.5911164061032765, 0.5736466991308147, -0.456322727237005, -0.4737924342094669, 0.09574178332765501, 0.07827207635519318, 0.17140778817177194, 0.15393808119931013, -0.6037491445949167, 0.09574178332765501], [-0.5808732076002785, 0.21171421018806996, -0.5852151566787878, 0.2073722611095607, -0.6164362025779986, 0.17615121521034988, -0.19671051674309462, 0.5958769010452543, -0.6151166692634547, 0.17747074852489375, -0.2069520413608483, -0.19671051674309462]], "inverted": true, "swapped": false, "error_lsq": 0.05528655431714883, "error_max": 0.5706164063402028, "target": "90.xyz", "model": "1.xyz", "model_rescale": 4.510870808529536, "target_rescale": 4.392213536331437},
{"mapping": [3, 2, 10, 9, 5, 4, 11, 0, 7, 6, 8, 11], "R": [[0.8557789577205479, -0.5161131961254722, 0.035630665274209175], [-0.5169880676095505, -0.8557092781125372, 0.02202201856015027], [0.019123636476249345, -0.03726660887806407, -0.9991223580676463]], "T": [0.028935230797792894, -0.04094031970971632, -0.20084763369645942], "aligned_model": [[0.6493181149853983, 0.6210528912560597, -0.007761599796529281, -0.036026823525867946, -0.2358494253413548, -0.2641146490706935, 0.06046622320200938, 0.0322009994726707, -0.5868256905356214, -0.61509091426496, 0.20561271236434675, 0.06046622320200938], [-0.27501895391558806, -0.29248866088804965, 0.5911164061032765, 0.5736466991308149, -0.45632272723700523, -0.47379243420946676, 0.09574178332765501, 0.07827207635519345, 0.17140778817177188, 0.15393808119931032, -0.6037491445949168, 0.09574178332765501], [-0.5808732076002787, 0.21171421018807002, -0.585215156678788, 0.20737226110956075, -0.6164362025779984, 0.17615121521035038, -0.19671051674309475, 0.5958769010452541, -0.6151166692634547, 0.17747074852489414, -0.20695204136084827, -0.19671051674309475]], "inverted": false, "swapped": false, "error_lsq": 0.05528655431714883, "error_max": 0.5706164063402028, "target": "90.xyz", "model": "2.xyz", "model_rescale": 4.5108708085295355, "target_rescale": 4.392213536331437},
{"mapping": [3, 2, 10, 9, 5, 4, 11, 0, 7, 6, 8, 13], "R": [[0.8552710911711991, -0.5166267832862121, -0.040101463790837774], [-0.5178531126870369, -0.8549187119389982, -0.030694456452455204], [-0.018425913469180752, 0.04701874911039005, -0.9987240474449991]], "T": [0.018339012998393918, -0.019876945647412457, -0.23648639907921482], "aligned_model": [[0.5769863742079023, 0.6088057080254748, -0.07952843803384246, -0.047709104216269886, -0.3083671614363314, -0.2765478276187588, 0.4641407901865026, 0.05022453389212345, -0.6589258272559436, -0.6271064934383711, 0.16307030756043056, 0.018405200074550876], [-0.32779713477084377, -0.3034419850111294, 0.5390985550939923, 0.5634537048537066, -0.5080838599346387, -0.48372871017492425, 0.39621946563108623, 0.0888939710983224, 0.12005373150928278, 0.14440888126899715, -0.6351227441318092, 0.06453882133860805], [-0.6466962574793003, 0.14576194362383021, -0.6469783043878903, 0.1454798967152402, -0.6056060525411007, 0.18685214856202992, 0.1300674652503751, 0.553374738011162, -0.6108351509253402, 0.18162305017779018, -0.22338898880425584, -0.23908346309196832]], "inverted": false, "swapped": false, "error_lsq": 0.040503654069831314, "error_max": 0.34735034216284033, "target": "90.xyz", "model": "3.xyz", "model_rescale": 4.509807743048502, "target_rescale": 4.392213536331437},
{"mapping": [3, 2, 10, 9, 5, 4, 11, 0, 7, 6, 8, 13], "R": [[0.8552710911711988, -0.5166267832862125, -0.04010146379083741], [-0.5178531126870373, -0.8549187119389977, -0.030694456452455898], [-0.018425913469180065, 0.04701874911039046, -0.998724047444999]], "T": [0.018339012998393953, -0.019876945647412544, -0.23648639907921487], "aligned_model": [[0.5769863742079022, 0.6088057080254745, -0.07952843803384198, -0.047709104216269685, -0.3083671614363314, -0.2765478276187591, 0.4641407901865026, 0.05022453389212325, -0.6589258272559433, -0.627106493438371, 0.16307030756043028, 0.018405200074550956], [-0.3277971347708444, -0.3034419850111295, 0.539098555093992, 0.5634537048537069, -0.5080838599346387, -0.4837287101749238, 0.39621946563108607, 0.08889397109832287, 0.12005373150928272, 0.14440888126899765, -0.6351227441318091, 0.06453882133860794], [-0.6466962574792997, 0.14576194362383044, -0.6469783043878905, 0.1454798967152396, -0.6056060525411002, 0.18685214856202992, 0.13006746525037483, 0.5533747380111619, -0.6108351509253405, 0.18162305017778968, -0.22338898880425528, -0.23908346309196835]], "inverted": false, "swapped": false, "error_lsq": 0.0405036540698313, "error_max": 0.34735034216283994, "target": "90.xyz", "model": "4.xyz", "model_rescale": 4.509807743048502, "target_rescale": 4.392213536331437},
{"mapping": [2, 3, 9, 10, 4, 5, 12, 1, 6, 7, 8, 13], "R": [[-0.8552710911711994, 0.516626783286212, -0.040101463790837205], [0.5178531126870368, 0.8549187119389984, -0.03069445645245547], [0.018425913469180134, -0.04701874911038999, -0.9987240474449993]], "T": [0.018339012998393966, -0.019876945647412478, -0.23648639907921504], "aligned_model": [[0.5769863742079027, 0.6088057080254747, -0.0795284380338423, -0.04770910421627017, -0.3083671614363311, -0.2765478276187589, 0.4641407901865024, 0.05022453389212304, -0.6589258272559433, -0.6271064934383712, 0.16307030756043078, 0.01840520007455092], [-0.32779713477084377, -0.30344198501112923, 0.5390985550939923, 0.5634537048537068, -0.5080838599346388, -0.4837287101749243, 0.3962194656310864, 0.08889397109832262, 0.12005373150928249, 0.1444088812689971, -0.6351227441318094, 0.06453882133860805], [-0.6466962574793, 0.14576194362383066, -0.6469783043878906, 0.1454798967152401, -0.6056060525411008, 0.18685214856202992, 0.13006746525037532, 0.553374738011162, -0.6108351509253409, 0.18162305017778985, -0.2233889888042555, -0.2390834630919683]], "inverted": true, "swapped": false, "error_lsq": 0.04050365406983131, "error_max": 0.3473503421628406, "target": "90.xyz", "model": "5.xyz", "model_rescale": 4.509807743048502, "target_rescale": 4.392213536331437},
{"mapping": [2, 3, 9, 10, 4, 5, 12, 1, 6, 7, 8, 13], "R": [[-0.8552710664538796, 0.5166268254270525, -0.04010144805377788], [0.5178531537080104, 0.8549186877955341, -0.03069443683520219], [0.018425907888394856, -0.047018725069151446, -0.9987240486797944]], "T": [0.018339025670319628, -0.019876929125547636, -0.23648640281001837], "aligned_model": [[0.5769863411920668, 0.608805663627909, -0.07952856649438796, -0.04770924405854578, -0.3083672346269828, -0.2765479121911406, 0.46414088941563186, 0.05022459658853065, -0.6589257676092992, -0.627106445173457, 0.1630704671244541, 0.01840527415268848], [-0.327797243474193, -0.30344210843427816, 0.5390983186747964, 0.5634534537147111, -0.5080839328257022, -0.4837287977857873, 0.396219563349174, 0.08889407065951549, 0.12005388704370995, 0.14440902208362477, -0.6351224718545211, 0.06453893561960067], [-0.6466962660625963, 0.14576196354435933, -0.6469782985302759, 0.14547993107667972, -0.605606078154626, 0.1868521514523297, 0.13006748409029595, 0.5533747589764395, -0.6108351820722575, 0.18162304753469816, -0.22338901611395948, -0.23908347063051588]], "inverted": true, "swapped": false, "error_lsq": 0.04050366679006763, "error_max": 0.34735033941315113, "target": "90.xyz", "model": "6.xyz", "model_rescale": 4.509807586411629, "target_rescale": 4.392213536331437},
{"mapping": [3, 2, 10, 9, 5, 4, 11, 0, 7, 6, 8, 13], "R": [[0.8552710664538795, -0.5166268254270527, -0.04010144805377743], [-0.5178531537080107, -0.854918687795534, -0.030694436835202066], [-0.018425907888394537, 0.04701872506915111, -0.9987240486797945]], "T": [0.018339025670319677, -0.019876929125547626, -0.23648640281001826], "aligned_model": [[0.5769863411920668, 0.6088056636279087, -0.07952856649438755, -0.047709244058545756, -0.30836723462698273, -0.2765479121911409, 0.46414088941563186, 0.05022459658853037, -0.658925767609299, -0.6271064451734571, 0.163070467124454, 0.018405274152688552], [-0.3277972434741931, -0.3034421084342784, 0.5390983186747964, 0.5634534537147111, -0.5080839328257021, -0.4837287977857873, 0.39621956334917385, 0.08889407065951539, 0.12005388704371016, 0.14440902208362488, -0.6351224718545212, 0.06453893561960068], [-0.6466962660625959, 0.14576196354435944, -0.6469782985302757, 0.14547993107667967, -0.605606078154626, 0.18685215145232942, 0.13006748409029611, 0.5533747589764397, -0.6108351820722575, 0.18162304753469777, -0.22338901611395928, -0.23908347063051566]], "inverted": false, "swapped": false, "error_lsq": 0.04050366679006762, "error_max": 0.34735033941315124, "target": "90.xyz", "model": "7.xyz", "model_rescale": 4.509807586411629, "target_rescale": 4.392213536331437},
{"mapping": [3, 2, 10, 9, 5, 4, 11, 0, 7, 6, 8, 13], "R": [[0.8552710664538797, -0.5166268254270521, -0.04010144805377796], [-0.51785315370801, -0.8549186877955343, -0.03069443683520271], [-0.018425907888394683, 0.047018725069151925, -0.9987240486797943]], "T": [0.018339025670319614, -0.019876929125547668, -0.23648640281001815], "aligned_model": [[0.5769863411920668, 0.6088056636279091, -0.07952856649438825, -0.04770924405854601, -0.3083672346269827, -0.2765479121911405, 0.4641408894156316, 0.05022459658853066, -0.6589257676092993, -0.627106445173457, 0.16307046712445436, 0.01840527415268842], [-0.327797243474193, -0.3034421084342777, 0.539098318674796, 0.5634534537147111, -0.5080839328257024, -0.4837287977857872, 0.3962195633491743, 0.08889407065951586, 0.12005388704370934, 0.14440902208362458, -0.635122471854521, 0.06453893561960063], [-0.6466962660625961, 0.14576196354435933, -0.6469782985302761, 0.1454799310766794, -0.6056060781546255, 0.18685215145232992, 0.13006748409029567, 0.5533747589764397, -0.6108351820722573, 0.1816230475346981, -0.22338901611395928, -0.239083470630516]], "inverted": false, "swapped": false, "error_lsq": 0.04050366679006764, "error_max": 0.3473503394131509, "target": "90.xyz", "model": "8.xyz", "model_rescale": 4.509807586411629, "target_rescale": 4.392213536331437},
{"mapping": [3, 2, 12, 11, 7, 6, 9, 0, 5, 4, 8, 13], "R": [[-0.8552711258882808, 0.5166267291062971, -0.04010142135537147], [0.5178530565446393, 0.8549187459226317, -0.030694457112791194], [0.01842587987497439, -0.04701872651405007, -0.9987240491286018]], "T": [0.018338986387279613, -0.019876924016513645, -0.2364864025731939], "aligned_model": [[0.5769863566742479, 0.6088056585038133, -0.07952854715533102, -0.04770924532576559, -0.3083671010864547, -0.2765477992568893, 0.4641406877490522, 0.050224716788976, -0.6589258264455293, -0.627106524615964, 0.16307027115790101, 0.018405414959410588], [-0.3277971867570605, -0.3034420351849646, 0.5390985059008486, 0.5634536574729445, -0.5080837900500369, -0.48372863847794095, 0.39621944301129786, 0.08889397897298902, 0.12005381163687129, 0.14440896320896718, -0.635122840364158, 0.06453882740089316], [-0.6466962554580995, 0.14576198890315775, -0.6469783272428395, 0.1454799171184177, -0.6056060949611234, 0.1868521494001338, 0.1300675052246639, 0.5533747685084623, -0.6108352065711229, 0.1816230377901343, -0.2233889817484177, -0.23908347585279477]], "inverted": false, "swapped": false, "error_lsq": 0.04050366810963081, "error_max": 0.3473504068788367, "target": "90.xyz", "model": "9.xyz", "model_rescale": 4.509807504472865, "target_rescale": 4.392213536331437},
{"mapping": [3, 2, 12, 11, 7, 6, 9, 0, 5, 4, 8, 13], "R": [[-0.8552711258882808, 0.5166267291062971, -0.04010142135537123], [0.5178530565446393, 0.8549187459226317, -0.03069445711279112], [0.018425879874974224, -0.04701872651404988, -0.9987240491286018]], "T": [0.018338986387279634, -0.019876924016513642, -0.23648640257319392], "aligned_model": [[0.576986356674248, 0.6088056585038132, -0.07952854715533089, -0.04770924532576567, -0.3083671010864546, -0.2765477992568893, 0.4641406877490522, 0.05022471678897584, -0.6589258264455292, -0.6271065246159641, 0.16307027115790101, 0.018405414959410612], [-0.32779718675706043, -0.30344203518496465, 0.5390985059008486, 0.5634536574729445, -0.5080837900500368, -0.483728638477941, 0.3962194430112978, 0.08889397897298897, 0.12005381163687134, 0.14440896320896712, -0.635122840364158, 0.06453882740089316], [-0.6466962554580993, 0.14576198890315778, -0.6469783272428393, 0.14547991711841768, -0.6056060949611234, 0.18685214940013362, 0.13006750522466398, 0.5533747685084625, -0.6108352065711229, 0.18162303779013406, -0.22338898174841765, -0.2390834758527947]], "inverted": false, "swapped": false, "error_lsq": 0.04050366810963081, "error_max": 0.34735040687883684, "target": "90.xyz", "model": "10.xyz", "model_rescale": 4.509807504472865, "target_rescale": 4.392213536331437},
{"mapping": [3, 2, 12, 11, 7, 6, 9, 0, 5, 4, 8, 13], "R": [[-0.8552711258882808, 0.5166267291062971, -0.04010142135537125], [0.5178530565446393, 0.8549187459226317, -0.030694457112791316], [0.01842587987497414, -0.04701872651405006, -0.9987240491286018]], "T": [0.018338986387279634, -0.019876924016513656, -0.23648640257319384], "aligned_model": [[0.576986356674248, 0.6088056585038132, -0.07952854715533089, -0.047709245325765655, -0.3083671010864546, -0.2765477992568893, 0.4641406877490522, 0.05022471678897585, -0.6589258264455292, -0.6271065246159641, 0.16307027115790101, 0.018405414959410598], [-0.32779718675706054, -0.30344203518496454, 0.5390985059008486, 0.5634536574729445, -0.5080837900500369, -0.4837286384779409, 0.3962194430112979, 0.0888939789729891, 0.12005381163687125, 0.14440896320896718, -0.635122840364158, 0.06453882740089313], [-0.6466962554580993, 0.14576198890315792, -0.6469783272428395, 0.14547991711841765, -0.6056060949611234, 0.1868521494001338, 0.13006750522466395, 0.5533747685084623, -0.610835206571123, 0.18162303779013414, -0.22338898174841784, -0.23908347585279502]], "inverted": false, "swapped": false, "error_lsq": 0.04050366810963081, "error_max": 0.3473504068788368, "target": "90.xyz", "model": "11.xyz", "model_rescale": 4.509807504472865, "target_rescale": 4.392213536331437},
{"mapping": [3, 2, 12, 11, 7, 6, 9, 0, 5, 4, 8, 13], "R": [[-0.8552710584022389, 0.5166268405159546, -0.04010142538634343], [0.5178531683836705, 0.8549186776222053, -0.030694472591886974], [0.018425869165608122, -0.047018744253780984, -0.9987240484910183]], "T": [0.018339052697084156, -0.019876819676703142, -0.23648640298244267], "aligned_model": [[0.5769863503831304, 0.6088056535622636, -0.07952851688341037, -0.04770921370427721, -0.3083671939828442, -0.276547890803711, 0.46414089694752886, 0.050224680888992165, -0.6589258171150402, -0.627106513935907, 0.16307024888088278, 0.018405377709859026], [-0.3277971458311941, -0.3034419833920692, 0.5390983924358805, 0.5634535548750055, -0.5080838119880552, -0.4837286495489302, 0.39621966224551697, 0.08889389964351142, 0.12005379877595511, 0.14440896121508012, -0.635122718864437, 0.06453873720438645], [-0.6466962256653862, 0.14576197214344394, -0.6469783049595408, 0.14547989284928942, -0.605606053365074, 0.18685214444375614, 0.13006746445047224, 0.5533747303735133, -0.6108351776825918, 0.18162302012623827, -0.22338897016823167, -0.23908346743531675]], "inverted": false, "swapped": false, "error_lsq": 0.04050366493730023, "error_max": 0.3473503245490171, "target": "90.xyz", "model": "12.xyz", "model_rescale": 4.509807766519439, "target_rescale": 4.392213536331437},
{"mapping": [3, 2, 12, 11, 7, 6, 9, 0, 5, 4, 8, 13], "R": [[-0.8552710584022386, 0.5166268405159551, -0.04010142538634409], [0.5178531683836707, 0.854918677622205, -0.030694472591886658], [0.018425869165608826, -0.04701874425378106, -0.9987240484910181]], "T": [0.018339052697084093, -0.019876819676703125, -0.23648640298244275], "aligned_model": [[0.57698635038313, 0.6088056535622636, -0.07952851688341038, -0.04770921370427671, -0.3083671939828447, -0.27654789080371106, 0.4641408969475292, 0.05022468088899268, -0.6589258171150403, -0.6271065139359067, 0.1630702488808824, 0.018405377709859016], [-0.3277971458311941, -0.3034419833920694, 0.5390983924358808, 0.5634535548750055, -0.5080838119880549, -0.48372864954893013, 0.3962196622455167, 0.08889389964351116, 0.12005379877595546, 0.14440896121508018, -0.6351227188644369, 0.06453873720438644], [-0.6466962256653864, 0.1457619721434433, -0.6469783049595403, 0.14547989284928944, -0.6056060533650738, 0.186852144443756, 0.13006746445047188, 0.5533747303735131, -0.6108351776825912, 0.18162302012623857, -0.22338897016823192, -0.23908346743531672]], "inverted": false, "swapped": false, "error_lsq": 0.040503664937300225, "error_max": 0.3473503245490167, "target": "90.xyz", "model": "13.xyz", "model_rescale": 4.509807766519439, "target_rescale": 4.392213536331437},
{"mapping": [3, 2, 12, 11, 7, 6, 9, 0, 5, 4, 8, 13], "R": [[-0.8552710584022387, 0.5166268405159549, -0.04010142538634327], [0.5178531683836705, 0.854918677622205, -0.030694472591886873], [0.01842586916560802, -0.04701874425378082, -0.998724048491018]], "T": [0.018339052697084177, -0.01987681967670314, -0.2364864029824426], "aligned_model": [[0.5769863503831303, 0.6088056535622632, -0.07952851688341009, -0.04770921370427707, -0.3083671939828442, -0.27654789080371117, 0.46414089694752886, 0.05022468088899209, -0.6589258171150398, -0.6271065139359069, 0.16307024888088256, 0.018405377709859064], [-0.3277971458311941, -0.30344198339206924, 0.5390983924358804, 0.5634535548750054, -0.508083811988055, -0.4837286495489301, 0.3962196622455168, 0.08889389964351131, 0.12005379877595525, 0.14440896121508015, -0.6351227188644369, 0.06453873720438641], [-0.646696225665386, 0.14576197214344389, -0.6469783049595406, 0.14547989284928936, -0.605606053365074, 0.18685214444375592, 0.13006746445047224, 0.553374730373513, -0.6108351776825918, 0.1816230201262381, -0.22338897016823195, -0.239083467435317]], "inverted": false, "swapped": false, "error_lsq": 0.040503664937300225, "error_max": 0.3473503245490171, "target": "90.xyz", "model": "14.xyz", "model_rescale": 4.509807766519439, "target_rescale": 4.392213536331437},
{"mapping": [2, 3, 9, 10, 6, 7, 11, 1, 4, 5, 8, 11], "R": [[0.8557789686346994, -0.5161131754173651, 0.03563070309627105], [-0.516988048048963, -0.8557092902863489, 0.022022004726103942], [0.01912367687066799, -0.037266616136127015, -0.9991223570237578]], "T": [0.02893505308046193, -0.04094033926593023, -0.2008476443594851], "aligned_model": [[0.6493179706809847, 0.621052714614654, -0.007761742392409482, -0.036026998458740286, -0.2358494475551787, -0.26411470362150946, 0.06046638662951443, 0.03220113056318363, -0.5868256415011888, -0.6150908975675196, 0.2056129039261622, 0.06046638662951443], [-0.27501883223142914, -0.2924885296717364, 0.5911162801129761, 0.5736465826726689, -0.4563227555928506, -0.47379245303315787, 0.09574169876151219, 0.07827200132120492, 0.17140799344801033, 0.15393829600770303, -0.6037492837857629, 0.09574169876151219], [-0.5808732204023512, 0.21171426198802634, -0.5852152117501686, 0.20737227064020902, -0.6164362453682184, 0.17615123702215918, -0.1967105173677093, 0.5958769650226681, -0.615116726339862, 0.17747075605051554, -0.20695202701698767, -0.1967105173677093]], "inverted": true, "swapped": false, "error_lsq": 0.0552865468636285, "error_max": 0.5706163052134108, "target": "90.xyz", "model": "15.xyz", "model_rescale": 4.510870436145588, "target_rescale": 4.392213536331437},
{"mapping": [2, 3, 9, 10, 6, 7, 11, 1, 4, 5, 8, 11], "R": [[0.8557789686346995, -0.5161131754173649, 0.03563070309627126], [-0.5169880480489628, -0.855709290286349, 0.022022004726104105], [0.019123676870668085, -0.03726661613612726, -0.9991223570237577]], "T": [0.028935053080461952, -0.040940339265930215, -0.20084764435948504], "aligned_model": [[0.649317970680985, 0.621052714614654, -0.007761742392409544, -0.0360269984587405, -0.23584944755517845, -0.26411470362150946, 0.06046638662951443, 0.03220113056318345, -0.5868256415011885, -0.6150908975675196, 0.20561290392616235, 0.06046638662951443], [-0.27501883223142887, -0.2924885296717363, 0.5911162801129761, 0.5736465826726687, -0.4563227555928506, -0.473792453033158, 0.0957416987615122, 0.07827200132120479, 0.17140799344801022, 0.1539382960077028, -0.6037492837857628, 0.0957416987615122], [-0.580873220402351, 0.2117142619880263, -0.5852152117501683, 0.20737227064020897, -0.6164362453682184, 0.1761512370221589, -0.19671051736770934, 0.5958769650226683, -0.615116726339862, 0.17747075605051527, -0.20695202701698776, -0.19671051736770934]], "inverted": true, "swapped": false, "error_lsq": 0.0552865468636285, "error_max": 0.5706163052134108, "target": "90.xyz", "model": "16.xyz", "model_rescale": 4.510870436145588, "target_rescale": 4.392213536331437},
{"mapping": [3, 2, 10, 9, 7, 6, 11, 0, 5, 4, 8, 11], "R": [[-0.855778968634699, 0.5161131754173653, 0.035630703096271164], [0.5169880480489633, 0.8557092902863486, 0.022022004726104362], [-0.019123676870667853, 0.03726661613612743, -0.9991223570237576]], "T": [0.028935053080461917, -0.040940339265930215, -0.2008476443594849], "aligned_model": [[0.6493179706809845, 0.6210527146146537, -0.007761742392409218, -0.036026998458740106, -0.23584944755517878, -0.2641147036215097, 0.06046638662951447, 0.03220113056318358, -0.5868256415011885, -0.6150908975675193, 0.205612903926162, 0.06046638662951447], [-0.2750188322314291, -0.2924885296717367, 0.5911162801129762, 0.5736465826726685, -0.45632275559285024, -0.4737924530331578, 0.09574169876151217, 0.07827200132120457, 0.1714079934480107, 0.15393829600770306, -0.6037492837857629, 0.09574169876151217], [-0.580873220402351, 0.21171426198802626, -0.5852152117501681, 0.20737227064020922, -0.6164362453682184, 0.17615123702215893, -0.19671051736770934, 0.5958769650226681, -0.6151167263398618, 0.17747075605051546, -0.206952027016988, -0.19671051736770934]], "inverted": false, "swapped": false, "error_lsq": 0.0552865468636285, "error_max": 0.5706163052134107, "target": "90.xyz", "model": "17.xyz", "model_rescale": 4.510870436145588, "target_rescale": 4.392213536331437},
{"mapping": [3, 4, 7, 8, 0, 1, 6, 2, 9, 10, 11, 12], "R": [[-0.5311641502651111, 0.8461345307323871, 0.043829229692362054], [-0.8458254350051773, -0.5325675943247988, 0.030839762862236678], [0.04943661569570702, -0.020690900835386494, 0.998562921227889]], "T": [0.052073528344435356, -0.007171036560877569, -0.03885439174850952], "aligned_model": [[0.5223634316465642, 0.5574817292965274, -0.1597687824488466, -0.12465048479888338, -0.3582777401747026, -0.32315944252473944, 0.5884186503752242, 0.04000674390442828, -0.5455833038511535, -0.5104650062011903, 0.19219382046977365, 0.004888446254465072], [-0.3146902217901213, -0.2899797721825836, 0.5267557775963959, 0.5514662272039337, -0.5524365702898472, -0.5277261206823095, 0.43538522778189914, 0.08750601900163067, 0.14434699277657737, 0.1690574423841151, -0.633987874423133, 0.06279556939409293], [-0.6518035527716688, 0.14829788948591424, -0.6478505375677441, 0.15225090468983893, -0.6058075877413216, 0.19429385451626152, 0.12453771824079252, 0.5605557471123623, -0.6191058797126592, 0.18099556254492383, -0.22624739854090634, -0.23954569514522092]], "inverted": false, "swapped": false, "error_lsq": 0.039417784755850276, "error_max": 0.33510607321737784, "target": "90.xyz", "model": "18.xyz", "model_rescale": 4.466005644533647, "target_rescale": 4.392213536331437},
{"mapping": [1, 0, 9, 8, 5, 4, 10, 2, 7, 6, 12, 13], "R": [[0.8552710484851475, -0.5166268585672174, -0.04010140434056058], [-0.517853184892618, -0.8549186686817511, -0.030694443080048837], [-0.018425865507184752, 0.047018708472166985, -0.9987240502430692]], "T": [0.01833902675438962, -0.019876864628088728, -0.236486400747647], "aligned_model": [[0.5769863340067166, 0.6088056208742526, -0.07952852398091736, -0.04770923711338126, -0.30836722562708613, -0.27654793875955, 0.4641408767762256, 0.0502247549298442, -0.6589258404025552, -0.6271065535350192, 0.16307032671662922, 0.018405468062308108], [-0.3277971938695548, -0.30344205455051915, 0.5390983680449736, 0.5634535073640091, -0.508083845765956, -0.48372870644692045, 0.3962196029433635, 0.0888940222424691, 0.12005377978400132, 0.14440891910303694, -0.6351225850016861, 0.0645388829234335], [-0.646696225166006, 0.14576198368652496, -0.6469782937771664, 0.14547991507536448, -0.6056060767471623, 0.18685213210536863, 0.13006749278032811, 0.553374735622848, -0.6108351906715054, 0.18162301818102558, -0.223388992749365, -0.239083473229683]], "inverted": false, "swapped": false, "error_lsq": 0.040503674507312425, "error_max": 0.34735035359845073, "target": "90.xyz", "model": "19.xyz", "model_rescale": 4.509807711582247, "target_rescale": 4.392213536331437},
{"mapping": [1, 0, 9, 8, 5, 4, 10, 2, 7, 6, 12, 13], "R": [[0.8552710484851476, -0.5166268585672169, -0.0401014043405609], [-0.5178531848926176, -0.8549186686817514, -0.030694443080048796], [-0.01842586550718507, 0.04701870847216711, -0.998724050243069]], "T": [0.018339026754389615, -0.019876864628088728, -0.23648640074764696], "aligned_model": [[0.5769863340067162, 0.6088056208742526, -0.07952852398091774, -0.04770923711338139, -0.30836722562708596, -0.27654793875954964, 0.4641408767762254, 0.0502247549298444, -0.6589258404025553, -0.6271065535350189, 0.16307032671662944, 0.018405468062308066], [-0.3277971938695543, -0.30344205455051876, 0.5390983680449734, 0.5634535073640089, -0.508083845765956, -0.4837287064469205, 0.39621960294336356, 0.08889402224246905, 0.12005377978400096, 0.1444089191030365, -0.635122585001686, 0.06453888292343349], [-0.6466962251660061, 0.14576198368652468, -0.6469782937771663, 0.14547991507536448, -0.6056060767471622, 0.18685213210536863, 0.13006749278032795, 0.5533747356228478, -0.610835190671505, 0.18162301818102575, -0.22338899274936483, -0.23908347322968276]], "inverted": false, "swapped": false, "error_lsq": 0.040503674507312425, "error_max": 0.3473503535984507, "target": "90.xyz", "model": "20.xyz", "model_rescale": 4.509807711582248, "target_rescale": 4.392213536331437},
{"mapping": [4, 3, 8, 7, 1, 0, 5, 2, 10, 9, 11, 12], "R": [[0.5311641502651108, -0.8461345307323874, 0.04382922969236187], [0.8458254350051776, 0.5325675943247985, 0.030839762862236685], [-0.04943661569570693, 0.020690900835386362, 0.998562921227889]], "T": [0.05207352834443538, -0.007171036560877517, -0.03885439174850942], "aligned_model": [[0.5223634316465645, 0.5574817292965275, -0.15976878244884676, -0.12465048479888372, -0.3582777401747024, -0.32315944252473927, 0.5884186503752242, 0.040006743904428134, -0.5455833038511536, -0.5104650062011905, 0.192193820469774, 0.004888446254465072], [-0.31469022179012107, -0.28997977218258336, 0.5267557775963961, 0.5514662272039339, -0.5524365702898475, -0.5277261206823097, 0.4353852277818995, 0.08750601900163076, 0.14434699277657714, 0.16905744238411485, -0.633987874423133, 0.06279556939409302], [-0.6518035527716687, 0.14829788948591427, -0.6478505375677441, 0.15225090468983882, -0.6058075877413216, 0.1942938545162614, 0.1245377182407925, 0.5605557471123624, -0.6191058797126593, 0.18099556254492366, -0.2262473985409063, -0.2395456951452209]], "inverted": true, "swapped": false, "error_lsq": 0.039417784755850276, "error_max": 0.33510607321737795, "target": "90.xyz", "model": "21.xyz", "model_rescale": 4.466005644533646, "target_rescale": 4.392213536331437},
{"mapping": [3, 4, 7, 8, 0, 1, 6, 2, 9, 10, 11, 12], "R": [[-0.5311642110105105, 0.8461344936429296, 0.043829209543466086], [-0.8458253968579499, -0.5325676542773435, 0.03083977379326555], [0.04943661569802113, -0.020690874441429925, 0.9985629217746748]], "T": [0.052073528175555606, -0.00717103938517152, -0.03885438988639635], "aligned_model": [[0.5223633325496306, 0.5574816143377417, -0.1597688277901498, -0.12465054600203876, -0.3582778641480193, -0.32315958235990827, 0.5884185873428835, 0.04000683164468635, -0.545583190441737, -0.5104649086536259, 0.19219406561142874, 0.004888549856575289], [-0.31469020923120716, -0.2899797506663673, 0.5267558450778357, 0.5514663036426755, -0.5524364969025066, -0.5277260383376668, 0.43538525261828454, 0.08750596658191902, 0.14434696554040524, 0.1690574241052451, -0.6339880736750457, 0.06279550801707917], [-0.6518035386922634, 0.14829791043985568, -0.6478505505212953, 0.15225089861082386, -0.6058075896407868, 0.19429385949133227, 0.12453772950987853, 0.5605557498807664, -0.6191059003233955, 0.1809955488087236, -0.22624739320171516, -0.23954569925135283]], "inverted": false, "swapped": false, "error_lsq": 0.039417787956836314, "error_max": 0.3351060830146778, "target": "90.xyz", "model": "22.xyz", "model_rescale": 4.46600560860683, "target_rescale": 4.392213536331437},
{"mapping": [0, 1, 8, 9, 4, 5, 11, 3, 6, 7, 12, 13], "R": [[-0.8552710819969784, 0.5166268016268252, -0.04010142317368202], [0.5178531292848192, 0.8549187015423748, -0.03069446599991981], [0.01842587283246363, -0.047018736626336884, -0.9987240487824578]], "T": [0.01833901477622088, -0.019876880564873068, -0.23648640146946082], "aligned_model": [[0.5769863955103051, 0.6088056975838964, -0.07952852464293331, -0.04770922256934196, -0.3083671587698743, -0.2765478566962829, 0.4641407916117667, 0.05022469530046122, -0.658925817661854, -0.6271065155882627, 0.16307018464271703, 0.018405393226869866], [-0.32779708933174917, -0.30344193162552574, 0.5390984367568659, 0.5634535944630892, -0.5080837998319175, -0.48372864212569416, 0.3962195322841334, 0.08889393055653574, 0.120053807848248, 0.1444089655544714, -0.6351228806281186, 0.06453877285031233], [-0.6466962398863234, 0.14576197434546279, -0.6469783124152185, 0.14547990181656761, -0.6056060689885395, 0.18685214524324661, 0.13006748253687106, 0.5533747437550107, -0.6108351884046093, 0.18162302582717688, -0.2233889682422983, -0.23908347047677514]], "inverted": true, "swapped": false, "error_lsq": 0.0405036665122005, "error_max": 0.34735036245939926, "target": "90.xyz", "model": "23.xyz", "model_rescale": 4.509807674373902, "target_rescale": 4.392213536331437},
{"mapping": [1, 0, 9, 8, 5, 4, 10, 2, 7, 6, 12, 13], "R": [[0.8552710819969779, -0.5166268016268263, -0.04010142317368237], [-0.5178531292848201, -0.8549187015423743, -0.0306944659999194], [-0.018425872832464094, 0.04701873662633674, -0.9987240487824578]], "T": [0.018339014776220845, -0.019876880564873065, -0.23648640146946082], "aligned_model": [[0.5769863955103044, 0.6088056975838961, -0.07952852464293278, -0.04770922256934112, -0.3083671587698749, -0.2765478566962833, 0.4641407916117672, 0.050224695300461565, -0.658925817661854, -0.6271065155882622, 0.16307018464271625, 0.018405393226869935], [-0.32779708933174956, -0.30344193162552646, 0.539098436756866, 0.5634535944630891, -0.508083799831917, -0.48372864212569394, 0.39621953228413276, 0.0888939305565354, 0.12005380784824883, 0.1444089655544719, -0.6351228806281187, 0.06453877285031231], [-0.6466962398863236, 0.14576197434546262, -0.6469783124152184, 0.14547990181656795, -0.6056060689885396, 0.18685214524324661, 0.13006748253687123, 0.5533747437550107, -0.610835188404609, 0.18162302582717726, -0.22338896824229856, -0.2390834704767751]], "inverted": false, "swapped": false, "error_lsq": 0.040503666512200505, "error_max": 0.34735036245939926, "target": "90.xyz", "model": "24.xyz", "model_rescale": 4.509807674373903, "target_rescale": 4.392213536331437},
{"mapping": [4, 3, 8, 7, 1, 0, 5, 2, 10, 9, 11, 12], "R": [[0.5311642110105109, -0.8461344936429294, 0.04382920954346596], [0.8458253968579497, 0.532567654277344, 0.0308397737932655], [-0.04943661569802103, 0.02069087444142983, 0.9985629217746749]], "T": [0.052073528175555626, -0.007171039385171558, -0.03885438988639624], "aligned_model": [[0.5223633325496306, 0.5574816143377417, -0.15976882779014953, -0.12465054600203856, -0.3582778641480196, -0.32315958235990866, 0.588418587342884, 0.040006831644686325, -0.545583190441737, -0.510464908653626, 0.19219406561142852, 0.004888549856575365], [-0.31469020923120744, -0.2899797506663676, 0.5267558450778358, 0.5514663036426756, -0.5524364969025067, -0.527726038337667, 0.43538525261828437, 0.087505966581919, 0.14434696554040555, 0.16905742410524535, -0.633988073675046, 0.06279550801707917], [-0.6518035386922634, 0.14829791043985574, -0.6478505505212953, 0.15225089861082386, -0.6058075896407868, 0.1942938594913322, 0.12453772950987858, 0.5605557498807666, -0.6191059003233955, 0.18099554880872348, -0.22624739320171516, -0.23954569925135283]], "inverted": true, "swapped": false, "error_lsq": 0.03941778795683631, "error_max": 0.33510608301467787, "target": "90.xyz", "model": "25.xyz", "model_rescale": 4.466005608606829, "target_rescale": 4.392213536331437},
{"mapping": [3, 4, 7, 8, 0, 1, 6, 2, 9, 10, 11, 12], "R": [[-0.5311640860698479, 0.8461345714271128, 0.04382922204921655], [-0.8458254764405034, -0.5325675294433068, 0.030839746867445197], [0.04943659650277975, -0.020690906662323216, 0.9985629220573495]], "T": [0.05207350370775728, -0.007171066217273092, -0.038854393365385514], "aligned_model": [[0.5223633538416055, 0.5574816438452731, -0.1597687758963549, -0.12465048589268722, -0.3582777619342655, -0.32315947193059785, 0.5884186273664331, 0.04000676886603439, -0.5455832515858943, -0.5104649615822267, 0.19219389798778086, 0.004888478862366714], [-0.3146902851056221, -0.28997984938503185, 0.5267558151409599, 0.5514662508615502, -0.5524366913013155, -0.5277262555807252, 0.4353853113480739, 0.08750606741166733, 0.14434701693855323, 0.16905745265914346, -0.6339877679076802, 0.06279563169107709], [-0.6518035257470747, 0.14829788249470444, -0.6478505091070679, 0.15225089913471127, -0.605807571981737, 0.19429383626004224, 0.1245377154189316, 0.5605557157485175, -0.6191058619474205, 0.18099554629435868, -0.22624740896413267, -0.23954569249326174]], "inverted": false, "swapped": false, "error_lsq": 0.03941778785346977, "error_max": 0.3351060834262282, "target": "90.xyz", "model": "26.xyz", "model_rescale": 4.466005838112752, "target_rescale": 4.392213536331437},
{"mapping": [0, 1, 8, 9, 4, 5, 11, 3, 6, 7, 12, 13], "R": [[-0.8552710178248116, 0.5166269083286219, -0.040101417178455084], [0.5178532351155343, 0.8549186384976971, -0.030694436460360672], [0.01842587716462752, -0.0470187105315923, -0.9987240499310409]], "T": [0.018339056625689507, -0.019876885331649566, -0.2364863976495181], "aligned_model": [[0.576986413579268, 0.6088057093528395, -0.07952855665399622, -0.04770926088042479, -0.30836712057594323, -0.2765478248023718, 0.46414082240567517, 0.050224703817164595, -0.6589258740060412, -0.6271065782324697, 0.16307021990017345, 0.018405408043593172], [-0.327797290701867, -0.3034421576154473, 0.5390983897688628, 0.5634535228552826, -0.5080838834477839, -0.48372875036136415, 0.396219595126418, 0.08889404933055936, 0.12005385229309147, 0.1444089853795112, -0.6351225321007523, 0.06453891624413965], [-0.646696215088288, 0.14576196162693164, -0.6469782686512959, 0.14547990806392372, -0.6056060593119195, 0.18685211740330024, 0.13006748002130722, 0.5533747090904794, -0.610835162387543, 0.18162301432767672, -0.22338899235926016, -0.23908346762474017]], "inverted": true, "swapped": false, "error_lsq": 0.04050367604701758, "error_max": 0.34735035555815935, "target": "90.xyz", "model": "27.xyz", "model_rescale": 4.509807893063789, "target_rescale": 4.392213536331437},
{"mapping": [0, 1, 8, 9, 4, 5, 11, 3, 6, 7, 12, 13], "R": [[-0.855271017824812, 0.5166269083286215, -0.040101417178455695], [0.5178532351155338, 0.8549186384976974, -0.030694436460360672], [0.018425877164628075, -0.04701871053159261, -0.998724049931041]], "T": [0.018339056625689444, -0.019876885331649552, -0.23648639764951818], "aligned_model": [[0.5769864135792679, 0.6088057093528398, -0.07952855665399688, -0.047709260880424965, -0.30836712057594323, -0.27654782480237133, 0.4641408224056751, 0.05022470381716497, -0.6589258740060414, -0.6271065782324695, 0.1630702199001737, 0.01840540804359306], [-0.3277972907018666, -0.3034421576154469, 0.5390983897688627, 0.5634535228552825, -0.5080838834477839, -0.48372875036136426, 0.39621959512641824, 0.08889404933055936, 0.12005385229309104, 0.14440898537951077, -0.6351225321007521, 0.06453891624413965], [-0.6466962150882886, 0.14576196162693145, -0.6469782686512962, 0.1454799080639239, -0.6056060593119195, 0.18685211740330054, 0.13006748002130708, 0.5533747090904794, -0.6108351623875428, 0.18162301432767725, -0.22338899235926055, -0.23908346762474048]], "inverted": true, "swapped": false, "error_lsq": 0.04050367604701759, "error_max": 0.3473503555581592, "target": "90.xyz", "model": "28.xyz", "model_rescale": 4.5098078930637895, "target_rescale": 4.392213536331437},
{"mapping": [4, 3, 8, 7, 1, 0, 5, 2, 10, 9, 11, 12], "R": [[0.5311640860698482, -0.8461345714271126, 0.043829222049216805], [0.8458254764405032, 0.5325675294433071, 0.030839746867445405], [-0.049436596502780074, 0.020690906662323306, 0.9985629220573496]], "T": [0.052073503707757304, -0.007171066217273085, -0.03885439336538543], "aligned_model": [[0.5223633538416051, 0.5574816438452731, -0.15976877589635474, -0.12465048589268689, -0.35827776193426586, -0.323159471930598, 0.5884186273664335, 0.0400067688660346, -0.5455832515858943, -0.5104649615822264, 0.19219389798778058, 0.004888478862366721], [-0.31469028510562247, -0.2899798493850321, 0.52675581514096, 0.5514662508615504, -0.5524366913013153, -0.527726255580725, 0.4353853113480737, 0.08750606741166747, 0.1443470169385533, 0.1690574526591437, -0.6339877679076802, 0.06279563169107708], [-0.6518035257470746, 0.1482978824947043, -0.6478505091070678, 0.1522508991347111, -0.6058075719817365, 0.19429383626004237, 0.12453771541893127, 0.5605557157485175, -0.6191058619474201, 0.1809955462943587, -0.22624740896413256, -0.23954569249326174]], "inverted": true, "swapped": false, "error_lsq": 0.039417787853469756, "error_max": 0.3351060834262279, "target": "90.xyz", "model": "29.xyz", "model_rescale": 4.466005838112752, "target_rescale": 4.392213536331437},
