[{"mapping": [8, 7, 1, 0, 5, 4, 10, 9, 11, 3, 2, 12], "R": [[0.8645986604078315, -0.5024630896105534, 3.2750378670658806e-16], [-0.5024630896105534, -0.8645986604078315, -8.394095581205304e-17], [3.253365672671953e-16, -9.19833265792939e-17, -1.0]], "T": [-0.013582869196579424, -0.07479124113487698, 5.101372266964185e-17], "aligned_model": [[-0.08964353908585046, -0.08964353908585099, 0.5822829493786646, 0.5822829493786644, 0.026383010807478027, 0.026383010807477764, -0.5539973866618143, -0.5539973866618145, 0.4907369713004078, -0.39526708964542745, -0.39526708964542767, -0.08964353908585071], [-0.041225559139169234, -0.041225559139169095, -0.09765720352950932, -0.09765720352950927, 0.5270279466048501, 0.5270279466048501, 0.09151400456210279, 0.09151400456210285, 0.39428857720214405, -0.6151409739043675, -0.6151409739043675, -0.041225559139169164], [-0.8041626936838066, 0.8041626936838066, -0.40208134684190294, 0.4020813468419036, -0.4020813468419032, 0.40208134684190333, -0.40208134684190333, 0.4020813468419032, 7.700658600615908e-17, -0.4020813468419032, 0.40208134684190333, -7.651275600189222e-17]], "inverted": false, "swapped": true, "error_lsq": 0.025843780391102952, "error_max": 0.11171840649219726, "target": "91.xyz", "model": "0.xyz", "model_rescale": 4.5108708085295355, "target_rescale": 4.449845818646011},
{"mapping": [8, 7, 1, 0, 5, 4, 10, 9, 11, 3, 2, 12], "R": [[0.8645986604078318, -0.5024630896105532, 3.1218919280772545e-17], [-0.5024630896105532, -0.8645986604078318, -5.251211142788917e-18], [2.963037556453926e-17, -1.1146164516545464e-17, -1.0]], "T": [-0.013582869196579368, -0.07479124113487699, -2.6443296622322412e-17], "aligned_model": [[-0.08964353908585065, -0.08964353908585071, 0.5822829493786648, 0.5822829493786648, 0.02638301080747777, 0.026383010807477743, -0.5539973866618144, -0.5539973866618144, 0.4907369713004077, -0.3952670896454274, -0.3952670896454274, -0.08964353908585068], [-0.041225559139169206, -0.04122555913916919, -0.09765720352950912, -0.09765720352950912, 0.5270279466048502, 0.5270279466048502, 0.09151400456210264, 0.09151400456210264, 0.39428857720214433, -0.6151409739043677, -0.6151409739043677, -0.0412255591391692], [-0.8041626936838066, 0.8041626936838066, -0.4020813468419032, 0.40208134684190333, -0.4020813468419032, 0.40208134684190333, -0.4020813468419032, 0.40208134684190333, -1.1296099923321848e-16, -0.4020813468419032, 0.40208134684190333, -1.2879287485350305e-16]], "inverted": false, "swapped": true, "error_lsq": 0.025843780391102952, "error_max": 0.11171840649219754, "target": "91.xyz", "model": "1.xyz", "model_rescale": 4.510870808529536, "target_rescale": 4.449845818646011},
{"mapping": [7, 8, 0, 1, 4, 5, 9, 10, 11, 2, 3, 12], "R": [[-0.8645986604078318, 0.5024630896105533, -5.889739706265522e-18], [0.5024630896105533, 0.8645986604078318, -7.420457940859035e-18], [1.363754836898791e-18, -9.375094805091506e-18, -1.0000000000000002]], "T": [-0.013582869196579396, -0.07479124113487699, 1.2315225248732942e-16], "aligned_model": [[-0.08964353908585071, -0.08964353908585071, 0.5822829493786648, 0.5822829493786648, 0.026383010807477784, 0.026383010807477784, -0.5539973866618144, -0.5539973866618144, 0.4907369713004078, -0.39526708964542756, -0.39526708964542756, -0.08964353908585071], [-0.04122555913916919, -0.04122555913916918, -0.09765720352950917, -0.09765720352950917, 0.5270279466048503, 0.5270279466048503, 0.0915140045621027, 0.0915140045621027, 0.3942885772021443, -0.6151409739043677, -0.6151409739043677, -0.041225559139169185], [-0.8041626936838067, 0.8041626936838069, -0.40208134684190333, 0.40208134684190344, -0.40208134684190333, 0.40208134684190344, -0.40208134684190333, 0.40208134684190344, 2.16499938669376e-16, -0.40208134684190333, 0.40208134684190344, 2.2314994313751084e-16]], "inverted": true, "swapped": true, "error_lsq": 0.025843780391102963, "error_max": 0.11171840649219746, "target": "91.xyz", "model": "2.xyz", "model_rescale": 4.5108708085295355, "target_rescale": 4.449845818646011},
{"mapping": [3, 2, 10, 9, 5, 4, 11, 1, 0, 7, 6, 8, 13], "R": [[0.8556359068157611, -0.5147947015770853, -0.05360606491554876], [-0.5168740089584074, -0.8552773384537677, -0.036632406291473955], [-0.02698988386108056, 0.05905158385343303, -0.9978900022615551]], "T": [0.012692593133131033, -0.022072102614425174, -0.032196929344240434], "aligned_model": [[0.5661356312700107, 0.6086704694766903, -0.09148423070009389, -0.04894939249341412, -0.31833645678541733, -0.27580161857873753, 0.4628680460010841, -0.029924472961890953, 0.055145203451468575, -0.6697756215267744, -0.6272407833200947, 0.1584129784481963, 0.012610365244788809], [-0.3317007356741735, -0.30263399710300765, 0.5343498060526908, 0.5634165446238566, -0.5128581882542685, -0.4837914496831026, 0.39673981918438017, 0.03326016422612897, 0.09139364136846072, 0.11479517704896254, 0.1438619156201284, -0.6370470281011892, 0.062326902797294845], [-0.44813533597693755, 0.343661074767383, -0.4446009807984701, 0.34719542994585045, -0.39397174935773227, 0.3978246613865883, 0.32581957763861025, -0.8270871988669043, 0.7565056226217365, -0.3981337135016709, 0.39366269724264963, -0.01744929697851945, -0.035290788122583905]], "inverted": false, "swapped": false, "error_lsq": 0.03745283448726295, "error_max": 0.3385242176455267, "target": "91.xyz", "model": "3.xyz", "model_rescale": 4.509807743048502, "target_rescale": 4.449845818646011},
{"mapping": [2, 3, 9, 10, 4, 5, 12, 0, 1, 6, 7, 8, 13], "R": [[-0.8556359068157615, 0.5147947015770848, -0.053606064915548424], [0.516874008958407, 0.8552773384537682, -0.03663240629147414], [0.026989883861080203, -0.05905158385343298, -0.9978900022615551]], "T": [0.012692593133131043, -0.02207210261442516, -0.03219692934424047], "aligned_model": [[0.5661356312700111, 0.6086704694766906, -0.0914842307000941, -0.0489493924934146, -0.31833645678541694, -0.2758016185787375, 0.46286804600108383, -0.02992447296189074, 0.05514520345146827, -0.6697756215267743, -0.6272407833200948, 0.1584129784481967, 0.012610365244788759], [-0.3317007356741733, -0.30263399710300726, 0.5343498060526908, 0.5634165446238568, -0.5128581882542688, -0.4837914496831027, 0.39673981918438056, 0.03326016422612883, 0.09139364136846088, 0.11479517704896214, 0.14386191562012812, -0.6370470281011892, 0.06232690279729486], [-0.4481353359769371, 0.34366107476738317, -0.44460098079847, 0.3471954299458503, -0.39397174935773205, 0.39782466138658823, 0.3258195776386103, -0.8270871988669044, 0.7565056226217367, -0.3981337135016709, 0.39366269724264935, -0.017449296978519446, -0.03529078812258405]], "inverted": true, "swapped": false, "error_lsq": 0.037452834487262936, "error_max": 0.33852421764552687, "target": "91.xyz", "model": "4.xyz", "model_rescale": 4.509807743048502, "target_rescale": 4.449845818646011},
{"mapping": [2, 3, 9, 10, 4, 5, 12, 0, 1, 6, 7, 8, 13], "R": [[-0.8556359068157613, 0.5147947015770846, -0.05360606491554845], [0.5168740089584067, 0.855277338453768, -0.03663240629147396], [0.026989883861080335, -0.05905158385343286, -0.9978900022615549]], "T": [0.012692593133131026, -0.02207210261442516, -0.032196929344240593], "aligned_model": [[0.5661356312700108, 0.6086704694766902, -0.09148423070009416, -0.04894939249341462, -0.3183364567854168, -0.27580161857873725, 0.46286804600108367, -0.029924472961890772, 0.05514520345146827, -0.6697756215267743, -0.6272407833200948, 0.15841297844819674, 0.012610365244788762], [-0.331700735674173, -0.30263399710300715, 0.5343498060526907, 0.5634165446238565, -0.5128581882542685, -0.48379144968310267, 0.39673981918438045, 0.03326016422612897, 0.09139364136846072, 0.11479517704896205, 0.14386191562012793, -0.637047028101189, 0.06232690279729486], [-0.4481353359769372, 0.34366107476738317, -0.44460098079847, 0.3471954299458504, -0.39397174935773216, 0.39782466138658823, 0.32581957763861036, -0.8270871988669043, 0.7565056226217363, -0.3981337135016709, 0.39366269724264946, -0.01744929697851929, -0.035290788122583766]], "inverted": true, "swapped": false, "error_lsq": 0.037452834487262936, "error_max": 0.338524217645527, "target": "91.xyz", "model": "5.xyz", "model_rescale": 4.509807743048502, "target_rescale": 4.449845818646011},
{"mapping": [3, 2, 10, 9, 5, 4, 11, 1, 0, 7, 6, 8, 13], "R": [[0.855635883240127, -0.5147947405984736, -0.05360606648540839], [-0.5168740481681526, -0.855277314580823, -0.03663241042686365], [-0.026989880365687044, 0.05905158944148848, -0.9978900020254136]], "T": [0.012692598639443688, -0.022072096695809073, -0.03219693098408069], "aligned_model": [[0.566135584841537, 0.6086704257711955, -0.09148437461290515, -0.04894953368324674, -0.31833654220321156, -0.27580170127355313, 0.462868143286873, -0.02992440925602578, 0.05514527260329104, -0.6697755763686389, -0.6272407354389805, 0.15841313218584854, 0.01261043167363263], [-0.33170086332340415, -0.3026341204613675, 0.5343495488573802, 0.5634162917194168, -0.5128582814911733, -0.48379153862913665, 0.3967399162987588, 0.03326026359275741, 0.09139374931683068, 0.11479531126456079, 0.14386205412659744, -0.6370467656198532, 0.06232700645479404], [-0.4481353434183081, 0.3436610946397066, -0.4446009808010588, 0.347195457256956, -0.3939717538129003, 0.3978246842451144, 0.32581957917029214, -0.8270872350315065, 0.7565056410845227, -0.39813373537024055, 0.39366270268777426, -0.01744931367686007, -0.03529079697349191]], "inverted": false, "swapped": false, "error_lsq": 0.037452847173749755, "error_max": 0.3385242014793023, "target": "91.xyz", "model": "6.xyz", "model_rescale": 4.509807586411629, "target_rescale": 4.449845818646011},
{"mapping": [2, 3, 9, 10, 4, 5, 12, 0, 1, 6, 7, 8, 13], "R": [[-0.8556358832401273, 0.5147947405984734, -0.053606066485408777], [0.5168740481681522, 0.8552773145808235, -0.03663241042686284], [0.026989880365687835, -0.05905158944148797, -0.9978900020254137]], "T": [0.012692598639443678, -0.022072096695809035, -0.03219693098408074], "aligned_model": [[0.5661355848415371, 0.6086704257711958, -0.0914843746129055, -0.04894953368324679, -0.3183365422032116, -0.27580170127355286, 0.4628681432868731, -0.02992440925602613, 0.05514527260329132, -0.6697755763686392, -0.6272407354389805, 0.1584131321858488, 0.012610431673632587], [-0.33170086332340354, -0.3026341204613675, 0.5343495488573807, 0.5634162917194167, -0.5128582814911732, -0.48379153862913715, 0.39673991629875893, 0.0332602635927581, 0.0913937493168301, 0.1147953112645608, 0.14386205412659678, -0.6370467656198531, 0.062327006454794096], [-0.44813534341830846, 0.3436610946397061, -0.44460098080105814, 0.34719545725695644, -0.39397175381290045, 0.39782468424511414, 0.32581957917029225, -0.8270872350315067, 0.756505641084523, -0.39813373537024, 0.3936627026877746, -0.017449313676860798, -0.03529079697349199]], "inverted": true, "swapped": false, "error_lsq": 0.03745284717374974, "error_max": 0.33852420147930234, "target": "91.xyz", "model": "7.xyz", "model_rescale": 4.509807586411629, "target_rescale": 4.449845818646011},
{"mapping": [3, 2, 10, 9, 5, 4, 11, 1, 0, 7, 6, 8, 13], "R": [[0.855635883240127, -0.5147947405984739, -0.05360606648540858], [-0.5168740481681529, -0.855277314580823, -0.03663241042686409], [-0.02698988036568698, 0.05905158944148897, -0.9978900020254136]], "T": [0.012692598639443688, -0.02207209669580909, -0.032196930984080635], "aligned_model": [[0.5661355848415369, 0.6086704257711956, -0.09148437461290512, -0.048949533683246546, -0.3183365422032118, -0.27580170127355325, 0.4628681432868732, -0.029924409256025918, 0.055145272603291204, -0.669775576368639, -0.6272407354389804, 0.1584131321858484, 0.012610431673632629], [-0.33170086332340454, -0.3026341204613675, 0.5343495488573801, 0.5634162917194171, -0.5128582814911735, -0.4837915386291365, 0.39673991629875904, 0.03326026359275706, 0.09139374931683103, 0.11479531126456077, 0.14386205412659775, -0.6370467656198532, 0.062327006454794026], [-0.4481353434183081, 0.3436610946397066, -0.4446009808010589, 0.3471954572569558, -0.39397175381289995, 0.39782468424511475, 0.3258195791702919, -0.8270872350315065, 0.7565056410845227, -0.39813373537024044, 0.39366270268777426, -0.01744931367686006, -0.03529079697349219]], "inverted": false, "swapped": false, "error_lsq": 0.037452847173749755, "error_max": 0.338524201479302, "target": "91.xyz", "model": "8.xyz", "model_rescale": 4.509807586411629, "target_rescale": 4.449845818646011},
{"mapping": [2, 3, 11, 12, 6, 7, 10, 0, 1, 4, 5, 8, 13], "R": [[0.8556359423388031, -0.5147946420552663, -0.05360606951809253], [-0.5168739498311108, -0.8552773740323272, -0.03663240989005853], [-0.026989890032654076, 0.05905158744315911, -0.9978900018822054]], "T": [0.012692545987408096, -0.022072081362081324, -0.03219692936191027], "aligned_model": [[0.5661355747490727, 0.6086704188578932, -0.09148438182894249, -0.048949537720121936, -0.3183364330410467, -0.2758015889322261, 0.4628679392148392, -0.029924285065361714, 0.05514540315227938, -0.6697756597746682, -0.6272408156658478, 0.15841292453648737, 0.01261055904345883], [-0.3317007873388788, -0.3026340443746672, 0.5343497547614595, 0.5634164977256712, -0.5128581209769201, -0.4837913780127085, 0.3967397988375919, 0.033260165757973574, 0.09139365168639685, 0.11479525324611548, 0.1438619962103271, -0.6370471241383844, 0.06232690872218521], [-0.44813535544064786, 0.34366109688989754, -0.444600995282287, 0.3471954570482584, -0.393971772746287, 0.39782467958425843, 0.32581959993362, -0.8270872531566787, 0.7565056515044118, -0.3981337345315696, 0.3936627177989758, -0.017449290775818596, -0.035290800826133395]], "inverted": true, "swapped": false, "error_lsq": 0.03745284956537977, "error_max": 0.3385242652441398, "target": "91.xyz", "model": "9.xyz", "model_rescale": 4.509807504472865, "target_rescale": 4.449845818646011},
{"mapping": [3, 2, 12, 11, 7, 6, 9, 1, 0, 5, 4, 8, 13], "R": [[-0.8556359423388031, 0.5147946420552663, -0.053606069518093005], [0.5168739498311108, 0.8552773740323271, -0.03663240989005857], [0.026989890032654465, -0.0590515874431594, -0.9978900018822054]], "T": [0.012692545987408082, -0.022072081362081324, -0.03219692936191025], "aligned_model": [[0.5661355747490725, 0.6086704188578934, -0.09148438182894268, -0.04894953772012177, -0.31833643304104686, -0.27580158893222595, 0.4628679392148394, -0.029924285065362117, 0.05514540315227974, -0.6697756597746685, -0.6272408156658476, 0.15841292453648734, 0.012610559043458822], [-0.3317007873388788, -0.3026340443746672, 0.5343497547614594, 0.5634164977256712, -0.5128581209769201, -0.48379137801270844, 0.39673979883759186, 0.03326016575797353, 0.09139365168639688, 0.1147952532461155, 0.14386199621032714, -0.6370471241383843, 0.06232690872218521], [-0.4481353554406481, 0.3436610968898971, -0.44460099528228697, 0.3471954570482582, -0.3939717727462867, 0.3978246795842585, 0.3258195999336196, -0.8270872531566789, 0.7565056515044121, -0.3981337345315692, 0.393662717798976, -0.017449290775818516, -0.035290800826133284]], "inverted": false, "swapped": false, "error_lsq": 0.03745284956537976, "error_max": 0.33852426524413937, "target": "91.xyz", "model": "10.xyz", "model_rescale": 4.509807504472865, "target_rescale": 4.449845818646011},
{"mapping": [3, 2, 12, 11, 7, 6, 9, 1, 0, 5, 4, 8, 13], "R": [[-0.8556359423388031, 0.514794642055266, -0.05360606951809273], [0.5168739498311106, 0.8552773740323272, -0.03663240989005838], [0.026989890032654326, -0.05905158744315908, -0.9978900018822054]], "T": [0.012692545987408089, -0.02207208136208131, -0.03219692936191013], "aligned_model": [[0.5661355747490726, 0.6086704188578933, -0.09148438182894267, -0.04894953772012196, -0.31833643304104664, -0.27580158893222595, 0.46286793921483915, -0.029924285065361895, 0.055145403152279504, -0.6697756597746682, -0.6272408156658476, 0.15841292453648742, 0.012610559043458787], [-0.3317007873388786, -0.30263404437466707, 0.5343497547614595, 0.563416497725671, -0.5128581209769201, -0.48379137801270855, 0.3967397988375919, 0.03326016575797371, 0.09139365168639674, 0.11479525324611539, 0.14386199621032691, -0.6370471241383843, 0.06232690872218521], [-0.44813535544064803, 0.3436610968898973, -0.4446009952822869, 0.34719545704825844, -0.393971772746287, 0.3978246795842584, 0.3258195999336199, -0.8270872531566785, 0.7565056515044121, -0.3981337345315694, 0.39366271779897594, -0.017449290775818877, -0.03529080082613354]], "inverted": false, "swapped": false, "error_lsq": 0.03745284956537976, "error_max": 0.33852426524413975, "target": "91.xyz", "model": "11.xyz", "model_rescale": 4.509807504472865, "target_rescale": 4.449845818646011},
{"mapping": [3, 2, 12, 11, 7, 6, 9, 1, 0, 5, 4, 8, 13], "R": [[-0.8556358744598354, 0.5147947554117268, -0.05360606437646208], [0.5168740627662617, 0.8552773058919938, -0.03663240731417725], [0.026989879155928632, -0.059051586149006643, -0.9978900022529713]], "T": [0.012692615349609894, -0.02207196866169058, -0.03219693528435262], "aligned_model": [[0.5661355752854185, 0.6086704128429796, -0.09148434307953704, -0.04894950552197589, -0.3183365196880875, -0.27580168213052636, 0.4628681482110954, -0.029924312138449947, 0.055145362976672295, -0.6697756432047427, -0.6272408056471815, 0.15841290420103982, 0.012610525419111174], [-0.3317007314897558, -0.30263399225838045, 0.534349657361225, 0.5634163965926003, -0.512858127390325, -0.4837913881589496, 0.3967400191078025, 0.0332600876357163, 0.09139356609846702, 0.11479525668005058, 0.14386199591142595, -0.6370469948508067, 0.06232682686709166], [-0.44813533027047886, 0.34366107634618903, -0.444600967693279, 0.3471954389233889, -0.3939717456520236, 0.3978246609646443, 0.3258195627274245, -0.8270872004721724, 0.756505612761163, -0.3981337135326214, 0.39366269308404656, -0.017449293330776466, -0.03529079385550472]], "inverted": false, "swapped": false, "error_lsq": 0.03745284551111086, "error_max": 0.33852419245264365, "target": "91.xyz", "model": "12.xyz", "model_rescale": 4.509807766519439, "target_rescale": 4.449845818646011},
{"mapping": [2, 3, 11, 12, 6, 7, 10, 0, 1, 4, 5, 8, 13], "R": [[0.8556358744598355, -0.5147947554117265, -0.05360606437646238], [-0.5168740627662614, -0.8552773058919939, -0.03663240731417732], [-0.02698987915592887, 0.059051586149006845, -0.9978900022529712]], "T": [0.012692615349609877, -0.022071968661690578, -0.03219693528435267], "aligned_model": [[0.5661355752854182, 0.6086704128429796, -0.09148434307953737, -0.04894950552197602, -0.31833651968808746, -0.2758016821305261, 0.46286814821109523, -0.029924312138450242, 0.055145362976672496, -0.6697756432047427, -0.6272408056471813, 0.15841290420104004, 0.012610525419111117], [-0.3317007314897556, -0.3026339922583802, 0.5343496573612249, 0.5634163965926003, -0.512858127390325, -0.4837913881589497, 0.3967400191078026, 0.03326008763571624, 0.09139356609846706, 0.11479525668005032, 0.14386199591142573, -0.6370469948508066, 0.06232682686709165], [-0.4481353302704788, 0.3436610763461887, -0.4446009676932788, 0.3471954389233887, -0.39397174565202325, 0.39782466096464425, 0.32581956272742424, -0.8270872004721724, 0.7565056127611631, -0.39813371353262095, 0.39366269308404656, -0.017449293330776626, -0.03529079385550487]], "inverted": true, "swapped": false, "error_lsq": 0.03745284551111085, "error_max": 0.3385241924526434, "target": "91.xyz", "model": "13.xyz", "model_rescale": 4.509807766519439, "target_rescale": 4.449845818646011},
{"mapping": [3, 2, 12, 11, 7, 6, 9, 1, 0, 5, 4, 8, 13], "R": [[-0.8556358744598358, 0.5147947554117265, -0.053606064376461454], [0.5168740627662614, 0.855277305891994, -0.036632407314177995], [0.026989879155927744, -0.059051586149006935, -0.9978900022529715]], "T": [0.012692615349609922, -0.022071968661690592, -0.03219693528435255], "aligned_model": [[0.5661355752854189, 0.6086704128429796, -0.0914843430795371, -0.048949505521976445, -0.318336519688087, -0.2758016821305264, 0.46286814821109495, -0.029924312138449476, 0.05514536297667178, -0.6697756432047425, -0.6272408056471818, 0.15841290420104015, 0.012610525419111137], [-0.3317007314897559, -0.30263399225837995, 0.5343496573612248, 0.5634163965926007, -0.5128581273903254, -0.48379138815894945, 0.3967400191078029, 0.033260087635715696, 0.0913935660984676, 0.11479525668005, 0.14386199591142595, -0.6370469948508067, 0.062326826867091636], [-0.44813533027047836, 0.3436610763461897, -0.4446009676932795, 0.34719543892338856, -0.3939717456520234, 0.39782466096464464, 0.3258195627274246, -0.8270872004721727, 0.7565056127611632, -0.39813371353262195, 0.3936626930840461, -0.017449293330776168, -0.035290793855505]], "inverted": false, "swapped": false, "error_lsq": 0.03745284551111086, "error_max": 0.33852419245264387, "target": "91.xyz", "model": "14.xyz", "model_rescale": 4.509807766519439, "target_rescale": 4.449845818646011},
{"mapping": [8, 7, 1, 0, 10, 9, 5, 4, 11, 3, 2, 12], "R": [[-0.8645986559153285, 0.502463097340897, 1.564298605377942e-17], [0.502463097340897, 0.8645986559153285, 1.5666991164146405e-16], [6.519594434689475e-17, 1.433166182518255e-16, -1.0000000000000002]], "T": [0.013582725295642861, 0.07479135163427462, 4.8475177519250875e-17], "aligned_model": [[0.0896433948848047, 0.08964339488480468, -0.5822830930751576, -0.5822830930751576, 0.5539972412739491, 0.5539972412739491, -0.026383160089256695, -0.02638316008925671, -0.4907371193953691, 0.39526695057573735, 0.39526695057573735, 0.08964339488480469], [0.041225668958511395, 0.041225668958511145, 0.09765731935652047, 0.09765731935652033, -0.09151389889453067, -0.09151389889453078, -0.5270278357481191, -0.5270278357481193, -0.3942884621936423, 0.6151410809911415, 0.6151410809911413, 0.04122566895851127], [-0.8041626936838068, 0.8041626936838068, -0.4020813468419033, 0.4020813468419035, -0.4020813468419033, 0.4020813468419035, -0.4020813468419034, 0.4020813468419034, -1.327033695972638e-16, -0.40208134684190316, 0.4020813468419036, -5.5392524860276846e-17]], "inverted": false, "swapped": true, "error_lsq": 0.025843784876665974, "error_max": 0.11171855880390459, "target": "91.xyz", "model": "15.xyz", "model_rescale": 4.510870436145588, "target_rescale": 4.449845818646011},
{"mapping": [7, 8, 0, 1, 9, 10, 4, 5, 11, 2, 3, 12], "R": [[0.8645986559153283, -0.502463097340897, -2.74864173077713e-16], [-0.502463097340897, -0.8645986559153283, 1.0227558029980554e-16], [-2.8903689946204673e-16, 4.968177449249999e-17, -1.0]], "T": [0.013582725295642875, 0.07479135163427461, 2.6373061279793447e-17], "aligned_model": [[0.08964339488480445, 0.0896433948848049, -0.5822830930751576, -0.5822830930751574, 0.5539972412739489, 0.5539972412739491, -0.026383160089256855, -0.026383160089256633, -0.490737119395369, 0.39526695057573724, 0.39526695057573746, 0.08964339488480468], [0.04122566895851133, 0.041225668958511166, 0.09765731935652049, 0.0976573193565204, -0.09151389889453071, -0.09151389889453077, -0.5270278357481191, -0.5270278357481191, -0.3942884621936421, 0.6151410809911412, 0.6151410809911412, 0.04122566895851125], [-0.8041626936838066, 0.8041626936838066, -0.40208134684190316, 0.4020813468419034, -0.4020813468419035, 0.40208134684190305, -0.4020813468419034, 0.40208134684190316, 2.1681589402544897e-16, -0.4020813468419034, 0.40208134684190316, 1.0183254438976332e-16]], "inverted": true, "swapped": true, "error_lsq": 0.02584378487666597, "error_max": 0.1117185588039043, "target": "91.xyz", "model": "16.xyz", "model_rescale": 4.510870436145588, "target_rescale": 4.449845818646011},
{"mapping": [8, 7, 1, 0, 10, 9, 5, 4, 11, 3, 2, 12], "R": [[-0.8645986559153285, 0.502463097340897, -2.4307964214259724e-17], [0.502463097340897, 0.8645986559153285, 1.0300746721206937e-16], [7.277408421230412e-17, 7.684626271164879e-17, -1.0000000000000002]], "T": [0.013582725295642861, 0.07479135163427462, 9.282314922174614e-17], "aligned_model": [[0.08964339488480468, 0.0896433948848047, -0.5822830930751576, -0.5822830930751576, 0.5539972412739491, 0.5539972412739491, -0.02638316008925671, -0.026383160089256695, -0.4907371193953691, 0.39526695057573735, 0.39526695057573735, 0.08964339488480469], [0.041225668958511354, 0.04122566895851119, 0.09765731935652044, 0.09765731935652036, -0.0915138988945307, -0.09151389889453075, -0.5270278357481192, -0.5270278357481192, -0.3942884621936423, 0.6151410809911414, 0.6151410809911414, 0.04122566895851127], [-0.8041626936838067, 0.8041626936838069, -0.4020813468419032, 0.40208134684190355, -0.4020813468419033, 0.4020813468419035, -0.4020813468419033, 0.4020813468419035, -4.30353714178413e-17, -0.40208134684190316, 0.4020813468419036, -1.22820326045691e-17]], "inverted": false, "swapped": true, "error_lsq": 0.02584378487666598, "error_max": 0.1117185588039045, "target": "91.xyz", "model": "17.xyz", "model_rescale": 4.510870436145588, "target_rescale": 4.449845818646011},
{"mapping": [9, 8, 3, 5, 1, 2, 7, 0, 6, 11, 4, 10, 12], "R": [[0.35745914227582554, 0.8403614175316934, 0.40745018042400527], [0.4329584871245511, -0.535673694654152, 0.7249832006897751], [0.8275082537535511, -0.0827428593879469, -0.5553230674031608]], "T": [-0.09074689327897091, -0.11864621672636741, 0.07233280381912151], "aligned_model": [[0.5793860506786804, 0.33860846535762673, -0.32143788222592723, 0.20639411606113467, -0.3672261329420565, -0.258482800982479, 0.6650791063909323, -0.040755491908751065, -0.12007652497217088, -0.552153514368142, -0.6479085232592326, 0.2529154096453749, 0.06798784005082655], [-0.060196021592189036, -0.34561294522636277, 0.6333656089291752, 0.71397442103582, -0.5699383888304738, -0.5743733605866499, 0.23528195098221408, 0.01095650737810308, 0.1330795248272432, 0.07767394464752195, 0.05247071272059828, -0.6410909178007659, 0.006521535621927116], [-0.44181562191065743, 0.4517643309474724, -0.1973099192866059, 0.2952056875645315, -0.35897925050024965, 0.43644721210551085, 0.006810109533142719, -0.8039334719145793, 0.7401599089788613, -0.3706248778400036, 0.24764430212772381, 0.0031385995036722902, -0.008507009308818939]], "inverted": true, "swapped": false, "error_lsq": 0.05034013613123116, "error_max": 0.33425179807494776, "target": "91.xyz", "model": "18.xyz", "model_rescale": 4.466005644533647, "target_rescale": 4.449845818646011},
{"mapping": [0, 1, 8, 9, 4, 5, 11, 2, 3, 6, 7, 12, 13], "R": [[-0.8556358658783897, 0.5147947696431954, -0.05360606468066735], [0.5168740770396396, 0.8552772972187748, -0.036632408418891524], [0.026989877861137282, -0.05905158770225623, -0.9978900021960756]], "T": [0.012692580628540982, -0.022072027504645476, -0.032196931645416885], "aligned_model": [[0.5661355422876121, 0.6086703806046984, -0.09148436969688246, -0.048949531379796116, -0.3183365664873807, -0.2758017281702943, 0.4628681258247007, -0.029924232066467684, 0.05514544456770501, -0.6697756838532245, -0.6272408455361382, 0.15841297518066505, 0.01261060625061867], [-0.3317008041337127, -0.3026340636716963, 0.5343496062029868, 0.5634163466650032, -0.5128581874341543, -0.48379144697213794, 0.3967399586014004, 0.033260218233704605, 0.09139369915773747, 0.11479521011419193, 0.14386195057620835, -0.6370468739290908, 0.06232695869572104], [-0.44813533091027513, 0.3436610853066858, -0.44460097022265294, 0.347195445994308, -0.39397174553969255, 0.3978246706772684, 0.32581957002748074, -0.8270872197340599, 0.756505612699862, -0.39813371483342813, 0.3936627013835328, -0.0174493013319304, -0.03529080351709881]], "inverted": true, "swapped": false, "error_lsq": 0.037452855851623806, "error_max": 0.33852420053956306, "target": "91.xyz", "model": "19.xyz", "model_rescale": 4.509807711582247, "target_rescale": 4.449845818646011},
{"mapping": [1, 0, 9, 8, 5, 4, 10, 3, 2, 7, 6, 12, 13], "R": [[0.8556358658783897, -0.5147947696431954, -0.05360606468066821], [-0.5168740770396398, -0.8552772972187747, -0.036632408418891274], [-0.026989877861138135, 0.05905158770225645, -0.9978900021960756]], "T": [0.012692580628540982, -0.022072027504645493, -0.032196931645416954], "aligned_model": [[0.5661355422876116, 0.6086703806046986, -0.09148436969688281, -0.04894953137979577, -0.31833656648738096, -0.2758017281702939, 0.46286812582470094, -0.029924232066468357, 0.05514544456770569, -0.6697756838532247, -0.6272408455361378, 0.15841297518066502, 0.01261060625061867], [-0.33170080413371267, -0.3026340636716965, 0.5343496062029867, 0.5634163466650028, -0.5128581874341541, -0.4837914469721379, 0.39673995860140004, 0.03326021823370478, 0.09139369915773723, 0.11479521011419219, 0.14386195057620843, -0.6370468739290908, 0.062326958695721], [-0.4481353309102758, 0.34366108530668527, -0.44460097022265277, 0.3471954459943083, -0.3939717455396925, 0.39782467067726857, 0.3258195700274805, -0.8270872197340597, 0.7565056126998619, -0.39813371483342763, 0.39366270138353343, -0.017449301331930747, -0.03529080351709886]], "inverted": false, "swapped": false, "error_lsq": 0.03745285585162382, "error_max": 0.3385242005395628, "target": "91.xyz", "model": "20.xyz", "model_rescale": 4.509807711582248, "target_rescale": 4.449845818646011},
{"mapping": [10, 7, 4, 6, 0, 2, 8, 1, 5, 11, 3, 9, 12], "R": [[-0.3574591422758262, -0.8403614175316934, 0.4074501804240052], [-0.432958487124551, 0.5356736946541524, 0.724983200689775], [-0.827508253753551, 0.08274285938794751, -0.555323067403161]], "T": [-0.09074689327897094, -0.11864621672636744, 0.0723328038191216], "aligned_model": [[0.5793860506786803, 0.33860846535762706, -0.32143788222592734, 0.20639411606113495, -0.367226132942057, -0.258482800982479, 0.6650791063909326, -0.04075549190875162, -0.1200765249721704, -0.5521535143681424, -0.6479085232592326, 0.2529154096453749, 0.0679878400508266], [-0.0601960215921894, -0.3456129452263629, 0.6333656089291752, 0.71397442103582, -0.5699383888304738, -0.5743733605866498, 0.23528195098221372, 0.010956507378102831, 0.13307952482724345, 0.0776739446475222, 0.05247071272059861, -0.641090917800766, 0.00652153562192706], [-0.44181562191065776, 0.4517643309474722, -0.19730991928660552, 0.29520568756453164, -0.35897925050024987, 0.436447212105511, 0.006810109533142428, -0.8039334719145796, 0.7401599089788613, -0.37062487784000325, 0.2476443021277242, 0.003138599503671957, -0.008507009308818939]], "inverted": false, "swapped": false, "error_lsq": 0.050340136131231165, "error_max": 0.33425179807494804, "target": "91.xyz", "model": "21.xyz", "model_rescale": 4.466005644533646, "target_rescale": 4.449845818646011},
{"mapping": [9, 8, 3, 5, 1, 2, 7, 0, 6, 11, 4, 10, 12], "R": [[0.3574590790241415, 0.8403614587601023, 0.40745015088205], [0.43295852528460754, -0.5356736363647558, 0.7249832209693802], [0.827508261110782, -0.0827428180227871, -0.5553230626032538]], "T": [-0.09074689734739098, -0.11864621709897721, 0.07233280358865357], "aligned_model": [[0.5793859740038697, 0.3386085599869419, -0.32143783676461296, 0.20639414067524997, -0.36722599618831925, -0.25848288250594226, 0.6650791799759653, -0.0407553761992958, -0.12007647931377347, -0.552153800888558, -0.6479084567536364, 0.2529153540148462, 0.06798773748308125], [-0.060195921983737355, -0.34561297108258277, 0.6333655341030462, 0.7139743919055153, -0.5699384790871563, -0.5743733109022136, 0.23528194604810027, 0.010956438043526695, 0.13307947477483234, 0.07767408620041893, 0.052470616972363215, -0.6410908391144203, 0.006521606228469562], [-0.44181559155120453, 0.4517643449160942, -0.19730995167783438, 0.29520567865524866, -0.3589792673508836, 0.43644722452841334, 0.00681012376826623, -0.8039334884987116, 0.7401598998030766, -0.37062487503966807, 0.24764426946999357, 0.003138629596623449, -0.008506996619414703]], "inverted": true, "swapped": false, "error_lsq": 0.05034013205415761, "error_max": 0.3342517482003496, "target": "91.xyz", "model": "22.xyz", "model_rescale": 4.46600560860683, "target_rescale": 4.449845818646011},
{"mapping": [0, 1, 8, 9, 4, 5, 11, 2, 3, 6, 7, 12, 13], "R": [[-0.8556358982258353, 0.5147947157465584, -0.053606065950490146], [0.5168740232260451, 0.8552773297634245, -0.03663240787701974], [0.026989882945094863, -0.0590515861951795, -0.9978900021477536]], "T": [0.01269257615543758, -0.022072032895626953, -0.03219693149489433], "aligned_model": [[0.56613561740329, 0.6086704570788789, -0.09148435435592699, -0.04894951468033819, -0.31833648710416373, -0.27580164742857494, 0.46286804298264694, -0.02992430028252627, 0.05514537906865134, -0.6697756467820146, -0.6272408071064257, 0.1584128393392566, 0.01261053939306254], [-0.3317006808873685, -0.3026339406154951, 0.5343496953023297, 0.5634164355742031, -0.5128581214124736, -0.48379138114060016, 0.3967398886974176, 0.03326011891202308, 0.0913935994557698, 0.11479525927094797, 0.1438619995428213, -0.63704715977731, 0.06232685918389644], [-0.4481353439302115, 0.34366107878115465, -0.4446009774707163, 0.3471954452406498, -0.3939717556584201, 0.39782466705294606, 0.32581957970830955, -0.827087219225738, 0.7565056261969941, -0.3981337212722361, 0.39366270143913, -0.017449284347490317, -0.035290796514371905]], "inverted": true, "swapped": false, "error_lsq": 0.03745284746708626, "error_max": 0.33852422588360664, "target": "91.xyz", "model": "23.xyz", "model_rescale": 4.509807674373902, "target_rescale": 4.449845818646011},
{"mapping": [1, 0, 9, 8, 5, 4, 10, 3, 2, 7, 6, 12, 13], "R": [[0.8556358982258347, -0.5147947157465596, -0.05360606595048988], [-0.5168740232260463, -0.855277329763424, -0.03663240787701967], [-0.026989882945094613, 0.05905158619517932, -0.9978900021477537]], "T": [0.012692576155437587, -0.022072032895626984, -0.03219693149489435], "aligned_model": [[0.5661356174032897, 0.6086704570788783, -0.09148435435592615, -0.04894951468033755, -0.3183364871041641, -0.27580164742857555, 0.4628680429826473, -0.029924300282525945, 0.05514537906865123, -0.6697756467820143, -0.6272408071064256, 0.1584128393392558, 0.01261053939306265], [-0.33170068088736915, -0.30263394061549587, 0.5343496953023297, 0.5634164355742031, -0.5128581214124731, -0.48379138114059983, 0.3967398886974169, 0.033260118912023115, 0.0913935994557697, 0.1147952592709488, 0.14386199954282208, -0.6370471597773101, 0.06232685918389641], [-0.4481353439302114, 0.343661078781155, -0.4446009774707164, 0.34719544524065, -0.39397175565842035, 0.39782466705294606, 0.3258195797083099, -0.827087219225738, 0.7565056261969941, -0.39813372127223645, 0.39366270143912996, -0.017449284347490317, -0.03529079651437192]], "inverted": false, "swapped": false, "error_lsq": 0.03745284746708627, "error_max": 0.3385242258836068, "target": "91.xyz", "model": "24.xyz", "model_rescale": 4.509807674373903, "target_rescale": 4.449845818646011},
{"mapping": [10, 7, 4, 6, 0, 2, 8, 1, 5, 11, 3, 9, 12], "R": [[-0.35745907902414154, -0.840361458760102, 0.4074501508820506], [-0.43295852528460754, 0.5356736363647564, 0.7249832209693797], [-0.8275082611107821, 0.08274281802278671, -0.5553230626032541]], "T": [-0.09074689734739112, -0.11864621709897724, 0.07233280358865367], "aligned_model": [[0.5793859740038698, 0.3386085599869417, -0.3214378367646127, 0.2063941406752503, -0.3672259961883195, -0.25848288250594276, 0.6650791799759656, -0.04075537619929566, -0.12007647931377358, -0.552153800888558, -0.6479084567536366, 0.252915354014846, 0.06798773748308128], [-0.06019592198373805, -0.3456129710825829, 0.6333655341030463, 0.7139743919055153, -0.5699384790871562, -0.5743733109022133, 0.23528194604809968, 0.010956438043526334, 0.13307947477483276, 0.07767408620041913, 0.05247061697236377, -0.6410908391144207, 0.006521606228469451], [-0.4418155915512044, 0.4517643449160946, -0.19730995167783472, 0.29520567865524866, -0.3589792673508836, 0.4364472245284137, 0.006810123768266382, -0.8039334884987117, 0.7401598998030768, -0.3706248750396683, 0.24764426946999346, 0.0031386295966237127, -0.008506996619414689]], "inverted": false, "swapped": false, "error_lsq": 0.05034013205415761, "error_max": 0.33425174820034914, "target": "91.xyz", "model": "25.xyz", "model_rescale": 4.466005608606829, "target_rescale": 4.449845818646011},
{"mapping": [9, 8, 3, 5, 1, 2, 7, 0, 6, 11, 4, 10, 12], "R": [[0.35745916841016867, 0.8403614005337592, 0.407450192554194], [0.43295844360874836, -0.5356737158980274, 0.7249832109807026], [0.8275082652320769, -0.08274289449214717, -0.555323045068058]], "T": [-0.09074690694749818, -0.11864623200421859, 0.07233276254829692], "aligned_model": [[0.5793860413119284, 0.33860847265141447, -0.3214379083396992, 0.2063941574898072, -0.3672261948598686, -0.2584827747405243, 0.6650791092531926, -0.04075555825809052, -0.12007647911197097, -0.5521534695003002, -0.6479085449414774, 0.2529154047101503, 0.06798786186125397], [-0.06019598995975811, -0.3456129299017426, 0.633365530098964, 0.7139744005523276, -0.5699384077043745, -0.5743733172904399, 0.23528194937356955, 0.010956471570937654, 0.13307952127701544, 0.07767400051620868, 0.05247065082365193, -0.6410908692350703, 0.006521561984872248], [-0.4418155568353538, 0.45176434980723756, -0.1973100077000688, 0.295205757713192, -0.3589793792520394, 0.4364472322169979, 0.006810165575522012, -0.8039335634837549, 0.7401599419449075, -0.37062479189993114, 0.24764417653164672, 0.0031386273963617123, -0.008506952014717711]], "inverted": true, "swapped": false, "error_lsq": 0.050340138411666, "error_max": 0.3342517704910858, "target": "91.xyz", "model": "26.xyz", "model_rescale": 4.466005838112752, "target_rescale": 4.449845818646011},
{"mapping": [0, 1, 8, 9, 4, 5, 11, 2, 3, 6, 7, 12, 13], "R": [[-0.8556358352429422, 0.5147948205339563, -0.053606064950938954], [0.5168741279388591, 0.8552772664367383, -0.03663240892904044], [0.026989874315317443, -0.059051589884710945, -0.9978900021628292]], "T": [0.01269261624046927, -0.022072051447465553, -0.03219693145907843], "aligned_model": [[0.5661356329031669, 0.6086704697230391, -0.0914843909345688, -0.04894955411469659, -0.31833645113806136, -0.2758016143181891, 0.46286807263865193, -0.02992428480121936, 0.055145388838525045, -0.6697757068173368, -0.6272408699974646, 0.1584128735253166, 0.012610552018652849], [-0.331700907319428, -0.30263416762231327, 0.5343496218333574, 0.5634163615304721, -0.5128582306180279, -0.4837914909209132, 0.3967399497083212, 0.03326024895841937, 0.0913937283526487, 0.11479527713334395, 0.1438620168304586, -0.6370468244157115, 0.06232698865553404], [-0.44813531477617446, 0.343661069551312, -0.44460095270610384, 0.3471954316213826, -0.3939717326029644, 0.397824651724522, 0.3258195581084214, -0.8270871848538721, 0.7565055838011008, -0.3981336987379496, 0.3936626855895368, -0.017449296192825627, -0.03529080052638557]], "inverted": true, "swapped": false, "error_lsq": 0.03745285682361641, "error_max": 0.3385242021847734, "target": "91.xyz", "model": "27.xyz", "model_rescale": 4.509807893063789, "target_rescale": 4.449845818646011},
