[{"mapping": [8, 7, 1, 0, 5, 4, 10, 9, 11, 3, 2, 12], "R": [[0.8645986604078318, -0.5024630896105532, -7.86741103407206e-18], [-0.5024630896105532, -0.8645986604078318, 2.1200721309921847e-18], [-7.86741103407206e-18, 2.1200721309921847e-18, -1.0]], "T": [-0.013582869196579389, -0.07479124113487699, 3.7575337058829305e-17], "aligned_model": [[-0.0896435390858507, -0.0896435390858507, 0.5822829493786648, 0.5822829493786648, 0.026383010807477736, 0.026383010807477736, -0.5539973866618144, -0.5539973866618144, 0.4907369713004077, -0.39526708964542745, -0.39526708964542745, -0.0896435390858507], [-0.0412255591391692, -0.0412255591391692, -0.09765720352950912, -0.09765720352950912, 0.5270279466048502, 0.5270279466048502, 0.09151400456210264, 0.09151400456210264, 0.39428857720214433, -0.6151409739043677, -0.6151409739043677, -0.0412255591391692], [-0.8041626936838066, 0.8041626936838066, -0.4020813468419034, 0.4020813468419035, -0.4020813468419034, 0.4020813468419035, -0.4020813468419034, 0.4020813468419035, 1.3440091446522385e-16, -0.4020813468419034, 0.4020813468419035, 1.3804368511348674e-16]], "inverted": false, "swapped": true, "error_lsq": 0.025843780391102963, "error_max": 0.11171840649219743, "target": "92.xyz", "model": "0.xyz", "model_rescale": 4.5108708085295355, "target_rescale": 4.449845818646011},
{"mapping": [8, 7, 1, 0, 5, 4, 10, 9, 11, 3, 2, 12], "R": [[0.864598660407832, -0.5024630896105529, -2.1967119927690728e-16], [-0.5024630896105529, -0.864598660407832, 5.962501804877168e-17], [-2.1988679541186674e-16, 5.882495875536949e-17, -1.0]], "T": [-0.01358286919657934, -0.07479124113487697, -3.606565024540564e-17], "aligned_model": [[-0.08964353908585085, -0.08964353908585049, 0.5822829493786645, 0.5822829493786648, 0.026383010807477417, 0.026383010807477597, -0.5539973866618145, -0.5539973866618143, 0.4907369713004075, -0.3952670896454273, -0.39526708964542706, -0.08964353908585065], [-0.04122555913916915, -0.04122555913916925, -0.09765720352950887, -0.09765720352950892, 0.5270279466048502, 0.5270279466048502, 0.09151400456210247, 0.09151400456210242, 0.39428857720214455, -0.6151409739043678, -0.6151409739043678, -0.0412255591391692], [-0.8041626936838066, 0.8041626936838066, -0.4020813468419036, 0.4020813468419033, -0.4020813468419035, 0.4020813468419034, -0.4020813468419034, 0.4020813468419035, -1.9082515957703076e-17, -0.40208134684190344, 0.40208134684190344, 8.244282855594377e-17]], "inverted": false, "swapped": true, "error_lsq": 0.025843780391102963, "error_max": 0.11171840649219761, "target": "92.xyz", "model": "1.xyz", "model_rescale": 4.510870808529536, "target_rescale": 4.449845818646011},
{"mapping": [8, 7, 1, 0, 5, 4, 10, 9, 11, 3, 2, 12], "R": [[0.864598660407832, -0.5024630896105531, 1.552618015266165e-16], [-0.5024630896105531, -0.864598660407832, -4.5429796212658085e-17], [1.5706594137780927e-16, -3.8734783545499235e-17, -1.0]], "T": [-0.013582869196579375, -0.07479124113487699, 9.322802206868786e-17], "aligned_model": [[-0.08964353908585057, -0.08964353908585082, 0.5822829493786649, 0.5822829493786646, 0.0263830108074777, 0.026383010807477576, -0.5539973866618143, -0.5539973866618145, 0.4907369713004077, -0.3952670896454273, -0.3952670896454274, -0.0896435390858507], [-0.04122555913916925, -0.04122555913916918, -0.09765720352950905, -0.09765720352950902, 0.5270279466048503, 0.5270279466048503, 0.09151400456210255, 0.09151400456210261, 0.3942885772021445, -0.6151409739043678, -0.6151409739043678, -0.04122555913916921], [-0.8041626936838064, 0.8041626936838067, -0.4020813468419032, 0.40208134684190366, -0.40208134684190333, 0.40208134684190355, -0.40208134684190344, 0.40208134684190344, 2.500182143294992e-16, -0.4020813468419034, 0.4020813468419035, 1.7969260917770926e-16]], "inverted": false, "swapped": true, "error_lsq": 0.025843780391102963, "error_max": 0.11171840649219753, "target": "92.xyz", "model": "2.xyz", "model_rescale": 4.5108708085295355, "target_rescale": 4.449845818646011},
{"mapping": [2, 3, 9, 10, 4, 5, 11, 0, 1, 6, 7, 8, 13], "R": [[-0.8556359068157612, 0.5147947015770851, 0.05360606491554868], [0.516874008958407, 0.8552773384537679, 0.03663240629147475], [-0.026989883861080095, 0.05905158385343365, -0.997890002261555]], "T": [0.012692593133131033, -0.022072102614425184, 0.03219692934424042], "aligned_model": [[0.6086704694766905, 0.5661356312700108, -0.04894939249341429, -0.091484230700094, -0.2758016185787375, -0.31833645678541717, 0.462868046001084, 0.05514520345146849, -0.02992447296189091, -0.6272407833200947, -0.6697756215267744, 0.15841297844819646, 0.012610365244788788], [-0.30263399710300704, -0.3317007356741735, 0.5634165446238568, 0.5343498060526903, -0.48379144968310234, -0.5128581882542689, 0.3967398191843806, 0.09139364136846131, 0.03326016422612832, 0.1438619156201284, 0.11479517704896189, -0.637047028101189, 0.06232690279729482], [-0.3436610747673833, 0.44813533597693717, -0.34719542994585, 0.44460098079847044, -0.3978246613865886, 0.39397174935773177, -0.32581957763860997, -0.7565056226217363, 0.8270871988669043, -0.39366269724264946, 0.398133713501671, 0.01744929697851895, 0.03529078812258395]], "inverted": true, "swapped": false, "error_lsq": 0.03745283448726295, "error_max": 0.3385242176455265, "target": "92.xyz", "model": "3.xyz", "model_rescale": 4.509807743048502, "target_rescale": 4.449845818646011},
{"mapping": [3, 2, 10, 9, 5, 4, 12, 1, 0, 7, 6, 8, 13], "R": [[0.8556359068157612, -0.5147947015770853, 0.05360606491554887], [-0.5168740089584072, -0.8552773384537679, 0.03663240629147425], [0.026989883861080505, -0.05905158385343332, -0.997890002261555]], "T": [0.012692593133131033, -0.022072102614425174, 0.03219692934424044], "aligned_model": [[0.6086704694766906, 0.5661356312700107, -0.04894939249341414, -0.09148423070009398, -0.27580161857873753, -0.31833645678541733, 0.46286804600108417, 0.05514520345146866, -0.02992447296189105, -0.6272407833200947, -0.6697756215267746, 0.15841297844819635, 0.012610365244788797], [-0.3026339971030073, -0.33170073567417346, 0.5634165446238567, 0.5343498060526907, -0.4837914496831025, -0.5128581882542687, 0.3967398191843804, 0.09139364136846095, 0.03326016422612874, 0.14386191562012834, 0.11479517704896224, -0.6370470281011891, 0.062326902797294845], [-0.34366107476738295, 0.4481353359769372, -0.3471954299458502, 0.44460098079847, -0.39782466138658834, 0.3939717493577318, -0.32581957763860997, -0.7565056226217366, 0.8270871988669043, -0.3936626972426496, 0.3981337135016706, 0.0174492969785194, 0.03529078812258403]], "inverted": false, "swapped": false, "error_lsq": 0.03745283448726295, "error_max": 0.3385242176455264, "target": "92.xyz", "model": "4.xyz", "model_rescale": 4.509807743048502, "target_rescale": 4.449845818646011},
{"mapping": [2, 3, 9, 10, 4, 5, 11, 0, 1, 6, 7, 8, 13], "R": [[-0.8556359068157613, 0.5147947015770848, 0.053606064915548236], [0.5168740089584067, 0.855277338453768, 0.036632406291474025], [-0.0269898838610801, 0.05905158385343279, -0.997890002261555]], "T": [0.012692593133131046, -0.02207210261442515, 0.032196929344240316], "aligned_model": [[0.6086704694766903, 0.566135631270011, -0.04894939249341462, -0.09148423070009397, -0.27580161857873753, -0.3183364567854169, 0.4628680460010838, 0.05514520345146813, -0.029924472961890564, -0.6272407833200948, -0.6697756215267742, 0.15841297844819657, 0.012610365244788766], [-0.30263399710300715, -0.3317007356741731, 0.5634165446238565, 0.5343498060526906, -0.48379144968310267, -0.5128581882542685, 0.39673981918438045, 0.09139364136846077, 0.03326016422612893, 0.14386191562012796, 0.11479517704896204, -0.637047028101189, 0.062326902797294845], [-0.3436610747673834, 0.448135335976937, -0.3471954299458504, 0.44460098079847, -0.39782466138658823, 0.39397174935773216, -0.32581957763861047, -0.7565056226217365, 0.8270871988669041, -0.39366269724264935, 0.39813371350167104, 0.01744929697851953, 0.035290788122584085]], "inverted": true, "swapped": false, "error_lsq": 0.03745283448726295, "error_max": 0.33852421764552704, "target": "92.xyz", "model": "5.xyz", "model_rescale": 4.509807743048502, "target_rescale": 4.449845818646011},
{"mapping": [2, 3, 9, 10, 4, 5, 11, 0, 1, 6, 7, 8, 13], "R": [[-0.8556358832401273, 0.5147947405984734, 0.05360606648540836], [0.5168740481681524, 0.8552773145808233, 0.036632410426863604], [-0.026989880365687068, 0.05905158944148842, -0.9978900020254137]], "T": [0.012692598639443695, -0.02207209669580906, 0.032196930984080656], "aligned_model": [[0.6086704257711957, 0.5661355848415373, -0.048949533683246935, -0.09148437461290534, -0.27580170127355297, -0.3183365422032114, 0.462868143286873, 0.055145272603290996, -0.02992440925602578, -0.6272407354389806, -0.669775576368639, 0.15841313218584882, 0.01261043167363261], [-0.30263412046136734, -0.3317008633234039, 0.563416291719417, 0.5343495488573804, -0.4837915386291369, -0.5128582814911734, 0.3967399162987591, 0.09139374931683067, 0.033260263592757466, 0.14386205412659717, 0.11479531126456058, -0.6370467656198531, 0.06232700645479407], [-0.34366109463970673, 0.44813534341830813, -0.3471954572569561, 0.44460098080105875, -0.39782468424511447, 0.39397175381290034, -0.32581957917029225, -0.7565056410845229, 0.8270872350315065, -0.3936627026877743, 0.39813373537024055, 0.017449313676860072, 0.03529079697349187]], "inverted": true, "swapped": false, "error_lsq": 0.03745284717374975, "error_max": 0.3385242014793024, "target": "92.xyz", "model": "6.xyz", "model_rescale": 4.509807586411629, "target_rescale": 4.449845818646011},
{"mapping": [3, 2, 10, 9, 5, 4, 12, 1, 0, 7, 6, 8, 13], "R": [[0.855635883240127, -0.5147947405984739, 0.0536060664854085], [-0.5168740481681526, -0.855277314580823, 0.03663241042686387], [0.026989880365687027, -0.059051589441488736, -0.9978900020254136]], "T": [0.012692598639443688, -0.022072096695809083, 0.032196930984080704], "aligned_model": [[0.6086704257711955, 0.566135584841537, -0.04894953368324659, -0.09148437461290507, -0.27580170127355325, -0.3183365422032118, 0.4628681432868732, 0.05514527260329116, -0.029924409256025863, -0.6272407354389805, -0.6697755763686389, 0.15841313218584843, 0.01261043167363264], [-0.3026341204613674, -0.3317008633234042, 0.5634162917194169, 0.5343495488573801, -0.48379153862913654, -0.5128582814911734, 0.39673991629875893, 0.09139374931683084, 0.033260263592757223, 0.1438620541265975, 0.11479531126456069, -0.6370467656198532, 0.06232700645479403], [-0.34366109463970657, 0.4481353434183079, -0.3471954572569558, 0.4446009808010587, -0.3978246842451145, 0.39397175381289995, -0.3258195791702919, -0.7565056410845229, 0.8270872350315066, -0.3936627026877742, 0.39813373537024027, 0.017449313676860062, 0.03529079697349204]], "inverted": false, "swapped": false, "error_lsq": 0.03745284717374975, "error_max": 0.338524201479302, "target": "92.xyz", "model": "7.xyz", "model_rescale": 4.509807586411629, "target_rescale": 4.449845818646011},
{"mapping": [2, 3, 9, 10, 4, 5, 11, 0, 1, 6, 7, 8, 13], "R": [[-0.8556358832401273, 0.5147947405984734, 0.0536060664854085], [0.5168740481681522, 0.8552773145808233, 0.0366324104268636], [-0.026989880365687197, 0.05905158944148848, -0.9978900020254137]], "T": [0.012692598639443692, -0.022072096695809052, 0.0321969309840806], "aligned_model": [[0.6086704257711957, 0.5661355848415373, -0.048949533683246886, -0.09148437461290539, -0.27580170127355297, -0.3183365422032115, 0.462868143286873, 0.05514527260329111, -0.029924409256025894, -0.6272407354389806, -0.669775576368639, 0.1584131321858488, 0.01261043167363259], [-0.30263412046136723, -0.3317008633234038, 0.5634162917194169, 0.5343495488573803, -0.4837915386291369, -0.5128582814911734, 0.3967399162987591, 0.09139374931683066, 0.033260263592757466, 0.14386205412659706, 0.11479531126456048, -0.637046765619853, 0.062327006454794054], [-0.3436610946397066, 0.4481353434183082, -0.3471954572569561, 0.4446009808010587, -0.3978246842451145, 0.3939717538129003, -0.3258195791702922, -0.7565056410845229, 0.8270872350315065, -0.3936627026877744, 0.3981337353702404, 0.01744931367686034, 0.03529079697349211]], "inverted": true, "swapped": false, "error_lsq": 0.037452847173749755, "error_max": 0.33852420147930234, "target": "92.xyz", "model": "8.xyz", "model_rescale": 4.509807586411629, "target_rescale": 4.449845818646011},
{"mapping": [3, 2, 12, 11, 7, 6, 10, 1, 0, 5, 4, 8, 13], "R": [[-0.8556359423388031, 0.514794642055266, 0.05360606951809282], [0.5168739498311106, 0.8552773740323272, 0.036632409890058684], [-0.02698989003265425, 0.05905158744315939, -0.9978900018822054]], "T": [0.012692545987408082, -0.022072081362081324, 0.03219692936191025], "aligned_model": [[0.6086704188578933, 0.5661355747490726, -0.04894953772012192, -0.0914843818289427, -0.2758015889322259, -0.3183364330410467, 0.4628679392148392, 0.05514540315227957, -0.029924285065361978, -0.6272408156658476, -0.6697756597746682, 0.15841292453648742, 0.012610559043458796], [-0.30263404437466696, -0.3317007873388787, 0.5634164977256712, 0.5343497547614594, -0.48379137801270844, -0.5128581209769202, 0.39673979883759203, 0.09139365168639696, 0.033260165757973456, 0.143861996210327, 0.11479525324611525, -0.6370471241383843, 0.06232690872218521], [-0.3436610968898974, 0.44813535544064803, -0.3471954570482583, 0.4446009952822871, -0.3978246795842586, 0.3939717727462868, -0.3258195999336198, -0.756505651504412, 0.8270872531566786, -0.39366271779897605, 0.39813373453156936, 0.017449290775818527, 0.03529080082613339]], "inverted": false, "swapped": false, "error_lsq": 0.03745284956537977, "error_max": 0.33852426524413964, "target": "92.xyz", "model": "9.xyz", "model_rescale": 4.509807504472865, "target_rescale": 4.449845818646011},
{"mapping": [2, 3, 11, 12, 6, 7, 10, 0, 1, 4, 5, 8, 13], "R": [[0.8556359423388031, -0.514794642055266, -0.053606069518093144], [-0.5168739498311106, -0.8552773740323272, -0.03663240989005834], [-0.026989890032654715, 0.05905158744315926, -0.9978900018822054]], "T": [0.012692545987408075, -0.02207208136208131, -0.03219692936191025], "aligned_model": [[0.5661355747490724, 0.6086704188578935, -0.09148438182894283, -0.04894953772012181, -0.3183364330410468, -0.2758015889322258, 0.4628679392148393, -0.02992428506536225, 0.05514540315227984, -0.6697756597746685, -0.6272408156658473, 0.15841292453648742, 0.012610559043458784], [-0.3317007873388786, -0.30263404437466707, 0.5343497547614595, 0.563416497725671, -0.5128581209769201, -0.48379137801270855, 0.3967397988375919, 0.03326016575797374, 0.09139365168639671, 0.11479525324611542, 0.1438619962103269, -0.6370471241383843, 0.06232690872218522], [-0.44813535544064825, 0.34366109688989693, -0.4446009952822868, 0.3471954570482584, -0.3939717727462868, 0.3978246795842584, 0.3258195999336196, -0.8270872531566787, 0.7565056515044122, -0.39813373453156903, 0.39366271779897616, -0.01744929077581889, -0.03529080082613346]], "inverted": true, "swapped": false, "error_lsq": 0.03745284956537977, "error_max": 0.3385242652441396, "target": "92.xyz", "model": "10.xyz", "model_rescale": 4.509807504472865, "target_rescale": 4.449845818646011},
{"mapping": [2, 3, 11, 12, 6, 7, 9, 0, 1, 4, 5, 8, 13], "R": [[0.8556359423388031, -0.5147946420552663, 0.05360606951809316], [-0.5168739498311106, -0.8552773740323272, 0.03663240989005873], [0.026989890032654517, -0.059051587443159616, -0.9978900018822054]], "T": [0.012692545987408082, -0.02207208136208132, 0.03219692936191013], "aligned_model": [[0.6086704188578935, 0.5661355747490724, -0.048949537720121714, -0.09148438182894275, -0.2758015889322259, -0.3183364330410469, 0.46286793921483943, 0.055145403152279865, -0.029924285065362228, -0.6272408156658474, -0.6697756597746686, 0.1584129245364873, 0.012610559043458801], [-0.30263404437466696, -0.3317007873388787, 0.5634164977256712, 0.5343497547614594, -0.48379137801270844, -0.5128581209769202, 0.39673979883759203, 0.091393651686397, 0.03326016575797343, 0.14386199621032703, 0.11479525324611524, -0.6370471241383843, 0.0623269087221852], [-0.34366109688989716, 0.4481353554406482, -0.3471954570482582, 0.4446009952822871, -0.3978246795842587, 0.39397177274628664, -0.3258195999336196, -0.7565056515044121, 0.8270872531566785, -0.3936627177989762, 0.39813373453156914, 0.01744929077581872, 0.03529080082613357]], "inverted": true, "swapped": false, "error_lsq": 0.03745284956537977, "error_max": 0.33852426524413937, "target": "92.xyz", "model": "11.xyz", "model_rescale": 4.509807504472865, "target_rescale": 4.449845818646011},
{"mapping": [3, 2, 12, 11, 7, 6, 10, 1, 0, 5, 4, 8, 13], "R": [[-0.8556358744598356, 0.5147947554117265, 0.0536060643764615], [0.5168740627662614, 0.8552773058919938, 0.03663240731417804], [-0.026989879155927758, 0.05905158614900702, -0.9978900022529713]], "T": [0.012692615349609904, -0.022071968661690602, 0.032196935284352704], "aligned_model": [[0.6086704128429794, 0.5661355752854187, -0.04894950552197638, -0.09148434307953705, -0.27580168213052636, -0.31833651968808707, 0.46286814821109495, 0.0551453629766718, -0.02992431213844952, -0.6272408056471818, -0.6697756432047425, 0.15841290420104007, 0.012610525419111143], [-0.3026339922583799, -0.33170073148975593, 0.5634163965926005, 0.5343496573612245, -0.4837913881589493, -0.5128581273903253, 0.3967400191078028, 0.0913935660984676, 0.03326008763571564, 0.143861995911426, 0.11479525668005004, -0.6370469948508066, 0.06232682686709162], [-0.34366107634618964, 0.44813533027047825, -0.3471954389233885, 0.44460096769327934, -0.3978246609646446, 0.39397174565202325, -0.32581956272742457, -0.7565056127611628, 0.8270872004721727, -0.39366269308404617, 0.3981337135326217, 0.017449293330775995, 0.03529079385550486]], "inverted": false, "swapped": false, "error_lsq": 0.03745284551111087, "error_max": 0.3385241924526438, "target": "92.xyz", "model": "12.xyz", "model_rescale": 4.509807766519439, "target_rescale": 4.449845818646011},
{"mapping": [3, 2, 12, 11, 7, 6, 10, 1, 0, 5, 4, 8, 13], "R": [[-0.8556358744598355, 0.5147947554117266, 0.053606064376461815], [0.5168740627662615, 0.8552773058919938, 0.036632407314177204], [-0.02698987915592845, 0.05905158614900646, -0.9978900022529712]], "T": [0.012692615349609897, -0.022071968661690575, 0.03219693528435262], "aligned_model": [[0.6086704128429794, 0.5661355752854185, -0.04894950552197616, -0.09148434307953707, -0.2758016821305263, -0.31833651968808724, 0.4628681482110951, 0.05514536297667208, -0.02992431213844977, -0.6272408056471815, -0.6697756432047425, 0.15841290420103998, 0.012610525419111144], [-0.3026339922583803, -0.33170073148975565, 0.5634163965926002, 0.534349657361225, -0.4837913881589496, -0.512858127390325, 0.39674001910780243, 0.09139356609846698, 0.03326008763571633, 0.1438619959114258, 0.11479525668005046, -0.6370469948508066, 0.06232682686709165], [-0.34366107634618903, 0.44813533027047847, -0.3471954389233888, 0.4446009676932787, -0.3978246609646441, 0.3939717456520234, -0.32581956272742457, -0.7565056127611631, 0.8270872004721724, -0.3936626930840463, 0.3981337135326212, 0.017449293330776564, 0.03529079385550481]], "inverted": false, "swapped": false, "error_lsq": 0.037452845511110854, "error_max": 0.33852419245264376, "target": "92.xyz", "model": "13.xyz", "model_rescale": 4.509807766519439, "target_rescale": 4.449845818646011},
{"mapping": [2, 3, 11, 12, 6, 7, 9, 0, 1, 4, 5, 8, 13], "R": [[0.8556358744598355, -0.5147947554117269, 0.05360606437646161], [-0.5168740627662618, -0.8552773058919937, 0.036632407314177634], [0.026989879155928022, -0.05905158614900673, -0.9978900022529714]], "T": [0.012692615349609911, -0.0220719686616906, 0.03219693528435253], "aligned_model": [[0.6086704128429794, 0.5661355752854187, -0.04894950552197609, -0.09148434307953685, -0.27580168213052664, -0.31833651968808735, 0.46286814821109523, 0.05514536297667194, -0.029924312138449555, -0.6272408056471818, -0.6697756432047425, 0.15841290420103982, 0.012610525419111175], [-0.3026339922583804, -0.3317007314897561, 0.5634163965926006, 0.5343496573612249, -0.4837913881589494, -0.5128581273903251, 0.39674001910780254, 0.0913935660984673, 0.033260087635715974, 0.14386199591142618, 0.11479525668005051, -0.6370469948508067, 0.06232682686709162], [-0.34366107634618953, 0.4481353302704784, -0.3471954389233888, 0.44460096769327917, -0.39782466096464447, 0.3939717456520235, -0.3258195627274247, -0.7565056127611632, 0.8270872004721724, -0.3936626930840463, 0.39813371353262167, 0.017449293330776362, 0.03529079385550495]], "inverted": true, "swapped": false, "error_lsq": 0.03745284551111086, "error_max": 0.33852419245264387, "target": "92.xyz", "model": "14.xyz", "model_rescale": 4.509807766519439, "target_rescale": 4.449845818646011},
{"mapping": [8, 7, 1, 0, 10, 9, 5, 4, 11, 3, 2, 12], "R": [[-0.8645986559153286, 0.5024630973408968, -7.852420579418926e-18], [0.5024630973408968, 0.8645986559153286, -1.0599132179734439e-16], [-4.64675355629019e-17, -9.558550593063125e-17, -1.0]], "T": [0.01358272529564284, 0.07479135163427461, 2.9484304592585946e-17], "aligned_model": [[0.08964339488480466, 0.08964339488480466, -0.5822830930751576, -0.5822830930751576, 0.5539972412739491, 0.5539972412739491, -0.026383160089256584, -0.026383160089256584, -0.4907371193953689, 0.3952669505757372, 0.3952669505757372, 0.08964339488480466], [0.04122566895851119, 0.041225668958511354, 0.09765731935652021, 0.09765731935652029, -0.0915138988945306, -0.09151389889453049, -0.5270278357481192, -0.5270278357481192, -0.39428846219364233, 0.6151410809911414, 0.6151410809911414, 0.04122566895851127], [-0.8041626936838066, 0.8041626936838066, -0.4020813468419034, 0.4020813468419035, -0.4020813468419034, 0.4020813468419035, -0.40208134684190333, 0.40208134684190355, 1.8296161144987494e-16, -0.40208134684190344, 0.40208134684190344, 1.3224350113340884e-16]], "inverted": false, "swapped": true, "error_lsq": 0.025843784876665974, "error_max": 0.11171855880390445, "target": "92.xyz", "model": "15.xyz", "model_rescale": 4.510870436145588, "target_rescale": 4.449845818646011},
{"mapping": [8, 7, 1, 0, 10, 9, 5, 4, 11, 3, 2, 12], "R": [[-0.8645986559153286, 0.5024630973408968, -9.136807337632495e-18], [0.5024630973408968, 0.8645986559153286, -1.1075757395738243e-16], [-4.775192232111545e-17, -1.0035175809066929e-16, -1.0]], "T": [0.01358272529564284, 0.07479135163427461, -3.458826160095565e-17], "aligned_model": [[0.08964339488480466, 0.08964339488480469, -0.5822830930751576, -0.5822830930751576, 0.5539972412739491, 0.5539972412739491, -0.02638316008925659, -0.026383160089256577, -0.4907371193953689, 0.3952669505757372, 0.3952669505757372, 0.08964339488480466], [0.04122566895851118, 0.04122566895851136, 0.09765731935652021, 0.09765731935652029, -0.0915138988945306, -0.09151389889453049, -0.5270278357481192, -0.5270278357481192, -0.39428846219364233, 0.6151410809911414, 0.6151410809911414, 0.04122566895851127], [-0.8041626936838066, 0.8041626936838066, -0.4020813468419035, 0.4020813468419034, -0.4020813468419035, 0.4020813468419034, -0.40208134684190344, 0.40208134684190344, 1.2177253966264639e-16, -0.40208134684190355, 0.40208134684190333, 6.823322613058257e-17]], "inverted": false, "swapped": true, "error_lsq": 0.025843784876665974, "error_max": 0.11171855880390445, "target": "92.xyz", "model": "16.xyz", "model_rescale": 4.510870436145588, "target_rescale": 4.449845818646011},
{"mapping": [8, 7, 1, 0, 10, 9, 5, 4, 11, 3, 2, 12], "R": [[-0.8645986559153286, 0.5024630973408967, -1.57616867011515e-17], [0.5024630973408967, 0.8645986559153286, -3.360300062814462e-17], [-3.2567346387915435e-18, -3.697277509699318e-17, -1.0]], "T": [0.013582725295642833, 0.0747913516342746, 8.333074148690253e-17], "aligned_model": [[0.08964339488480465, 0.08964339488480468, -0.5822830930751575, -0.5822830930751575, 0.5539972412739491, 0.5539972412739491, -0.026383160089256542, -0.02638316008925653, -0.4907371193953689, 0.39526695057573713, 0.39526695057573713, 0.08964339488480466], [0.04122566895851124, 0.0412256689585113, 0.09765731935652017, 0.0976573193565202, -0.0915138988945305, -0.0915138988945305, -0.5270278357481192, -0.5270278357481192, -0.3942884621936424, 0.6151410809911414, 0.6151410809911414, 0.04122566895851127], [-0.8041626936838064, 0.8041626936838067, -0.40208134684190333, 0.40208134684190355, -0.40208134684190333, 0.40208134684190355, -0.40208134684190333, 0.40208134684190355, 2.068409479889599e-16, -0.40208134684190333, 0.40208134684190355, 1.8305859053275097e-16]], "inverted": false, "swapped": true, "error_lsq": 0.025843784876665974, "error_max": 0.11171855880390442, "target": "92.xyz", "model": "17.xyz", "model_rescale": 4.510870436145588, "target_rescale": 4.449845818646011},
{"mapping": [9, 8, 3, 5, 1, 2, 7, 0, 6, 11, 4, 10, 12], "R": [[0.3574591422758257, 0.8403614175316934, 0.407450180424005], [0.4329584871245511, -0.5356736946541519, 0.724983200689775], [0.827508253753551, -0.08274285938794718, -0.555323067403161]], "T": [-0.09074689327897087, -0.11864621672636738, 0.07233280381912152], "aligned_model": [[0.5793860506786802, 0.3386084653576268, -0.32143788222592734, 0.20639411606113459, -0.36722613294205664, -0.2584828009824788, 0.665079106390932, -0.0407554919087513, -0.12007652497217067, -0.5521535143681421, -0.6479085232592326, 0.25291540964537496, 0.06798784005082653], [-0.060196021592189064, -0.34561294522636266, 0.633365608929175, 0.7139744210358201, -0.5699383888304737, -0.5743733605866497, 0.2352819509822141, 0.010956507378102998, 0.13307952482724328, 0.07767394464752192, 0.05247071272059828, -0.6410909178007658, 0.006521535621927116], [-0.4418156219106576, 0.45176433094747226, -0.19730991928660582, 0.29520568756453136, -0.3589792505002495, 0.43644721210551096, 0.0068101095331424, -0.8039334719145793, 0.7401599089788612, -0.3706248778400033, 0.247644302127724, 0.003138599503672179, -0.008507009308818952]], "inverted": true, "swapped": false, "error_lsq": 0.05034013613123116, "error_max": 0.3342517980749479, "target": "92.xyz", "model": "18.xyz", "model_rescale": 4.466005644533647, "target_rescale": 4.449845818646011},
{"mapping": [1, 0, 9, 8, 5, 4, 11, 3, 2, 7, 6, 12, 13], "R": [[0.8556358658783896, -0.5147947696431958, 0.05360606468066863], [-0.5168740770396401, -0.8552772972187745, 0.03663240841889148], [0.026989877861138368, -0.05905158770225685, -0.9978900021960757]], "T": [0.012692580628540947, -0.022072027504645486, 0.0321969316454169], "aligned_model": [[0.6086703806046989, 0.5661355422876115, -0.048949531379795394, -0.09148436969688276, -0.27580172817029414, -0.3183365664873815, 0.4628681258247014, 0.05514544456770604, -0.02992423206646869, -0.6272408455361378, -0.6697756838532252, 0.15841297518066477, 0.012610606250618677], [-0.3026340636716966, -0.331700804133713, 0.5634163466650031, 0.5343496062029867, -0.48379144697213783, -0.5128581874341542, 0.39673995860140016, 0.09139369915773743, 0.03326021823370464, 0.14386195057620868, 0.11479521011419228, -0.6370468739290909, 0.06232695869572104], [-0.34366108530668504, 0.4481353309102759, -0.34719544599430807, 0.4446009702226529, -0.3978246706772688, 0.39397174553969216, -0.3258195700274802, -0.756505612699862, 0.8270872197340599, -0.39366270138353365, 0.3981337148334273, 0.01744930133193061, 0.035290803517098825]], "inverted": false, "swapped": false, "error_lsq": 0.03745285585162383, "error_max": 0.33852420053956234, "target": "92.xyz", "model": "19.xyz", "model_rescale": 4.509807711582247, "target_rescale": 4.449845818646011},
{"mapping": [1, 0, 9, 8, 5, 4, 11, 3, 2, 7, 6, 12, 13], "R": [[0.8556358658783896, -0.5147947696431958, 0.05360606468066802], [-0.5168740770396401, -0.8552772972187745, 0.036632408418891746], [0.026989877861137712, -0.059051587702256755, -0.9978900021960757]], "T": [0.012692580628540992, -0.022072027504645514, 0.0321969316454169], "aligned_model": [[0.6086703806046985, 0.5661355422876115, -0.04894953137979559, -0.09148436969688246, -0.27580172817029425, -0.3183365664873812, 0.46286812582470116, 0.05514544456770558, -0.02992423206646816, -0.6272408455361379, -0.6697756838532248, 0.15841297518066477, 0.012610606250618705], [-0.30263406367169643, -0.33170080413371306, 0.5634163466650032, 0.5343496062029865, -0.4837914469721376, -0.5128581874341542, 0.3967399586014002, 0.0913936991577376, 0.0332602182337044, 0.14386195057620874, 0.11479521011419211, -0.6370468739290909, 0.062326958695720996], [-0.3436610853066856, 0.44813533091027546, -0.34719544599430807, 0.444600970222653, -0.3978246706772688, 0.3939717455396923, -0.3258195700274804, -0.7565056126998618, 0.8270872197340599, -0.3936627013835332, 0.39813371483342785, 0.017449301331930563, 0.03529080351709904]], "inverted": false, "swapped": false, "error_lsq": 0.03745285585162382, "error_max": 0.3385242005395626, "target": "92.xyz", "model": "20.xyz", "model_rescale": 4.509807711582248, "target_rescale": 4.449845818646011},
{"mapping": [10, 7, 4, 6, 0, 2, 8, 1, 5, 11, 3, 9, 12], "R": [[-0.35745914227582537, -0.8403614175316936, 0.40745018042400466], [-0.4329584871245514, 0.5356736946541515, 0.7249832006897752], [-0.8275082537535507, 0.08274285938794707, -0.5553230674031607]], "T": [-0.09074689327897087, -0.11864621672636749, 0.07233280381912155], "aligned_model": [[0.5793860506786802, 0.3386084653576271, -0.32143788222592773, 0.20639411606113414, -0.3672261329420563, -0.25848280098247856, 0.6650791063909322, -0.04075549190875136, -0.1200765249721708, -0.5521535143681422, -0.6479085232592328, 0.2529154096453753, 0.06798784005082653], [-0.06019602159218884, -0.3456129452263624, 0.6333656089291748, 0.7139744210358203, -0.5699383888304741, -0.5743733605866499, 0.23528195098221444, 0.01095650737810272, 0.13307952482724345, 0.07767394464752156, 0.05247071272059803, -0.6410909178007655, 0.006521535621927144], [-0.4418156219106574, 0.4517643309474722, -0.19730991928660568, 0.2952056875645314, -0.3589792505002496, 0.43644721210551085, 0.00681010953314265, -0.8039334719145792, 0.740159908978861, -0.37062487784000336, 0.24764430212772387, 0.0031385995036721376, -0.008507009308818925]], "inverted": false, "swapped": false, "error_lsq": 0.050340136131231165, "error_max": 0.33425179807494837, "target": "92.xyz", "model": "21.xyz", "model_rescale": 4.466005644533646, "target_rescale": 4.449845818646011},
{"mapping": [9, 8, 3, 5, 1, 2, 7, 0, 6, 11, 4, 10, 12], "R": [[0.3574590790241415, 0.8403614587601027, 0.4074501508820503], [0.4329585252846078, -0.5356736363647561, 0.7249832209693803], [0.8275082611107825, -0.08274281802278688, -0.5553230626032541]], "T": [-0.09074689734739103, -0.11864621709897724, 0.0723328035886536], "aligned_model": [[0.57938597400387, 0.33860855998694195, -0.321437836764613, 0.20639414067525, -0.3672259961883193, -0.2584828825059424, 0.6650791799759656, -0.040755376199295645, -0.12007647931377367, -0.5521538008885583, -0.6479084567536367, 0.2529153540148463, 0.06798773748308132], [-0.06019592198373755, -0.3456129710825828, 0.6333655341030464, 0.7139743919055156, -0.5699384790871566, -0.5743733109022137, 0.2352819460481003, 0.010956438043526556, 0.13307947477483253, 0.07767408620041891, 0.052470616972363326, -0.6410908391144207, 0.006521606228469562], [-0.44181559155120464, 0.45176434491609463, -0.1973099516778347, 0.2952056786552487, -0.3589792673508837, 0.43644722452841367, 0.006810123768266313, -0.803933488498712, 0.740159899803077, -0.37062487503966834, 0.24764426946999354, 0.0031386295966236016, -0.008506996619414703]], "inverted": true, "swapped": false, "error_lsq": 0.050340132054157626, "error_max": 0.33425174820034953, "target": "92.xyz", "model": "22.xyz", "model_rescale": 4.46600560860683, "target_rescale": 4.449845818646011},
{"mapping": [1, 0, 9, 8, 5, 4, 11, 3, 2, 7, 6, 12, 13], "R": [[0.8556358982258353, -0.5147947157465584, 0.05360606595048991], [-0.5168740232260451, -0.8552773297634245, 0.036632407877019275], [0.02698988294509492, -0.05905158619517898, -0.9978900021477536]], "T": [0.012692576155437587, -0.02207203289562694, 0.03219693149489429], "aligned_model": [[0.6086704570788788, 0.5661356174032901, -0.04894951468033827, -0.09148435435592689, -0.27580164742857505, -0.3183364871041636, 0.46286804298264683, 0.05514537906865116, -0.029924300282526076, -0.6272408071064258, -0.6697756467820145, 0.1584128393392566, 0.012610539393062547], [-0.30263394061549526, -0.3317006808873682, 0.5634164355742028, 0.5343496953023299, -0.4837913811406004, -0.5128581214124733, 0.3967398886974174, 0.09139359945576944, 0.03326011891202346, 0.14386199954282114, 0.11479525927094815, -0.63704715977731, 0.06232685918389645], [-0.34366107878115465, 0.4481353439302115, -0.34719544524065016, 0.444600977470716, -0.3978246670529458, 0.39397175565842035, -0.3258195797083099, -0.7565056261969941, 0.827087219225738, -0.39366270143913, 0.3981337212722361, 0.01744928434749054, 0.03529079651437182]], "inverted": false, "swapped": false, "error_lsq": 0.03745284746708627, "error_max": 0.338524225883607, "target": "92.xyz", "model": "23.xyz", "model_rescale": 4.509807674373902, "target_rescale": 4.449845818646011},
{"mapping": [1, 0, 9, 8, 5, 4, 11, 3, 2, 7, 6, 12, 13], "R": [[0.8556358982258352, -0.5147947157465589, 0.05360606595048896], [-0.5168740232260456, -0.8552773297634244, 0.03663240787701956], [0.02698988294509392, -0.05905158619517874, -0.9978900021477537]], "T": [0.012692576155437615, -0.022072032895626956, 0.03219693149489426], "aligned_model": [[0.6086704570788782, 0.5661356174032904, -0.048949514680338355, -0.09148435435592624, -0.2758016474285755, -0.3183364871041634, 0.46286804298264667, 0.055145379068650455, -0.02992430028252525, -0.6272408071064262, -0.669775646782014, 0.15841283933925634, 0.012610539393062599], [-0.3026339406154955, -0.33170068088736865, 0.563416435574203, 0.5343496953023298, -0.48379138114060016, -0.5128581214124733, 0.3967398886974172, 0.09139359945576965, 0.033260118912023226, 0.14386199954282153, 0.1147952592709483, -0.63704715977731, 0.06232685918389644], [-0.3436610787811555, 0.4481353439302109, -0.34719544524065005, 0.44460097747071636, -0.3978246670529458, 0.39397175565842063, -0.3258195797083104, -0.7565056261969942, 0.8270872192257379, -0.39366270143912946, 0.39813372127223695, 0.01744928434749038, 0.035290796514372016]], "inverted": false, "swapped": false, "error_lsq": 0.03745284746708627, "error_max": 0.3385242258836075, "target": "92.xyz", "model": "24.xyz", "model_rescale": 4.509807674373903, "target_rescale": 4.449845818646011},
{"mapping": [10, 7, 4, 6, 0, 2, 8, 1, 5, 11, 3, 9, 12], "R": [[-0.35745907902414165, -0.8403614587601024, 0.40745015088205006], [-0.4329585252846077, 0.5356736363647561, 0.7249832209693801], [-0.827508261110782, 0.0827428180227871, -0.5553230626032543]], "T": [-0.09074689734739104, -0.1186462170989773, 0.07233280358865368], "aligned_model": [[0.5793859740038697, 0.3386085599869421, -0.3214378367646131, 0.20639414067524997, -0.36722599618831936, -0.2584828825059423, 0.6650791799759656, -0.04075537619929594, -0.12007647931377341, -0.5521538008885583, -0.6479084567536366, 0.2529153540148463, 0.06798773748308128], [-0.06019592198373777, -0.3456129710825828, 0.6333655341030464, 0.7139743919055155, -0.5699384790871564, -0.5743733109022137, 0.23528194604810002, 0.01095643804352639, 0.1330794747748327, 0.07767408620041891, 0.05247061697236349, -0.6410908391144206, 0.0065216062284695064], [-0.44181559155120476, 0.4517643449160944, -0.19730995167783455, 0.2952056786552485, -0.3589792673508835, 0.4364472245284138, 0.006810123768266119, -0.8039334884987117, 0.7401598998030767, -0.370624875039668, 0.24764426946999368, 0.0031386295966235322, -0.00850699661941473]], "inverted": false, "swapped": false, "error_lsq": 0.050340132054157626, "error_max": 0.3342517482003497, "target": "92.xyz", "model": "25.xyz", "model_rescale": 4.466005608606829, "target_rescale": 4.449845818646011},
{"mapping": [9, 8, 3, 5, 1, 2, 7, 0, 6, 11, 4, 10, 12], "R": [[0.3574591684101684, 0.8403614005337593, 0.40745019255419435], [0.4329584436087481, -0.5356737158980275, 0.7249832109807028], [0.8275082652320773, -0.08274289449214695, -0.5553230450680577]], "T": [-0.09074690694749822, -0.11864623200421862, 0.07233276254829685], "aligned_model": [[0.5793860413119287, 0.3386084726514144, -0.3214379083396991, 0.2063941574898071, -0.3672261948598685, -0.25848277474052445, 0.6650791092531928, -0.040755558258090144, -0.12007647911197131, -0.5521534695003002, -0.6479085449414775, 0.25291540471015034, 0.06798786186125398], [-0.06019598995975797, -0.3456129299017428, 0.6333655300989642, 0.7139744005523275, -0.5699384077043744, -0.5743733172904402, 0.23528194937356953, 0.010956471570937959, 0.13307952127701525, 0.07767400051620885, 0.052470650823651904, -0.6410908692350704, 0.006521561984872221], [-0.44181555683535373, 0.45176434980723773, -0.19731000770006885, 0.2952057577131923, -0.35897937925203965, 0.43644723221699777, 0.006810165575522331, -0.803933563483755, 0.7401599419449076, -0.37062479189993136, 0.2476441765316465, 0.0031386273963616568, -0.008506952014717711]], "inverted": true, "swapped": false, "error_lsq": 0.050340138411666, "error_max": 0.33425177049108573, "target": "92.xyz", "model": "26.xyz", "model_rescale": 4.466005838112752, "target_rescale": 4.449845818646011},
{"mapping": [1, 0, 9, 8, 5, 4, 11, 3, 2, 7, 6, 12, 13], "R": [[0.855635835242942, -0.5147948205339573, 0.05360606495093771], [-0.5168741279388599, -0.8552772664367381, 0.03663240892904095], [0.026989874315316062, -0.059051589884710765, -0.9978900021628294]], "T": [0.012692616240469318, -0.02207205144746559, 0.03219693145907838], "aligned_model": [[0.6086704697230386, 0.5661356329031674, -0.04894955411469648, -0.0914843909345677, -0.2758016143181901, -0.31833645113806136, 0.4628680726386521, 0.055145388838524184, -0.02992428480121825, -0.6272408699974651, -0.6697757068173363, 0.1584128735253161, 0.012610552018652974], [-0.30263416762231365, -0.3317009073194287, 0.5634163615304726, 0.5343496218333574, -0.483791490920913, -0.512858230618028, 0.3967399497083211, 0.0913937283526491, 0.03326024895841896, 0.1438620168304593, 0.11479527713334424, -0.6370468244157117, 0.06232698865553403], [-0.34366106955131304, 0.44813531477617363, -0.34719543162138233, 0.44460095270610434, -0.3978246517245221, 0.3939717326029646, -0.32581955810842184, -0.756505583801101, 0.8270871848538723, -0.39366268558953604, 0.3981336987379506, 0.017449296192825044, 0.03529080052638556]], "inverted": false, "swapped": false, "error_lsq": 0.03745285682361641, "error_max": 0.3385242021847738, "target": "92.xyz", "model": "27.xyz", "model_rescale": 4.509807893063789, "target_rescale": 4.449845818646011},
{"mapping": [1, 0, 9, 8, 5, 4, 11, 3, 2, 7, 6, 12, 13], "R": [[0.8556358352429422, -0.5147948205339565, 0.05360606495093867], [-0.5168741279388593, -0.8552772664367382, 0.03663240892904122], [0.026989874315316784, -0.059051589884711465, -0.9978900021628293]], "T": [0.012692616240469284, -0.022072051447465588, 0.032196931459078426], "aligned_model": [[0.6086704697230388, 0.5661356329031669, -0.04894955411469659, -0.09148439093456859, -0.2758016143181892, -0.31833645113806125, 0.46286807263865193, 0.05514538883852485, -0.029924284801219104, -0.6272408699974646, -0.6697757068173366, 0.15841287352531644, 0.012610552018652866], [-0.30263416762231315, -0.3317009073194284, 0.5634163615304724, 0.534349621833357, -0.48379149092091284, -0.512858230618028, 0.39673994970832127, 0.09139372835264926, 0.033260248958418705, 0.14386201683045907, 0.11479527713334374, -0.6370468244157114, 0.06232698865553399], [-0.3436610695513126, 0.4481353147761742, -0.3471954316213824, 0.4446009527061044, -0.3978246517245225, 0.39397173260296425, -0.3258195581084214, -0.7565055838011007, 0.8270871848538722, -0.3936626855895367, 0.39813369873795007, 0.017449296192825293, 0.03529080052638582]], "inverted": false, "swapped": false, "error_lsq": 0.03745285682361642, "error_max": 0.3385242021847734, "target": "92.xyz", "model": "28.xyz", "model_rescale": 4.5098078930637895, "target_rescale": 4.449845818646011},
