[{"mapping": [3, 2, 10, 9, 5, 4, 11, 1, 7, 6, 8, 11], "R": [[0.8557789577205475, -0.5161131961254731, -0.035630665274208856], [-0.5169880676095514, -0.8557092781125367, -0.0220220185601508], [-0.019123636476248766, 0.03726660887806438, -0.9991223580676464]], "T": [0.02893523079779286, -0.04094031970971632, 0.2008476336964597], "aligned_model": [[0.6210528912560594, 0.6493181149853978, -0.0360268235258672, -0.007761599796528788, -0.26411464907069376, -0.2358494253413554, 0.06046622320200948, 0.03220099947267107, -0.6150909142649598, -0.5868256905356214, 0.20561271236434617, 0.06046622320200948], [-0.2924886608880505, -0.27501895391558845, 0.5736466991308148, 0.5911164061032769, -0.4737924342094667, -0.45632272723700473, 0.09574178332765501, 0.07827207635519304, 0.1539380811993107, 0.17140778817177268, -0.603749144594917, 0.09574178332765501], [-0.21171421018806963, 0.5808732076002793, -0.20737226110956108, 0.5852151566787878, -0.17615121521035015, 0.6164362025779988, 0.19671051674309467, -0.595876901045254, -0.17747074852489442, 0.6151166692634544, 0.20695204136084863, 0.19671051674309467]], "inverted": false, "swapped": false, "error_lsq": 0.05528655431714886, "error_max": 0.570616406340203, "target": "93.xyz", "model": "0.xyz", "model_rescale": 4.5108708085295355, "target_rescale": 4.392213536331436},
{"mapping": [3, 2, 10, 9, 5, 4, 11, 1, 7, 6, 8, 11], "R": [[0.8557789577205477, -0.5161131961254725, -0.03563066527420907], [-0.5169880676095507, -0.8557092781125368, -0.022022018560150423], [-0.01912363647624917, 0.03726660887806415, -0.9991223580676462]], "T": [0.02893523079779286, -0.040940319709716344, 0.2008476336964596], "aligned_model": [[0.6210528912560593, 0.6493181149853979, -0.03602682352586777, -0.007761599796529205, -0.26411464907069354, -0.23584942534135495, 0.060466223202009374, 0.032200999472670785, -0.6150909142649599, -0.5868256905356213, 0.20561271236434653, 0.060466223202009374], [-0.29248866088804987, -0.27501895391558817, 0.5736466991308147, 0.5911164061032763, -0.47379243420946654, -0.4563227272370049, 0.09574178332765493, 0.07827207635519325, 0.15393808119931038, 0.17140778817177207, -0.6037491445949167, 0.09574178332765493], [-0.21171421018806955, 0.5808732076002787, -0.2073722611095605, 0.5852151566787878, -0.17615121521034996, 0.6164362025779984, 0.19671051674309473, -0.5958769010452539, -0.1774707485248939, 0.6151166692634544, 0.20695204136084838, 0.19671051674309473]], "inverted": false, "swapped": false, "error_lsq": 0.05528655431714886, "error_max": 0.570616406340203, "target": "93.xyz", "model": "1.xyz", "model_rescale": 4.510870808529536, "target_rescale": 4.392213536331436},
{"mapping": [2, 3, 9, 10, 4, 5, 11, 0, 6, 7, 8, 11], "R": [[-0.8557789577205479, 0.5161131961254722, -0.0356306652742099], [0.5169880676095505, 0.8557092781125373, -0.022022018560150004], [0.01912363647625011, -0.03726660887806422, -0.9991223580676463]], "T": [0.028935230797792928, -0.040940319709716344, 0.20084763369645947], "aligned_model": [[0.6210528912560593, 0.6493181149853986, -0.0360268235258682, -0.007761599796528962, -0.26411464907069376, -0.2358494253413545, 0.060466223202009416, 0.03220099947267017, -0.6150909142649603, -0.5868256905356211, 0.20561271236434678, 0.060466223202009416], [-0.29248866088804953, -0.27501895391558817, 0.5736466991308151, 0.5911164061032765, -0.4737924342094667, -0.4563227272370054, 0.09574178332765501, 0.07827207635519368, 0.15393808119931035, 0.1714077881717717, -0.6037491445949168, 0.09574178332765501], [-0.21171421018807046, 0.5808732076002783, -0.20737226110956047, 0.5852151566787883, -0.1761512152103502, 0.6164362025779986, 0.1967105167430948, -0.595876901045254, -0.17747074852489358, 0.6151166692634552, 0.20695204136084805, 0.1967105167430948]], "inverted": true, "swapped": false, "error_lsq": 0.05528655431714886, "error_max": 0.570616406340203, "target": "93.xyz", "model": "2.xyz", "model_rescale": 4.5108708085295355, "target_rescale": 4.392213536331436},
{"mapping": [3, 2, 10, 9, 5, 4, 11, 1, 7, 6, 8, 13], "R": [[0.8527053859651844, -0.5151902175613161, -0.08644399617723406], [-0.520505159678119, -0.8519641970424319, -0.05684527866322864], [-0.044361058310433854, 0.09346682131627276, -0.994633625923943]], "T": [0.025081303696567712, -0.015088420077608319, 0.16523729180604654], "aligned_model": [[0.5636244041139736, 0.6322151763918878, -0.09087542431758971, -0.022284652039675425, -0.3191426567196189, -0.2505518844417046, 0.48804359510616335, -0.043435289307714973, -0.6686093577101412, -0.600018585432227, 0.1693272533339145, 0.025155482970199296], [-0.33522556059953507, -0.29012050141335466, 0.5331621911765911, 0.5782672503627715, -0.511937226257161, -0.4668321670709805, 0.40928058833019526, 0.024124259770974724, 0.11680568526523595, 0.16191074445141634, -0.6301718862026586, 0.06922931895715513], [-0.2621470612487028, 0.5270655105050372, -0.2548943033070147, 0.5343182684467253, -0.17532601070436735, 0.6138865610493727, 0.49962336345621416, -0.6288006524259989, -0.18088762425165364, 0.6083249475020863, 0.1878540565399898, 0.16041191932774088]], "inverted": false, "swapped": false, "error_lsq": 0.037613096071763046, "error_max": 0.3060341808349658, "target": "93.xyz", "model": "3.xyz", "model_rescale": 4.509807743048502, "target_rescale": 4.392213536331436},
{"mapping": [2, 3, 9, 10, 4, 5, 12, 0, 6, 7, 8, 13], "R": [[-0.8527053859651847, 0.5151902175613158, -0.08644399617723308], [0.5205051596781186, 0.8519641970424322, -0.056845278663228895], [0.04436105831043294, -0.09346682131627246, -0.9946336259239432]], "T": [0.025081303696567678, -0.015088420077608295, 0.16523729180604657], "aligned_model": [[0.5636244041139742, 0.6322151763918877, -0.09087542431758959, -0.022284652039676098, -0.3191426567196183, -0.25055188444170484, 0.4880435951061628, -0.04343528930771429, -0.668609357710141, -0.6000185854322274, 0.1693272533339148, 0.025155482970199212], [-0.3352255605995349, -0.2901205014133543, 0.5331621911765912, 0.5782672503627718, -0.5119372262571611, -0.4668321670709806, 0.4092805883301956, 0.024124259770974543, 0.1168056852652356, 0.16191074445141618, -0.6301718862026585, 0.06922931895715514], [-0.26214706124870196, 0.5270655105050379, -0.2548943033070147, 0.5343182684467251, -0.17532601070436737, 0.6138865610493724, 0.4996233634562145, -0.6288006524259993, -0.1808876242516541, 0.6083249475020858, 0.18785405653999, 0.1604119193277408]], "inverted": true, "swapped": false, "error_lsq": 0.03761309607176304, "error_max": 0.3060341808349663, "target": "93.xyz", "model": "4.xyz", "model_rescale": 4.509807743048502, "target_rescale": 4.392213536331436},
{"mapping": [3, 2, 10, 9, 5, 4, 11, 1, 7, 6, 8, 13], "R": [[0.8527053859651846, -0.5151902175613161, -0.08644399617723339], [-0.520505159678119, -0.851964197042432, -0.05684527866322903], [-0.044361058310433084, 0.09346682131627276, -0.9946336259239432]], "T": [0.025081303696567706, -0.015088420077608298, 0.16523729180604665], "aligned_model": [[0.563624404113974, 0.6322151763918877, -0.0908754243175895, -0.022284652039675758, -0.3191426567196186, -0.25055188444170484, 0.48804359510616313, -0.04343528930771447, -0.6686093577101411, -0.6000185854322273, 0.16932725333391457, 0.02515548297019925], [-0.3352255605995352, -0.2901205014133545, 0.5331621911765911, 0.5782672503627719, -0.5119372262571611, -0.4668321670709804, 0.4092805883301955, 0.024124259770974432, 0.11680568526523577, 0.16191074445141648, -0.6301718862026585, 0.06922931895715513], [-0.26214706124870224, 0.5270655105050378, -0.2548943033070149, 0.5343182684467251, -0.17532601070436735, 0.6138865610493727, 0.4996233634562144, -0.628800652425999, -0.18088762425165408, 0.608324947502086, 0.18785405653998996, 0.16041191932774068]], "inverted": false, "swapped": false, "error_lsq": 0.037613096071763046, "error_max": 0.3060341808349661, "target": "93.xyz", "model": "5.xyz", "model_rescale": 4.509807743048502, "target_rescale": 4.392213536331436},
{"mapping": [3, 2, 10, 9, 5, 4, 11, 1, 7, 6, 8, 13], "R": [[0.852705359688503, -0.5151902577629266, -0.08644401578287783], [-0.5205052030500057, -0.8519641685032552, -0.05684530925617077], [-0.04436105450024188, 0.09346685986341198, -0.9946336224715613]], "T": [0.025081315578561678, -0.015088404545377345, 0.16523729004531298], "aligned_model": [[0.5636243546554214, 0.6322151448721676, -0.0908755680362201, -0.022284777819474008, -0.3191427440371411, -0.250551953820395, 0.48804370665275154, -0.043435234189584934, -0.6686093121870142, -0.6000185219702681, 0.16932741180006267, 0.025155556027161144], [-0.335225692021612, -0.2901206069942184, 0.5331619333541019, 0.5782670183814956, -0.5119373174837418, -0.46683223245634825, 0.409280702064344, 0.02412434667475441, 0.11680582173387201, 0.16191090676126565, -0.6301716149454105, 0.06922943170214807], [-0.2621470653856508, 0.527065531040048, -0.25489430581131756, 0.5343182906143813, -0.17532599071098118, 0.6138866057147176, 0.49962334025737554, -0.6288006923429936, -0.18088764128643545, 0.6083249551392633, 0.18785404357831703, 0.160411904082705]], "inverted": false, "swapped": false, "error_lsq": 0.03761310703255576, "error_max": 0.3060341456322013, "target": "93.xyz", "model": "6.xyz", "model_rescale": 4.509807586411629, "target_rescale": 4.392213536331436},
{"mapping": [3, 2, 10, 9, 5, 4, 11, 1, 7, 6, 8, 13], "R": [[0.852705359688503, -0.5151902577629265, -0.08644401578287755], [-0.5205052030500056, -0.8519641685032553, -0.05684530925617058], [-0.04436105450024175, 0.09346685986341167, -0.9946336224715612]], "T": [0.025081315578561664, -0.015088404545377347, 0.16523729004531296], "aligned_model": [[0.5636243546554216, 0.6322151448721673, -0.09087556803622004, -0.02228477781947419, -0.31914274403714094, -0.2505519538203951, 0.48804370665275143, -0.043435234189584754, -0.668609312187014, -0.6000185219702683, 0.1693274118000627, 0.02515555602716113], [-0.33522569202161184, -0.2901206069942183, 0.533161933354102, 0.5782670183814955, -0.5119373174837418, -0.46683223245634836, 0.409280702064344, 0.024124346674754563, 0.11680582173387194, 0.16191090676126546, -0.6301716149454105, 0.06922943170214807], [-0.26214706538565047, 0.5270655310400479, -0.2548943058113172, 0.5343182906143812, -0.1753259907109811, 0.6138866057147173, 0.49962334025737554, -0.6288006923429937, -0.18088764128643536, 0.6083249551392631, 0.187854043578317, 0.1604119040827051]], "inverted": false, "swapped": false, "error_lsq": 0.037613107032555756, "error_max": 0.3060341456322014, "target": "93.xyz", "model": "7.xyz", "model_rescale": 4.509807586411629, "target_rescale": 4.392213536331436},
{"mapping": [2, 3, 9, 10, 4, 5, 12, 0, 6, 7, 8, 13], "R": [[-0.852705359688503, 0.5151902577629265, -0.08644401578287766], [0.5205052030500056, 0.8519641685032552, -0.05684530925617026], [0.04436105450024201, -0.09346685986341147, -0.9946336224715613]], "T": [0.025081315578561657, -0.01508840454537737, 0.16523729004531282], "aligned_model": [[0.5636243546554215, 0.6322151448721675, -0.0908755680362201, -0.022284777819474133, -0.31914274403714105, -0.2505519538203951, 0.48804370665275143, -0.043435234189584844, -0.6686093121870141, -0.6000185219702682, 0.16932741180006272, 0.02515555602716114], [-0.33522569202161173, -0.29012060699421843, 0.5331619333541019, 0.5782670183814952, -0.5119373174837417, -0.4668322324563484, 0.4092807020643439, 0.02412434667475479, 0.11680582173387209, 0.16191090676126532, -0.6301716149454106, 0.06922943170214806], [-0.2621470653856508, 0.5270655310400479, -0.2548943058113172, 0.5343182906143815, -0.17532599071098146, 0.6138866057147173, 0.49962334025737576, -0.6288006923429937, -0.18088764128643545, 0.6083249551392633, 0.18785404357831686, 0.16041190408270517]], "inverted": true, "swapped": false, "error_lsq": 0.03761310703255577, "error_max": 0.30603414563220155, "target": "93.xyz", "model": "8.xyz", "model_rescale": 4.509807586411629, "target_rescale": 4.392213536331436},
{"mapping": [3, 2, 12, 11, 7, 6, 9, 1, 5, 4, 8, 13], "R": [[-0.8527054181682664, 0.5151901552284502, -0.08644405001020679], [0.5205051028629494, 0.8519642311413812, -0.05684528783730178], [0.044361105938787504, -0.09346685407865452, -0.9946336207209805]], "T": [0.025081274837442852, -0.015088397709115063, 0.16523729294179967], "aligned_model": [[0.5636243432498352, 0.6322151618711903, -0.09087557739998181, -0.02228475877862679, -0.31914263320959835, -0.2505518145882434, 0.48804352464357603, -0.04343512422209808, -0.6686093950141716, -0.6000185763928165, 0.16932721738914489, 0.025155694399256932], [-0.3352256151056275, -0.2901205462539633, 0.5331621389090763, 0.5782672077607406, -0.511937159876314, -0.46683209102464984, 0.4092805707634972, 0.02412425596355739, 0.1168057615416722, 0.16191083039333645, -0.6301719811158966, 0.06922932481522164], [-0.26214710246962825, 0.5270655069062522, -0.25489430918907713, 0.5343183001868033, -0.1753260163047689, 0.6138865930711115, 0.4996233643691385, -0.6288007096593025, -0.18088761204624615, 0.6083249973296343, 0.18785406297893406, 0.16041189971657788]], "inverted": false, "swapped": false, "error_lsq": 0.037613107266603135, "error_max": 0.30603419586414754, "target": "93.xyz", "model": "9.xyz", "model_rescale": 4.509807504472865, "target_rescale": 4.392213536331436},
{"mapping": [3, 2, 12, 11, 7, 6, 9, 1, 5, 4, 8, 13], "R": [[-0.8527054181682664, 0.5151901552284504, -0.08644405001020727], [0.5205051028629495, 0.8519642311413812, -0.05684528783730153], [0.04436110593878803, -0.09346685407865454, -0.9946336207209804]], "T": [0.025081274837442866, -0.015088397709115077, 0.16523729294179965], "aligned_model": [[0.5636243432498351, 0.6322151618711904, -0.09087557739998196, -0.02228475877862656, -0.31914263320959857, -0.25055181458824316, 0.48804352464357637, -0.04343512422209847, -0.6686093950141717, -0.6000185763928164, 0.16932721738914486, 0.02515569439925696], [-0.33522561510562754, -0.29012054625396344, 0.5331621389090764, 0.5782672077607405, -0.5119371598763139, -0.46683209102464995, 0.4092805707634971, 0.024124255963557557, 0.11680576154167241, 0.16191083039333645, -0.6301719811158967, 0.06922932481522162], [-0.26214710246962836, 0.5270655069062518, -0.25489430918907674, 0.5343183001868034, -0.17532601630476866, 0.6138865930711115, 0.49962336436913823, -0.6288007096593026, -0.18088761204624562, 0.6083249973296345, 0.18785406297893392, 0.16041189971657796]], "inverted": false, "swapped": false, "error_lsq": 0.03761310726660313, "error_max": 0.3060341958641472, "target": "93.xyz", "model": "10.xyz", "model_rescale": 4.509807504472865, "target_rescale": 4.392213536331436},
{"mapping": [3, 2, 12, 11, 7, 6, 9, 1, 5, 4, 8, 13], "R": [[-0.8527054181682662, 0.5151901552284506, -0.08644405001020732], [0.5205051028629497, 0.851964231141381, -0.05684528783730155], [0.04436110593878803, -0.0934668540786546, -0.9946336207209804]], "T": [0.02508127483744288, -0.015088397709115077, 0.16523729294179973], "aligned_model": [[0.5636243432498349, 0.6322151618711904, -0.09087557739998181, -0.022284758778626367, -0.31914263320959874, -0.2505518145882433, 0.4880435246435765, -0.04343512422209844, -0.6686093950141716, -0.6000185763928161, 0.1693272173891446, 0.025155694399256964], [-0.33522561510562765, -0.29012054625396355, 0.5331621389090764, 0.5782672077607405, -0.5119371598763138, -0.46683209102464973, 0.40928057076349694, 0.024124255963557557, 0.11680576154167255, 0.16191083039333662, -0.6301719811158966, 0.06922932481522161], [-0.26214710246962847, 0.5270655069062518, -0.25489430918907685, 0.5343183001868035, -0.17532601630476874, 0.6138865930711115, 0.4996233643691383, -0.6288007096593022, -0.18088761204624565, 0.6083249973296345, 0.18785406297893364, 0.16041189971657766]], "inverted": false, "swapped": false, "error_lsq": 0.037613107266603135, "error_max": 0.3060341958641472, "target": "93.xyz", "model": "11.xyz", "model_rescale": 4.509807504472865, "target_rescale": 4.392213536331436},
{"mapping": [2, 3, 11, 12, 6, 7, 10, 0, 4, 5, 8, 13], "R": [[0.8527053523067087, -0.5151902672870003, -0.08644403183702673], [-0.5205052121265346, -0.8519641658700781, -0.056845265611248454], [-0.04436108989421933, 0.09346683136841256, -0.9946336235706821]], "T": [0.025081340420647746, -0.015088293093663475, 0.16523728018166056], "aligned_model": [[0.5636243472859286, 0.6322151475018656, -0.09087553797996367, -0.02228473776402655, -0.3191427170882445, -0.2505519168723074, 0.4880437236180774, -0.04343514349866452, -0.6686093775136066, -0.6000185772976696, 0.16932719483880565, 0.025155656717272587], [-0.33522555643934376, -0.29012050784427196, 0.5331620423682856, 0.5782670909633573, -0.5119371671964348, -0.46683211860136303, 0.40928077631118737, 0.024124187066876114, 0.11680576273260854, 0.16191081132768034, -0.6301718595798791, 0.06922923566194789], [-0.26214708016698673, 0.5270654856121155, -0.2548942736656101, 0.5343182921134921, -0.1753260029169461, 0.6138865628621561, 0.49962332805416115, -0.6288006568742321, -0.18088760027514011, 0.6083249655039622, 0.18785404573758785, 0.16041190890486984]], "inverted": true, "swapped": false, "error_lsq": 0.03761310551625814, "error_max": 0.30603413826900594, "target": "93.xyz", "model": "12.xyz", "model_rescale": 4.509807766519439, "target_rescale": 4.392213536331436},
{"mapping": [3, 2, 12, 11, 7, 6, 9, 1, 5, 4, 8, 13], "R": [[-0.8527053523067085, 0.5151902672870008, -0.08644403183702676], [0.520505212126535, 0.8519641658700778, -0.05684526561124892], [0.044361089894219066, -0.09346683136841297, -0.9946336235706824]], "T": [0.025081340420647767, -0.015088293093663472, 0.16523728018166062], "aligned_model": [[0.5636243472859284, 0.6322151475018656, -0.09087553797996334, -0.02228473776402623, -0.3191427170882447, -0.2505519168723076, 0.4880437236180776, -0.0434351434986645, -0.6686093775136067, -0.6000185772976695, 0.16932719483880537, 0.025155656717272656], [-0.33522555643934426, -0.2901205078442721, 0.5331620423682855, 0.5782670909633576, -0.5119371671964349, -0.46683211860136276, 0.40928077631118737, 0.024124187066875736, 0.11680576273260873, 0.16191081132768087, -0.6301718595798792, 0.0692292356619479], [-0.2621470801669866, 0.5270654856121156, -0.25489427366561046, 0.5343182921134918, -0.17532600291694594, 0.6138865628621564, 0.499623328054161, -0.6288006568742327, -0.18088760027514023, 0.608324965503962, 0.18785404573758832, 0.16041190890486995]], "inverted": false, "swapped": false, "error_lsq": 0.03761310551625815, "error_max": 0.3060341382690057, "target": "93.xyz", "model": "13.xyz", "model_rescale": 4.509807766519439, "target_rescale": 4.392213536331436},
{"mapping": [3, 2, 12, 11, 7, 6, 9, 1, 5, 4, 8, 13], "R": [[-0.8527053523067085, 0.515190267287001, -0.0864440318370268], [0.5205052121265352, 0.8519641658700778, -0.05684526561124892], [0.044361089894219094, -0.09346683136841302, -0.9946336235706823]], "T": [0.025081340420647788, -0.01508829309366347, 0.16523728018166073], "aligned_model": [[0.5636243472859284, 0.6322151475018656, -0.09087553797996328, -0.022284737764026112, -0.3191427170882449, -0.2505519168723077, 0.48804372361807785, -0.04343514349866448, -0.6686093775136067, -0.6000185772976695, 0.16932719483880526, 0.02515565671727266], [-0.3352255564393444, -0.29012050784427224, 0.5331620423682856, 0.5782670909633577, -0.5119371671964349, -0.46683211860136276, 0.4092807763111873, 0.02412418706687576, 0.11680576273260881, 0.16191081132768098, -0.6301718595798793, 0.0692292356619479], [-0.2621470801669867, 0.5270654856121157, -0.25489427366561057, 0.5343182921134918, -0.17532600291694594, 0.6138865628621564, 0.499623328054161, -0.6288006568742323, -0.18088760027514028, 0.6083249655039621, 0.18785404573758804, 0.16041190890486967]], "inverted": false, "swapped": false, "error_lsq": 0.03761310551625815, "error_max": 0.30603413826900566, "target": "93.xyz", "model": "14.xyz", "model_rescale": 4.509807766519439, "target_rescale": 4.392213536331436},
{"mapping": [3, 2, 10, 9, 7, 6, 11, 1, 5, 4, 8, 11], "R": [[-0.8557789686346993, 0.5161131754173653, -0.035630703096271296], [0.5169880480489633, 0.8557092902863488, -0.022022004726104345], [0.019123676870667978, -0.03726661613612749, -0.9991223570237578]], "T": [0.028935053080461938, -0.040940339265930215, 0.2008476443594852], "aligned_model": [[0.6210527146146538, 0.6493179706809848, -0.036026998458740266, -0.007761742392409267, -0.2641147036215097, -0.2358494475551787, 0.06046638662951447, 0.03220113056318348, -0.6150908975675196, -0.5868256415011885, 0.20561290392616205, 0.06046638662951447], [-0.29248852967173666, -0.2750188322314291, 0.5736465826726687, 0.5911162801129763, -0.473792453033158, -0.4563227555928504, 0.0957416987615122, 0.0782720013212046, 0.15393829600770303, 0.17140799344801064, -0.6037492837857629, 0.0957416987615122], [-0.2117142619880263, 0.5808732204023512, -0.20737227064020913, 0.5852152117501683, -0.17615123702215885, 0.6164362453682186, 0.19671051736770936, -0.595876965022668, -0.17747075605051538, 0.6151167263398621, 0.20695202701698798, 0.19671051736770936]], "inverted": false, "swapped": false, "error_lsq": 0.055286546863628515, "error_max": 0.5706163052134108, "target": "93.xyz", "model": "15.xyz", "model_rescale": 4.510870436145588, "target_rescale": 4.392213536331436},
{"mapping": [3, 2, 10, 9, 7, 6, 11, 1, 5, 4, 8, 11], "R": [[-0.8557789686346992, 0.5161131754173653, -0.0356307030962711], [0.516988048048963, 0.8557092902863487, -0.022022004726104372], [0.0191236768706678, -0.03726661613612742, -0.9991223570237576]], "T": [0.028935053080461917, -0.0409403392659302, 0.20084764435948513], "aligned_model": [[0.6210527146146538, 0.6493179706809846, -0.03602699845874015, -0.0077617423924093085, -0.26411470362150963, -0.23584944755517884, 0.060466386629514465, 0.03220113056318362, -0.6150908975675193, -0.5868256415011885, 0.20561290392616205, 0.060466386629514465], [-0.29248852967173655, -0.2750188322314289, 0.5736465826726685, 0.5911162801129762, -0.4737924530331579, -0.45632275559285035, 0.09574169876151219, 0.07827200132120456, 0.15393829600770292, 0.17140799344801055, -0.6037492837857628, 0.09574169876151219], [-0.21171426198802598, 0.5808732204023511, -0.207372270640209, 0.5852152117501681, -0.1761512370221587, 0.6164362453682184, 0.19671051736770936, -0.5958769650226681, -0.1774707560505153, 0.6151167263398618, 0.20695202701698803, 0.19671051736770936]], "inverted": false, "swapped": false, "error_lsq": 0.055286546863628515, "error_max": 0.5706163052134108, "target": "93.xyz", "model": "16.xyz", "model_rescale": 4.510870436145588, "target_rescale": 4.392213536331436},
{"mapping": [3, 2, 10, 9, 7, 6, 11, 1, 5, 4, 8, 11], "R": [[-0.8557789686346994, 0.5161131754173651, -0.035630703096271074], [0.516988048048963, 0.8557092902863489, -0.022022004726103807], [0.019123676870668075, -0.037266616136126904, -0.9991223570237578]], "T": [0.028935053080461924, -0.040940339265930235, 0.20084764435948527], "aligned_model": [[0.621052714614654, 0.6493179706809847, -0.03602699845874029, -0.007761742392409475, -0.2641147036215095, -0.2358494475551787, 0.06046638662951441, 0.032201130563183605, -0.6150908975675196, -0.5868256415011888, 0.2056129039261622, 0.06046638662951441], [-0.29248852967173633, -0.2750188322314292, 0.5736465826726689, 0.5911162801129761, -0.4737924530331578, -0.4563227555928507, 0.09574169876151217, 0.07827200132120501, 0.1539382960077031, 0.17140799344801028, -0.6037492837857629, 0.09574169876151217], [-0.21171426198802623, 0.5808732204023512, -0.20737227064020874, 0.5852152117501688, -0.17615123702215907, 0.6164362453682184, 0.1967105173677092, -0.5958769650226678, -0.17747075605051532, 0.6151167263398623, 0.20695202701698745, 0.1967105173677092]], "inverted": false, "swapped": false, "error_lsq": 0.055286546863628515, "error_max": 0.5706163052134109, "target": "93.xyz", "model": "17.xyz", "model_rescale": 4.510870436145588, "target_rescale": 4.392213536331436},
{"mapping": [4, 3, 8, 7, 1, 0, 5, 2, 10, 9, 11, 12], "R": [[0.5301526822966401, -0.8436339763901356, 0.08496968479314261], [0.8428969113628081, 0.5352427443053035, 0.055136208462007855], [-0.09199418605931738, 0.042390076063811094, 0.9948568495932408]], "T": [0.03335602460146593, -0.019702571076425517, -0.036168653924463806], "aligned_model": [[0.5115075916186981, 0.5795897984640795, -0.16841379475807333, -0.10033158791269174, -0.36690571797596777, -0.2988235111305862, 0.6107876353373471, -0.055973054784104095, -0.5533839010019695, -0.48530169415658797, 0.19858714618604534, 0.012109152061277509], [-0.3213285568780117, -0.27715050963305543, 0.5218378680923377, 0.566015915337294, -0.5554522901050889, -0.5112742428601326, 0.4473282679457053, 0.02337452344226514, 0.14131070306682525, 0.18548875031178153, -0.6292103026364911, 0.06755257068722144], [-0.26163938495848016, 0.5354925566327396, -0.25029734503199913, 0.5468345965592207, -0.17363959179098448, 0.6234923498002354, 0.49267646375500707, -0.6349729176115821, -0.1963281597159585, 0.6008037818752614, 0.18484760139633202, 0.1621590239796378]], "inverted": true, "swapped": false, "error_lsq": 0.03679097651793502, "error_max": 0.30254715201729954, "target": "93.xyz", "model": "18.xyz", "model_rescale": 4.466005644533647, "target_rescale": 4.392213536331436},
{"mapping": [1, 0, 9, 8, 5, 4, 10, 3, 7, 6, 12, 13], "R": [[0.8527053405670865, -0.5151902831754605, -0.08644405294731397], [-0.5205052314022134, -0.8519641519708239, -0.05684529742699318], [-0.044361089383573464, 0.0934668704848084, -0.9946336199176451]], "T": [0.025081313153793125, -0.015088339889104262, 0.1652372845728054], "aligned_model": [[0.5636243113438849, 0.6322151291457686, -0.0908755636464089, -0.02228474584452514, -0.3191427657285394, -0.2505519479266556, 0.48804371753636927, -0.04343507245171277, -0.6686094174150442, -0.6000185996131605, 0.16932727119731972, 0.025155745350171003], [-0.3352256328068442, -0.29012055841745626, 0.5331619904687032, 0.5782670648580911, -0.5119372243790966, -0.4668321499897086, 0.40928073633592127, 0.024124304253239942, 0.11680572030645156, 0.16191079469583944, -0.6301717271971181, 0.06922937864262782], [-0.26214708095021816, 0.527065491544269, -0.25489429059988755, 0.5343182818945996, -0.17532597898559082, 0.6138865935088964, 0.49962331290095313, -0.6288006828338545, -0.1808875906617805, 0.6083249818327067, 0.18785404757870333, 0.16041188966063263]], "inverted": false, "swapped": false, "error_lsq": 0.0376131123244948, "error_max": 0.30603412052796325, "target": "93.xyz", "model": "19.xyz", "model_rescale": 4.509807711582247, "target_rescale": 4.392213536331436},
{"mapping": [1, 0, 9, 8, 5, 4, 10, 3, 7, 6, 12, 13], "R": [[0.8527053405670867, -0.5151902831754603, -0.08644405294731324], [-0.5205052314022133, -0.8519641519708241, -0.05684529742699279], [-0.04436108938357304, 0.09346687048480767, -0.9946336199176454]], "T": [0.025081313153793125, -0.015088339889104282, 0.1652372845728054], "aligned_model": [[0.563624311343885, 0.6322151291457683, -0.09087556364640871, -0.022284745844525514, -0.31914276572853895, -0.2505519479266557, 0.4880437175363689, -0.0434350724517122, -0.668609417415044, -0.6000185996131607, 0.16932727119731988, 0.025155745350170997], [-0.33522563280684387, -0.29012055841745626, 0.5331619904687033, 0.5782670648580908, -0.5119372243790965, -0.4668321499897089, 0.40928073633592116, 0.024124304253240234, 0.11680572030645152, 0.16191079469583913, -0.6301717271971181, 0.0692293786426278], [-0.2621470809502181, 0.5270654915442694, -0.25489429059988755, 0.5343182818946, -0.1753259789855915, 0.613886593508896, 0.49962331290095374, -0.6288006828338545, -0.18088759066178112, 0.6083249818327063, 0.1878540475787034, 0.16041188966063288]], "inverted": false, "swapped": false, "error_lsq": 0.0376131123244948, "error_max": 0.3060341205279639, "target": "93.xyz", "model": "20.xyz", "model_rescale": 4.509807711582248, "target_rescale": 4.392213536331436},
{"mapping": [3, 4, 7, 8, 0, 1, 6, 2, 9, 10, 11, 12], "R": [[-0.53015268229664, 0.8436339763901355, 0.08496968479314308], [-0.842896911362808, -0.5352427443053036, 0.0551362084620081], [0.09199418605931785, -0.042390076063811365, 0.9948568495932406]], "T": [0.033356024601465875, -0.01970257107642556, -0.03616865392446386], "aligned_model": [[0.5115075916186979, 0.5795897984640799, -0.16841379475807355, -0.1003315879126916, -0.36690571797596805, -0.2988235111305861, 0.6107876353373475, -0.055973054784104456, -0.5533839010019695, -0.4853016941565877, 0.1985871461860454, 0.012109152061277533], [-0.3213285568780119, -0.2771505096330554, 0.5218378680923377, 0.5660159153372941, -0.555452290105089, -0.5112742428601325, 0.44732826794570546, 0.02337452344226498, 0.14131070306682525, 0.18548875031178172, -0.6292103026364914, 0.06755257068722147], [-0.26163938495848016, 0.5354925566327393, -0.250297345031999, 0.5468345965592204, -0.17363959179098395, 0.6234923498002355, 0.4926764637550065, -0.6349729176115821, -0.19632815971595807, 0.6008037818752614, 0.18484760139633208, 0.16215902397963777]], "inverted": false, "swapped": false, "error_lsq": 0.03679097651793502, "error_max": 0.3025471520172991, "target": "93.xyz", "model": "21.xyz", "model_rescale": 4.466005644533646, "target_rescale": 4.392213536331436},
{"mapping": [4, 3, 8, 7, 1, 0, 5, 2, 10, 9, 11, 12], "R": [[0.5301527381745071, -0.8436339386656639, 0.08496971070641232], [0.8428968755361295, 0.5352428020007337, 0.05513619607693462], [-0.09199419230311853, 0.04239009834693034, 0.9948568480664114]], "T": [0.03335602172562603, -0.019702572834227675, -0.036168656207928584], "aligned_model": [[0.5115074723968871, 0.5795897005530394, -0.1684138612550623, -0.10033163309891004, -0.36690585839611256, -0.2988236302399603, 0.6107875865111345, -0.055972974284317134, -0.5533838066441689, -0.4853015784880166, 0.19858739102111855, 0.01210925387183515], [-0.3213285325130582, -0.2771504948362873, 0.5218379458895751, 0.5660159835663461, -0.5554522078381884, -0.5112741701614174, 0.4473282867083601, 0.02337447218558615, 0.1413106840546527, 0.1854887217314236, -0.6292105018786992, 0.0675525098623571], [-0.2616393969279948, 0.5354925498523826, -0.2502973362418277, 0.5468346105385498, -0.17363958505830557, 0.623492361722072, 0.49267646070335175, -0.6349729271879934, -0.19632815392592043, 0.600803792854457, 0.18484757896827378, 0.16215901959238424]], "inverted": true, "swapped": false, "error_lsq": 0.03679097873389322, "error_max": 0.3025471450739524, "target": "93.xyz", "model": "22.xyz", "model_rescale": 4.46600560860683, "target_rescale": 4.392213536331436},
{"mapping": [1, 0, 9, 8, 5, 4, 10, 3, 7, 6, 12, 13], "R": [[0.8527053753088087, -0.5151902281255019, -0.08644403833380945], [-0.5205051739650808, -0.8519641886520974, -0.05684527359380537], [-0.04436109551222561, 0.09346683956552132, -0.9946336225498253]], "T": [0.02508130271913822, -0.015088354105816269, 0.16523728732009257], "aligned_model": [[0.5636243882127623, 0.6322151949851704, -0.09087554940932649, -0.022284742636918334, -0.31914268546180485, -0.2505518786893967, 0.48804362221772873, -0.043435134471733694, -0.6686093813512373, -0.6000185745788291, 0.16932713083037773, 0.025155672300674448], [-0.3352255070785608, -0.2901204512279666, 0.533162080070761, 0.5782671359213551, -0.5119371607846974, -0.46683210493410326, 0.4092806517081612, 0.024124214962292168, 0.11680576625340566, 0.16191082210399985, -0.6301720210368826, 0.06922927081288635], [-0.2621470957071662, 0.5270654853873079, -0.25489428667601904, 0.534318294418455, -0.1753260079207815, 0.6138865731736927, 0.49962334642634415, -0.6288006758602362, -0.1808876048006598, 0.6083249762938143, 0.18785406492044004, 0.16041190523423776]], "inverted": false, "swapped": false, "error_lsq": 0.037613106550436884, "error_max": 0.3060341652662536, "target": "93.xyz", "model": "23.xyz", "model_rescale": 4.509807674373902, "target_rescale": 4.392213536331436},
{"mapping": [0, 1, 8, 9, 4, 5, 11, 2, 6, 7, 12, 13], "R": [[-0.8527053753088086, 0.5151902281255017, -0.08644403833381002], [0.5205051739650807, 0.8519641886520973, -0.05684527359380491], [0.04436109551222635, -0.09346683956552122, -0.9946336225498252]], "T": [0.02508130271913822, -0.015088354105816285, 0.16523728732009255], "aligned_model": [[0.5636243882127617, 0.6322151949851703, -0.09087554940932674, -0.022284742636918105, -0.31914268546180496, -0.2505518786893964, 0.4880436222177288, -0.043435134471734166, -0.6686093813512373, -0.6000185745788287, 0.16932713083037776, 0.025155672300674434], [-0.3352255070785605, -0.29012045122796665, 0.5331620800707609, 0.5782671359213548, -0.5119371607846972, -0.46683210493410326, 0.4092806517081609, 0.0241242149622925, 0.1168057662534057, 0.16191082210399954, -0.6301720210368825, 0.06922927081288631], [-0.26214709570716677, 0.5270654853873075, -0.25489428667601877, 0.5343182944184555, -0.17532600792078165, 0.6138865731736926, 0.4996233464263441, -0.628800675860236, -0.1808876048006595, 0.6083249762938148, 0.18785406492043966, 0.1604119052342378]], "inverted": true, "swapped": false, "error_lsq": 0.03761310655043688, "error_max": 0.3060341652662535, "target": "93.xyz", "model": "24.xyz", "model_rescale": 4.509807674373903, "target_rescale": 4.392213536331436},
{"mapping": [3, 4, 7, 8, 0, 1, 6, 2, 9, 10, 11, 12], "R": [[-0.5301527381745073, 0.8436339386656638, 0.0849697107064123], [-0.8428968755361294, -0.5352428020007338, 0.05513619607693468], [0.09199419230311859, -0.04239009834693028, 0.9948568480664113]], "T": [0.033356021725626045, -0.019702572834227702, -0.03616865620792861], "aligned_model": [[0.5115074723968871, 0.5795897005530394, -0.16841386125506227, -0.10033163309891005, -0.36690585839611267, -0.2988236302399604, 0.6107875865111347, -0.055972974284317106, -0.5533838066441689, -0.4853015784880166, 0.1985873910211185, 0.012109253871835163], [-0.3213285325130584, -0.2771504948362874, 0.5218379458895753, 0.5660159835663463, -0.5554522078381884, -0.5112741701614173, 0.44732828670836006, 0.02337447218558611, 0.14131068405465275, 0.18548872173142372, -0.6292105018786993, 0.06755250986235711], [-0.26163939692799465, 0.5354925498523826, -0.2502973362418276, 0.5468346105385495, -0.17363958505830537, 0.6234923617220718, 0.4926764607033516, -0.6349729271879934, -0.1963281539259203, 0.6008037928544568, 0.18484757896827386, 0.16215901959238427]], "inverted": false, "swapped": false, "error_lsq": 0.036790978733893205, "error_max": 0.3025471450739523, "target": "93.xyz", "model": "25.xyz", "model_rescale": 4.466005608606829, "target_rescale": 4.392213536331436},
{"mapping": [4, 3, 8, 7, 1, 0, 5, 2, 10, 9, 11, 12], "R": [[0.5301526175155274, -0.8436340162484942, 0.08496969324335762], [0.8428969511401093, 0.5352426807426879, 0.05513621740824582], [-0.09199419492632716, 0.04239008539524979, 0.994856848375705]], "T": [0.033356000109248676, -0.019702600099418204, -0.03616864360623456], "aligned_model": [[0.5115075069528062, 0.5795897176179223, -0.16841379473580392, -0.1003315840706878, -0.36690574578173907, -0.29882353511662296, 0.6107876166268983, -0.05597302689205859, -0.553383854889952, -0.4853016442248359, 0.19858722268848278, 0.012109183773057565], [-0.32132863168233344, -0.27715057918407654, 0.5218378941911501, 0.566015946689407, -0.5554524208326357, -0.5112743683343788, 0.4473283579738562, 0.0233745786534999, 0.14131071674264958, 0.18548876924090646, -0.6292101978391509, 0.06755263115175678], [-0.26163935986109543, 0.5354925462028717, -0.2502973345530195, 0.5468345715109477, -0.1736395587764215, 0.6234923472875455, 0.4926764323418568, -0.6349728906148564, -0.19632814572712615, 0.600803760336841, 0.1848475912927745, 0.16215901544911074]], "inverted": true, "swapped": false, "error_lsq": 0.036790978061093244, "error_max": 0.3025471402717411, "target": "93.xyz", "model": "26.xyz", "model_rescale": 4.466005838112752, "target_rescale": 4.392213536331436},
{"mapping": [1, 0, 9, 8, 5, 4, 10, 3, 7, 6, 12, 13], "R": [[0.8527053103194253, -0.5151903351869829, -0.0864440413387574], [-0.5205052826293672, -0.8519641201489849, -0.05684530529154152], [-0.04436106973434127, 0.09346687385748098, -0.9946336204770754]], "T": [0.02508134361707612, -0.015088361344926925, 0.16523728209765817], "aligned_model": [[0.5636244020983304, 0.6322152079289668, -0.09087558416226699, -0.02228477833163066, -0.31914265125421204, -0.25055184542357567, 0.48804365499844227, -0.0434351194783171, -0.6686094405269292, -0.6000186346962928, 0.1693271644426328, 0.025155686352319226], [-0.33522573666090316, -0.29012065784632424, 0.5331620060552318, 0.5782670848698106, -0.5119372675543931, -0.46683218873981414, 0.4092807323829428, 0.024124332619811447, 0.11680578793014611, 0.161910866744725, -0.6301716744649729, 0.06922941143439033], [-0.26214705884756284, 0.5270654823316991, -0.2548942801621452, 0.5343182610171168, -0.17532597136687214, 0.6138865698123899, 0.49962330331665616, -0.6288006499821442, -0.18088758646478967, 0.6083249547144723, 0.18785405932349175, 0.1604118911971176]], "inverted": false, "swapped": false, "error_lsq": 0.03761311430269139, "error_max": 0.30603412511874006, "target": "93.xyz", "model": "27.xyz", "model_rescale": 4.509807893063789, "target_rescale": 4.392213536331436},
{"mapping": [1, 0, 9, 8, 5, 4, 10, 3, 7, 6, 12, 13], "R": [[0.8527053103194253, -0.5151903351869831, -0.08644404133875774], [-0.5205052826293677, -0.8519641201489848, -0.05684530529154225], [-0.044361069734341174, 0.09346687385748181, -0.9946336204770754]], "T": [0.02508134361707614, -0.015088361344926918, 0.16523728209765812], "aligned_model": [[0.5636244020983303, 0.6322152079289669, -0.09087558416226704, -0.022284778331630416, -0.3191426512542122, -0.2505518454235756, 0.4880436549984425, -0.04343511947831733, -0.6686094405269292, -0.6000186346962926, 0.16932716444263265, 0.025155686352319274], [-0.33522573666090366, -0.2901206578463242, 0.5331620060552315, 0.5782670848698109, -0.5119372675543932, -0.4668321887398137, 0.40928073238294294, 0.02412433261981087, 0.11680578793014607, 0.16191086674472555, -0.6301716744649729, 0.06922941143439033], [-0.26214705884756306, 0.5270654823316991, -0.2548942801621459, 0.5343182610171163, -0.17532597136687192, 0.6138865698123903, 0.4996233033166557, -0.6288006499821444, -0.18088758646478978, 0.6083249547144725, 0.1878540593234923, 0.16041189119711768]], "inverted": false, "swapped": false, "error_lsq": 0.037613114302691396, "error_max": 0.30603412511873956, "target": "93.xyz", "model": "28.xyz", "model_rescale": 4.5098078930637895, "target_rescale": 4.392213536331436},
{"mapping": [3, 4, 7, 8, 0, 1, 6, 2, 9, 10, 11, 12], "R": [[-0.5301526175155272, 0.8436340162484947, 0.08496969324335771], [-0.8428969511401098, -0.5352426807426877, 0.05513621740824586], [0.09199419492632721, -0.042390085395249875, 0.9948568483757052]], "T": [0.03335600010924866, -0.019702600099418183, -0.03616864360623462], "aligned_model": [[0.5115075069528064, 0.5795897176179227, -0.1684137947358042, -0.10033158407068804, -0.36690574578173896, -0.2988235351166228, 0.6107876166268983, -0.055973026892058686, -0.5533838548899522, -0.4853016442248361, 0.19858722268848306, 0.012109183773057523], [-0.3213286316823333, -0.2771505791840764, 0.5218378941911501, 0.566015946689407, -0.5554524208326359, -0.511274368334379, 0.4473283579738565, 0.023374578653499914, 0.14131071674264936, 0.18548876924090626, -0.629210197839151, 0.06755263115175683], [-0.26163935986109543, 0.5354925462028716, -0.2502973345530194, 0.5468345715109476, -0.17363955877642137, 0.6234923472875457, 0.49267643234185665, -0.6349728906148565, -0.19632814572712604, 0.6008037603368409, 0.18484759129277456, 0.1621590154491108]], "inverted": false, "swapped": false, "error_lsq": 0.03679097806109324, "error_max": 0.302547140271741, "target": "93.xyz", "model": "29.xyz", "model_rescale": 4.466005838112752, "target_rescale": 4.392213536331436},
