[{"mapping": [3, 2, 10, 9, 5, 4, 11, 0, 7, 6, 8, 11], "R": [[0.8557789737875879, -0.5161131694237773, 0.035630666151599516], [-0.5169880413190657, -0.8557092934903064, 0.022022038220770198], [0.019123628215880928, -0.037266625573890724, -0.9991223576030098]], "T": [0.028935231447949693, -0.04094056347885229, -0.2008476316343849], "aligned_model": [[0.6493181235183632, 0.6210528990930051, -0.007761618224791694, -0.03602684265014976, -0.23584941110767305, -0.2641146355330311, 0.06046621958995524, 0.03220099516459718, -0.5868256958490425, -0.6150909202744006, 0.2056127305476883, 0.06046621958995524], [-0.27501917131232945, -0.2924888938812391, 0.5911161683282972, 0.5736464457593876, -0.45632297153403684, -0.4737926941029465, 0.09574154046345305, 0.07827181789454342, 0.17140753292223038, 0.15393781035332071, -0.6037493827496727, 0.09574154046345305], [-0.5808732089139103, 0.21171420850585004, -0.5852151429383989, 0.2073722744813613, -0.6164362086427845, 0.17615120877697582, -0.19671051209384413, 0.595876905325916, -0.6151166642219252, 0.17747075319783506, -0.20695204947233467, -0.19671051209384413]], "inverted": false, "swapped": false, "error_lsq": 0.05528656239302462, "error_max": 0.5706164616284648, "target": "94.xyz", "model": "0.xyz", "model_rescale": 4.5108708085295355, "target_rescale": 4.3922136085731545},
{"mapping": [3, 2, 10, 9, 5, 4, 11, 0, 7, 6, 8, 11], "R": [[0.8557789737875876, -0.5161131694237777, 0.03563066615159935], [-0.5169880413190662, -0.8557092934903061, 0.022022038220770458], [0.019123628215880626, -0.03726662557389086, -0.9991223576030097]], "T": [0.028935231447949673, -0.04094056347885231, -0.20084763163438502], "aligned_model": [[0.6493181235183626, 0.6210528990930048, -0.007761618224791458, -0.03602684265014938, -0.2358494111076732, -0.26411463553303116, 0.06046621958995528, 0.03220099516459736, -0.5868256958490424, -0.6150909202744003, 0.20561273054768797, 0.06046621958995528], [-0.27501917131232967, -0.29248889388123955, 0.5911161683282972, 0.5736464457593874, -0.4563229715340365, -0.4737926941029464, 0.09574154046345298, 0.07827181789454313, 0.17140753292223074, 0.1539378103533209, -0.6037493827496726, 0.09574154046345298], [-0.5808732089139101, 0.2117142085058496, -0.5852151429383986, 0.2073722744813612, -0.6164362086427844, 0.1761512087769755, -0.1967105120938441, 0.5958769053259159, -0.6151166642219248, 0.177470753197835, -0.20695204947233486, -0.1967105120938441]], "inverted": false, "swapped": false, "error_lsq": 0.055286562393024624, "error_max": 0.5706164616284648, "target": "94.xyz", "model": "1.xyz", "model_rescale": 4.510870808529536, "target_rescale": 4.3922136085731545},
{"mapping": [3, 2, 10, 9, 5, 4, 11, 0, 7, 6, 8, 11], "R": [[0.8557789737875876, -0.5161131694237777, 0.03563066615159887], [-0.5169880413190662, -0.8557092934903061, 0.022022038220770552], [0.019123628215880165, -0.037266625573890697, -0.9991223576030097]], "T": [0.028935231447949645, -0.04094056347885228, -0.20084763163438485], "aligned_model": [[0.6493181235183626, 0.621052899093005, -0.007761618224791666, -0.03602684265014923, -0.23584941110767352, -0.26411463553303105, 0.06046621958995528, 0.032200995164597714, -0.5868256958490428, -0.6150909202744004, 0.20561273054768794, 0.06046621958995528], [-0.2750191713123296, -0.29248889388123955, 0.5911161683282975, 0.5736464457593875, -0.45632297153403656, -0.47379269410294644, 0.09574154046345304, 0.07827181789454313, 0.17140753292223085, 0.15393781035332094, -0.6037493827496727, 0.09574154046345304], [-0.5808732089139106, 0.21171420850584954, -0.5852151429383986, 0.20737227448136158, -0.6164362086427844, 0.17615120877697588, -0.19671051209384435, 0.5958769053259159, -0.6151166642219246, 0.17747075319783556, -0.20695204947233525, -0.19671051209384435]], "inverted": false, "swapped": false, "error_lsq": 0.05528656239302462, "error_max": 0.5706164616284647, "target": "94.xyz", "model": "2.xyz", "model_rescale": 4.5108708085295355, "target_rescale": 4.3922136085731545},
{"mapping": [3, 2, 10, 9, 5, 4, 11, 0, 7, 6, 8, 13], "R": [[0.8552711130397826, -0.5166267471020507, -0.04010146354493294], [-0.5178530763689724, -0.8549187342051474, -0.030694449013793656], [-0.018425919105521965, 0.04701874183581187, -0.9987240476834903]], "T": [0.018339012689394172, -0.019877189721337674, -0.23648639679690223], "aligned_model": [[0.5769863864818299, 0.6088057201042842, -0.07952846240109943, -0.04770912877864511, -0.3083671414990044, -0.2765478078765501, 0.46414077267635345, 0.05022452981728874, -0.658925833873474, -0.6271065002510197, 0.16307033326967757, 0.01840519619483442], [-0.32779735148105626, -0.30344220762370133, 0.5390983106375924, 0.5634534544949472, -0.5080841144416747, -0.48372897058431974, 0.39621923704752426, 0.08889372114858606, 0.12005346223308239, 0.14440860609043726, -0.635122982208188, 0.06453857729123118], [-0.6466962586011478, 0.14576194269121848, -0.6469782968905503, 0.14547990440181593, -0.6056060543796277, 0.18685214691273858, 0.13006747086867274, 0.5533747412546474, -0.6108351466503008, 0.1816230546420655, -0.22338899230091686, -0.23908346003771874]], "inverted": false, "swapped": false, "error_lsq": 0.04050365922720076, "error_max": 0.34735033996054276, "target": "94.xyz", "model": "3.xyz", "model_rescale": 4.509807743048502, "target_rescale": 4.3922136085731545},
{"mapping": [2, 3, 9, 10, 4, 5, 12, 1, 6, 7, 8, 13], "R": [[-0.855271113039782, 0.5166267471020511, -0.04010146354493306], [0.5178530763689726, 0.8549187342051469, -0.030694449013793527], [0.018425919105522107, -0.04701874183581183, -0.99872404768349]], "T": [0.018339012689394155, -0.01987718972133768, -0.23648639679690225], "aligned_model": [[0.5769863864818296, 0.608805720104284, -0.07952846240109906, -0.047709128778644666, -0.3083671414990047, -0.2765478078765503, 0.4641407726763535, 0.050224529817288886, -0.6589258338734737, -0.6271065002510193, 0.16307033326967701, 0.018405196194834463], [-0.3277973514810563, -0.3034422076237015, 0.5390983106375923, 0.5634534544949471, -0.5080841144416743, -0.48372897058431946, 0.3962192370475238, 0.08889372114858596, 0.12005346223308266, 0.14440860609043743, -0.6351229822081879, 0.06453857729123116], [-0.6466962586011475, 0.14576194269121817, -0.64697829689055, 0.14547990440181585, -0.6056060543796273, 0.18685214691273838, 0.13006747086867254, 0.5533747412546473, -0.6108351466503004, 0.18162305464206535, -0.22338899230091705, -0.23908346003771885]], "inverted": true, "swapped": false, "error_lsq": 0.040503659227200756, "error_max": 0.3473503399605425, "target": "94.xyz", "model": "4.xyz", "model_rescale": 4.509807743048502, "target_rescale": 4.3922136085731545},
{"mapping": [2, 3, 9, 10, 4, 5, 12, 1, 6, 7, 8, 13], "R": [[-0.8552711130397823, 0.5166267471020509, -0.040101463544932284], [0.5178530763689726, 0.8549187342051471, -0.030694449013793652], [0.01842591910552139, -0.04701874183581153, -0.9987240476834901]], "T": [0.018339012689394227, -0.01987718972133769, -0.23648639679690237], "aligned_model": [[0.57698638648183, 0.6088057201042837, -0.07952846240109888, -0.04770912877864508, -0.30836714149900424, -0.2765478078765504, 0.46414077267635334, 0.050224529817288296, -0.6589258338734735, -0.6271065002510198, 0.16307033326967735, 0.018405196194834515], [-0.3277973514810563, -0.30344220762370144, 0.5390983106375924, 0.5634534544949472, -0.5080841144416745, -0.4837289705843195, 0.396219237047524, 0.08889372114858603, 0.12005346223308257, 0.14440860609043743, -0.6351229822081879, 0.06453857729123116], [-0.6466962586011473, 0.14576194269121884, -0.6469782968905502, 0.14547990440181585, -0.6056060543796278, 0.18685214691273833, 0.13006747086867299, 0.553374741254647, -0.610835146650301, 0.18162305464206502, -0.22338899230091658, -0.23908346003771858]], "inverted": true, "swapped": false, "error_lsq": 0.04050365922720075, "error_max": 0.347350339960543, "target": "94.xyz", "model": "5.xyz", "model_rescale": 4.509807743048502, "target_rescale": 4.3922136085731545},
{"mapping": [3, 2, 10, 9, 5, 4, 11, 0, 7, 6, 8, 13], "R": [[0.8552710883224706, -0.5166267892428822, -0.040101447807874724], [-0.5178531173899372, -0.8549187100616906, -0.030694429396539546], [-0.018425913524737898, 0.047018717794573395, -0.9987240489182854]], "T": [0.018339025361318952, -0.01987717319947188, -0.23648640052770553], "aligned_model": [[0.5769863534660017, 0.608805675706727, -0.07952859086164196, -0.04770926862091672, -0.30836721468964784, -0.2765478924489226, 0.4641408719054739, 0.05022459251369121, -0.6589257742268384, -0.6271064519861131, 0.16307049283369635, 0.018405270272965988], [-0.3277974601843997, -0.3034423310468455, 0.5390980742183903, 0.5634532033559446, -0.5080841873327439, -0.48372905819518963, 0.396219334765621, 0.08889382070978166, 0.1200536177675054, 0.14440874690505967, -0.6351227099308908, 0.0645386915722274], [-0.6466962671844456, 0.14576196261174545, -0.6469782910329374, 0.14547993876325382, -0.6056060799931536, 0.18685214980303755, 0.1300674897085941, 0.5533747622199259, -0.6108351777972156, 0.1816230519989755, -0.2233890196106188, -0.23908346757626514]], "inverted": false, "swapped": false, "error_lsq": 0.04050367194742892, "error_max": 0.3473503372108242, "target": "94.xyz", "model": "6.xyz", "model_rescale": 4.509807586411629, "target_rescale": 4.3922136085731545},
{"mapping": [3, 2, 10, 9, 5, 4, 11, 0, 7, 6, 8, 13], "R": [[0.8552710883224701, -0.5166267892428826, -0.040101447807874765], [-0.5178531173899377, -0.8549187100616903, -0.03069442939653956], [-0.018425913524737905, 0.047018717794573436, -0.9987240489182853]], "T": [0.01833902536131895, -0.019877173199471902, -0.2364864005277056], "aligned_model": [[0.5769863534660014, 0.6088056757067266, -0.0795285908616416, -0.04770926862091635, -0.3083672146896481, -0.27654789244892286, 0.4641408719054741, 0.0502245925136913, -0.6589257742268382, -0.6271064519861129, 0.16307049283369598, 0.018405270272966043], [-0.3277974601844, -0.30344233104684576, 0.5390980742183903, 0.5634532033559446, -0.5080841873327436, -0.48372905819518947, 0.3962193347656207, 0.08889382070978166, 0.12005361776750578, 0.14440874690506006, -0.6351227099308908, 0.06453869157222739], [-0.6466962671844455, 0.14576196261174534, -0.6469782910329371, 0.1454799387632537, -0.6056060799931534, 0.18685214980303744, 0.130067489708594, 0.5533747622199259, -0.6108351777972154, 0.18162305199897538, -0.22338901961061872, -0.23908346757626509]], "inverted": false, "swapped": false, "error_lsq": 0.04050367194742891, "error_max": 0.347350337210824, "target": "94.xyz", "model": "7.xyz", "model_rescale": 4.509807586411629, "target_rescale": 4.3922136085731545},
{"mapping": [2, 3, 9, 10, 4, 5, 12, 1, 6, 7, 8, 13], "R": [[-0.8552710883224702, 0.5166267892428826, -0.04010144780787403], [0.5178531173899377, 0.8549187100616903, -0.03069442939653961], [0.01842591352473725, -0.047018717794573096, -0.9987240489182853]], "T": [0.01833902536131902, -0.01987717319947191, -0.23648640052770567], "aligned_model": [[0.5769863534660019, 0.6088056757067265, -0.0795285908616413, -0.04770926862091661, -0.30836721468964773, -0.276547892448923, 0.46414087190547393, 0.05022459251369078, -0.6589257742268378, -0.6271064519861133, 0.1630704928336961, 0.018405270272966116], [-0.32779746018440004, -0.3034423310468457, 0.5390980742183903, 0.5634532033559446, -0.5080841873327437, -0.4837290581951894, 0.39621933476562077, 0.08889382070978168, 0.12005361776750578, 0.1444087469050601, -0.6351227099308908, 0.06453869157222739], [-0.6466962671844452, 0.14576196261174593, -0.6469782910329374, 0.14547993876325374, -0.6056060799931537, 0.18685214980303735, 0.1300674897085944, 0.5533747622199258, -0.610835177797216, 0.18162305199897508, -0.22338901961061847, -0.23908346757626497]], "inverted": true, "swapped": false, "error_lsq": 0.04050367194742892, "error_max": 0.3473503372108244, "target": "94.xyz", "model": "8.xyz", "model_rescale": 4.509807586411629, "target_rescale": 4.3922136085731545},
{"mapping": [2, 3, 11, 12, 6, 7, 10, 1, 4, 5, 8, 13], "R": [[0.8552711477568495, -0.516626692922155, -0.04010142110946639], [-0.5178530202265943, -0.854918768188766, -0.030694449674129196], [-0.01842588551131311, 0.047018719239473, -0.9987240493670931]], "T": [0.018338986078279242, -0.01987716809044087, -0.23648640029088117], "aligned_model": [[0.576986368948171, 0.608805670582618, -0.07952857152257173, -0.04770926988812477, -0.30836708114914185, -0.27654777951469495, 0.46414067023891403, 0.05022471271414314, -0.6589258330630593, -0.6271065314286123, 0.16307029686713748, 0.018405411079696194], [-0.3277974034672891, -0.30344225779755335, 0.5390982614444448, 0.5634534071141806, -0.5080840445570638, -0.4837288988873281, 0.39621921442772035, 0.08889372902326029, 0.120053542360686, 0.14440868803042173, -0.6351230784405427, 0.06453858335352458], [-0.6466962565799462, 0.14576198797054687, -0.6469783197455012, 0.14547992480499186, -0.605606096799649, 0.186852147750844, 0.130067510842961, 0.5533747717519473, -0.6108352022960837, 0.18162304225440942, -0.22338898524507808, -0.23908347279854564]], "inverted": true, "swapped": false, "error_lsq": 0.04050367326701046, "error_max": 0.34735040467654493, "target": "94.xyz", "model": "9.xyz", "model_rescale": 4.509807504472865, "target_rescale": 4.3922136085731545},
{"mapping": [3, 2, 12, 11, 7, 6, 9, 0, 5, 4, 8, 13], "R": [[-0.8552711477568493, 0.5166266929221552, -0.04010142110946602], [0.5178530202265945, 0.8549187681887658, -0.030694449674129647], [0.018425885511312523, -0.0470187192394732, -0.9987240493670928]], "T": [0.018338986078279284, -0.019877168090440926, -0.23648640029088108], "aligned_model": [[0.5769863689481712, 0.6088056705826178, -0.0795285715225714, -0.04770926988812474, -0.3083670811491418, -0.2765477795146951, 0.46414067023891403, 0.050224712714142916, -0.6589258330630589, -0.6271065314286123, 0.16307029686713737, 0.01840541107969626], [-0.3277974034672894, -0.30344225779755335, 0.5390982614444445, 0.5634534071141807, -0.5080840445570639, -0.48372889888732784, 0.3962192144277203, 0.08889372902326056, 0.12005354236068594, 0.144408688030422, -0.6351230784405428, 0.0645385833535245], [-0.6466962565799456, 0.14576198797054707, -0.6469783197455012, 0.14547992480499133, -0.6056060967996487, 0.1868521477508439, 0.13006751084296075, 0.5533747717519473, -0.6108352022960837, 0.1816230422544089, -0.22338898524507755, -0.2390834727985455]], "inverted": false, "swapped": false, "error_lsq": 0.04050367326701044, "error_max": 0.3473504046765447, "target": "94.xyz", "model": "10.xyz", "model_rescale": 4.509807504472865, "target_rescale": 4.3922136085731545},
{"mapping": [2, 3, 11, 12, 6, 7, 10, 1, 4, 5, 8, 13], "R": [[0.8552711477568495, -0.516626692922155, -0.04010142110946574], [-0.5178530202265941, -0.8549187681887661, -0.030694449674128873], [-0.018425885511312717, 0.047018719239472394, -0.998724049367093]], "T": [0.018338986078279305, -0.019877168090440833, -0.2364864002908812], "aligned_model": [[0.5769863689481715, 0.6088056705826178, -0.07952857152257141, -0.047709269888124975, -0.3083670811491415, -0.27654777951469506, 0.4641406702389139, 0.05022471271414268, -0.6589258330630589, -0.6271065314286125, 0.16307029686713753, 0.018405411079696267], [-0.3277974034672887, -0.30344225779755324, 0.539098261444445, 0.5634534071141805, -0.5080840445570638, -0.4837288988873283, 0.3962192144277204, 0.08889372902326007, 0.12005354236068598, 0.14440868803042145, -0.6351230784405427, 0.06453858335352462], [-0.6466962565799459, 0.14576198797054712, -0.646978319745501, 0.14547992480499194, -0.6056060967996494, 0.18685214775084363, 0.13006751084296136, 0.5533747717519473, -0.610835202296084, 0.181623042254409, -0.22338898524507791, -0.23908347279854533]], "inverted": true, "swapped": false, "error_lsq": 0.04050367326701045, "error_max": 0.3473504046765454, "target": "94.xyz", "model": "11.xyz", "model_rescale": 4.509807504472865, "target_rescale": 4.3922136085731545},
{"mapping": [2, 3, 11, 12, 6, 7, 10, 1, 4, 5, 8, 13], "R": [[0.8552710802708189, -0.5166268043318043, -0.04010142514043777], [-0.5178531320656172, -0.8549186998883509, -0.030694465153224382], [-0.018425874801948842, 0.04701873697920381, -0.9987240487295095]], "T": [0.01833905238807922, -0.019877063750627075, -0.23648640070012908], "aligned_model": [[0.5769863626570555, 0.6088056656410696, -0.07952854125065376, -0.04770923826663953, -0.30836717404552433, -0.2765478710615101, 0.464140879437376, 0.05022467681416143, -0.6589258237325714, -0.6271065207485572, 0.16307027459012188, 0.018405373830147214], [-0.32779736254141495, -0.3034422060046503, 0.5390981479794774, 0.5634533045162422, -0.5080840664950895, -0.4837289099583249, 0.39621943366195433, 0.08889364969378137, 0.12005352949976215, 0.14440868603652685, -0.6351229569408203, 0.06453849315701668], [-0.646696226787233, 0.14576197121083287, -0.6469782974622026, 0.14547990053586327, -0.6056060552036001, 0.18685214279446574, 0.13006747006877137, 0.5533747336169974, -0.6108351734075521, 0.1816230245905138, -0.2233889736648918, -0.2390834643810683]], "inverted": true, "swapped": false, "error_lsq": 0.040503670094670347, "error_max": 0.34735032234665786, "target": "94.xyz", "model": "12.xyz", "model_rescale": 4.509807766519439, "target_rescale": 4.3922136085731545},
{"mapping": [3, 2, 12, 11, 7, 6, 9, 0, 5, 4, 8, 13], "R": [[-0.8552710802708193, 0.5166268043318039, -0.040101425140437574], [0.5178531320656166, 0.8549186998883513, -0.03069446515322402], [0.018425874801948905, -0.04701873697920338, -0.9987240487295096]], "T": [0.01833905238807924, -0.019877063750627012, -0.236486400700129], "aligned_model": [[0.5769863626570556, 0.6088056656410697, -0.079528541250654, -0.04770923826663995, -0.308367174045524, -0.27654787106150996, 0.4641408794373757, 0.05022467681416126, -0.6589258237325715, -0.6271065207485573, 0.16307027459012227, 0.01840537383014719], [-0.3277973625414144, -0.30344220600464994, 0.5390981479794776, 0.563453304516242, -0.5080840664950896, -0.48372890995832524, 0.39621943366195467, 0.08889364969378116, 0.12005352949976186, 0.14440868603652626, -0.6351229569408202, 0.06453849315701674], [-0.6466962267872329, 0.14576197121083273, -0.6469782974622023, 0.1454799005358634, -0.6056060552036002, 0.18685214279446544, 0.1300674700687715, 0.5533747336169978, -0.6108351734075521, 0.18162302459051366, -0.22338897366489183, -0.2390834643810681]], "inverted": false, "swapped": false, "error_lsq": 0.04050367009467034, "error_max": 0.3473503223466581, "target": "94.xyz", "model": "13.xyz", "model_rescale": 4.509807766519439, "target_rescale": 4.3922136085731545},
{"mapping": [3, 2, 12, 11, 7, 6, 9, 0, 5, 4, 8, 13], "R": [[-0.8552710802708193, 0.5166268043318039, -0.040101425140437526], [0.5178531320656166, 0.8549186998883513, -0.030694465153224056], [0.018425874801948842, -0.047018736979203384, -0.9987240487295096]], "T": [0.018339052388079247, -0.019877063750627012, -0.23648640070012888], "aligned_model": [[0.5769863626570556, 0.6088056656410696, -0.07952854125065399, -0.04770923826663996, -0.308367174045524, -0.27654787106150996, 0.4641408794373757, 0.05022467681416122, -0.6589258237325715, -0.6271065207485574, 0.1630702745901223, 0.018405373830147183], [-0.3277973625414144, -0.30344220600464994, 0.5390981479794776, 0.563453304516242, -0.5080840664950896, -0.48372890995832524, 0.39621943366195467, 0.08889364969378119, 0.12005352949976184, 0.1444086860365263, -0.6351229569408202, 0.06453849315701674], [-0.646696226787233, 0.1457619712108329, -0.6469782974622025, 0.14547990053586346, -0.6056060552036004, 0.18685214279446555, 0.13006747006877162, 0.5533747336169976, -0.6108351734075521, 0.18162302459051377, -0.22338897366489208, -0.2390834643810684]], "inverted": false, "swapped": false, "error_lsq": 0.040503670094670347, "error_max": 0.3473503223466582, "target": "94.xyz", "model": "14.xyz", "model_rescale": 4.509807766519439, "target_rescale": 4.3922136085731545},
{"mapping": [3, 2, 10, 9, 7, 6, 11, 0, 5, 4, 8, 11], "R": [[-0.8557789847017467, 0.5161131487156561, 0.03563070397366183], [0.516988021758465, 0.8557093056641254, 0.02202202438672693], [-0.01912366861029956, 0.037266632831955186, -0.9991223565591213]], "T": [0.02893505373061957, -0.04094058303507083, -0.20084764229741103], "aligned_model": [[0.6493179792139498, 0.6210527224515991, -0.007761760820677557, -0.03602701758302816, -0.23584943332148892, -0.26411469008383953, 0.060466383017460976, 0.032201126255110374, -0.586825646814619, -0.6150909035769697, 0.20561292210951718, 0.060466383017460976], [-0.2750190496281637, -0.29248876266492274, 0.591116042337994, 0.5736463293012348, -0.456322999889885, -0.47379271292664404, 0.09574145589731647, 0.07827174286055741, 0.1714077381984629, 0.15393802516170382, -0.6037495219405095, 0.09574145589731647], [-0.5808732217159805, 0.21171426030580837, -0.5852151980097811, 0.20737228401200786, -0.6164362514330055, 0.17615123058878346, -0.1967105127184599, 0.5958769693033288, -0.6151167212983284, 0.17747076072346046, -0.20695203512847715, -0.1967105127184599]], "inverted": false, "swapped": false, "error_lsq": 0.05528655493952268, "error_max": 0.5706163605016985, "target": "94.xyz", "model": "15.xyz", "model_rescale": 4.510870436145588, "target_rescale": 4.3922136085731545},
{"mapping": [2, 3, 9, 10, 6, 7, 11, 1, 4, 5, 8, 11], "R": [[0.8557789847017471, -0.5161131487156558, 0.03563070397366225], [-0.5169880217584648, -0.8557093056641257, 0.02202202438672721], [0.019123668610299786, -0.03726663283195563, -0.9991223565591214]], "T": [0.028935053730619612, -0.040940583035070796, -0.2008476422974111], "aligned_model": [[0.6493179792139501, 0.6210527224515991, -0.0077617608206775775, -0.03602701758302851, -0.2358494333214886, -0.26411469008383953, 0.06046638301746099, 0.03220112625511004, -0.586825646814619, -0.6150909035769699, 0.20561292210951745, 0.06046638301746099], [-0.27501904962816337, -0.2924887626649227, 0.5911160423379943, 0.5736463293012349, -0.45632299988988506, -0.4737927129266443, 0.09574145589731654, 0.07827174286055726, 0.17140773819846283, 0.15393802516170352, -0.6037495219405095, 0.09574145589731654], [-0.5808732217159802, 0.21171426030580848, -0.5852151980097808, 0.20737228401200797, -0.6164362514330055, 0.17615123058878318, -0.19671051271846002, 0.595876969303329, -0.6151167212983286, 0.17747076072346019, -0.20695203512847737, -0.19671051271846002]], "inverted": true, "swapped": false, "error_lsq": 0.05528655493952268, "error_max": 0.5706163605016985, "target": "94.xyz", "model": "16.xyz", "model_rescale": 4.510870436145588, "target_rescale": 4.3922136085731545},
{"mapping": [3, 2, 10, 9, 7, 6, 11, 0, 5, 4, 8, 11], "R": [[-0.8557789847017468, 0.5161131487156557, 0.035630703973662206], [0.5169880217584647, 0.8557093056641254, 0.02202202438672732], [-0.01912366861029969, 0.03726663283195571, -0.9991223565591212]], "T": [0.0289350537306196, -0.040940583035070796, -0.20084764229741092], "aligned_model": [[0.6493179792139498, 0.6210527224515989, -0.007761760820677605, -0.03602701758302851, -0.23584943332148856, -0.2641146900838395, 0.060466383017460976, 0.032201126255110055, -0.5868256468146189, -0.6150909035769698, 0.20561292210951737, 0.060466383017460976], [-0.2750190496281633, -0.2924887626649227, 0.5911160423379941, 0.5736463293012347, -0.45632299988988484, -0.4737927129266442, 0.09574145589731652, 0.07827174286055714, 0.17140773819846283, 0.15393802516170346, -0.6037495219405092, 0.09574145589731652], [-0.5808732217159802, 0.21171426030580853, -0.5852151980097806, 0.20737228401200813, -0.6164362514330055, 0.17615123058878324, -0.19671051271846002, 0.5958769693033289, -0.6151167212983284, 0.17747076072346035, -0.20695203512847749, -0.19671051271846002]], "inverted": false, "swapped": false, "error_lsq": 0.05528655493952268, "error_max": 0.5706163605016985, "target": "94.xyz", "model": "17.xyz", "model_rescale": 4.510870436145588, "target_rescale": 4.3922136085731545},
{"mapping": [3, 4, 7, 8, 0, 1, 6, 2, 9, 10, 11, 12], "R": [[-0.5311641129241527, 0.8461345541811698, 0.0438292295406969], [-0.8458254588779754, -0.5325675568371226, 0.030839755485418542], [0.04943660845325329, -0.020690906823317964, 0.9985629214623726]], "T": [0.05207352768311349, -0.007171280921663827, -0.03885438939142538], "aligned_model": [[0.5223634437983712, 0.5574817413268122, -0.15976880738039698, -0.12465050985195592, -0.35827771748820003, -0.32315941995975894, 0.588418630405099, 0.04000673979497577, -0.5455833118926338, -0.5104650143641927, 0.19219384720982083, 0.004888442266534704], [-0.314690439708144, -0.2899799960113032, 0.5267555295754045, 0.5514659732722453, -0.5524368274523788, -0.5277263837555379, 0.43538500553826914, 0.08750576852124264, 0.14434672748220692, 0.16905717117904767, -0.6339881108609935, 0.06279532482440188], [-0.6518035538500596, 0.1482978885954041, -0.6478505299771623, 0.15225091246830147, -0.6058075899709628, 0.19429385247450096, 0.12453772407476463, 0.5605557503666252, -0.6191058752203166, 0.18099556722514715, -0.22624740219650674, -0.23954569207883875]], "inverted": false, "swapped": false, "error_lsq": 0.03941778934318649, "error_max": 0.3351060562477683, "target": "94.xyz", "model": "18.xyz", "model_rescale": 4.466005644533647, "target_rescale": 4.3922136085731545},
{"mapping": [1, 0, 9, 8, 5, 4, 10, 2, 7, 6, 12, 13], "R": [[0.8552710703537318, -0.5166268223830615, -0.04010140409465672], [-0.517853148574559, -0.8549186909479012, -0.030694435641385305], [-0.018425871143526444, 0.04701870119759003, -0.9987240504815603]], "T": [0.018339026445386458, -0.019877108702013535, -0.2364863984653337], "aligned_model": [[0.5769863462806454, 0.6088056329530639, -0.07952854834816407, -0.047709261675745476, -0.30836720568976195, -0.2765479190173433, 0.4641408592660726, 0.05022475085500801, -0.6589258470200872, -0.6271065603476687, 0.16307035242586684, 0.01840546418258941], [-0.32779741057977185, -0.30344227716309735, 0.5390981235885698, 0.5634532570052443, -0.5080841002729937, -0.4837289668563192, 0.3962193743598032, 0.08889377229274237, 0.12005351050780286, 0.14440864392447736, -0.6351228230780648, 0.06453863887606787], [-0.646696226287854, 0.14576198275391272, -0.6469782862798286, 0.14547992276193816, -0.6056060785856887, 0.1868521304560779, 0.13006749839862652, 0.5533747388663336, -0.6108351863964653, 0.1816230226453014, -0.22338899624602415, -0.23908347017543322]], "inverted": false, "swapped": false, "error_lsq": 0.040503679664675885, "error_max": 0.34735035139611037, "target": "94.xyz", "model": "19.xyz", "model_rescale": 4.509807711582247, "target_rescale": 4.3922136085731545},
{"mapping": [1, 0, 9, 8, 5, 4, 10, 2, 7, 6, 12, 13], "R": [[0.8552710703537324, -0.5166268223830603, -0.04010140409465605], [-0.5178531485745581, -0.8549186909479016, -0.030694435641385256], [-0.018425871143525945, 0.04701870119758962, -0.9987240504815603]], "T": [0.018339026445386538, -0.019877108702013514, -0.23648639846533365], "aligned_model": [[0.5769863462806458, 0.6088056329530639, -0.07952854834816445, -0.04770926167574638, -0.3083672056897609, -0.2765479190173428, 0.46414085926607174, 0.05022475085500744, -0.6589258470200868, -0.6271065603476688, 0.16307035242586768, 0.018405464182589384], [-0.3277974105797712, -0.3034422771630967, 0.5390981235885695, 0.563453257005244, -0.5080841002729939, -0.4837289668563194, 0.39621937435980353, 0.08889377229274234, 0.12005351050780225, 0.14440864392447675, -0.6351228230780646, 0.06453863887606787], [-0.6466962262878536, 0.14576198275391317, -0.6469782862798286, 0.14547992276193822, -0.6056060785856892, 0.18685213045607768, 0.1300674983986269, 0.5533747388663335, -0.6108351863964658, 0.181623022645301, -0.22338899624602387, -0.23908347017543294]], "inverted": false, "swapped": false, "error_lsq": 0.04050367966467589, "error_max": 0.347350351396111, "target": "94.xyz", "model": "20.xyz", "model_rescale": 4.509807711582248, "target_rescale": 4.3922136085731545},
{"mapping": [4, 3, 8, 7, 1, 0, 5, 2, 10, 9, 11, 12], "R": [[0.5311641129241526, -0.8461345541811699, 0.043829229540696665], [0.8458254588779756, 0.5325675568371225, 0.03083975548541843], [-0.04943660845325307, 0.020690906823317833, 0.9985629214623727]], "T": [0.052073527683113505, -0.007171280921663806, -0.038854389391425256], "aligned_model": [[0.5223634437983714, 0.5574817413268123, -0.159768807380397, -0.12465050985195612, -0.3582777174882, -0.3231594199597591, 0.588418630405099, 0.0400067397949756, -0.5455833118926338, -0.5104650143641929, 0.19219384720982102, 0.004888442266534725], [-0.3146904397081439, -0.28997999601130325, 0.5267555295754047, 0.5514659732722454, -0.5524368274523789, -0.5277263837555382, 0.4353850055382692, 0.0875057685212426, 0.14434672748220695, 0.16905717117904762, -0.6339881108609936, 0.06279532482440194], [-0.6518035538500596, 0.14829788859540416, -0.6478505299771622, 0.15225091246830147, -0.605807589970963, 0.19429385247450082, 0.12453772407476478, 0.5605557503666254, -0.6191058752203167, 0.18099556722514704, -0.22624740219650674, -0.23954569207883875]], "inverted": true, "swapped": false, "error_lsq": 0.03941778934318648, "error_max": 0.33510605624776846, "target": "94.xyz", "model": "21.xyz", "model_rescale": 4.466005644533646, "target_rescale": 4.3922136085731545},
{"mapping": [3, 4, 7, 8, 0, 1, 6, 2, 9, 10, 11, 12], "R": [[-0.5311641736695383, 0.8461345170917249, 0.04382920939179979], [-0.8458254207307603, -0.5325676167896538, 0.030839766416446656], [0.04943660845556721, -0.020690880429362183, 0.9985629220091585]], "T": [0.05207352751423347, -0.007171283745956748, -0.03885438752931221], "aligned_model": [[0.5223633447014425, 0.5574816263680304, -0.1597688527217135, -0.12465057105512553, -0.3582778414615103, -0.3231595597949224, 0.5884185673727489, 0.04000682753523395, -0.5455831984832193, -0.5104649168166313, 0.1921940923514959, 0.004888545868645948], [-0.3146904271492244, -0.28997997449508217, 0.5267555970568399, 0.5514660497109822, -0.5524367540650496, -0.5277263014109073, 0.4353850303746621, 0.08750571610153524, 0.14434670024603058, 0.16905715290017279, -0.6339883101128917, 0.062795263447393], [-0.6518035397706542, 0.1482979095493458, -0.6478505429307123, 0.15225090638928762, -0.6058075918704277, 0.19429385744957234, 0.12453773534385136, 0.5605557531350287, -0.6191058958310532, 0.18099555348894675, -0.2262473968573181, -0.23954569618497135]], "inverted": false, "swapped": false, "error_lsq": 0.039417792544181346, "error_max": 0.33510606604506443, "target": "94.xyz", "model": "22.xyz", "model_rescale": 4.46600560860683, "target_rescale": 4.3922136085731545},
{"mapping": [0, 1, 8, 9, 4, 5, 11, 3, 6, 7, 12, 13], "R": [[-0.8552711038655492, 0.5166267654426866, -0.04010142292777687], [0.5178530929667775, 0.8549187238085112, -0.030694458561258176], [0.01842587846880298, -0.04701872935176074, -0.998724049020949]], "T": [0.018339014467218674, -0.01987712463879919, -0.2364863991871476], "aligned_model": [[0.5769864077842233, 0.6088057096626962, -0.07952854901017004, -0.0477092471316972, -0.3083671388325619, -0.2765478369540891, 0.4641407741016256, 0.050224691225630794, -0.6589258242793835, -0.6271065224009106, 0.16307021035195401, 0.01840538934715796], [-0.32779730604197743, -0.3034421542381136, 0.5390981923004626, 0.5634533441043265, -0.5080840543389469, -0.4837289025350831, 0.3962193037005598, 0.08889368060680644, 0.12005353857206381, 0.14440869037592757, -0.6351231187045075, 0.06453852880294267], [-0.6466962410081691, 0.1457619734128528, -0.646978304917881, 0.14547990950314088, -0.605606070827065, 0.18685214359395697, 0.1300674881551685, 0.5533747469984953, -0.6108351841295698, 0.1816230302914521, -0.22338897173895864, -0.2390834674225264]], "inverted": true, "swapped": false, "error_lsq": 0.04050367166958504, "error_max": 0.34735036025707805, "target": "94.xyz", "model": "23.xyz", "model_rescale": 4.509807674373902, "target_rescale": 4.3922136085731545},
{"mapping": [1, 0, 9, 8, 5, 4, 10, 2, 7, 6, 12, 13], "R": [[0.855271103865549, -0.516626765442687, -0.04010142292777656], [-0.517853092966778, -0.8549187238085111, -0.030694458561257857], [-0.018425878468802857, 0.04701872935176032, -0.9987240490209491]], "T": [0.0183390144672187, -0.01987712463879917, -0.23648639918714762], "aligned_model": [[0.5769864077842234, 0.6088057096626961, -0.0795285490101697, -0.04770924713169711, -0.308367138832562, -0.2765478369540894, 0.46414077410162563, 0.0502246912256306, -0.6589258242793833, -0.6271065224009106, 0.16307021035195376, 0.018405389347158012], [-0.32779730604197743, -0.30344215423811394, 0.5390981923004626, 0.5634533441043262, -0.5080840543389465, -0.48372890253508305, 0.39621930370055947, 0.08889368060680622, 0.12005353857206424, 0.1444086903759278, -0.6351231187045075, 0.0645385288029427], [-0.6466962410081691, 0.14576197341285305, -0.646978304917881, 0.14547990950314119, -0.6056060708270653, 0.18685214359395688, 0.13006748815516891, 0.5533747469984953, -0.6108351841295702, 0.18162303029145202, -0.2233889717389588, -0.2390834674225264]], "inverted": false, "swapped": false, "error_lsq": 0.04050367166958505, "error_max": 0.3473503602570784, "target": "94.xyz", "model": "24.xyz", "model_rescale": 4.509807674373903, "target_rescale": 4.3922136085731545},
{"mapping": [4, 3, 8, 7, 1, 0, 5, 2, 10, 9, 11, 12], "R": [[0.5311641736695376, -0.8461345170917255, 0.04382920939180001], [0.8458254207307608, 0.5325676167896531, 0.03083976641644679], [-0.04943660845556742, 0.020690880429362336, 0.9985629220091587]], "T": [0.0520735275142335, -0.007171283745956689, -0.0388543875293121], "aligned_model": [[0.5223633447014429, 0.5574816263680309, -0.15976885272171415, -0.12465057105512597, -0.35827784146151015, -0.323159559794922, 0.5884185673727487, 0.04000682753523403, -0.5455831984832198, -0.5104649168166315, 0.19219409235149645, 0.004888545868645858], [-0.3146904271492241, -0.2899799744950817, 0.5267555970568399, 0.5514660497109823, -0.55243675406505, -0.5277263014109076, 0.43538503037466275, 0.08750571610153539, 0.1443467002460301, 0.16905715290017242, -0.6339883101128917, 0.06279526344739304], [-0.6518035397706543, 0.14829790954934569, -0.6478505429307123, 0.15225090638928762, -0.6058075918704275, 0.1942938574495725, 0.1245377353438512, 0.5605557531350289, -0.6191058958310531, 0.18099555348894686, -0.2262473968573181, -0.23954569618497135]], "inverted": true, "swapped": false, "error_lsq": 0.03941779254418134, "error_max": 0.3351060660450644, "target": "94.xyz", "model": "25.xyz", "model_rescale": 4.466005608606829, "target_rescale": 4.3922136085731545},
{"mapping": [3, 4, 7, 8, 0, 1, 6, 2, 9, 10, 11, 12], "R": [[-0.5311640487288821, 0.8461345948758962, 0.04382922189755305], [-0.8458255003133018, -0.5325674919556233, 0.030839739490627238], [0.04943658926032636, -0.02069091265025498, 0.998562922291833]], "T": [0.05207350304643668, -0.007171310578059999, -0.038854391008301695], "aligned_model": [[0.5223633659934166, 0.5574816558755634, -0.15976880082791117, -0.12465051094576432, -0.35827773924775475, -0.3231594493656079, 0.5884186073963016, 0.04000676475657973, -0.5455832596273773, -0.5104649697452305, 0.19219392472782718, 0.004888474874432877], [-0.3146905030236452, -0.2899800732137515, 0.5267555671199675, 0.5514659969298612, -0.5524369484638502, -0.5277265186539565, 0.4353850891044465, 0.08750581693128115, 0.14434675164418134, 0.16905718145407503, -0.6339880043455357, 0.06279538712138748], [-0.6518035268254665, 0.1482978816041931, -0.6478505015164856, 0.15225090691317406, -0.6058075742113787, 0.19429383421828095, 0.12453772125290376, 0.5605557190027807, -0.619105857455077, 0.18099555097458264, -0.22624741261973225, -0.2395456894268791]], "inverted": false, "swapped": false, "error_lsq": 0.03941779244079119, "error_max": 0.3351060664565943, "target": "94.xyz", "model": "26.xyz", "model_rescale": 4.466005838112752, "target_rescale": 4.3922136085731545},
{"mapping": [0, 1, 8, 9, 4, 5, 11, 3, 6, 7, 12, 13], "R": [[-0.8552710396933878, 0.5166268721444843, -0.04010141693255156], [0.5178531987974938, 0.8549186607638386, -0.030694429021698562], [0.018425882800968282, -0.047018703257016826, -0.9987240501695319]], "T": [0.018339056316687447, -0.019877129405573877, -0.236486395367205], "aligned_model": [[0.5769864258531953, 0.6088057214316495, -0.07952858102123225, -0.047709285442778054, -0.3083671006386267, -0.2765478050601725, 0.4641408048955308, 0.05022469974232918, -0.6589258806235728, -0.6271065850451186, 0.1630702456093968, 0.01840540416387498], [-0.32779750741209357, -0.3034423802280336, 0.5390981453124579, 0.563453272496518, -0.5080841379548119, -0.483729010770752, 0.39621936654284634, 0.08889379938083065, 0.12005358301690372, 0.14440871020096369, -0.6351227701771389, 0.06453867219677067], [-0.6466962162101361, 0.14576196069431924, -0.6469782611539587, 0.14547991575049657, -0.6056060611504457, 0.18685211575400962, 0.13006748563960513, 0.553374712333965, -0.6108351581125029, 0.18162301879195247, -0.22338899585591762, -0.23908346457049015]], "inverted": true, "swapped": false, "error_lsq": 0.040503681204375724, "error_max": 0.3473503533558191, "target": "94.xyz", "model": "27.xyz", "model_rescale": 4.509807893063789, "target_rescale": 4.3922136085731545},
{"mapping": [1, 0, 9, 8, 5, 4, 10, 2, 7, 6, 12, 13], "R": [[0.8552710396933878, -0.5166268721444842, -0.04010141693255051], [-0.5178531987974937, -0.8549186607638386, -0.030694429021698586], [-0.018425882800967387, 0.0470187032570163, -0.998724050169532]], "T": [0.018339056316687547, -0.01987712940557388, -0.23648639536720506], "aligned_model": [[0.5769864258531957, 0.608805721431649, -0.0795285810212318, -0.04770928544277843, -0.3083671006386261, -0.2765478050601727, 0.4641408048955303, 0.05022469974232843, -0.6589258806235722, -0.6271065850451188, 0.16307024560939698, 0.018405404163875073], [-0.32779750741209346, -0.3034423802280335, 0.5390981453124578, 0.5634532724965179, -0.5080841379548119, -0.4837290107707519, 0.3962193665428463, 0.08889379938083064, 0.12005358301690361, 0.14440871020096363, -0.6351227701771388, 0.06453867219677065], [-0.6466962162101356, 0.14576196069432001, -0.646978261153959, 0.14547991575049662, -0.6056060611504461, 0.18685211575400945, 0.13006748563960574, 0.553374712333965, -0.6108351581125038, 0.18162301879195192, -0.22338899585591754, -0.2390834645704902]], "inverted": false, "swapped": false, "error_lsq": 0.04050368120437573, "error_max": 0.3473503533558198, "target": "94.xyz", "model": "28.xyz", "model_rescale": 4.5098078930637895, "target_rescale": 4.3922136085731545},
{"mapping": [4, 3, 8, 7, 1, 0, 5, 2, 10, 9, 11, 12], "R": [[0.5311640487288819, -0.8461345948758964, 0.04382922189755266], [0.8458255003133021, 0.532567491955623, 0.030839739490627058], [-0.049436589260326, 0.020690912650254766, 0.9985629222918332]], "T": [0.05207350304643664, -0.007171310578059996, -0.038854391008301556], "aligned_model": [[0.5223633659934168, 0.5574816558755634, -0.15976880082791117, -0.12465051094576464, -0.3582777392477544, -0.32315944936560786, 0.5884186073963013, 0.04000676475657943, -0.5455832596273771, -0.5104649697452306, 0.19219392472782743, 0.004888474874432891], [-0.31469050302364493, -0.2899800732137514, 0.5267555671199676, 0.5514659969298612, -0.5524369484638503, -0.5277265186539567, 0.4353850891044468, 0.08750581693128104, 0.14434675164418126, 0.16905718145407478, -0.6339880043455357, 0.06279538712138752], [-0.6518035268254663, 0.14829788160419322, -0.6478505015164854, 0.15225090691317406, -0.6058075742113788, 0.19429383421828067, 0.12453772125290404, 0.5605557190027808, -0.6191058574550771, 0.18099555097458242, -0.2262474126197323, -0.23954568942687904]], "inverted": true, "swapped": false, "error_lsq": 0.03941779244079118, "error_max": 0.3351060664565946, "target": "94.xyz", "model": "29.xyz", "model_rescale": 4.466005838112752, "target_rescale": 4.3922136085731545},
