[{"mapping": [8, 7, 1, 0, 5, 4, 10, 9, 11, 3, 2, 12], "R": [[0.8645986737881219, -0.5024630665868096, 4.1552373453824444e-17], [-0.5024630665868096, -0.8645986737881219, -8.035820511562453e-18], [3.9963829997706234e-17, -1.3930773232472683e-17, -1.0]], "T": [-0.013582999128591122, -0.07479146593794893, 3.77544550414201e-17], "aligned_model": [[-0.089643499398741, -0.08964349939874106, 0.5822829805195981, 0.5822829805195981, 0.02638303362711651, 0.026383033627116484, -0.5539973435648904, -0.5539973435648904, 0.4907367648763065, -0.3952671430215375, -0.3952671430215375, -0.08964349939874103], [-0.041225495021829546, -0.04122549502182953, -0.09765712067521391, -0.09765712067521391, 0.5270280053134591, 0.5270280053134591, 0.09151405432880728, 0.09151405432880728, 0.3942882616642562, -0.6151411036410417, -0.6151411036410417, -0.04122549502182954], [-0.8041626816572468, 0.8041626816572468, -0.4020813408286233, 0.4020813408286235, -0.4020813408286233, 0.4020813408286235, -0.4020813408286233, 0.4020813408286235, -4.485808662275363e-17, -0.4020813408286233, 0.4020813408286235, -6.547455373009407e-17]], "inverted": false, "swapped": true, "error_lsq": 0.025843789872220777, "error_max": 0.11171854530508056, "target": "95.xyz", "model": "0.xyz", "model_rescale": 4.5108708085295355, "target_rescale": 4.4498458851951534},
{"mapping": [8, 7, 1, 0, 5, 4, 10, 9, 11, 3, 2, 12], "R": [[0.8645986737881219, -0.5024630665868096, 3.1218922341381706e-17], [-0.5024630665868096, -0.8645986737881219, -5.251211894505772e-18], [2.9630378885263496e-17, -1.1146164615416011e-17, -1.0]], "T": [-0.013582999128591101, -0.07479146593794893, -2.644329948558775e-17], "aligned_model": [[-0.08964349939874097, -0.08964349939874103, 0.5822829805195981, 0.5822829805195981, 0.026383033627116532, 0.026383033627116505, -0.5539973435648904, -0.5539973435648904, 0.4907367648763065, -0.3952671430215375, -0.3952671430215375, -0.089643499398741], [-0.041225495021829546, -0.04122549502182953, -0.09765712067521391, -0.09765712067521391, 0.5270280053134591, 0.5270280053134591, 0.09151405432880728, 0.09151405432880728, 0.3942882616642562, -0.6151411036410417, -0.6151411036410417, -0.04122549502182954], [-0.8041626816572468, 0.8041626816572468, -0.40208134082862335, 0.40208134082862346, -0.40208134082862335, 0.40208134082862346, -0.40208134082862335, 0.40208134082862346, -1.1296100132457704e-16, -0.40208134082862335, 0.40208134082862346, -1.2879287270411948e-16]], "inverted": false, "swapped": true, "error_lsq": 0.025843789872220777, "error_max": 0.11171854530508069, "target": "95.xyz", "model": "1.xyz", "model_rescale": 4.510870808529536, "target_rescale": 4.4498458851951534},
{"mapping": [8, 7, 1, 0, 5, 4, 10, 9, 11, 3, 2, 12], "R": [[0.8645986737881217, -0.5024630665868103, 4.4164403225347034e-16], [-0.5024630665868103, -0.8645986737881217, -1.2303177987422407e-16], [4.436637699760249e-16, -1.1553670107279657e-16, -1.0000000000000002]], "T": [-0.013582999128591174, -0.07479146593794897, 1.0476582966970005e-16], "aligned_model": [[-0.08964349939874072, -0.08964349939874144, 0.5822829805195984, 0.5822829805195979, 0.02638303362711707, 0.02638303362711671, -0.5539973435648902, -0.5539973435648906, 0.4907367648763069, -0.3952671430215378, -0.39526714302153815, -0.08964349939874108], [-0.04122549502182962, -0.04122549502182943, -0.0976571206752144, -0.09765712067521429, 0.5270280053134592, 0.5270280053134592, 0.09151405432880758, 0.09151405432880769, 0.3942882616642559, -0.6151411036410415, -0.6151411036410415, -0.041225495021829525], [-0.8041626816572469, 0.8041626816572471, -0.40208134082862307, 0.40208134082862396, -0.4020813408286234, 0.4020813408286236, -0.4020813408286236, 0.4020813408286234, 1.6998514565850037e-16, -0.40208134082862346, 0.40208134082862357, -3.275430185146767e-17]], "inverted": false, "swapped": true, "error_lsq": 0.025843789872220784, "error_max": 0.11171854530508053, "target": "95.xyz", "model": "2.xyz", "model_rescale": 4.5108708085295355, "target_rescale": 4.4498458851951534},
{"mapping": [3, 2, 10, 9, 5, 4, 11, 1, 0, 7, 6, 8, 13], "R": [[0.8556359284298962, -0.5147946656776234, -0.05360606467344572], [-0.5168739733444803, -0.855277359525487, -0.03663241682172605], [-0.026989880677753326, 0.059051591621013574, -0.9978900018879966]], "T": [0.012692593186902301, -0.022072351992946566, -0.03219692940652027], "aligned_model": [[0.5661356437538426, 0.6086704817684206, -0.09148425448590805, -0.04894941647132993, -0.3183364366437282, -0.27580159862915005, 0.4628680289766832, -0.029924476255047246, 0.05514519977410897, -0.6697756276795158, -0.6272407896649378, 0.1584130042790744, 0.012610361759530862], [-0.3317009653252551, -0.30263421839864346, 0.5343495488867749, 0.5634162958133866, -0.5128584545014604, -0.4837917075748487, 0.3967395916337313, 0.03325990646303088, 0.09139340031625419, 0.1147948960473091, 0.14386164297392073, -0.6370472712538205, 0.062326653389642536], [-0.4481353341852154, 0.3436610762626975, -0.44460098534553694, 0.34719542510237594, -0.3939717449165899, 0.39782466553132295, 0.32581957351618335, -0.8270871993333927, 0.7565056215624327, -0.3981337138165186, 0.3936626966313943, -0.01744929212367337, -0.035290788885479915]], "inverted": false, "swapped": false, "error_lsq": 0.0374528395578089, "error_max": 0.33852420734448935, "target": "95.xyz", "model": "3.xyz", "model_rescale": 4.509807743048502, "target_rescale": 4.4498458851951534},
{"mapping": [3, 2, 10, 9, 5, 4, 11, 1, 0, 7, 6, 8, 13], "R": [[0.8556359284298958, -0.5147946656776237, -0.053606064673446634], [-0.5168739733444803, -0.8552773595254866, -0.03663241682172602], [-0.026989880677754104, 0.05905159162101403, -0.9978900018879964]], "T": [0.012692593186902263, -0.022072351992946576, -0.032196929406520344], "aligned_model": [[0.566135643753842, 0.6086704817684209, -0.09148425448590816, -0.04894941647132933, -0.31833643664372874, -0.27580159862914994, 0.46286802897668355, -0.02992447625504799, 0.0551451997741097, -0.669775627679516, -0.6272407896649371, 0.15841300427907412, 0.012610361759530864], [-0.33170096532525517, -0.3026342183986436, 0.5343495488867747, 0.5634162958133864, -0.5128584545014601, -0.48379170757484846, 0.39673959163373096, 0.033259906463030856, 0.09139340031625413, 0.11479489604730922, 0.14386164297392082, -0.6370472712538203, 0.062326653389642495], [-0.44813533418521573, 0.34366107626269665, -0.4446009853455366, 0.3471954251023758, -0.39397174491658943, 0.39782466553132295, 0.3258195735161827, -0.8270871993333927, 0.7565056215624326, -0.39813371381651774, 0.39366269663139464, -0.01744929212367348, -0.035290788885479894]], "inverted": false, "swapped": false, "error_lsq": 0.03745283955780889, "error_max": 0.33852420734448857, "target": "95.xyz", "model": "4.xyz", "model_rescale": 4.509807743048502, "target_rescale": 4.4498458851951534},
{"mapping": [3, 2, 10, 9, 5, 4, 11, 1, 0, 7, 6, 8, 13], "R": [[0.855635928429896, -0.5147946656776233, -0.053606064673446335], [-0.5168739733444802, -0.8552773595254868, -0.036632416821727], [-0.02698988067775336, 0.059051591621014705, -0.9978900018879964]], "T": [0.012692593186902277, -0.022072351992946593, -0.03219692940652022], "aligned_model": [[0.5661356437538422, 0.6086704817684209, -0.09148425448590829, -0.04894941647132968, -0.31833643664372835, -0.27580159862914977, 0.46286802897668333, -0.029924476255047756, 0.05514519977410945, -0.6697756276795159, -0.6272407896649372, 0.15841300427907434, 0.01261036175953083], [-0.33170096532525545, -0.3026342183986431, 0.5343495488867743, 0.5634162958133867, -0.5128584545014606, -0.48379170757484824, 0.3967395916337315, 0.03325990646303008, 0.09139340031625488, 0.11479489604730868, 0.14386164297392107, -0.6370472712538204, 0.06232665338964247], [-0.44813533418521534, 0.34366107626269726, -0.44460098534553727, 0.34719542510237533, -0.39397174491658915, 0.39782466553132345, 0.3258195735161825, -0.8270871993333924, 0.7565056215624326, -0.3981337138165182, 0.3936626966313944, -0.01744929212367312, -0.03529078888548025]], "inverted": false, "swapped": false, "error_lsq": 0.037452839557808884, "error_max": 0.3385242073444885, "target": "95.xyz", "model": "5.xyz", "model_rescale": 4.509807743048502, "target_rescale": 4.4498458851951534},
{"mapping": [2, 3, 9, 10, 4, 5, 12, 0, 1, 6, 7, 8, 13], "R": [[-0.8556359048542685, 0.5147947046990047, -0.05360606624330635], [0.5168740125542184, 0.8552773356525487, -0.036632420957115615], [0.026989877182361115, -0.05905159720906907, -0.997890001651855]], "T": [0.012692598693214624, -0.022072346074329972, -0.03219693104636074], "aligned_model": [[0.5661355973253765, 0.6086704380629342, -0.09148439839871442, -0.04894955766115687, -0.3183365220615145, -0.275801681323957, 0.46286812626246454, -0.029924412549188095, 0.055145268925927, -0.6697755825213881, -0.6272407417838305, 0.15841315801672137, 0.012610428188369452], [-0.33170109297448197, -0.3026343417569994, 0.5343492916914578, 0.5634160429089405, -0.5128585477383714, -0.4837917965208887, 0.3967396887481183, 0.03326000582966212, 0.09139350826462733, 0.11479503026290322, 0.14386178148038584, -0.6370470087724764, 0.06232675704714472], [-0.44813534162658597, 0.3436610961350211, -0.4446009853481228, 0.34719545241348426, -0.393971749371757, 0.3978246883898501, 0.3258195750478639, -0.8270872354979959, 0.7565056400252179, -0.3981337356850883, 0.39366270207651877, -0.017449308822017173, -0.035290797736388976]], "inverted": true, "swapped": false, "error_lsq": 0.03745285224428967, "error_max": 0.33852419117823174, "target": "95.xyz", "model": "6.xyz", "model_rescale": 4.509807586411629, "target_rescale": 4.4498458851951534},
{"mapping": [2, 3, 9, 10, 4, 5, 12, 0, 1, 6, 7, 8, 13], "R": [[-0.8556359048542685, 0.5147947046990049, -0.0536060662433058], [0.5168740125542186, 0.8552773356525487, -0.03663242095711615], [0.026989877182360365, -0.059051597209069245, -0.997890001651855]], "T": [0.012692598693214648, -0.022072346074329993, -0.03219693104636065], "aligned_model": [[0.5661355973253768, 0.608670438062934, -0.09148439839871406, -0.04894955766115697, -0.31833652206151447, -0.2758016813239574, 0.46286812626246454, -0.02992441254918762, 0.055145268925926624, -0.669775582521388, -0.6272407417838308, 0.15841315801672132, 0.012610428188369492], [-0.33170109297448236, -0.3026343417569993, 0.5343492916914577, 0.5634160429089407, -0.5128585477383716, -0.48379179652088855, 0.39673968874811844, 0.03326000582966167, 0.09139350826462773, 0.1147950302629031, 0.14386178148038614, -0.6370470087724766, 0.0623267570471447], [-0.4481353416265853, 0.3436610961350215, -0.444600985348123, 0.3471954524134838, -0.39397174937175683, 0.39782468838984997, 0.32581957504786374, -0.827087235497996, 0.7565056400252181, -0.3981337356850886, 0.3936627020765182, -0.01744930882201677, -0.03529079773638903]], "inverted": true, "swapped": false, "error_lsq": 0.03745285224428965, "error_max": 0.33852419117823157, "target": "95.xyz", "model": "7.xyz", "model_rescale": 4.509807586411629, "target_rescale": 4.4498458851951534},
{"mapping": [2, 3, 9, 10, 4, 5, 12, 0, 1, 6, 7, 8, 13], "R": [[-0.8556359048542685, 0.5147947046990049, -0.053606066243306126], [0.5168740125542186, 0.8552773356525487, -0.036632420957116045], [0.0269898771823607, -0.059051597209069336, -0.997890001651855]], "T": [0.012692598693214631, -0.022072346074329993, -0.03219693104636079], "aligned_model": [[0.5661355973253767, 0.6086704380629341, -0.09148439839871422, -0.048949557661156835, -0.3183365220615146, -0.2758016813239572, 0.4628681262624647, -0.029924412549187887, 0.055145268925926846, -0.6697755825213881, -0.6272407417838307, 0.15841315801672132, 0.012610428188369495], [-0.3317010929744823, -0.3026343417569994, 0.5343492916914577, 0.5634160429089407, -0.5128585477383715, -0.4837917965208886, 0.3967396887481184, 0.03326000582966175, 0.09139350826462765, 0.11479503026290315, 0.1438617814803861, -0.6370470087724766, 0.062326757047144715], [-0.4481353416265857, 0.3436610961350213, -0.4446009853481231, 0.34719545241348393, -0.3939717493717569, 0.39782468838985013, 0.32581957504786374, -0.827087235497996, 0.7565056400252178, -0.39813373568508853, 0.3936627020765185, -0.017449308822016618, -0.03529079773638877]], "inverted": true, "swapped": false, "error_lsq": 0.03745285224428967, "error_max": 0.3385241911782315, "target": "95.xyz", "model": "8.xyz", "model_rescale": 4.509807586411629, "target_rescale": 4.4498458851951534},
{"mapping": [3, 2, 12, 11, 7, 6, 9, 1, 0, 5, 4, 8, 13], "R": [[-0.8556359639529212, 0.5147946061558271, -0.0536060692759923], [0.5168739142172065, 0.8552773951040291, -0.03663242042031177], [0.026989886849327745, -0.059051595210743005, -0.9978900015086468]], "T": [0.012692546041178508, -0.02207233074060556, -0.03219692942419021], "aligned_model": [[0.5661355872328975, 0.6086704311496185, -0.09148440561473947, -0.048949561698018354, -0.318336412899375, -0.27580156898265384, 0.46286792219045175, -0.02992428835851808, 0.05514539947492414, -0.6697756659274098, -0.6272408220106888, 0.15841295036735217, 0.012610555558203031], [-0.3317010169899805, -0.30263426567032176, 0.5343494975955382, 0.5634162489151969, -0.5128583872241036, -0.4837916359044448, 0.39673957128692594, 0.033259907994881266, 0.09139341063419879, 0.11479497224447786, 0.14386172356413662, -0.637047367291023, 0.062326659314540026], [-0.4481353536489257, 0.3436610983852118, -0.4446009998293546, 0.34719545220478293, -0.3939717683051435, 0.397824683728994, 0.32581959581119124, -0.8270872536231673, 0.7565056504451075, -0.39813373484641695, 0.39366271718772056, -0.017449285920970385, -0.03529080158902991]], "inverted": false, "swapped": false, "error_lsq": 0.037452854635934625, "error_max": 0.33852425494310634, "target": "95.xyz", "model": "9.xyz", "model_rescale": 4.509807504472865, "target_rescale": 4.4498458851951534},
{"mapping": [3, 2, 12, 11, 7, 6, 9, 1, 0, 5, 4, 8, 13], "R": [[-0.8556359639529211, 0.5147946061558273, -0.05360606927599225], [0.5168739142172065, 0.855277395104029, -0.03663242042031213], [0.026989886849327502, -0.05905159521074328, -0.9978900015086468]], "T": [0.012692546041178508, -0.022072330740605578, -0.032196929424190245], "aligned_model": [[0.5661355872328975, 0.6086704311496185, -0.0914844056147393, -0.04894956169801823, -0.3183364128993751, -0.27580156898265407, 0.46286792219045186, -0.029924288358518025, 0.05514539947492414, -0.6697756659274098, -0.6272408220106888, 0.158412950367352, 0.012610555558203064], [-0.33170101698998067, -0.3026342656703216, 0.534349497595538, 0.5634162489151969, -0.5128583872241037, -0.48379163590444463, 0.39673957128692605, 0.033259907994880954, 0.09139341063419906, 0.11479497224447774, 0.14386172356413676, -0.6370473672910228, 0.06232665931454001], [-0.44813535364892537, 0.3436610983852119, -0.44460099982935464, 0.34719545220478265, -0.3939717683051432, 0.3978246837289941, 0.3258195958111911, -0.8270872536231676, 0.7565056504451075, -0.3981337348464169, 0.3936627171877204, -0.017449285920970087, -0.03529080158902988]], "inverted": false, "swapped": false, "error_lsq": 0.037452854635934625, "error_max": 0.3385242549431062, "target": "95.xyz", "model": "10.xyz", "model_rescale": 4.509807504472865, "target_rescale": 4.4498458851951534},
{"mapping": [3, 2, 12, 11, 7, 6, 9, 1, 0, 5, 4, 8, 13], "R": [[-0.8556359639529207, 0.5147946061558277, -0.05360606927599219], [0.516873914217207, 0.8552773951040287, -0.03663242042031152], [0.026989886849327745, -0.05905159521074274, -0.9978900015086467]], "T": [0.012692546041178514, -0.02207233074060557, -0.032196929424190134], "aligned_model": [[0.5661355872328973, 0.6086704311496183, -0.09148440561473896, -0.04894956169801794, -0.3183364128993753, -0.2758015689826543, 0.46286792219045203, -0.029924288358517914, 0.055145399474924126, -0.6697756659274097, -0.6272408220106886, 0.15841295036735162, 0.012610555558203092], [-0.3317010169899807, -0.3026342656703222, 0.5343494975955382, 0.5634162489151967, -0.5128583872241033, -0.4837916359044447, 0.39673957128692555, 0.03325990799488145, 0.09139341063419859, 0.11479497224447832, 0.1438617235641369, -0.637047367291023, 0.062326659314540005], [-0.4481353536489256, 0.34366109838521186, -0.44460099982935436, 0.3471954522047831, -0.3939717683051435, 0.39782468372899393, 0.32581959581119146, -0.8270872536231673, 0.7565056504451075, -0.3981337348464169, 0.39366271718772056, -0.01744928592097072, -0.03529080158903011]], "inverted": false, "swapped": false, "error_lsq": 0.03745285463593463, "error_max": 0.3385242549431065, "target": "95.xyz", "model": "11.xyz", "model_rescale": 4.509807504472865, "target_rescale": 4.4498458851951534},
{"mapping": [3, 2, 12, 11, 7, 6, 9, 1, 0, 5, 4, 8, 13], "R": [[-0.8556358960739654, 0.5147947195122783, -0.05360606413435959], [0.5168740271523479, 0.8552773269637077, -0.036632417844431144], [0.026989875972599636, -0.059051593916589235, -0.9978900018794125]], "T": [0.012692615403375584, -0.02207221804021157, -0.0321969353466336], "aligned_model": [[0.5661355877692459, 0.6086704251347058, -0.09148436686533713, -0.048949529499877215, -0.3183364995464078, -0.27580166218094787, 0.4628681311866919, -0.029924315431602285, 0.05514535929931752, -0.6697756493574853, -0.6272408119920254, 0.1584129300319079, 0.01261052193385762], [-0.331700961140849, -0.30263421355402653, 0.5343494001953043, 0.5634161477821268, -0.5128583936375161, -0.48379164605069364, 0.3967397915571517, 0.03325982987262298, 0.09139332504626803, 0.11479497567840437, 0.14386172326522692, -0.6370472380034435, 0.062326577459445504], [-0.44813532847875587, 0.343661077841504, -0.4446009722403458, 0.3471954340799141, -0.3939717412108803, 0.3978246651093796, 0.32581955860499456, -0.8270872009386603, 0.7565056117018591, -0.3981337138474699, 0.39366269247279, -0.01744928847592899, -0.03529079461840053]], "inverted": false, "swapped": false, "error_lsq": 0.037452850581655935, "error_max": 0.33852418215153585, "target": "95.xyz", "model": "12.xyz", "model_rescale": 4.509807766519439, "target_rescale": 4.4498458851951534},
{"mapping": [3, 2, 12, 11, 7, 6, 9, 1, 0, 5, 4, 8, 13], "R": [[-0.8556358960739653, 0.5147947195122785, -0.05360606413435999], [0.5168740271523481, 0.8552773269637076, -0.03663241784443037], [0.026989875972600372, -0.05905159391658879, -0.9978900018794126]], "T": [0.012692615403375563, -0.02207221804021156, -0.03219693534663366], "aligned_model": [[0.5661355877692456, 0.6086704251347057, -0.09148436686533713, -0.04894952949987692, -0.3183364995464081, -0.2758016621809478, 0.46286813118669223, -0.029924315431602618, 0.05514535929931785, -0.6697756493574856, -0.6272408119920254, 0.15841293003190776, 0.012610521933857624], [-0.3317009611408489, -0.302634213554027, 0.5343494001953047, 0.5634161477821266, -0.5128583936375157, -0.4837916460506938, 0.39673979155715133, 0.033259829872623596, 0.09139332504626743, 0.11479497567840488, 0.1438617232652268, -0.6370472380034435, 0.06232657745944552], [-0.4481353284787562, 0.3436610778415035, -0.44460097224034517, 0.34719543407991454, -0.3939717412108804, 0.3978246651093793, 0.3258195586049946, -0.8270872009386606, 0.7565056117018594, -0.3981337138474694, 0.39366269247279034, -0.01744928847592948, -0.03529079461840043]], "inverted": false, "swapped": false, "error_lsq": 0.03745285058165593, "error_max": 0.3385241821515358, "target": "95.xyz", "model": "13.xyz", "model_rescale": 4.509807766519439, "target_rescale": 4.4498458851951534},
{"mapping": [3, 2, 12, 11, 7, 6, 9, 1, 0, 5, 4, 8, 13], "R": [[-0.8556358960739653, 0.5147947195122785, -0.053606064134359394], [0.5168740271523481, 0.8552773269637076, -0.03663241784443081], [0.026989875972599636, -0.05905159391658886, -0.9978900018794125]], "T": [0.01269261540337559, -0.022072218040211568, -0.03219693534663353], "aligned_model": [[0.5661355877692459, 0.6086704251347056, -0.09148436686533688, -0.04894952949987713, -0.31833649954640786, -0.2758016621809481, 0.46286813118669196, -0.029924315431602105, 0.055145359299317395, -0.6697756493574852, -0.6272408119920255, 0.15841293003190776, 0.012610521933857631], [-0.33170096114084907, -0.3026342135540268, 0.5343494001953045, 0.5634161477821268, -0.5128583936375158, -0.48379164605069364, 0.3967397915571515, 0.03325982987262325, 0.09139332504626776, 0.11479497567840471, 0.14386172326522698, -0.6370472380034435, 0.0623265774594455], [-0.44813532847875576, 0.34366107784150407, -0.44460097224034556, 0.34719543407991427, -0.39397174121088047, 0.39782466510937936, 0.3258195586049948, -0.8270872009386601, 0.7565056117018594, -0.3981337138474699, 0.39366269247278995, -0.017449288475929386, -0.03529079461840073]], "inverted": false, "swapped": false, "error_lsq": 0.037452850581655935, "error_max": 0.33852418215153607, "target": "95.xyz", "model": "14.xyz", "model_rescale": 4.509807766519439, "target_rescale": 4.4498458851951534},
{"mapping": [8, 7, 1, 0, 10, 9, 5, 4, 11, 3, 2, 12], "R": [[-0.8645986692956218, 0.5024630743171484, -1.6922623883753057e-17], [0.5024630743171484, 0.8645986692956218, -1.717058674005662e-16], [-7.164457992149792e-17, -1.5695965808692336e-16, -1.0000000000000002]], "T": [0.013582855227656142, 0.07479157643734531, 2.2473242313622416e-17], "aligned_model": [[0.08964335519769417, 0.0896433551976942, -0.5822831242160923, -0.5822831242160923, 0.5539971981770251, 0.5539971981770251, -0.026383182908892952, -0.026383182908892938, -0.49073691297126276, 0.3952670039518449, 0.3952670039518449, 0.08964335519769417], [0.041225604841172186, 0.041225604841172464, 0.09765723650222174, 0.09765723650222188, -0.0915139486612319, -0.09151394866123179, -0.5270278944567284, -0.5270278944567282, -0.39428814665575895, 0.6151412107278168, 0.615141210727817, 0.041225604841172325], [-0.804162681657247, 0.804162681657247, -0.40208134082862346, 0.40208134082862357, -0.40208134082862346, 0.40208134082862357, -0.40208134082862335, 0.4020813408286237, 1.1752612460087174e-17, -0.40208134082862357, 0.40208134082862346, -7.284921099334305e-17]], "inverted": false, "swapped": true, "error_lsq": 0.025843794357814056, "error_max": 0.11171869761677758, "target": "95.xyz", "model": "15.xyz", "model_rescale": 4.510870436145588, "target_rescale": 4.4498458851951534},
{"mapping": [8, 7, 1, 0, 10, 9, 5, 4, 11, 3, 2, 12], "R": [[-0.8645986692956222, 0.5024630743171478, -1.483142730772432e-17], [0.5024630743171478, 0.8645986692956222, -1.6394561087186944e-16], [-6.955338334546912e-17, -1.4919940155822666e-16, -1.0000000000000002]], "T": [0.013582855227656076, 0.07479157643734528, -4.066012295946346e-17], "aligned_model": [[0.08964335519769415, 0.08964335519769417, -0.5822831242160923, -0.5822831242160923, 0.5539971981770252, 0.5539971981770252, -0.026383182908892574, -0.02638318290889256, -0.4907369129712625, 0.3952670039518444, 0.3952670039518444, 0.08964335519769416], [0.04122560484117222, 0.041225604841172485, 0.09765723650222127, 0.09765723650222141, -0.09151394866123148, -0.09151394866123137, -0.5270278944567285, -0.5270278944567283, -0.39428814665575945, 0.615141210727817, 0.6151412107278172, 0.04122560484117235], [-0.804162681657247, 0.804162681657247, -0.4020813408286235, 0.4020813408286235, -0.4020813408286235, 0.4020813408286235, -0.4020813408286234, 0.4020813408286236, -5.607556356909235e-17, -0.4020813408286236, 0.4020813408286234, -1.360839993595418e-16]], "inverted": false, "swapped": true, "error_lsq": 0.025843794357814056, "error_max": 0.11171869761677768, "target": "95.xyz", "model": "16.xyz", "model_rescale": 4.510870436145588, "target_rescale": 4.4498458851951534},
{"mapping": [8, 7, 1, 0, 10, 9, 5, 4, 11, 3, 2, 12], "R": [[-0.8645986692956219, 0.5024630743171483, 2.3520840297985404e-17], [0.5024630743171483, 0.8645986692956219, 2.426612297391259e-16], [1.0159222028994796e-16, 2.216229300487358e-16, -1.0]], "T": [0.013582855227656131, 0.07479157643734531, 1.0304218654159275e-16], "aligned_model": [[0.0896433551976942, 0.08964335519769417, -0.5822831242160923, -0.5822831242160923, 0.5539971981770252, 0.5539971981770252, -0.026383182908892865, -0.02638318290889288, -0.49073691297126276, 0.39526700395184483, 0.39526700395184483, 0.08964335519769419], [0.041225604841172526, 0.04122560484117214, 0.09765723650222183, 0.09765723650222163, -0.09151394866123168, -0.0915139486612319, -0.5270278944567282, -0.5270278944567284, -0.3942881466557591, 0.6151412107278171, 0.6151412107278169, 0.04122560484117233], [-0.8041626816572467, 0.8041626816572469, -0.40208134082862323, 0.40208134082862357, -0.40208134082862323, 0.40208134082862357, -0.4020813408286234, 0.4020813408286234, -1.224460849784183e-16, -0.40208134082862307, 0.40208134082862373, -3.1127508721688822e-18]], "inverted": false, "swapped": true, "error_lsq": 0.02584379435781405, "error_max": 0.11171869761677766, "target": "95.xyz", "model": "17.xyz", "model_rescale": 4.510870436145588, "target_rescale": 4.4498458851951534},
{"mapping": [9, 8, 3, 5, 1, 2, 7, 0, 6, 11, 4, 10, 12], "R": [[0.35745911403998565, 0.8403614526051983, 0.40745013285680715], [0.4329585144355437, -0.5356736400016544, 0.7249832247611978], [0.8275082516612846, -0.08274285698874145, -0.5553230708784076]], "T": [-0.09074688692176375, -0.11864647161318534, 0.07233280427035726], "aligned_model": [[0.579386053131562, 0.3386084866368106, -0.32143792516405423, 0.20639406791600418, -0.3672260970896701, -0.2584827647221332, 0.6650790895567604, -0.04075549416972027, -0.12007653500394563, -0.5521535209349948, -0.647908528084004, 0.25291545021161227, 0.06798783819781662], [-0.06019623500834784, -0.3456131702037938, 0.6333653376623173, 0.7139741866610915, -0.569938663857934, -0.5743736247447072, 0.23528174529208049, 0.0109562516379402, 0.13307927116521714, 0.07767365745277016, 0.05247042216644307, -0.641091150504222, 0.006521290751167141], [-0.44181562183372614, 0.45176433240443503, -0.1973099223436896, 0.29520568404978015, -0.35897924788234564, 0.4364472147282456, 0.006810108205553722, -0.803933472081227, 0.7401599082486614, -0.37062487824539875, 0.24764430185519168, 0.0031386023651551187, -0.008507009470635804]], "inverted": true, "swapped": false, "error_lsq": 0.05034013759011081, "error_max": 0.33425183840030426, "target": "95.xyz", "model": "18.xyz", "model_rescale": 4.466005644533647, "target_rescale": 4.4498458851951534},
{"mapping": [1, 0, 9, 8, 5, 4, 10, 3, 2, 7, 6, 12, 13], "R": [[0.8556358874925225, -0.514794733743744, -0.05360606443856539], [-0.5168740414257229, -0.8552773182904916, -0.03663241894914458], [-0.02698987467780933, 0.05905159546983822, -0.9978900018225172]], "T": [0.012692580682309107, -0.02207227688316775, -0.0321969317076974], "aligned_model": [[0.5661355547714435, 0.608670392896429, -0.09148439348268286, -0.048949555357697315, -0.3183365463456969, -0.2758017082207114, 0.46286810880029855, -0.029924235359626322, 0.055145440890344774, -0.6697756900059664, -0.6272408518809809, 0.1584130010115305, 0.01261060276535922], [-0.3317010337848047, -0.3026342849673416, 0.5343493490370653, 0.5634160978545283, -0.5128584536813484, -0.48379170486388534, 0.39673973105075044, 0.03325996047061532, 0.0913934581055414, 0.11479492911254198, 0.14386167793000498, -0.6370471170817241, 0.06232670928807836], [-0.4481353291185523, 0.34366108680200097, -0.4446009747697187, 0.34719544115083456, -0.3939717410985491, 0.3978246748220042, 0.32581956590505157, -0.8270872202005493, 0.7565056116405573, -0.3981337151482757, 0.39366270077227755, -0.017449296477085048, -0.035290804279996]], "inverted": false, "swapped": false, "error_lsq": 0.03745286092216459, "error_max": 0.3385241902384761, "target": "95.xyz", "model": "19.xyz", "model_rescale": 4.509807711582247, "target_rescale": 4.4498458851951534},
{"mapping": [0, 1, 8, 9, 4, 5, 11, 2, 3, 6, 7, 12, 13], "R": [[-0.8556358874925222, 0.5147947337437442, -0.05360606443856558], [0.5168740414257234, 0.8552773182904913, -0.03663241894914429], [0.02698987467780961, -0.0590515954698381, -0.9978900018225171]], "T": [0.012692580682309131, -0.02207227688316777, -0.03219693170769737], "aligned_model": [[0.5661355547714432, 0.6086703928964289, -0.0914843934826827, -0.04894955535769699, -0.3183365463456971, -0.2758017082207114, 0.46286810880029855, -0.029924235359626416, 0.05514544089034497, -0.6697756900059662, -0.6272408518809804, 0.15841300101153025, 0.012610602765359273], [-0.33170103378480476, -0.3026342849673419, 0.5343493490370651, 0.5634160978545278, -0.5128584536813481, -0.4837917048638852, 0.39673973105075, 0.03325996047061551, 0.09139345810554111, 0.11479492911254241, 0.1438616779300052, -0.6370471170817242, 0.06232670928807831], [-0.44813532911855253, 0.34366108680200075, -0.4446009747697186, 0.34719544115083467, -0.39397174109854927, 0.397824674822004, 0.32581956590505157, -0.8270872202005488, 0.7565056116405573, -0.3981337151482756, 0.39366270077227766, -0.0174492964770852, -0.03529080427999595]], "inverted": true, "swapped": false, "error_lsq": 0.03745286092216459, "error_max": 0.3385241902384761, "target": "95.xyz", "model": "20.xyz", "model_rescale": 4.509807711582248, "target_rescale": 4.4498458851951534},
{"mapping": [10, 7, 4, 6, 0, 2, 8, 1, 5, 11, 3, 9, 12], "R": [[-0.35745911403998587, -0.8403614526051983, 0.4074501328568071], [-0.43295851443554306, 0.5356736400016544, 0.7249832247611983], [-0.8275082516612849, 0.08274285698874201, -0.5553230708784074]], "T": [-0.09074688692176378, -0.11864647161318548, 0.07233280427035732], "aligned_model": [[0.579386053131562, 0.33860848663681076, -0.32143792516405445, 0.20639406791600426, -0.36722609708967024, -0.25848276472213316, 0.6650790895567604, -0.040755494169720546, -0.12007653500394544, -0.5521535209349951, -0.6479085280840041, 0.2529154502116123, 0.06798783819781667], [-0.0601962350083477, -0.3456131702037941, 0.6333653376623176, 0.7139741866610914, -0.569938663857934, -0.5743736247447077, 0.23528174529208035, 0.010956251637940562, 0.13307927116521673, 0.07767365745277044, 0.05247042216644307, -0.6410911505042223, 0.006521290751167086], [-0.4418156218337264, 0.45176433240443487, -0.1973099223436891, 0.2952056840497808, -0.35897924788234614, 0.4364472147282455, 0.006810108205553833, -0.8039334720812272, 0.7401599082486618, -0.37062487824539864, 0.24764430185519193, 0.003138602365154633, -0.008507009470635776]], "inverted": false, "swapped": false, "error_lsq": 0.05034013759011081, "error_max": 0.3342518384003047, "target": "95.xyz", "model": "21.xyz", "model_rescale": 4.466005644533646, "target_rescale": 4.4498458851951534},
{"mapping": [9, 8, 3, 5, 1, 2, 7, 0, 6, 11, 4, 10, 12], "R": [[0.3574590507882975, 0.8403614938336044, 0.4074501033148504], [0.43295855259559723, -0.5356735817122542, 0.7249832450408011], [0.8275082590185157, -0.08274281562358027, -0.5553230660785011]], "T": [-0.09074689099018378, -0.1186464719857955, 0.07233280403988937], "aligned_model": [[0.5793859764567456, 0.33860858126612725, -0.32143787970273574, 0.20639409253012003, -0.36722596033592564, -0.2584828462455996, 0.6650791631417935, -0.04075537846025941, -0.12007648934554616, -0.5521538074554199, -0.6479084615784019, 0.25291539458107926, 0.06798773563006673], [-0.06019613539990057, -0.34561319606000673, 0.6333652628361908, 0.7139741575307889, -0.5699387541146086, -0.5743735750602763, 0.23528174035797247, 0.01095618230337056, 0.13307922111280965, 0.07767379900564725, 0.05247032641821156, -0.6410910718178797, 0.006521361357703009], [-0.44181559147427296, 0.45176434637305785, -0.197309954734919, 0.2952056751404971, -0.35897926473297903, 0.43644722715114825, 0.006810122440677829, -0.8039334886653591, 0.7401598990728772, -0.3706248754450647, 0.24764426919746105, 0.003138632458106999, -0.008506996781231818]], "inverted": true, "swapped": false, "error_lsq": 0.05034013351303615, "error_max": 0.33425178852573634, "target": "95.xyz", "model": "22.xyz", "model_rescale": 4.46600560860683, "target_rescale": 4.4498458851951534},
{"mapping": [1, 0, 9, 8, 5, 4, 10, 3, 2, 7, 6, 12, 13], "R": [[0.8556359198399554, -0.5147946798471226, -0.05360606570838841], [-0.5168739876121442, -0.8552773508351286, -0.03663241840727354], [-0.026989879761766044, 0.059051593962762945, -0.9978900017741948]], "T": [0.012692576209206007, -0.022072282274150028, -0.03219693155717474], "aligned_model": [[0.5661356298871104, 0.6086704693705985, -0.09148437814171974, -0.04894953865823155, -0.3183364669624921, -0.2758016274790039, 0.4628680259582558, -0.02992430357567916, 0.05514537539129721, -0.6697756529347553, -0.6272408134512671, 0.15841286517012176, 0.01261053590780902], [-0.33170091053846973, -0.3026341619111491, 0.5343494381364094, 0.5634161867637301, -0.5128583876596589, -0.48379163903233824, 0.39673966114675513, 0.03325986114892977, 0.09139335840357102, 0.11479497826931184, 0.14386172689663246, -0.6370474029299522, 0.062326609776250395], [-0.4481353421384889, 0.34366108027646936, -0.44460098201778375, 0.3471954403971745, -0.39397175121727657, 0.3978246711976817, 0.3258195755858805, -0.8270872196922263, 0.75650562513769, -0.39813372158708465, 0.3936627008278736, -0.017449279492641204, -0.03529079727726828]], "inverted": false, "swapped": false, "error_lsq": 0.03745285253764489, "error_max": 0.33852421558254137, "target": "95.xyz", "model": "23.xyz", "model_rescale": 4.509807674373902, "target_rescale": 4.4498458851951534},
{"mapping": [1, 0, 9, 8, 5, 4, 10, 3, 2, 7, 6, 12, 13], "R": [[0.8556359198399552, -0.5147946798471232, -0.05360606570838835], [-0.5168739876121446, -0.8552773508351283, -0.036632418407273215], [-0.026989879761766124, 0.05905159396276265, -0.997890001774195]], "T": [0.012692576209206007, -0.022072282274150028, -0.03219693155717476], "aligned_model": [[0.5661356298871102, 0.6086704693705983, -0.0914843781417194, -0.048949538658231276, -0.3183364669624924, -0.2758016274790043, 0.4628680259582561, -0.029924303575679056, 0.0551453753912972, -0.6697756529347552, -0.627240813451267, 0.15841286517012138, 0.012610535907809079], [-0.3317009105384699, -0.3026341619111495, 0.5343494381364094, 0.5634161867637298, -0.5128583876596585, -0.4837916390323381, 0.39673966114675474, 0.03325986114893002, 0.09139335840357074, 0.11479497826931229, 0.14386172689663268, -0.6370474029299522, 0.06232660977625038], [-0.44813534213848916, 0.34366108027646936, -0.44460098201778375, 0.34719544039717476, -0.3939717512172769, 0.3978246711976816, 0.3258195755858807, -0.8270872196922263, 0.75650562513769, -0.3981337215870848, 0.3936627008278737, -0.017449279492641197, -0.035290797277268075]], "inverted": false, "swapped": false, "error_lsq": 0.037452852537644896, "error_max": 0.3385242155825415, "target": "95.xyz", "model": "24.xyz", "model_rescale": 4.509807674373903, "target_rescale": 4.4498458851951534},
{"mapping": [10, 7, 4, 6, 0, 2, 8, 1, 5, 11, 3, 9, 12], "R": [[-0.35745905078829815, -0.8403614938336044, 0.4074501033148499], [-0.43295855259559757, 0.5356735817122542, 0.7249832450408011], [-0.8275082590185154, 0.08274281562358077, -0.5553230660785017]], "T": [-0.09074689099018377, -0.11864647198579559, 0.07233280403988951], "aligned_model": [[0.5793859764567452, 0.3386085812661278, -0.3214378797027361, 0.20639409253012017, -0.3672259603359259, -0.25848284624559925, 0.6650791631417936, -0.04075537846026017, -0.12007648934554556, -0.5521538074554203, -0.6479084615784018, 0.25291539458107937, 0.06798773563006669], [-0.06019613539990076, -0.3456131960600066, 0.6333652628361908, 0.7139741575307891, -0.5699387541146088, -0.5743735750602763, 0.23528174035797245, 0.010956182303370199, 0.13307922111281, 0.07767379900564708, 0.052470326418211644, -0.6410910718178798, 0.006521361357703009], [-0.4418155914742735, 0.45176434637305785, -0.19730995473491886, 0.295205675140497, -0.35897926473297903, 0.43644722715114875, 0.006810122440677413, -0.8039334886653594, 0.7401598990728774, -0.3706248754450645, 0.24764426919746152, 0.0031386324581068603, -0.008506996781231874]], "inverted": false, "swapped": false, "error_lsq": 0.05034013351303613, "error_max": 0.33425178852573667, "target": "95.xyz", "model": "25.xyz", "model_rescale": 4.466005608606829, "target_rescale": 4.4498458851951534},
{"mapping": [9, 8, 3, 5, 1, 2, 7, 0, 6, 11, 4, 10, 12], "R": [[0.3574591401743307, 0.8403614356072668, 0.40745014498699306], [0.43295847091974576, -0.5356736612455287, 0.7249832350521261], [0.8275082631398093, -0.08274289209294045, -0.5553230485433072]], "T": [-0.09074690059028973, -0.11864648689103766, 0.07233276299953308], "aligned_model": [[0.579386043764808, 0.3386084939305982, -0.3214379512778228, 0.20639410934467617, -0.3672261590074795, -0.2584827384801796, 0.66507909241902, -0.04075556051905768, -0.12007648914374565, -0.5521534760671571, -0.6479085497662447, 0.2529154452763861, 0.06798786000824225], [-0.060196203375916496, -0.3456131548791709, 0.6333652588321029, 0.7139741661776035, -0.5699386827318413, -0.5743735814484953, 0.23528174368343843, 0.010956215830768029, 0.13307926761499397, 0.0776737133214577, 0.05247036026949353, -0.6410911019385258, 0.006521317114114217], [-0.4418155567584229, 0.4517643512642009, -0.19731001075715393, 0.2952057541984387, -0.3589793766341336, 0.43644723483973413, 0.006810164247931974, -0.8039335636504025, 0.7401599412147076, -0.37062479230532663, 0.247644176259115, 0.003138630257846012, -0.00850695217653484]], "inverted": true, "swapped": false, "error_lsq": 0.05034013987054565, "error_max": 0.3342518108164833, "target": "95.xyz", "model": "26.xyz", "model_rescale": 4.466005838112752, "target_rescale": 4.4498458851951534},
{"mapping": [0, 1, 8, 9, 4, 5, 11, 2, 3, 6, 7, 12, 13], "R": [[-0.8556358568570671, 0.5147947846345229, -0.053606064708836956], [0.5168740923249604, 0.8552772875084472, -0.03663241945929418], [0.026989871131987517, -0.05905159765229385, -0.9978900017892708]], "T": [0.012692616294238488, -0.022072300825986928, -0.03219693152135874], "aligned_model": [[0.5661356453869971, 0.6086704820147685, -0.09148441472035868, -0.04894957809258728, -0.31833643099638487, -0.2758015943686135, 0.4628680556142581, -0.02992428809437751, 0.05514538516116527, -0.6697757129700785, -0.6272408763423072, 0.1584128993561681, 0.012610548533393886], [-0.33170113697052805, -0.30263438891796657, 0.5343493646674361, 0.5634161127199976, -0.5128584968652118, -0.48379174881265036, 0.3967397221576603, 0.03325999119532703, 0.09139348730045, 0.11479499613170516, 0.14386174418426664, -0.6370470675683525, 0.062326739247888514], [-0.4481353129844501, 0.3436610710466288, -0.44460095725317084, 0.34719542677790804, -0.3939717281618203, 0.3978246558692586, 0.325819553985992, -0.8270871853203617, 0.756505582741796, -0.3981336990527986, 0.3936626849782803, -0.01744929133797914, -0.03529080128928283]], "inverted": true, "swapped": false, "error_lsq": 0.03745286189415285, "error_max": 0.3385241918836877, "target": "95.xyz", "model": "27.xyz", "model_rescale": 4.509807893063789, "target_rescale": 4.4498458851951534},
