[{"mapping": [8, 7, 1, 0, 5, 4, 10, 9, 11, 3, 2, 12], "R": [[0.8645986737881219, -0.5024630665868096, -2.285625991704272e-17], [-0.5024630665868096, -0.8645986737881219, 6.1591947962135366e-18], [-2.285625991704272e-17, 6.1591947962135366e-18, -1.0]], "T": [-0.013582999128591122, -0.07479146593794893, 3.687539374558673e-17], "aligned_model": [[-0.08964349939874104, -0.08964349939874101, 0.5822829805195981, 0.5822829805195981, 0.02638303362711649, 0.026383033627116505, -0.5539973435648904, -0.5539973435648904, 0.4907367648763065, -0.3952671430215375, -0.3952671430215375, -0.08964349939874103], [-0.04122549502182953, -0.041225495021829546, -0.09765712067521391, -0.09765712067521391, 0.5270280053134591, 0.5270280053134591, 0.09151405432880728, 0.09151405432880728, 0.3942882616642562, -0.6151411036410417, -0.6151411036410417, -0.04122549502182954], [-0.8041626816572468, 0.8041626816572468, -0.4020813408286235, 0.4020813408286236, -0.4020813408286235, 0.4020813408286236, -0.4020813408286235, 0.4020813408286236, 1.2803646789707183e-16, -0.4020813408286235, 0.4020813408286236, 1.386193760042039e-16]], "inverted": false, "swapped": true, "error_lsq": 0.025843789872220777, "error_max": 0.11171854530508057, "target": "96.xyz", "model": "0.xyz", "model_rescale": 4.5108708085295355, "target_rescale": 4.4498458851951534},
{"mapping": [8, 7, 1, 0, 5, 4, 10, 9, 11, 3, 2, 12], "R": [[0.8645986737881219, -0.5024630665868096, -1.820086247640085e-17], [-0.5024630665868096, -0.8645986737881219, 4.9046807245859696e-18], [-1.820086247640085e-17, 4.9046807245859696e-18, -1.0]], "T": [-0.013582999128591101, -0.07479146593794893, -2.662241680440401e-17], "aligned_model": [[-0.08964349939874103, -0.089643499398741, 0.5822829805195981, 0.5822829805195981, 0.02638303362711651, 0.026383033627116526, -0.5539973435648904, -0.5539973435648904, 0.4907367648763065, -0.3952671430215375, -0.3952671430215375, -0.089643499398741], [-0.04122549502182953, -0.041225495021829546, -0.09765712067521391, -0.09765712067521391, 0.5270280053134591, 0.5270280053134591, 0.09151405432880728, 0.09151405432880728, 0.3942882616642562, -0.6151411036410417, -0.6151411036410417, -0.04122549502182954], [-0.8041626816572468, 0.8041626816572468, -0.40208134082862357, 0.40208134082862357, -0.40208134082862357, 0.40208134082862357, -0.40208134082862357, 0.40208134082862357, 6.629799916670241e-17, -0.40208134082862357, 0.40208134082862357, 7.472536461307946e-17]], "inverted": false, "swapped": true, "error_lsq": 0.025843789872220784, "error_max": 0.1117185453050807, "target": "96.xyz", "model": "1.xyz", "model_rescale": 4.510870808529536, "target_rescale": 4.4498458851951534},
{"mapping": [8, 7, 1, 0, 5, 4, 10, 9, 11, 3, 2, 12], "R": [[0.8645986737881219, -0.5024630665868096, -2.8818791527015092e-16], [-0.5024630665868096, -0.8645986737881219, 1.0112371385381562e-16], [-2.9997782071197137e-16, 5.737235477336113e-17, -1.0]], "T": [-0.013582999128591122, -0.07479146593794893, 7.031138513330456e-17], "aligned_model": [[-0.08964349939874126, -0.08964349939874079, 0.5822829805195979, 0.5822829805195981, 0.02638303362711638, 0.026383033627116616, -0.5539973435648906, -0.5539973435648904, 0.4907367648763065, -0.3952671430215376, -0.39526714302153737, -0.08964349939874103], [-0.041225495021829456, -0.04122549502182962, -0.09765712067521387, -0.09765712067521395, 0.5270280053134591, 0.5270280053134591, 0.09151405432880731, 0.09151405432880726, 0.3942882616642562, -0.6151411036410417, -0.6151411036410417, -0.04122549502182954], [-0.8041626816572467, 0.8041626816572469, -0.4020813408286237, 0.40208134082862346, -0.40208134082862346, 0.4020813408286237, -0.40208134082862335, 0.4020813408286238, 7.220639220549572e-17, -0.40208134082862346, 0.4020813408286237, 1.9542420212033689e-16]], "inverted": false, "swapped": true, "error_lsq": 0.025843789872220777, "error_max": 0.1117185453050806, "target": "96.xyz", "model": "2.xyz", "model_rescale": 4.5108708085295355, "target_rescale": 4.4498458851951534},
{"mapping": [2, 3, 9, 10, 4, 5, 11, 0, 1, 6, 7, 8, 13], "R": [[-0.855635928429896, 0.5147946656776237, 0.053606064673446155], [0.5168739733444805, 0.8552773595254868, 0.03663241682172662], [-0.02698988067775339, 0.059051591621014296, -0.9978900018879964]], "T": [0.012692593186902284, -0.02207235199294659, 0.03219692940652026], "aligned_model": [[0.6086704817684208, 0.5661356437538423, -0.04894941647132961, -0.09148425448590806, -0.27580159862915005, -0.3183364366437285, 0.4628680289766835, 0.055145199774109324, -0.029924476255047582, -0.6272407896649375, -0.6697756276795159, 0.15841300427907423, 0.012610361759530873], [-0.3026342183986434, -0.33170096532525556, 0.5634162958133867, 0.5343495488867746, -0.48379170757484835, -0.5128584545014605, 0.39673959163373135, 0.0913934003162546, 0.03325990646303039, 0.14386164297392118, 0.11479489604730907, -0.6370472712538205, 0.062326653389642495], [-0.3436610762626973, 0.44813533418521534, -0.34719542510237555, 0.4446009853455371, -0.39782466553132323, 0.39397174491658943, -0.3258195735161828, -0.7565056215624325, 0.8270871993333925, -0.39366269663139436, 0.3981337138165183, 0.017449292123673063, 0.03529078888547996]], "inverted": true, "swapped": false, "error_lsq": 0.0374528395578089, "error_max": 0.33852420734448874, "target": "96.xyz", "model": "3.xyz", "model_rescale": 4.509807743048502, "target_rescale": 4.4498458851951534},
{"mapping": [3, 2, 10, 9, 5, 4, 12, 1, 0, 7, 6, 8, 13], "R": [[0.8556359284298957, -0.514794665677624, 0.053606064673447223], [-0.5168739733444808, -0.8552773595254866, 0.036632416821726466], [0.026989880677754357, -0.059051591621014726, -0.9978900018879964]], "T": [0.01269259318690225, -0.022072351992946604, 0.03219692940652031], "aligned_model": [[0.608670481768421, 0.5661356437538416, -0.048949416471328916, -0.09148425448590822, -0.2758015986291498, -0.3183364366437292, 0.46286802897668394, 0.0551451997741102, -0.02992447625504843, -0.6272407896649369, -0.6697756276795163, 0.15841300427907387, 0.012610361759530874], [-0.3026342183986438, -0.3317009653252557, 0.5634162958133866, 0.5343495488867747, -0.4837917075748483, -0.5128584545014603, 0.396739591633731, 0.09139340031625448, 0.03325990646303051, 0.14386164297392137, 0.11479489604730939, -0.6370472712538207, 0.062326653389642495], [-0.34366107626269654, 0.44813533418521584, -0.3471954251023756, 0.44460098534553677, -0.3978246655313234, 0.393971744916589, -0.3258195735161823, -0.7565056215624327, 0.8270871993333926, -0.39366269663139497, 0.3981337138165174, 0.01744929212367344, 0.035290788885480096]], "inverted": false, "swapped": false, "error_lsq": 0.0374528395578089, "error_max": 0.3385242073444881, "target": "96.xyz", "model": "4.xyz", "model_rescale": 4.509807743048502, "target_rescale": 4.4498458851951534},
{"mapping": [2, 3, 9, 10, 4, 5, 11, 0, 1, 6, 7, 8, 13], "R": [[-0.8556359284298958, 0.5147946656776237, 0.053606064673446134], [0.5168739733444805, 0.8552773595254866, 0.03663241682172625], [-0.02698988067775356, 0.05905159162101397, -0.9978900018879964]], "T": [0.012692593186902284, -0.022072351992946583, 0.03219692940652017], "aligned_model": [[0.6086704817684206, 0.5661356437538422, -0.0489494164713295, -0.09148425448590795, -0.27580159862915005, -0.3183364366437285, 0.46286802897668344, 0.055145199774109324, -0.02992447625504756, -0.6272407896649373, -0.6697756276795158, 0.1584130042790741, 0.012610361759530864], [-0.30263421839864363, -0.33170096532525545, 0.5634162958133865, 0.5343495488867747, -0.48379170757484835, -0.5128584545014602, 0.396739591633731, 0.09139340031625431, 0.033259906463030675, 0.1438616429739211, 0.11479489604730927, -0.6370472712538204, 0.062326653389642474], [-0.3436610762626972, 0.4481353341852154, -0.3471954251023758, 0.4446009853455368, -0.39782466553132306, 0.39397174491658954, -0.32581957351618296, -0.7565056215624326, 0.8270871993333924, -0.3936626966313944, 0.3981337138165182, 0.01744929212367349, 0.03529078888548014]], "inverted": true, "swapped": false, "error_lsq": 0.0374528395578089, "error_max": 0.3385242073444889, "target": "96.xyz", "model": "5.xyz", "model_rescale": 4.509807743048502, "target_rescale": 4.4498458851951534},
{"mapping": [2, 3, 9, 10, 4, 5, 11, 0, 1, 6, 7, 8, 13], "R": [[-0.855635904854269, 0.5147947046990041, 0.053606066243306924], [0.5168740125542178, 0.8552773356525492, 0.03663242095711551], [-0.0269898771823617, 0.05905159720906926, -0.9978900016518549]], "T": [0.012692598693214614, -0.022072346074329945, 0.0321969310463606], "aligned_model": [[0.6086704380629345, 0.5661355973253764, -0.04894955766115708, -0.0914843983987151, -0.27580168132395655, -0.3183365220615145, 0.46286812626246454, 0.0551452689259274, -0.029924412549188612, -0.6272407417838304, -0.6697755825213885, 0.1584131580167218, 0.012610428188369393], [-0.30263434175699905, -0.3317010929744816, 0.5634160429089404, 0.534349291691458, -0.4837917965208891, -0.5128585477383716, 0.3967396887481186, 0.09139350826462728, 0.03326000582966223, 0.14386178148038534, 0.1147950302629028, -0.6370470087724764, 0.06232675704714475], [-0.3436610961350206, 0.44813534162658636, -0.34719545241348426, 0.4446009853481227, -0.3978246883898501, 0.3939717493717569, -0.3258195750478636, -0.756505640025218, 0.8270872354979956, -0.3936627020765191, 0.39813373568508786, 0.017449308822017208, 0.035290797736388824]], "inverted": true, "swapped": false, "error_lsq": 0.03745285224428966, "error_max": 0.33852419117823146, "target": "96.xyz", "model": "6.xyz", "model_rescale": 4.509807586411629, "target_rescale": 4.4498458851951534},
{"mapping": [3, 2, 10, 9, 5, 4, 12, 1, 0, 7, 6, 8, 13], "R": [[0.8556359048542685, -0.5147947046990049, 0.05360606624330606], [-0.5168740125542184, -0.8552773356525487, 0.0366324209571163], [0.026989877182360504, -0.05905159720906952, -0.997890001651855]], "T": [0.012692598693214641, -0.022072346074329993, 0.03219693104636063], "aligned_model": [[0.6086704380629341, 0.5661355973253767, -0.04894955766115687, -0.09148439839871418, -0.27580168132395727, -0.3183365220615146, 0.46286812626246465, 0.05514526892592682, -0.029924412549187828, -0.6272407417838307, -0.6697755825213881, 0.15841315801672132, 0.012610428188369485], [-0.30263434175699916, -0.3317010929744823, 0.5634160429089408, 0.5343492916914576, -0.4837917965208885, -0.5128585477383716, 0.39673968874811855, 0.09139350826462786, 0.03326000582966154, 0.1438617814803861, 0.11479503026290293, -0.6370470087724764, 0.0623267570471447], [-0.3436610961350214, 0.4481353416265854, -0.3471954524134837, 0.4446009853481231, -0.3978246883898502, 0.3939717493717566, -0.32581957504786363, -0.7565056400252181, 0.827087235497996, -0.3936627020765184, 0.3981337356850884, 0.017449308822016688, 0.035290797736389025]], "inverted": false, "swapped": false, "error_lsq": 0.03745285224428966, "error_max": 0.33852419117823146, "target": "96.xyz", "model": "7.xyz", "model_rescale": 4.509807586411629, "target_rescale": 4.4498458851951534},
{"mapping": [2, 3, 9, 10, 4, 5, 11, 0, 1, 6, 7, 8, 13], "R": [[-0.8556359048542685, 0.5147947046990047, 0.05360606624330622], [0.5168740125542184, 0.8552773356525487, 0.03663242095711577], [-0.026989877182360934, 0.05905159720906914, -0.997890001651855]], "T": [0.012692598693214638, -0.022072346074329972, 0.03219693104636052], "aligned_model": [[0.6086704380629341, 0.5661355973253767, -0.04894955766115691, -0.09148439839871438, -0.27580168132395705, -0.31833652206151447, 0.4628681262624645, 0.055145268925926916, -0.029924412549187984, -0.6272407417838306, -0.669775582521388, 0.15841315801672134, 0.01261042818836945], [-0.3026343417569993, -0.331701092974482, 0.5634160429089405, 0.5343492916914578, -0.48379179652088866, -0.5128585477383714, 0.3967396887481184, 0.09139350826462744, 0.033260005829661994, 0.14386178148038586, 0.11479503026290314, -0.6370470087724764, 0.06232675704714471], [-0.3436610961350212, 0.4481353416265858, -0.34719545241348415, 0.44460098534812287, -0.39782468838985013, 0.3939717493717569, -0.3258195750478639, -0.7565056400252181, 0.8270872354979957, -0.39366270207651866, 0.39813373568508836, 0.01744930882201713, 0.03529079773638906]], "inverted": true, "swapped": false, "error_lsq": 0.03745285224428967, "error_max": 0.33852419117823174, "target": "96.xyz", "model": "8.xyz", "model_rescale": 4.509807586411629, "target_rescale": 4.4498458851951534},
{"mapping": [3, 2, 12, 11, 7, 6, 10, 1, 0, 5, 4, 8, 13], "R": [[-0.8556359639529211, 0.5147946061558273, 0.05360606927599216], [0.5168739142172065, 0.855277395104029, 0.03663242042031221], [-0.026989886849327387, 0.059051595210743296, -0.9978900015086468]], "T": [0.012692546041178508, -0.022072330740605578, 0.03219692942419025], "aligned_model": [[0.6086704311496185, 0.5661355872328975, -0.04894956169801826, -0.09148440561473926, -0.27580156898265407, -0.3183364128993751, 0.46286792219045186, 0.055145399474924056, -0.02992428835851794, -0.6272408220106888, -0.6697756659274098, 0.158412950367352, 0.01261055555820306], [-0.3026342656703216, -0.33170101698998067, 0.563416248915197, 0.5343494975955378, -0.48379163590444463, -0.5128583872241037, 0.39673957128692605, 0.09139341063419912, 0.033259907994880905, 0.14386172356413682, 0.11479497224447768, -0.6370473672910228, 0.06232665931454001], [-0.3436610983852121, 0.4481353536489254, -0.34719545220478276, 0.44460099982935475, -0.39782468372899427, 0.39397176830514324, -0.32581959581119124, -0.7565056504451074, 0.8270872536231674, -0.3936627171877205, 0.398133734846417, 0.017449285920970135, 0.03529080158902999]], "inverted": false, "swapped": false, "error_lsq": 0.03745285463593464, "error_max": 0.33852425494310634, "target": "96.xyz", "model": "9.xyz", "model_rescale": 4.509807504472865, "target_rescale": 4.4498458851951534},
{"mapping": [3, 2, 12, 11, 7, 6, 10, 1, 0, 5, 4, 8, 13], "R": [[-0.8556359639529207, 0.5147946061558277, 0.05360606927599202], [0.516873914217207, 0.8552773951040287, 0.03663242042031206], [-0.026989886849327318, 0.05905159521074313, -0.9978900015086467]], "T": [0.012692546041178514, -0.022072330740605592, 0.03219692942419019], "aligned_model": [[0.6086704311496182, 0.5661355872328974, -0.04894956169801801, -0.09148440561473889, -0.27580156898265434, -0.31833641289937525, 0.462867922190452, 0.055145399474924015, -0.02992428835851779, -0.6272408220106888, -0.6697756659274096, 0.15841295036735165, 0.012610555558203103], [-0.30263426567032203, -0.331701016989981, 0.5634162489151969, 0.534349497595538, -0.4837916359044445, -0.5128583872241035, 0.3967395712869257, 0.091393410634199, 0.033259907994881, 0.14386172356413707, 0.11479497224447811, -0.637047367291023, 0.06232665931454], [-0.3436610983852121, 0.4481353536489252, -0.3471954522047827, 0.4446009998293546, -0.39782468372899404, 0.39397176830514324, -0.32581959581119124, -0.7565056504451078, 0.8270872536231674, -0.3936627171877203, 0.398133734846417, 0.017449285920970215, 0.035290801589030016]], "inverted": false, "swapped": false, "error_lsq": 0.03745285463593463, "error_max": 0.3385242549431063, "target": "96.xyz", "model": "10.xyz", "model_rescale": 4.509807504472865, "target_rescale": 4.4498458851951534},
{"mapping": [2, 3, 11, 12, 6, 7, 9, 0, 1, 4, 5, 8, 13], "R": [[0.8556359639529211, -0.5147946061558273, 0.053606069275992166], [-0.5168739142172065, -0.855277395104029, 0.03663242042031215], [0.026989886849327425, -0.059051595210743275, -0.9978900015086468]], "T": [0.012692546041178514, -0.02207233074060557, 0.03219692942419013], "aligned_model": [[0.6086704311496185, 0.5661355872328975, -0.04894956169801826, -0.09148440561473926, -0.27580156898265407, -0.3183364128993751, 0.46286792219045186, 0.05514539947492407, -0.02992428835851794, -0.6272408220106888, -0.6697756659274098, 0.15841295036735198, 0.01261055555820305], [-0.3026342656703216, -0.33170101698998067, 0.5634162489151969, 0.534349497595538, -0.4837916359044446, -0.5128583872241037, 0.3967395712869261, 0.09139341063419909, 0.033259907994880954, 0.1438617235641368, 0.11479497224447771, -0.6370473672910228, 0.062326659314540005], [-0.3436610983852121, 0.44813535364892537, -0.34719545220478276, 0.4446009998293547, -0.3978246837289942, 0.39397176830514324, -0.3258195958111912, -0.7565056504451075, 0.8270872536231673, -0.39366271718772045, 0.398133734846417, 0.01744928592097033, 0.035290801589030155]], "inverted": true, "swapped": false, "error_lsq": 0.03745285463593463, "error_max": 0.3385242549431063, "target": "96.xyz", "model": "11.xyz", "model_rescale": 4.509807504472865, "target_rescale": 4.4498458851951534},
{"mapping": [3, 2, 12, 11, 7, 6, 10, 1, 0, 5, 4, 8, 13], "R": [[-0.8556358960739656, 0.5147947195122783, 0.053606064134359616], [0.5168740271523479, 0.855277326963708, 0.03663241784443063], [-0.02698987597259994, 0.05905159391658882, -0.9978900018794128]], "T": [0.012692615403375577, -0.022072218040211557, 0.032196935346633704], "aligned_model": [[0.6086704251347059, 0.566135587769246, -0.048949529499877256, -0.0914843668653372, -0.27580166218094787, -0.3183364995464078, 0.46286813118669196, 0.055145359299317534, -0.02992431543160232, -0.6272408119920255, -0.6697756493574855, 0.158412930031908, 0.012610521933857605], [-0.30263421355402664, -0.3317009611408488, 0.5634161477821267, 0.5343494001953046, -0.4837916460506939, -0.5128583936375161, 0.3967397915571517, 0.09139332504626765, 0.03325982987262342, 0.1438617232652267, 0.11479497567840458, -0.6370472380034436, 0.06232657745944553], [-0.34366107784150407, 0.44813532847875615, -0.34719543407991466, 0.44460097224034556, -0.3978246651093796, 0.39397174121088063, -0.32581955860499495, -0.7565056117018595, 0.8270872009386606, -0.39366269247279034, 0.3981337138474699, 0.017449288475929414, 0.035290794618400595]], "inverted": false, "swapped": false, "error_lsq": 0.03745285058165594, "error_max": 0.33852418215153623, "target": "96.xyz", "model": "12.xyz", "model_rescale": 4.509807766519439, "target_rescale": 4.4498458851951534},
{"mapping": [3, 2, 12, 11, 7, 6, 10, 1, 0, 5, 4, 8, 13], "R": [[-0.8556358960739653, 0.5147947195122785, 0.05360606413435999], [0.5168740271523481, 0.8552773269637076, 0.0366324178444307], [-0.026989875972600205, 0.05905159391658907, -0.9978900018794125]], "T": [0.01269261540337557, -0.022072218040211568, 0.03219693534663362], "aligned_model": [[0.6086704251347057, 0.5661355877692456, -0.04894952949987691, -0.09148436686533712, -0.2758016621809478, -0.3183364995464081, 0.46286813118669223, 0.05514535929931787, -0.029924315431602604, -0.6272408119920254, -0.6697756493574856, 0.15841293003190776, 0.012610521933857621], [-0.30263421355402687, -0.331700961140849, 0.5634161477821268, 0.5343494001953045, -0.4837916460506937, -0.5128583936375158, 0.39673979155715144, 0.09139332504626768, 0.03325982987262333, 0.14386172326522692, 0.11479497567840477, -0.6370472380034435, 0.06232657745944551], [-0.34366107784150357, 0.44813532847875603, -0.34719543407991427, 0.44460097224034534, -0.3978246651093794, 0.3939717412108802, -0.32581955860499445, -0.7565056117018595, 0.8270872009386603, -0.3936626924727903, 0.3981337138474693, 0.017449288475929435, 0.035290794618400616]], "inverted": false, "swapped": false, "error_lsq": 0.037452850581655935, "error_max": 0.3385241821515357, "target": "96.xyz", "model": "13.xyz", "model_rescale": 4.509807766519439, "target_rescale": 4.4498458851951534},
{"mapping": [2, 3, 11, 12, 6, 7, 9, 0, 1, 4, 5, 8, 13], "R": [[0.8556358960739652, -0.5147947195122787, 0.05360606413435964], [-0.5168740271523483, -0.8552773269637075, 0.036632417844430165], [0.026989875972600164, -0.059051593916588443, -0.9978900018794127]], "T": [0.012692615403375584, -0.022072218040211557, 0.03219693534663352], "aligned_model": [[0.6086704251347058, 0.5661355877692459, -0.048949529499876895, -0.09148436686533684, -0.2758016621809481, -0.318336499546408, 0.4628681311866922, 0.05514535929931762, -0.029924315431602292, -0.6272408119920254, -0.6697756493574853, 0.15841293003190762, 0.012610521933857645], [-0.30263421355402714, -0.3317009611408489, 0.5634161477821266, 0.5343494001953047, -0.4837916460506938, -0.5128583936375155, 0.39673979155715117, 0.09139332504626727, 0.03325982987262377, 0.14386172326522687, 0.1147949756784051, -0.6370472380034435, 0.062326577459445504], [-0.34366107784150385, 0.4481353284787562, -0.34719543407991477, 0.4446009722403453, -0.39782466510937925, 0.3939717412108808, -0.325819558604995, -0.7565056117018596, 0.8270872009386603, -0.3936626924727903, 0.39813371384746976, 0.0174492884759298, 0.03529079461840067]], "inverted": true, "swapped": false, "error_lsq": 0.03745285058165594, "error_max": 0.3385241821515362, "target": "96.xyz", "model": "14.xyz", "model_rescale": 4.509807766519439, "target_rescale": 4.4498458851951534},
{"mapping": [8, 7, 1, 0, 10, 9, 5, 4, 11, 3, 2, 12], "R": [[-0.8645986692956219, 0.5024630743171482, 1.3437774695196448e-17], [0.5024630743171482, 0.8645986692956219, 2.663149895349853e-17], [1.763062718087557e-18, 2.9777544141872163e-17, -1.0]], "T": [0.013582855227656124, 0.0747915764373453, 3.978483171816953e-17], "aligned_model": [[0.08964335519769419, 0.08964335519769416, -0.5822831242160923, -0.5822831242160923, 0.5539971981770251, 0.5539971981770251, -0.026383182908892817, -0.02638318290889283, -0.49073691297126276, 0.3952670039518448, 0.3952670039518448, 0.08964335519769417], [0.04122560484117235, 0.04122560484117231, 0.09765723650222168, 0.09765723650222165, -0.09151394866123169, -0.09151394866123169, -0.5270278944567284, -0.5270278944567284, -0.3942881466557591, 0.6151412107278169, 0.6151412107278169, 0.04122560484117233], [-0.8041626816572468, 0.8041626816572468, -0.4020813408286235, 0.4020813408286236, -0.4020813408286235, 0.4020813408286236, -0.4020813408286235, 0.4020813408286236, 1.2031438448574328e-16, -0.4020813408286235, 0.4020813408286236, 1.3971178778416018e-16]], "inverted": false, "swapped": true, "error_lsq": 0.025843794357814056, "error_max": 0.11171869761677747, "target": "96.xyz", "model": "15.xyz", "model_rescale": 4.510870436145588, "target_rescale": 4.4498458851951534},
{"mapping": [7, 8, 0, 1, 9, 10, 4, 5, 11, 2, 3, 12], "R": [[0.8645986692956219, -0.5024630743171482, -2.899229068688074e-17], [-0.5024630743171482, -0.8645986692956219, 6.2319460508432916e-18], [-2.819801871939426e-17, 9.1794232473453e-18, -1.0]], "T": [0.013582855227656124, 0.0747915764373453, 1.0589197511460532e-17], "aligned_model": [[0.08964335519769415, 0.0896433551976942, -0.5822831242160923, -0.5822831242160923, 0.5539971981770251, 0.5539971981770251, -0.026383182908892838, -0.02638318290889281, -0.49073691297126276, 0.3952670039518448, 0.3952670039518448, 0.08964335519769417], [0.04122560484117234, 0.041225604841172325, 0.09765723650222166, 0.09765723650222166, -0.09151394866123169, -0.09151394866123169, -0.5270278944567284, -0.5270278944567284, -0.3942881466557591, 0.6151412107278169, 0.6151412107278169, 0.04122560484117233], [-0.8041626816572468, 0.8041626816572468, -0.40208134082862357, 0.40208134082862357, -0.40208134082862357, 0.40208134082862357, -0.40208134082862357, 0.40208134082862357, -7.751148103926277e-17, -0.40208134082862357, 0.40208134082862357, -9.16239362792177e-17]], "inverted": true, "swapped": true, "error_lsq": 0.02584379435781405, "error_max": 0.11171869761677747, "target": "96.xyz", "model": "16.xyz", "model_rescale": 4.510870436145588, "target_rescale": 4.4498458851951534},
{"mapping": [8, 7, 1, 0, 10, 9, 5, 4, 11, 3, 2, 12], "R": [[-0.8645986692956221, 0.5024630743171482, -4.6750540794947475e-18], [0.5024630743171482, 0.8645986692956221, 3.7920279334663034e-17], [2.3095585669476035e-17, 3.043678100668607e-17, -1.0000000000000002]], "T": [0.01358285522765611, 0.07479157643734531, 8.889556321746747e-17], "aligned_model": [[0.08964335519769417, 0.08964335519769417, -0.5822831242160924, -0.5822831242160924, 0.5539971981770252, 0.5539971981770252, -0.026383182908892782, -0.026383182908892782, -0.49073691297126276, 0.3952670039518448, 0.3952670039518448, 0.08964335519769417], [0.041225604841172374, 0.04122560484117232, 0.09765723650222163, 0.0976572365022216, -0.09151394866123162, -0.09151394866123168, -0.5270278944567283, -0.5270278944567283, -0.39428814665575923, 0.6151412107278171, 0.6151412107278171, 0.041225604841172346], [-0.8041626816572469, 0.8041626816572471, -0.40208134082862357, 0.4020813408286238, -0.40208134082862357, 0.4020813408286238, -0.40208134082862357, 0.4020813408286238, 1.732644356188647e-16, -0.40208134082862357, 0.4020813408286238, 1.8706592958935384e-16]], "inverted": false, "swapped": true, "error_lsq": 0.025843794357814056, "error_max": 0.11171869761677768, "target": "96.xyz", "model": "17.xyz", "model_rescale": 4.510870436145588, "target_rescale": 4.4498458851951534},
{"mapping": [9, 8, 3, 5, 1, 2, 7, 0, 6, 11, 4, 10, 12], "R": [[0.3574591140399862, 0.8403614526051981, 0.4074501328568072], [0.4329585144355437, -0.5356736400016547, 0.7249832247611975], [0.8275082516612844, -0.08274285698874168, -0.555323070878408]], "T": [-0.09074688692176375, -0.11864647161318528, 0.0723328042703573], "aligned_model": [[0.5793860531315618, 0.3386084866368106, -0.3214379251640541, 0.20639406791600456, -0.3672260970896704, -0.2584827647221332, 0.6650790895567604, -0.0407554941697206, -0.12007653500394525, -0.552153520934995, -0.647908528084004, 0.25291545021161205, 0.06798783819781667], [-0.060196235008348226, -0.3456131702037938, 0.6333653376623173, 0.7139741866610912, -0.569938663857934, -0.574373624744707, 0.23528174529208015, 0.010956251637939979, 0.13307927116521737, 0.07767365745277033, 0.05247042216644343, -0.6410911505042222, 0.006521290751167114], [-0.4418156218337265, 0.451764332404435, -0.19730992234368966, 0.29520568404977987, -0.35897924788234536, 0.4364472147282459, 0.00681010820555332, -0.803933472081227, 0.7401599082486614, -0.3706248782453985, 0.24764430185519193, 0.0031386023651551465, -0.008507009470635873]], "inverted": true, "swapped": false, "error_lsq": 0.05034013759011081, "error_max": 0.3342518384003042, "target": "96.xyz", "model": "18.xyz", "model_rescale": 4.466005644533647, "target_rescale": 4.4498458851951534},
{"mapping": [1, 0, 9, 8, 5, 4, 11, 3, 2, 7, 6, 12, 13], "R": [[0.8556358874925222, -0.5147947337437444, 0.05360606443856616], [-0.5168740414257234, -0.8552773182904913, 0.0366324189491441], [0.0269898746778102, -0.059051595469838236, -0.9978900018225171]], "T": [0.01269258068230909, -0.02207227688316775, 0.03219693170769734], "aligned_model": [[0.6086703928964291, 0.566135554771443, -0.048949555357696725, -0.09148439348268288, -0.2758017082207113, -0.31833654634569747, 0.462868108800299, 0.05514544089034541, -0.02992423535962691, -0.6272408518809806, -0.6697756900059667, 0.1584130010115301, 0.012610602765359255], [-0.3026342849673421, -0.33170103378480476, 0.5634160978545282, 0.5343493490370654, -0.48379170486388534, -0.512858453681348, 0.39673973105074994, 0.09139345810554102, 0.033259960470615704, 0.14386167793000515, 0.11479492911254248, -0.6370471170817241, 0.06232670928807836], [-0.3436610868020003, 0.44813532911855286, -0.3471954411508348, 0.4446009747697184, -0.39782467482200407, 0.3939717410985491, -0.32581956590505134, -0.7565056116405574, 0.8270872202005489, -0.393662700772278, 0.39813371514827517, 0.017449296477085173, 0.035290804279995716]], "inverted": false, "swapped": false, "error_lsq": 0.03745286092216459, "error_max": 0.33852419023847574, "target": "96.xyz", "model": "19.xyz", "model_rescale": 4.509807711582247, "target_rescale": 4.4498458851951534},
{"mapping": [1, 0, 9, 8, 5, 4, 11, 3, 2, 7, 6, 12, 13], "R": [[0.8556358874925226, -0.5147947337437437, 0.05360606443856587], [-0.5168740414257227, -0.8552773182904917, 0.036632418949144235], [0.02698987467780993, -0.05905159546983818, -0.9978900018225171]], "T": [0.01269258068230912, -0.022072276883167746, 0.03219693170769736], "aligned_model": [[0.6086703928964292, 0.5661355547714433, -0.04894955535769725, -0.09148439348268318, -0.27580170822071104, -0.31833654634569697, 0.46286810880029855, 0.055145440890345135, -0.02992423535962671, -0.6272408518809806, -0.6697756900059665, 0.15841300101153066, 0.012610602765359207], [-0.3026342849673415, -0.33170103378480426, 0.563416097854528, 0.5343493490370652, -0.48379170486388545, -0.5128584536813482, 0.3967397310507503, 0.0913934581055411, 0.03325996047061559, 0.14386167793000468, 0.11479492911254187, -0.6370471170817239, 0.06232670928807835], [-0.3436610868020006, 0.4481353291185527, -0.3471954411508348, 0.4446009747697185, -0.3978246748220041, 0.39397174109854916, -0.32581956590505146, -0.7565056116405573, 0.8270872202005488, -0.39366270077227794, 0.39813371514827534, 0.017449296477085294, 0.03529080427999593]], "inverted": false, "swapped": false, "error_lsq": 0.03745286092216459, "error_max": 0.33852419023847596, "target": "96.xyz", "model": "20.xyz", "model_rescale": 4.509807711582248, "target_rescale": 4.4498458851951534},
{"mapping": [10, 7, 4, 6, 0, 2, 8, 1, 5, 11, 3, 9, 12], "R": [[-0.35745911403998587, -0.8403614526051987, 0.4074501328568066], [-0.4329585144355438, 0.535673640001654, 0.7249832247611983], [-0.8275082516612846, 0.08274285698874195, -0.5553230708784078]], "T": [-0.0907468869217637, -0.11864647161318548, 0.07233280427035738], "aligned_model": [[0.579386053131562, 0.33860848663681103, -0.32143792516405484, 0.2063940679160039, -0.36722609708967, -0.2584827647221328, 0.6650790895567603, -0.040755494169720755, -0.12007653500394536, -0.5521535209349953, -0.6479085280840041, 0.2529154502116127, 0.06798783819781666], [-0.06019623500834753, -0.3456131702037937, 0.6333653376623174, 0.7139741866610916, -0.5699386638579342, -0.5743736247447075, 0.23528174529208085, 0.010956251637940173, 0.13307927116521706, 0.07767365745276991, 0.05247042216644279, -0.641091150504222, 0.006521290751167169], [-0.44181562183372647, 0.45176433240443487, -0.19730992234368933, 0.29520568404978026, -0.3589792478823458, 0.43644721472824577, 0.0068101082055535, -0.8039334720812271, 0.7401599082486616, -0.3706248782453986, 0.24764430185519204, 0.003138602365154855, -0.008507009470635818]], "inverted": false, "swapped": false, "error_lsq": 0.05034013759011081, "error_max": 0.334251838400305, "target": "96.xyz", "model": "21.xyz", "model_rescale": 4.466005644533646, "target_rescale": 4.4498458851951534},
{"mapping": [9, 8, 3, 5, 1, 2, 7, 0, 6, 11, 4, 10, 12], "R": [[0.35745905078829787, 0.8403614938336044, 0.40745010331485043], [0.4329585525955976, -0.5356735817122545, 0.7249832450408009], [0.8275082590185154, -0.08274281562358032, -0.5553230660785017]], "T": [-0.09074689099018378, -0.11864647198579545, 0.07233280403988943], "aligned_model": [[0.5793859764567455, 0.33860858126612736, -0.3214378797027357, 0.20639409253012037, -0.3672259603359259, -0.2584828462455996, 0.6650791631417937, -0.04075537846025963, -0.12007648934554592, -0.55215380745542, -0.647908461578402, 0.2529153945810792, 0.06798773563006673], [-0.06019613539990096, -0.3456131960600066, 0.6333652628361909, 0.7139741575307891, -0.5699387541146088, -0.5743735750602761, 0.23528174035797242, 0.010956182303370227, 0.1330792211128101, 0.07767379900564722, 0.05247032641821189, -0.64109107181788, 0.006521361357703009], [-0.4418155914742734, 0.45176434637305796, -0.19730995473491927, 0.29520567514049667, -0.3589792647329788, 0.4364472271511487, 0.006810122440677496, -0.8039334886653593, 0.7401598990728772, -0.3706248754450647, 0.24764426919746124, 0.0031386324581071656, -0.008506996781231888]], "inverted": true, "swapped": false, "error_lsq": 0.05034013351303616, "error_max": 0.33425178852573617, "target": "96.xyz", "model": "22.xyz", "model_rescale": 4.46600560860683, "target_rescale": 4.4498458851951534},
{"mapping": [1, 0, 9, 8, 5, 4, 11, 3, 2, 7, 6, 12, 13], "R": [[0.8556359198399551, -0.5147946798471235, 0.053606065708387884], [-0.5168739876121449, -0.8552773508351283, 0.036632418407273305], [0.02698987976176567, -0.0590515939627625, -0.997890001774195]], "T": [0.012692576209206032, -0.022072282274150038, 0.032196931557174686], "aligned_model": [[0.6086704693705982, 0.5661356298871105, -0.04894953865823127, -0.09148437814171903, -0.2758016274790046, -0.3183364669624924, 0.4628680259582562, 0.05514537539129689, -0.02992430357567865, -0.6272408134512675, -0.6697756529347552, 0.1584128651701213, 0.012610535907809124], [-0.30263416191114967, -0.33170091053847006, 0.5634161867637301, 0.5343494381364097, -0.48379163903233824, -0.5128583876596586, 0.3967396611467548, 0.09139335840357082, 0.03325986114892995, 0.14386172689663287, 0.11479497826931243, -0.6370474029299524, 0.06232660977625039], [-0.34366108027646963, 0.44813534213848866, -0.3471954403971746, 0.44460098201778375, -0.3978246711976815, 0.39397175121727684, -0.32581957558588087, -0.7565056251376902, 0.8270872196922264, -0.3936627008278733, 0.39813372158708504, 0.017449279492640985, 0.035290797277268006]], "inverted": false, "swapped": false, "error_lsq": 0.037452852537644896, "error_max": 0.3385242155825416, "target": "96.xyz", "model": "23.xyz", "model_rescale": 4.509807674373902, "target_rescale": 4.4498458851951534},
{"mapping": [1, 0, 9, 8, 5, 4, 11, 3, 2, 7, 6, 12, 13], "R": [[0.8556359198399554, -0.5147946798471228, 0.05360606570838812], [-0.5168739876121442, -0.8552773508351285, 0.03663241840727324], [0.026989879761765936, -0.05905159396276255, -0.9978900017741948]], "T": [0.012692576209206007, -0.022072282274150014, 0.032196931557174686], "aligned_model": [[0.6086704693705983, 0.5661356298871104, -0.04894953865823155, -0.09148437814171952, -0.2758016274790041, -0.3183364669624921, 0.46286802595825577, 0.05514537539129699, -0.02992430357567891, -0.6272408134512673, -0.6697756529347552, 0.15841286517012165, 0.012610535907809034], [-0.3026341619111492, -0.3317009105384696, 0.5634161867637297, 0.5343494381364093, -0.48379163903233824, -0.5128583876596586, 0.3967396611467549, 0.09139335840357077, 0.03325986114893, 0.1438617268966324, 0.11479497826931201, -0.6370474029299521, 0.06232660977625038], [-0.3436610802764695, 0.4481353421384889, -0.3471954403971747, 0.4446009820177837, -0.39782467119768156, 0.39397175121727684, -0.32581957558588087, -0.7565056251376899, 0.8270872196922262, -0.3936627008278736, 0.3981337215870848, 0.01744927949264128, 0.03529079727726819]], "inverted": false, "swapped": false, "error_lsq": 0.03745285253764491, "error_max": 0.33852421558254175, "target": "96.xyz", "model": "24.xyz", "model_rescale": 4.509807674373903, "target_rescale": 4.4498458851951534},
{"mapping": [10, 7, 4, 6, 0, 2, 8, 1, 5, 11, 3, 9, 12], "R": [[-0.3574590507882982, -0.8403614938336046, 0.40745010331485], [-0.4329585525955975, 0.5356735817122542, 0.7249832450408012], [-0.8275082590185155, 0.08274281562358088, -0.5553230660785017]], "T": [-0.09074689099018379, -0.11864647198579559, 0.0723328040398895], "aligned_model": [[0.5793859764567453, 0.33860858126612786, -0.3214378797027362, 0.20639409253012025, -0.367225960335926, -0.25848284624559925, 0.6650791631417936, -0.04075537846026017, -0.12007648934554561, -0.5521538074554204, -0.6479084615784021, 0.25291539458107953, 0.06798773563006671], [-0.06019613539990071, -0.3456131960600066, 0.6333652628361908, 0.7139741575307891, -0.5699387541146088, -0.5743735750602764, 0.2352817403579725, 0.01095618230337031, 0.13307922111280995, 0.07767379900564711, 0.052470326418211644, -0.6410910718178798, 0.006521361357703009], [-0.44181559147427363, 0.45176434637305773, -0.19730995473491886, 0.295205675140497, -0.35897926473297903, 0.43644722715114875, 0.006810122440677344, -0.8039334886653594, 0.7401598990728774, -0.3706248754450645, 0.24764426919746158, 0.003138632458106763, -0.008506996781231888]], "inverted": false, "swapped": false, "error_lsq": 0.05034013351303616, "error_max": 0.3342517885257368, "target": "96.xyz", "model": "25.xyz", "model_rescale": 4.466005608606829, "target_rescale": 4.4498458851951534},
{"mapping": [9, 8, 3, 5, 1, 2, 7, 0, 6, 11, 4, 10, 12], "R": [[0.3574591401743308, 0.8403614356072671, 0.40745014498699295], [0.4329584709197457, -0.5356736612455286, 0.7249832350521263], [0.8275082631398094, -0.08274289209294061, -0.5553230485433072]], "T": [-0.09074690059028973, -0.11864648689103768, 0.07233276299953305], "aligned_model": [[0.579386043764808, 0.3386084939305984, -0.321437951277823, 0.20639410934467606, -0.3672261590074795, -0.2584827384801795, 0.6650790924190202, -0.04075556051905779, -0.12007648914374565, -0.5521534760671573, -0.6479085497662447, 0.2529154452763862, 0.06798786000824225], [-0.06019620337591636, -0.3456131548791709, 0.6333652588321028, 0.7139741661776033, -0.5699386827318413, -0.5743735814484954, 0.23528174368343852, 0.010956215830768112, 0.1330792676149939, 0.07767371332145767, 0.05247036026949342, -0.6410911019385259, 0.006521317114114217], [-0.4418155567584231, 0.45176435126420084, -0.19731001075715382, 0.2952057541984387, -0.3589793766341336, 0.43644723483973413, 0.006810164247931891, -0.8039335636504025, 0.7401599412147076, -0.37062479230532663, 0.24764417625911506, 0.003138630257845873, -0.008506952176534882]], "inverted": true, "swapped": false, "error_lsq": 0.050340139870545655, "error_max": 0.3342518108164836, "target": "96.xyz", "model": "26.xyz", "model_rescale": 4.466005838112752, "target_rescale": 4.4498458851951534},
{"mapping": [1, 0, 9, 8, 5, 4, 11, 3, 2, 7, 6, 12, 13], "R": [[0.8556358568570672, -0.5147947846345226, 0.05360606470883702], [-0.5168740923249598, -0.8552772875084473, 0.036632419459293214], [0.026989871131988093, -0.05905159765229305, -0.9978900017892707]], "T": [0.012692616294238481, -0.022072300825986883, 0.032196931521358704], "aligned_model": [[0.6086704820147686, 0.5661356453869972, -0.04894957809258739, -0.09148441472035883, -0.27580159436861335, -0.3183364309963848, 0.462868055614258, 0.05514538516116528, -0.0299242880943776, -0.6272408763423072, -0.6697757129700785, 0.15841289935616823, 0.012610548533393844], [-0.30263438891796657, -0.3317011369705273, 0.5634161127199971, 0.5343493646674363, -0.4837917488126508, -0.5128584968652116, 0.39673972215766007, 0.09139348730044927, 0.033259991195327826, 0.14386174418426595, 0.11479499613170524, -0.6370470675683523, 0.06232673924788855], [-0.3436610710466284, 0.44813531298445036, -0.34719542677790854, 0.4446009572531702, -0.3978246558692581, 0.3939717281618207, -0.3258195539859923, -0.7565055827417959, 0.8270871853203616, -0.39366268497828044, 0.39813369905279833, 0.01744929133797972, 0.03529080128928271]], "inverted": false, "swapped": false, "error_lsq": 0.03745286189415285, "error_max": 0.338524191883688, "target": "96.xyz", "model": "27.xyz", "model_rescale": 4.509807893063789, "target_rescale": 4.4498458851951534},
{"mapping": [1, 0, 9, 8, 5, 4, 11, 3, 2, 7, 6, 12, 13], "R": [[0.8556358568570671, -0.514794784634523, 0.05360606470883689], [-0.5168740923249603, -0.8552772875084472, 0.036632419459292964], [0.026989871131988082, -0.05905159765229279, -0.9978900017892708]], "T": [0.012692616294238495, -0.02207230082598689, 0.032196931521358725], "aligned_model": [[0.6086704820147684, 0.566135645386997, -0.04894957809258724, -0.09148441472035858, -0.2758015943686135, -0.31833643099638487, 0.4628680556142581, 0.055145385161165225, -0.029924288094377426, -0.6272408763423071, -0.6697757129700784, 0.15841289935616798, 0.012610548533393896], [-0.3026343889179669, -0.3317011369705274, 0.563416112719997, 0.5343493646674364, -0.4837917488126507, -0.5128584968652112, 0.39673972215765974, 0.09139348730044905, 0.03325999119532802, 0.14386174418426614, 0.11479499613170559, -0.6370470675683523, 0.062326739247888535], [-0.3436610710466287, 0.4481353129844504, -0.3471954267779089, 0.4446009572531702, -0.39782465586925814, 0.39397172816182097, -0.3258195539859927, -0.7565055827417959, 0.8270871853203616, -0.3936626849782806, 0.3981336990527985, 0.017449291337980056, 0.03529080128928291]], "inverted": false, "swapped": false, "error_lsq": 0.03745286189415286, "error_max": 0.3385241918836883, "target": "96.xyz", "model": "28.xyz", "model_rescale": 4.5098078930637895, "target_rescale": 4.4498458851951534},
