[{"mapping": [3, 2, 10, 9, 5, 4, 11, 1, 7, 6, 8, 11], "R": [[0.8557789737875875, -0.5161131694237779, -0.035630666151598975], [-0.5169880413190666, -0.8557092934903059, -0.022022038220770465], [-0.019123628215880293, 0.03726662557389069, -0.9991223576030099]], "T": [0.028935231447949645, -0.040940563478852304, 0.20084763163438513], "aligned_model": [[0.621052899093005, 0.6493181235183626, -0.036026842650149105, -0.007761618224791465, -0.2641146355330312, -0.23584941110767357, 0.060466219589955295, 0.032200995164597665, -0.6150909202744003, -0.5868256958490427, 0.20561273054768778, 0.060466219589955295], [-0.2924888938812399, -0.27501917131233006, 0.5736464457593876, 0.5911161683282974, -0.47379269410294633, -0.45632297153403645, 0.09574154046345301, 0.07827181789454317, 0.1539378103533213, 0.17140753292223113, -0.6037493827496728, 0.09574154046345301], [-0.21171420850584965, 0.5808732089139108, -0.20737227448136153, 0.5852151429383989, -0.17615120877697588, 0.6164362086427846, 0.19671051209384433, -0.5958769053259159, -0.1774707531978355, 0.6151166642219249, 0.20695204947233517, 0.19671051209384433]], "inverted": false, "swapped": false, "error_lsq": 0.05528656239302462, "error_max": 0.5706164616284648, "target": "97.xyz", "model": "0.xyz", "model_rescale": 4.5108708085295355, "target_rescale": 4.3922136085731545},
{"mapping": [3, 2, 10, 9, 5, 4, 11, 1, 7, 6, 8, 11], "R": [[0.8557789737875876, -0.5161131694237777, -0.03563066615159948], [-0.5169880413190662, -0.8557092934903061, -0.022022038220769806], [-0.019123628215881074, 0.03726662557389038, -0.9991223576030097]], "T": [0.02893523144794968, -0.04094056347885236, 0.20084763163438502], "aligned_model": [[0.6210528990930047, 0.6493181235183627, -0.036026842650149424, -0.007761618224791395, -0.2641146355330312, -0.23584941110767316, 0.06046621958995531, 0.03220099516459726, -0.6150909202744004, -0.5868256958490423, 0.20561273054768797, 0.06046621958995531], [-0.29248889388123933, -0.27501917131233, 0.5736464457593876, 0.5911161683282969, -0.4737926941029461, -0.4563229715340368, 0.09574154046345293, 0.0782718178945436, 0.1539378103533211, 0.17140753292223043, -0.6037493827496726, 0.09574154046345293], [-0.21171420850584982, 0.5808732089139099, -0.2073722744813608, 0.5852151429383989, -0.1761512087769757, 0.6164362086427841, 0.1967105120938444, -0.5958769053259159, -0.17747075319783479, 0.615116664221925, 0.20695204947233467, 0.1967105120938444]], "inverted": false, "swapped": false, "error_lsq": 0.05528656239302462, "error_max": 0.5706164616284648, "target": "97.xyz", "model": "1.xyz", "model_rescale": 4.510870808529536, "target_rescale": 4.3922136085731545},
{"mapping": [2, 3, 9, 10, 4, 5, 11, 0, 6, 7, 8, 11], "R": [[-0.8557789737875876, 0.5161131694237775, -0.03563066615159939], [0.516988041319066, 0.8557092934903061, -0.02202203822076959], [0.019123628215881115, -0.037266625573890134, -0.9991223576030097]], "T": [0.028935231447949673, -0.04094056347885233, 0.2008476316343849], "aligned_model": [[0.6210528990930048, 0.6493181235183628, -0.03602684265014951, -0.007761618224791541, -0.2641146355330311, -0.23584941110767316, 0.06046621958995528, 0.032200995164597304, -0.6150909202744005, -0.5868256958490424, 0.20561273054768806, 0.06046621958995528], [-0.2924888938812391, -0.27501917131232995, 0.5736464457593877, 0.5911161683282968, -0.4737926941029461, -0.456322971534037, 0.09574154046345298, 0.07827181789454384, 0.15393781035332113, 0.1714075329222303, -0.6037493827496726, 0.09574154046345298], [-0.21171420850585004, 0.5808732089139101, -0.20737227448136086, 0.5852151429383994, -0.17615120877697604, 0.6164362086427841, 0.19671051209384452, -0.5958769053259158, -0.177470753197835, 0.6151166642219252, 0.20695204947233464, 0.19671051209384452]], "inverted": true, "swapped": false, "error_lsq": 0.05528656239302462, "error_max": 0.5706164616284648, "target": "97.xyz", "model": "2.xyz", "model_rescale": 4.5108708085295355, "target_rescale": 4.3922136085731545},
{"mapping": [3, 2, 10, 9, 5, 4, 11, 1, 7, 6, 8, 13], "R": [[0.8527054087419759, -0.5151901799892564, -0.08644399542372878], [-0.5205051233847378, -0.8519642172458765, -0.056845308186870114], [-0.04436104634044484, 0.0934668442564463, -0.9946336243020956]], "T": [0.0250813033208367, -0.015088663968561136, 0.1652372891658782], "aligned_model": [[0.5636244170462015, 0.6322151887262315, -0.09087544950210286, -0.02228467782207288, -0.31914263587617797, -0.250551864196148, 0.4880435766829047, -0.04343529279626543, -0.6686093644834884, -0.6000185928034584, 0.16932728000508698, 0.025155478883764525], [-0.3352257918990482, -0.29012070928672534, 0.533161931326695, 0.5782670139390179, -0.5119374940717062, -0.46683241145938337, 0.4092803734166502, 0.024123992332319287, 0.11680540196233279, 0.16191048457465568, -0.630172123174989, 0.06922907494464214], [-0.26214705655139586, 0.5270655139154558, -0.2548943199255527, 0.5343182505412989, -0.1753259998895877, 0.6138865705772639, 0.4996233490279062, -0.6288006559604424, -0.18088762908824452, 0.6083249413786072, 0.18785406955738695, 0.16041191450640896]], "inverted": false, "swapped": false, "error_lsq": 0.037613100495762275, "error_max": 0.30603416160414315, "target": "97.xyz", "model": "3.xyz", "model_rescale": 4.509807743048502, "target_rescale": 4.3922136085731545},
{"mapping": [3, 2, 10, 9, 5, 4, 11, 1, 7, 6, 8, 13], "R": [[0.8527054087419758, -0.5151901799892566, -0.0864439954237286], [-0.5205051233847378, -0.8519642172458763, -0.05684530818687039], [-0.04436104634044454, 0.09346684425644647, -0.9946336243020956]], "T": [0.025081303320836693, -0.015088663968561133, 0.16523728916587815], "aligned_model": [[0.5636244170462015, 0.6322151887262313, -0.0908754495021026, -0.022284677822072798, -0.31914263587617797, -0.25055186419614817, 0.48804357668290477, -0.04343529279626532, -0.6686093644834882, -0.6000185928034584, 0.16932728000508684, 0.025155478883764546], [-0.3352257918990483, -0.29012070928672523, 0.5331619313266949, 0.578267013939018, -0.5119374940717063, -0.4668324114593832, 0.4092803734166503, 0.02412399233231904, 0.11680540196233273, 0.1619104845746558, -0.630172123174989, 0.06922907494464213], [-0.26214705655139553, 0.5270655139154559, -0.2548943199255528, 0.5343182505412986, -0.17532599988958747, 0.6138865705772638, 0.4996233490279061, -0.6288006559604429, -0.18088762908824446, 0.6083249413786069, 0.1878540695573872, 0.160411914506409]], "inverted": false, "swapped": false, "error_lsq": 0.03761310049576227, "error_max": 0.30603416160414304, "target": "97.xyz", "model": "4.xyz", "model_rescale": 4.509807743048502, "target_rescale": 4.3922136085731545},
{"mapping": [2, 3, 9, 10, 4, 5, 12, 0, 6, 7, 8, 13], "R": [[-0.8527054087419758, 0.5151901799892569, -0.08644399542372834], [0.520505123384738, 0.8519642172458763, -0.056845308186870266], [0.04436104634044437, -0.09346684425644623, -0.9946336243020958]], "T": [0.025081303320836672, -0.01508866396856115, 0.16523728916587804], "aligned_model": [[0.5636244170462017, 0.6322151887262313, -0.09087544950210243, -0.02228467782207282, -0.319142635876178, -0.2505518641961484, 0.48804357668290477, -0.04343529279626507, -0.6686093644834882, -0.6000185928034586, 0.16932728000508673, 0.025155478883764563], [-0.33522579189904833, -0.2901207092867254, 0.5331619313266951, 0.578267013939018, -0.5119374940717062, -0.46683241145938326, 0.40928037341665024, 0.024123992332319148, 0.11680540196233286, 0.16191048457465584, -0.6301721231749892, 0.06922907494464214], [-0.26214705655139564, 0.5270655139154561, -0.25489431992555295, 0.5343182505412989, -0.1753259998895878, 0.613886570577264, 0.49962334902790645, -0.6288006559604429, -0.18088762908824485, 0.6083249413786069, 0.18785406955738726, 0.1604119145064091]], "inverted": true, "swapped": false, "error_lsq": 0.037613100495762275, "error_max": 0.3060341616041434, "target": "97.xyz", "model": "5.xyz", "model_rescale": 4.509807743048502, "target_rescale": 4.3922136085731545},
{"mapping": [3, 2, 10, 9, 5, 4, 11, 1, 7, 6, 8, 13], "R": [[0.8527053824653021, -0.5151902201908581, -0.08644401502937091], [-0.5205051667566155, -0.8519641887067064, -0.056845338779813036], [-0.0443610425302525, 0.09346688280358423, -0.9946336208497129]], "T": [0.025081315202829833, -0.015088648436329316, 0.1652372874051442], "aligned_model": [[0.5636243675876585, 0.632215157206519, -0.09087559322072854, -0.02228480360186807, -0.31914272319369064, -0.2505519335748302, 0.48804368822948285, -0.04343523767814017, -0.668609318960369, -0.6000185293415086, 0.16932743847123016, 0.02515555194072028], [-0.3352259233211202, -0.2901208148675827, 0.5331616735041986, 0.5782667819577363, -0.5119375852982937, -0.46683247684475615, 0.40928048715080867, 0.024124079236100722, 0.11680553843096306, 0.1619106468845006, -0.6301718519177324, 0.06922918768963827], [-0.26214706068834087, 0.5270655344504688, -0.2548943224298481, 0.5343182727089615, -0.17532597989619936, 0.6138866152426103, 0.4996233258290646, -0.6288006958774394, -0.18088764612302954, 0.60832494901578, 0.18785405659570625, 0.1604118992613701]], "inverted": false, "swapped": false, "error_lsq": 0.03761311145654622, "error_max": 0.3060341264013392, "target": "97.xyz", "model": "6.xyz", "model_rescale": 4.509807586411629, "target_rescale": 4.3922136085731545},
{"mapping": [3, 2, 10, 9, 5, 4, 11, 1, 7, 6, 8, 13], "R": [[0.8527053824653019, -0.515190220190858, -0.08644401502937117], [-0.5205051667566154, -0.8519641887067062, -0.056845338779812855], [-0.04436104253025282, 0.09346688280358421, -0.9946336208497126]], "T": [0.025081315202829826, -0.01508864843632933, 0.16523728740514415], "aligned_model": [[0.5636243675876583, 0.632215157206519, -0.09087559322072856, -0.022284803601867926, -0.3191427231936907, -0.25055193357483, 0.48804368822948285, -0.04343523767814039, -0.668609318960369, -0.6000185293415083, 0.1693274384712301, 0.02515555194072028], [-0.33522592332112017, -0.29012081486758273, 0.5331616735041986, 0.5782667819577361, -0.5119375852982935, -0.4668324768447561, 0.40928048715080845, 0.024124079236100812, 0.11680553843096304, 0.1619106468845004, -0.6301718519177322, 0.06922918768963823], [-0.2621470606883408, 0.5270655344504683, -0.2548943224298477, 0.5343182727089615, -0.17532597989619908, 0.6138866152426101, 0.4996233258290644, -0.6288006958774395, -0.18088764612302904, 0.60832494901578, 0.18785405659570614, 0.16041189926137014]], "inverted": false, "swapped": false, "error_lsq": 0.037613111456546215, "error_max": 0.3060341264013389, "target": "97.xyz", "model": "7.xyz", "model_rescale": 4.509807586411629, "target_rescale": 4.3922136085731545},
{"mapping": [3, 2, 10, 9, 5, 4, 11, 1, 7, 6, 8, 13], "R": [[0.8527053824653024, -0.5151902201908574, -0.08644401502937174], [-0.520505166756615, -0.8519641887067066, -0.05684533877981322], [-0.04436104253025319, 0.09346688280358477, -0.9946336208497126]], "T": [0.025081315202829847, -0.015088648436329288, 0.16523728740514426], "aligned_model": [[0.5636243675876582, 0.6322151572065193, -0.09087559322072924, -0.02228480360186812, -0.3191427231936905, -0.2505519335748294, 0.48804368822948285, -0.04343523767814088, -0.6686093189603693, -0.6000185293415082, 0.16932743847123063, 0.02515555194072021], [-0.33522592332112, -0.2901208148675823, 0.5331616735041985, 0.5782667819577362, -0.5119375852982939, -0.4668324768447562, 0.4092804871508089, 0.024124079236100583, 0.11680553843096256, 0.16191064688450027, -0.6301718519177322, 0.06922918768963827], [-0.2621470606883412, 0.5270655344504682, -0.25489432242984794, 0.5343182727089615, -0.17532597989619886, 0.6138866152426106, 0.4996233258290641, -0.628800695877439, -0.18088764612302882, 0.6083249490157805, 0.18785405659570595, 0.16041189926136984]], "inverted": false, "swapped": false, "error_lsq": 0.037613111456546215, "error_max": 0.30603412640133876, "target": "97.xyz", "model": "8.xyz", "model_rescale": 4.509807586411629, "target_rescale": 4.3922136085731545},
{"mapping": [3, 2, 12, 11, 7, 6, 9, 1, 5, 4, 8, 13], "R": [[-0.852705440945043, 0.5151901176564087, -0.08644404925670449], [0.5205050665695878, 0.8519642513448097, -0.05684531736094653], [0.04436109396880014, -0.09346687701883252, -0.9946336190991323]], "T": [0.025081274461711222, -0.015088641600069844, 0.1652372903016307], "aligned_model": [[0.5636243561820575, 0.6322151742055306, -0.09087560258448045, -0.022284784561007406, -0.3191426123661723, -0.25055179434269925, 0.4880435062203291, -0.04343512771064885, -0.6686094017875193, -0.6000185837640462, 0.1693272440603076, 0.025155690312824188], [-0.3352258464051589, -0.29012075412734833, 0.5331618790591739, 0.5782669713369843, -0.511937427690852, -0.4668323354130415, 0.4092803558499385, 0.02412398852490612, 0.11680547823878204, 0.1619105705165926, -0.6301722180882323, 0.06922908080271667], [-0.26214709777232004, 0.5270655103166714, -0.2548943258076151, 0.5343182822813763, -0.17532600548998883, 0.6138866025990026, 0.4996233499408288, -0.6288007131937462, -0.180887616882838, 0.6083249912061535, 0.18785407599633525, 0.16041189489524504]], "inverted": false, "swapped": false, "error_lsq": 0.03761311169061364, "error_max": 0.30603417663332755, "target": "97.xyz", "model": "9.xyz", "model_rescale": 4.509807504472865, "target_rescale": 4.3922136085731545},
{"mapping": [3, 2, 12, 11, 7, 6, 9, 1, 5, 4, 8, 13], "R": [[-0.8527054409450433, 0.5151901176564081, -0.08644404925670432], [0.5205050665695873, 0.8519642513448101, -0.05684531736094679], [0.04436109396879995, -0.09346687701883262, -0.9946336190991323]], "T": [0.025081274461711208, -0.015088641600069811, 0.16523729030163067], "aligned_model": [[0.5636243561820578, 0.6322151742055306, -0.09087560258448074, -0.022284784561007857, -0.319142612366172, -0.2505517943426991, 0.4880435062203288, -0.04343512771064881, -0.6686094017875194, -0.6000185837640465, 0.16932724406030802, 0.025155690312824133], [-0.33522584640515857, -0.2901207541273478, 0.5331618790591738, 0.5782669713369845, -0.5119374276908525, -0.46683233541304164, 0.40928035584993905, 0.024123988524905944, 0.11680547823878157, 0.1619105705165923, -0.6301722180882323, 0.06922908080271671], [-0.2621470977723197, 0.5270655103166715, -0.25489432580761506, 0.5343182822813761, -0.17532600548998864, 0.6138866025990025, 0.4996233499408287, -0.6288007131937465, -0.18088761688283797, 0.6083249912061532, 0.18785407599633547, 0.1604118948952451]], "inverted": false, "swapped": false, "error_lsq": 0.037613111690613626, "error_max": 0.30603417663332755, "target": "97.xyz", "model": "10.xyz", "model_rescale": 4.509807504472865, "target_rescale": 4.3922136085731545},
{"mapping": [3, 2, 12, 11, 7, 6, 9, 1, 5, 4, 8, 13], "R": [[-0.8527054409450433, 0.5151901176564082, -0.08644404925670415], [0.5205050665695874, 0.85196425134481, -0.05684531736094689], [0.04436109396879975, -0.09346687701883263, -0.9946336190991323]], "T": [0.025081274461711215, -0.01508864160006981, 0.16523729030163078], "aligned_model": [[0.5636243561820579, 0.6322151742055306, -0.09087560258448063, -0.022284784561007857, -0.3191426123661719, -0.25055179434269914, 0.4880435062203289, -0.04343512771064864, -0.6686094017875193, -0.6000185837640465, 0.16932724406030794, 0.025155690312824115], [-0.3352258464051587, -0.29012075412734784, 0.5331618790591737, 0.5782669713369846, -0.5119374276908524, -0.46683233541304153, 0.4092803558499389, 0.024123988524905885, 0.1168054782387816, 0.16191057051659244, -0.6301722180882323, 0.0692290808027167], [-0.2621470977723197, 0.5270655103166717, -0.2548943258076153, 0.5343182822813761, -0.1753260054899887, 0.6138866025990026, 0.4996233499408288, -0.6288007131937462, -0.18088761688283814, 0.6083249912061532, 0.18785407599633527, 0.16041189489524482]], "inverted": false, "swapped": false, "error_lsq": 0.03761311169061364, "error_max": 0.30603417663332766, "target": "97.xyz", "model": "11.xyz", "model_rescale": 4.509807504472865, "target_rescale": 4.3922136085731545},
{"mapping": [3, 2, 12, 11, 7, 6, 9, 1, 5, 4, 8, 13], "R": [[-0.8527053750834974, 0.5151902297149502, -0.08644403108352294], [0.5205051758331638, 0.8519641860735194, -0.05684529513489309], [0.044361077924227915, -0.0934668543085877, -0.9946336219488352]], "T": [0.025081340044911287, -0.015088536984615231, 0.16523727754148895], "aligned_model": [[0.5636243602181532, 0.6322151598362071, -0.09087556316446498, -0.022284763546410968, -0.31914269624481095, -0.2505518966267569, 0.48804370519481494, -0.04343514698721157, -0.668609384286956, -0.6000185846689021, 0.16932722150997118, 0.025155652630842417], [-0.3352257877388662, -0.2901207157176496, 0.5331617825183849, 0.5782668545396016, -0.5119374350109803, -0.4668323629897637, 0.40928056139764324, 0.024123919628225382, 0.11680547942971056, 0.1619105514509272, -0.630172096552214, 0.069228991649442], [-0.2621470754696795, 0.5270654890225348, -0.2548942902841458, 0.5343182742080685, -0.1753259921021668, 0.6138865723900476, 0.4996233136258471, -0.6288006604086745, -0.18088760511173332, 0.608324959380481, 0.187854058754986, 0.16041190408353964]], "inverted": false, "swapped": false, "error_lsq": 0.03761310994025858, "error_max": 0.30603411903811484, "target": "97.xyz", "model": "12.xyz", "model_rescale": 4.509807766519439, "target_rescale": 4.3922136085731545},
{"mapping": [2, 3, 11, 12, 6, 7, 10, 0, 4, 5, 8, 13], "R": [[0.8527053750834976, -0.5151902297149499, -0.08644403108352276], [-0.5205051758331635, -0.8519641860735196, -0.05684529513489289], [-0.0443610779242279, 0.09346685430858742, -0.994633621948835]], "T": [0.025081340044911273, -0.01508853698461523, 0.16523727754148892], "aligned_model": [[0.5636243602181532, 0.6322151598362071, -0.09087556316446511, -0.02228476354641128, -0.3191426962448107, -0.25055189662675686, 0.4880437051948146, -0.04343514698721147, -0.668609384286956, -0.6000185846689021, 0.16932722150997145, 0.02515565263084237], [-0.3352257877388659, -0.2901207157176494, 0.533161782518385, 0.5782668545396015, -0.5119374350109804, -0.4668323629897639, 0.40928056139764335, 0.024123919628225535, 0.11680547942971042, 0.16191055145092687, -0.630172096552214, 0.06922899164944202], [-0.26214707546967925, 0.5270654890225346, -0.2548942902841454, 0.5343182742080685, -0.17532599210216665, 0.6138865723900473, 0.49962331362584705, -0.6288006604086744, -0.18088760511173307, 0.6083249593804808, 0.18785405875498576, 0.16041190408353953]], "inverted": true, "swapped": false, "error_lsq": 0.037613109940258564, "error_max": 0.3060341190381148, "target": "97.xyz", "model": "13.xyz", "model_rescale": 4.509807766519439, "target_rescale": 4.3922136085731545},
{"mapping": [3, 2, 12, 11, 7, 6, 9, 1, 5, 4, 8, 13], "R": [[-0.8527053750834975, 0.51519022971495, -0.08644403108352289], [0.5205051758331638, 0.8519641860735194, -0.05684529513489319], [0.04436107792422783, -0.09346685430858775, -0.9946336219488351]], "T": [0.025081340044911287, -0.015088536984615224, 0.165237277541489], "aligned_model": [[0.5636243602181532, 0.6322151598362071, -0.09087556316446511, -0.022284763546411162, -0.3191426962448108, -0.2505518966267568, 0.4880437051948147, -0.04343514698721154, -0.6686093842869562, -0.6000185846689022, 0.16932722150997132, 0.02515565263084238], [-0.33522578773886624, -0.2901207157176495, 0.5331617825183849, 0.5782668545396016, -0.5119374350109804, -0.46683236298976366, 0.4092805613976433, 0.024123919628225313, 0.11680547942971055, 0.16191055145092725, -0.630172096552214, 0.069228991649442], [-0.2621470754696794, 0.5270654890225348, -0.2548942902841458, 0.5343182742080684, -0.17532599210216668, 0.6138865723900475, 0.499623313625847, -0.6288006604086744, -0.18088760511173327, 0.6083249593804809, 0.18785405875498581, 0.1604119040835394]], "inverted": false, "swapped": false, "error_lsq": 0.03761310994025859, "error_max": 0.3060341190381148, "target": "97.xyz", "model": "14.xyz", "model_rescale": 4.509807766519439, "target_rescale": 4.3922136085731545},
{"mapping": [3, 2, 10, 9, 7, 6, 11, 1, 5, 4, 8, 11], "R": [[-0.8557789847017467, 0.5161131487156562, -0.03563070397366253], [0.5169880217584651, 0.8557093056641254, -0.02202202438672747], [0.019123668610299877, -0.03726663283195601, -0.9991223565591213]], "T": [0.02893505373061962, -0.040940583035070796, 0.2008476422974112], "aligned_model": [[0.621052722451599, 0.6493179792139502, -0.03602701758302834, -0.007761760820677182, -0.2641146900838398, -0.23584943332148867, 0.060466383017461045, 0.03220112625510989, -0.6150909035769698, -0.5868256468146187, 0.20561292210951715, 0.060466383017461045], [-0.292488762664923, -0.27501904962816354, 0.5736463293012347, 0.5911160423379943, -0.47379271292664427, -0.4563229998898848, 0.09574145589731652, 0.07827174286055702, 0.15393802516170368, 0.17140773819846317, -0.6037495219405093, 0.09574145589731652], [-0.21171426030580864, 0.5808732217159802, -0.2073722840120082, 0.5852151980097807, -0.17615123058878307, 0.6164362514330058, 0.19671051271846, -0.5958769693033288, -0.17747076072346013, 0.6151167212983288, 0.20695203512847749, 0.19671051271846]], "inverted": false, "swapped": false, "error_lsq": 0.05528655493952268, "error_max": 0.5706163605016985, "target": "97.xyz", "model": "15.xyz", "model_rescale": 4.510870436145588, "target_rescale": 4.3922136085731545},
{"mapping": [3, 2, 10, 9, 7, 6, 11, 1, 5, 4, 8, 11], "R": [[-0.8557789847017467, 0.5161131487156561, -0.03563070397366222], [0.516988021758465, 0.8557093056641254, -0.02202202438672736], [0.019123668610299665, -0.03726663283195575, -0.9991223565591213]], "T": [0.0289350537306196, -0.040940583035070796, 0.20084764229741114], "aligned_model": [[0.621052722451599, 0.64931797921395, -0.0360270175830283, -0.007761760820677383, -0.26411469008383964, -0.23584943332148872, 0.06046638301746102, 0.03220112625511009, -0.6150909035769698, -0.5868256468146189, 0.2056129221095172, 0.06046638301746102], [-0.2924887626649229, -0.2750190496281635, 0.5736463293012348, 0.5911160423379942, -0.4737927129266442, -0.45632299988988484, 0.09574145589731652, 0.0782717428605571, 0.15393802516170368, 0.1714077381984631, -0.6037495219405093, 0.09574145589731652], [-0.21171426030580837, 0.5808732217159804, -0.20737228401200802, 0.5852151980097807, -0.17615123058878307, 0.6164362514330057, 0.19671051271846005, -0.595876969303329, -0.17747076072346019, 0.6151167212983286, 0.20695203512847754, 0.19671051271846005]], "inverted": false, "swapped": false, "error_lsq": 0.05528655493952268, "error_max": 0.5706163605016985, "target": "97.xyz", "model": "16.xyz", "model_rescale": 4.510870436145588, "target_rescale": 4.3922136085731545},
{"mapping": [2, 3, 9, 10, 6, 7, 11, 0, 4, 5, 8, 11], "R": [[0.8557789847017466, -0.5161131487156562, -0.0356307039736625], [-0.5169880217584651, -0.8557093056641253, -0.022022024386727266], [-0.01912366861029994, 0.03726663283195582, -0.9991223565591212]], "T": [0.028935053730619612, -0.04094058303507082, 0.20084764229741103], "aligned_model": [[0.6210527224515989, 0.6493179792139501, -0.03602701758302834, -0.007761760820677196, -0.2641146900838398, -0.23584943332148867, 0.06046638301746106, 0.032201126255109916, -0.6150909035769697, -0.5868256468146186, 0.2056129221095171, 0.06046638301746106], [-0.29248876266492296, -0.2750190496281636, 0.5736463293012347, 0.5911160423379941, -0.47379271292664416, -0.4563229998898848, 0.0957414558973165, 0.07827174286055716, 0.1539380251617038, 0.1714077381984631, -0.6037495219405095, 0.0957414558973165], [-0.21171426030580864, 0.5808732217159802, -0.20737228401200802, 0.5852151980097808, -0.17615123058878307, 0.6164362514330057, 0.19671051271846013, -0.5958769693033288, -0.17747076072346007, 0.6151167212983287, 0.2069520351284775, 0.19671051271846013]], "inverted": true, "swapped": false, "error_lsq": 0.05528655493952268, "error_max": 0.5706163605016985, "target": "97.xyz", "model": "17.xyz", "model_rescale": 4.510870436145588, "target_rescale": 4.3922136085731545},
{"mapping": [4, 3, 8, 7, 1, 0, 5, 2, 10, 9, 11, 12], "R": [[0.5301526436405756, -0.8436340007833724, 0.08496968378868906], [0.8428969332414927, 0.5352427068369013, 0.05513623772069718], [-0.09199420836658838, 0.04239006369596258, 0.9948568480574764]], "T": [0.03335602409924163, -0.019702819675004545, -0.03616865644676037], "aligned_model": [[0.5115076045558508, 0.579589810596411, -0.1684138203319373, -0.10033161429137702, -0.36690569420657837, -0.2988234881660181, 0.6107876142995923, -0.055973058166593745, -0.5533839091055497, -0.48530170306498943, 0.19858717387169844, 0.012109147873966542], [-0.3213287893786968, -0.27715071869013064, 0.5218376048121091, 0.5660156755006752, -0.5554525605000319, -0.5112744898114657, 0.4473280592220878, 0.023374255487990558, 0.14131042357208295, 0.1854884942606491, -0.6292105380473652, 0.0675523261765567], [-0.26163938051527685, 0.5354925598454073, -0.2502973610602215, 0.5468345793004626, -0.17363958003827698, 0.6234923603224072, 0.4926764484407359, -0.6349729210966231, -0.1963281654517571, 0.600803774908927, 0.18484761416925882, 0.16215901926406123]], "inverted": true, "swapped": false, "error_lsq": 0.03679098030584107, "error_max": 0.3025471173107583, "target": "97.xyz", "model": "18.xyz", "model_rescale": 4.466005644533647, "target_rescale": 4.3922136085731545},
{"mapping": [1, 0, 9, 8, 5, 4, 10, 3, 7, 6, 12, 13], "R": [[0.8527053633438797, -0.515190245603405, -0.08644405219380741], [-0.5205051951088371, -0.8519641721742688, -0.056845326950635953], [-0.04436107741358242, 0.09346689342497985, -0.9946336182957973]], "T": [0.025081312778058595, -0.015088583780056966, 0.16523728193263498], "aligned_model": [[0.5636243242761153, 0.6322151414801137, -0.09087558883091149, -0.022284771626913048, -0.3191427448850996, -0.2505519276811011, 0.48804369911310497, -0.04343507594026462, -0.6686094241883923, -0.6000186069843939, 0.16932729786848366, 0.025155741263733804], [-0.3352258641063629, -0.2901207662908314, 0.5331617306188017, 0.5782668284343333, -0.5119374921936447, -0.4668323943781132, 0.40928052142237864, 0.02412403681459397, 0.11680543700354852, 0.16191053481908008, -0.6301719641694485, 0.0692291346301255], [-0.2621470762529093, 0.5270654949546894, -0.2548943072184199, 0.5343182639891787, -0.17532596817081175, 0.6138866030367869, 0.4996232984726419, -0.6288006863682997, -0.18088759549837252, 0.6083249757092261, 0.18785406059609594, 0.1604118848392988]], "inverted": false, "swapped": false, "error_lsq": 0.03761311674848821, "error_max": 0.30603410129708747, "target": "97.xyz", "model": "19.xyz", "model_rescale": 4.509807711582247, "target_rescale": 4.3922136085731545},
{"mapping": [1, 0, 9, 8, 5, 4, 10, 3, 7, 6, 12, 13], "R": [[0.8527053633438798, -0.5151902456034048, -0.08644405219380734], [-0.5205051951088369, -0.8519641721742689, -0.05684532695063614], [-0.04436107741358229, 0.09346689342497998, -0.9946336182957972]], "T": [0.025081312778058616, -0.01508858378005697, 0.16523728193263498], "aligned_model": [[0.5636243242761152, 0.6322151414801136, -0.09087558883091157, -0.022284771626913166, -0.31914274488509936, -0.25055192768110096, 0.48804369911310486, -0.043435075940264564, -0.6686094241883923, -0.6000186069843939, 0.16932729786848383, 0.02515574126373382], [-0.33522586410636285, -0.2901207662908311, 0.5331617306188016, 0.5782668284343332, -0.5119374921936448, -0.466832394378113, 0.40928052142237875, 0.024124036814593807, 0.1168054370035483, 0.16191053481907997, -0.6301719641694484, 0.06922913463012549], [-0.26214707625290923, 0.5270654949546894, -0.25489430721842, 0.5343182639891786, -0.1753259681708117, 0.6138866030367869, 0.4996232984726418, -0.6288006863682994, -0.18088759549837263, 0.608324975709226, 0.18785406059609625, 0.160411884839299]], "inverted": false, "swapped": false, "error_lsq": 0.037613116748488204, "error_max": 0.3060341012970874, "target": "97.xyz", "model": "20.xyz", "model_rescale": 4.509807711582248, "target_rescale": 4.3922136085731545},
{"mapping": [3, 4, 7, 8, 0, 1, 6, 2, 9, 10, 11, 12], "R": [[-0.5301526436405751, 0.8436340007833728, 0.08496968378868913], [-0.8428969332414932, -0.5352427068369009, 0.05513623772069732], [0.09199420836658848, -0.042390063695962606, 0.9948568480574767]], "T": [0.03335602409924164, -0.019702819675004514, -0.036168656446760455], "aligned_model": [[0.5115076045558511, 0.5795898105964115, -0.1684138203319377, -0.1003316142913774, -0.36690569420657826, -0.29882348816601795, 0.6107876142995922, -0.055973058166593856, -0.5533839091055499, -0.48530170306498965, 0.19858717387169894, 0.0121091478739665], [-0.32132878937869663, -0.2771507186901304, 0.5218376048121092, 0.5660156755006754, -0.5554525605000323, -0.5112744898114661, 0.44732805922208824, 0.023374255487990506, 0.1413104235720827, 0.18548849426064892, -0.6292105380473653, 0.06755232617655677], [-0.2616393805152768, 0.5354925598454072, -0.2502973610602215, 0.5468345793004625, -0.17363958003827681, 0.6234923603224073, 0.49267644844073577, -0.6349729210966233, -0.19632816545175702, 0.600803774908927, 0.18484761416925888, 0.16215901926406123]], "inverted": false, "swapped": false, "error_lsq": 0.03679098030584107, "error_max": 0.3025471173107583, "target": "97.xyz", "model": "21.xyz", "model_rescale": 4.466005644533646, "target_rescale": 4.3922136085731545},
{"mapping": [4, 3, 8, 7, 1, 0, 5, 2, 10, 9, 11, 12], "R": [[0.5301526995184266, -0.8436339630589145, 0.08496970970195873], [0.8428968974148279, 0.535242764532316, 0.05513622533562413], [-0.09199421461038666, 0.04239008597908223, 0.9948568465306474]], "T": [0.03335602122340155, -0.01970282143280551, -0.03616865873022507], "aligned_model": [[0.5115074853340447, 0.5795897126853755, -0.16841388682894148, -0.1003316594776106, -0.36690583462671605, -0.29882360727538515, 0.610787565473369, -0.05597297766680594, -0.5533838147477519, -0.48530158739642093, 0.19858741870679336, 0.012109249684524984], [-0.3213287650137371, -0.277150703893356, 0.5218376826093414, 0.5660157437297225, -0.5554524782331443, -0.5112744171127631, 0.44732807798475216, 0.023374204231316142, 0.14131040455990435, 0.18548846568028549, -0.6292107372895582, 0.06755226535169727], [-0.26163939248479295, 0.5354925530650492, -0.2502973522700504, 0.5468345932797918, -0.1736395733056012, 0.6234923722442409, 0.49267644538908123, -0.634972930673033, -0.19632815966171793, 0.6008037858881241, 0.18484759174120355, 0.16215901487680937]], "inverted": true, "swapped": false, "error_lsq": 0.03679098252180909, "error_max": 0.30254711036740795, "target": "97.xyz", "model": "22.xyz", "model_rescale": 4.46600560860683, "target_rescale": 4.3922136085731545},
{"mapping": [1, 0, 9, 8, 5, 4, 10, 3, 7, 6, 12, 13], "R": [[0.8527053980855879, -0.5151901905534634, -0.08644403758030644], [-0.5205051376717219, -0.8519642088555289, -0.056845303117450195], [-0.04436108354223483, 0.09346686250569819, -0.9946336209279777]], "T": [0.025081302343404648, -0.01508859799676999, 0.16523728467992244], "aligned_model": [[0.5636244011449799, 0.6322152073195056, -0.09087557459382113, -0.0222847684192955, -0.31914266461837887, -0.25055185844385325, 0.48804360379447825, -0.043435137960281436, -0.6686093881245847, -0.600018581950059, 0.16932715750154143, 0.02515566821424418], [-0.33522573837809094, -0.29012065910135126, 0.5331618202208602, 0.5782668994975998, -0.5119374285992374, -0.46683234932249773, 0.40928043679460596, 0.0241239475236409, 0.11680548295051683, 0.16191056222725653, -0.6301722580092224, 0.06922902680038055], [-0.26214709100985994, 0.5270654887977256, -0.25489430329455603, 0.5343182765130295, -0.1753259971060015, 0.613886582701584, 0.4996233319980326, -0.628800679394679, -0.18088760963725287, 0.6083249701703327, 0.18785407793784303, 0.16041190041290634]], "inverted": false, "swapped": false, "error_lsq": 0.03761311097445275, "error_max": 0.30603414603540363, "target": "97.xyz", "model": "23.xyz", "model_rescale": 4.509807674373902, "target_rescale": 4.3922136085731545},
{"mapping": [1, 0, 9, 8, 5, 4, 10, 3, 7, 6, 12, 13], "R": [[0.8527053980855877, -0.5151901905534636, -0.08644403758030678], [-0.5205051376717221, -0.8519642088555286, -0.05684530311745016], [-0.04436108354223509, 0.09346686250569833, -0.9946336209279776]], "T": [0.02508130234340464, -0.015088597996770007, 0.1652372846799224], "aligned_model": [[0.5636244011449796, 0.6322152073195055, -0.09087557459382116, -0.02228476841929523, -0.3191426646183791, -0.25055185844385314, 0.4880436037944784, -0.0434351379602817, -0.6686093881245846, -0.6000185819500586, 0.16932715750154123, 0.025155668214244208], [-0.33522573837809105, -0.2901206591013514, 0.53316182022086, 0.5782668994975996, -0.5119374285992372, -0.46683234932249745, 0.40928043679460563, 0.024123947523640873, 0.11680548295051701, 0.16191056222725664, -0.6301722580092223, 0.0692290268003805], [-0.2621470910098602, 0.5270654887977255, -0.2548943032945561, 0.5343182765130297, -0.17532599710600158, 0.6138865827015841, 0.49962333199803255, -0.628800679394679, -0.18088760963725278, 0.6083249701703329, 0.18785407793784314, 0.16041190041290654]], "inverted": false, "swapped": false, "error_lsq": 0.03761311097445277, "error_max": 0.3060341460354035, "target": "97.xyz", "model": "24.xyz", "model_rescale": 4.509807674373903, "target_rescale": 4.3922136085731545},
{"mapping": [3, 4, 7, 8, 0, 1, 6, 2, 9, 10, 11, 12], "R": [[-0.5301526995184273, 0.8436339630589142, 0.0849697097019591], [-0.8428968974148277, -0.5352427645323167, 0.05513622533562429], [0.09199421461038701, -0.04239008597908239, 0.9948568465306475]], "T": [0.033356021223401505, -0.01970282143280558, -0.03616865873022515], "aligned_model": [[0.5115074853340444, 0.5795897126853756, -0.16841388682894134, -0.10033165947761014, -0.36690583462671666, -0.2988236072753855, 0.6107875654733697, -0.05597297766680616, -0.5533838147477519, -0.4853015873964207, 0.198587418706793, 0.012109249684525068], [-0.32132876501373764, -0.2771507038933564, 0.5218376826093417, 0.566015743729723, -0.5554524782331443, -0.511274417112763, 0.44732807798475205, 0.02337420423131603, 0.14131040455990473, 0.18548846568028596, -0.6292107372895586, 0.06755226535169728], [-0.26163939248479307, 0.535492553065049, -0.2502973522700504, 0.5468345932797916, -0.1736395733056009, 0.6234923722442411, 0.49267644538908084, -0.634972930673033, -0.1963281596617177, 0.6008037858881243, 0.18484759174120363, 0.16215901487680937]], "inverted": false, "swapped": false, "error_lsq": 0.03679098252180909, "error_max": 0.3025471103674077, "target": "97.xyz", "model": "25.xyz", "model_rescale": 4.466005608606829, "target_rescale": 4.3922136085731545},
{"mapping": [4, 3, 8, 7, 1, 0, 5, 2, 10, 9, 11, 12], "R": [[0.5301525788594539, -0.843634040641733, 0.08496969223890252], [0.842896973018796, 0.5352426432742767, 0.05513624666693166], [-0.0919942172335948, 0.042390073027404815, 0.994856846839941]], "T": [0.033355999607025774, -0.019702848697996912, -0.03616864612853027], "aligned_model": [[0.5115075198899655, 0.579589729750259, -0.1684138203096736, -0.10033161044938001, -0.36690572201233895, -0.29882351215204533, 0.6107875955891349, -0.055973030274550625, -0.5533838629935343, -0.48530165313324064, 0.19858725037413638, 0.01210917958574298], [-0.3213288641830155, -0.2771507882411526, 0.5218376309109222, 0.5660157068527851, -0.5554526912275809, -0.5112746152857179, 0.44732814925024067, 0.023374310699230433, 0.14131043724790665, 0.18548851318976955, -0.6292104332500201, 0.06755238664109334], [-0.26163935541789113, 0.5354925494155407, -0.25029735058124025, 0.5468345542521915, -0.17363954702371337, 0.6234923578097185, 0.4926764170275862, -0.6349728940998989, -0.1963281514629249, 0.6008037533705068, 0.184847604065696, 0.16215901073353312]], "inverted": true, "swapped": false, "error_lsq": 0.03679098184898374, "error_max": 0.30254710556517356, "target": "97.xyz", "model": "26.xyz", "model_rescale": 4.466005838112752, "target_rescale": 4.3922136085731545},
{"mapping": [0, 1, 8, 9, 4, 5, 11, 2, 6, 7, 12, 13], "R": [[-0.8527053330962102, 0.5151902976149461, -0.08644404058525293], [0.5205052463360091, 0.8519641403524214, -0.05684533481518417], [0.044361057764348844, -0.09346689679765424, -0.9946336188552269]], "T": [0.025081343241342837, -0.015088605235878998, 0.16523727945748823], "aligned_model": [[0.5636244150305589, 0.6322152202633116, -0.09087560934675931, -0.02228480411400664, -0.31914263041078067, -0.250551825178028, 0.48804363657518757, -0.04343512296687006, -0.6686094473002778, -0.6000186420675252, 0.1693271911137822, 0.025155682265882624], [-0.3352259679604299, -0.2901208657197084, 0.5331617462053306, 0.578266848446052, -0.5119375353689304, -0.46683243312820893, 0.40928051746938793, 0.024124065181163303, 0.11680550462725488, 0.1619106068679764, -0.6301719114373112, 0.0692291674218848], [-0.2621470541502515, 0.5270654857421214, -0.254894296780679, 0.534318243111694, -0.17532596055209065, 0.6138865793402823, 0.49962328888834345, -0.6288006535165901, -0.18088759130138288, 0.6083249485909901, 0.1878540723408845, 0.160411886375783]], "inverted": true, "swapped": false, "error_lsq": 0.03761311872667895, "error_max": 0.306034105887863, "target": "97.xyz", "model": "27.xyz", "model_rescale": 4.509807893063789, "target_rescale": 4.3922136085731545},
{"mapping": [1, 0, 9, 8, 5, 4, 10, 3, 7, 6, 12, 13], "R": [[0.8527053330962103, -0.5151902976149456, -0.08644404058525308], [-0.5205052463360089, -0.8519641403524215, -0.05684533481518389], [-0.04436105776434916, 0.09346689679765408, -0.9946336188552268]], "T": [0.025081343241342837, -0.015088605235879005, 0.16523727945748815], "aligned_model": [[0.5636244150305587, 0.6322152202633116, -0.09087560934675963, -0.022284804114006813, -0.3191426304107804, -0.25055182517802754, 0.48804363657518735, -0.043435122966870215, -0.6686094473002778, -0.600018642067525, 0.1693271911137824, 0.02515568226588259], [-0.3352259679604296, -0.2901208657197083, 0.5331617462053305, 0.5782668484460519, -0.5119375353689303, -0.466832433128209, 0.4092805174693878, 0.02412406518116349, 0.11680550462725477, 0.16191060686797604, -0.630171911437311, 0.06922916742188477], [-0.26214705415025186, 0.5270654857421212, -0.2548942967806789, 0.5343182431116942, -0.1753259605520908, 0.6138865793402822, 0.4996232888883435, -0.6288006535165899, -0.1808875913013828, 0.6083249485909903, 0.1878540723408842, 0.16041188637578294]], "inverted": false, "swapped": false, "error_lsq": 0.037613118726678954, "error_max": 0.3060341058878631, "target": "97.xyz", "model": "28.xyz", "model_rescale": 4.5098078930637895, "target_rescale": 4.3922136085731545},
{"mapping": [3, 4, 7, 8, 0, 1, 6, 2, 9, 10, 11, 12], "R": [[-0.5301525788594532, 0.8436340406417332, 0.08496969223890204], [-0.8428969730187962, -0.5352426432742761, 0.05513624666693147], [0.09199421723359434, -0.04239007302740458, 0.9948568468399408]], "T": [0.03335599960702583, -0.019702848697996846, -0.03616864612853024], "aligned_model": [[0.5115075198899657, 0.5795897297502589, -0.16841382030967378, -0.10033161044938056, -0.36690572201233834, -0.29882351215204517, 0.6107875955891343, -0.05597303027455032, -0.553383862993534, -0.4853016531332408, 0.19858725037413671, 0.012109179585742903], [-0.32132886418301493, -0.2771507882411522, 0.5218376309109222, 0.5660157068527849, -0.555452691227581, -0.5112746152857183, 0.44732814925024106, 0.023374310699230596, 0.14131043724790632, 0.18548851318976906, -0.62921043325002, 0.06755238664109335], [-0.26163935541789074, 0.5354925494155406, -0.2502973505812399, 0.5468345542521914, -0.17363954702371343, 0.6234923578097179, 0.49267641702758636, -0.6349728940998985, -0.19632815146292484, 0.6008037533705065, 0.18484760406569592, 0.16215901073353314]], "inverted": false, "swapped": false, "error_lsq": 0.03679098184898374, "error_max": 0.3025471055651738, "target": "97.xyz", "model": "29.xyz", "model_rescale": 4.466005838112752, "target_rescale": 4.3922136085731545},
