[{"mapping": [9, 8, 5, 0, 6, 3, 2, 10, 2, 7, 4, 11], "R": [[0.08168954470755752, -0.96836493357748, 0.2357884087544494], [-0.6067019890538944, -0.23601110083884758, -0.7590859350290216], [0.7907208829691553, -0.08104391216074575, -0.6067885707049542]], "T": [-0.06216948525894935, -0.011534888809359954, 0.07450905106490498], "aligned_model": [[-0.4303219985632128, 0.28000465076399866, 0.33745944891720664, -0.0007288537689887284, 0.23075471147406582, -0.31073266793769266, -0.12368558153222589, -0.6173690849686796, -0.12368558153222589, 0.04370762506859905, 0.5245065353226734, -0.18777594017445548], [-0.6541798147177215, 0.34885104392139815, 0.397337071174905, -0.6716387735516188, -0.6679726661925189, 0.6557146098559791, 0.05354415869350796, -0.05200936355525045, 0.05354415869350796, -0.06580221503004793, -0.204833379987566, -0.06946832238914788], [0.08171882891659336, -0.2433664116261054, 0.3719779612097373, -0.38318096961532383, 0.35585745497793186, -0.20312671311725705, -0.6844821572379066, 0.563074273037243, -0.6844821572379066, 0.8372128990985815, -0.10937748291091225, 0.09817447450532563]], "inverted": true, "swapped": false, "error_lsq": 0.06104550315960077, "error_max": 0.4726836748762708, "target": "98.xyz", "model": "0.xyz", "model_rescale": 4.5108708085295355, "target_rescale": 4.156650603218003},
{"mapping": [9, 5, 8, 6, 0, 3, 10, 2, 7, 2, 4, 11], "R": [[-0.0816895447075574, 0.9683649335774793, -0.23578840875445004], [0.6067019890538944, 0.2360111008388479, 0.7590859350290211], [0.790720882969155, -0.08104391216074627, -0.6067885707049541]], "T": [-0.06216948525894941, -0.011534888809359996, -0.07450905106490487], "aligned_model": [[-0.4303219985632122, 0.337459448917206, 0.28000465076399833, 0.23075471147406576, -0.0007288537689881733, -0.3107326679376927, -0.6173690849686794, -0.12368558153222553, 0.043707625068598606, -0.12368558153222553, 0.5245065353226732, -0.1877759401744554], [-0.6541798147177214, 0.39733707117490474, 0.34885104392139815, -0.6679726661925186, -0.6716387735516186, 0.6557146098559783, -0.052009363555250994, 0.05354415869350803, -0.06580221503004818, 0.05354415869350803, -0.20483337998756562, -0.06946832238914803], [-0.08171882891659295, -0.3719779612097372, 0.24336641162610517, -0.35585745497793164, 0.383180969615324, 0.20312671311725705, -0.5630742730372422, 0.6844821572379063, -0.837212899098581, 0.6844821572379063, 0.109377482910912, -0.09817447450532536]], "inverted": false, "swapped": false, "error_lsq": 0.06104550315960075, "error_max": 0.4726836748762708, "target": "98.xyz", "model": "1.xyz", "model_rescale": 4.510870808529536, "target_rescale": 4.156650603218003},
{"mapping": [10, 4, 8, 7, 1, 2, 9, 3, 6, 3, 5, 11], "R": [[0.08168954470755707, -0.96836493357748, -0.23578840875444929], [-0.6067019890538947, -0.2360111008388472, 0.7590859350290216], [-0.7907208829691552, 0.08104391216074602, -0.6067885707049543]], "T": [-0.062169485258949386, -0.011534888809359871, -0.07450905106490496], "aligned_model": [[-0.43032199856321296, 0.3374594489172067, 0.28000465076399883, 0.2307547114740655, -0.0007288537689888741, -0.3107326679376923, -0.6173690849686797, -0.12368558153222563, 0.04370762506859882, -0.12368558153222563, 0.5245065353226733, -0.18777594017445542], [-0.6541798147177214, 0.3973370711749048, 0.34885104392139804, -0.6679726661925192, -0.6716387735516186, 0.6557146098559792, -0.052009363555250425, 0.053544158693508155, -0.06580221503004818, 0.053544158693508155, -0.20483337998756623, -0.06946832238914799], [-0.08171882891659299, -0.3719779612097374, 0.24336641162610545, -0.3558574549779316, 0.383180969615324, 0.203126713117257, -0.5630742730372427, 0.6844821572379067, -0.8372128990985812, 0.6844821572379067, 0.10937748291091229, -0.09817447450532539]], "inverted": true, "swapped": false, "error_lsq": 0.06104550315960076, "error_max": 0.4726836748762709, "target": "98.xyz", "model": "2.xyz", "model_rescale": 4.5108708085295355, "target_rescale": 4.156650603218003},
{"mapping": [12, 5, 4, 3, 2, 6, 10, 9, 1, 0, 8, 13], "R": [[-0.5547461198793396, -0.8316410767618408, 0.02509705005023045], [0.8269888207201316, -0.5478288315916594, 0.12638457849296136], [-0.0913577193385626, 0.09086633435615034, 0.9916637920172003]], "T": [-0.04974951486995054, -0.05088621873810255, -0.0023658967873163433], "aligned_model": [[-0.4445169094011051, 0.402351923077436, 0.4222656952417096, 0.2608646414383118, 0.2807784136025854, -0.22064017001057068, -0.6339515856390033, -0.6140378134747299, -0.15400442356772504, -0.11417687923917791, 0.5712910224447835, -0.13409065140345147], [-0.5441691851105311, 0.22695697001950538, 0.32723942138926193, -0.6587410229093243, -0.5584585715395678, 0.6490089674313326, -0.04334525985848489, 0.056937191511271676, -0.1547249470806608, 0.04583995565885228, -0.1690145168853242, -0.054442495710904266], [-0.32957806462307776, -0.44928835808274126, 0.3375677376841301, -0.3328280397502383, 0.4540280560166331, 0.3128298497345518, -0.38861235589461296, 0.3982437398722584, -0.7866342482886978, 0.7870779432450447, -0.0030281073914230072, 0.00022184747817343906]], "inverted": true, "swapped": false, "error_lsq": 0.0529676395537658, "error_max": 0.35906395384211953, "target": "98.xyz", "model": "3.xyz", "model_rescale": 4.509807743048502, "target_rescale": 4.156650603218003},
{"mapping": [12, 4, 5, 2, 3, 7, 9, 10, 0, 1, 8, 13], "R": [[0.5511933370379511, 0.8306472832980915, -0.07880987218913463], [-0.8326371894495778, 0.5536819605697125, 0.012312484931462288], [0.053862936704896364, 0.058833470823839294, 0.9968136268933852]], "T": [-0.04443365333643065, -0.05155473742933337, -0.06762318187663456], "aligned_model": [[-0.460510616558349, 0.44839640418017546, 0.3858630850877375, 0.30515755151973323, 0.24262423242729528, -0.2544683236480215, -0.5856694106780471, -0.6482027297704851, -0.06601465608197406, -0.19108129426684994, 0.5745869960322599, -0.12854797517441197], [-0.494039355975951, 0.27498602544856626, 0.2847556206484188, -0.6180566028415192, -0.6082870076416665, 0.6079708905480571, 0.0006936154844625897, 0.010463210684315175, -0.06505760848621542, -0.04551841808651025, -0.16953584958016837, -0.05528801328636283], [0.30295003154219524, -0.4306960378308475, 0.3602463006698397, -0.4309900363866517, 0.3599523021140355, 0.3056282475528405, -0.5090631181275812, 0.2818792203731059, -0.8651696366062591, 0.7167150403951158, -0.017225015590220973, -0.07422729810557188]], "inverted": false, "swapped": false, "error_lsq": 0.05219957222084904, "error_max": 0.3483474078079198, "target": "98.xyz", "model": "4.xyz", "model_rescale": 4.509807743048502, "target_rescale": 4.156650603218003},
{"mapping": [11, 4, 5, 2, 3, 7, 9, 10, 0, 1, 8, 13], "R": [[0.554746119879339, 0.8316410767618412, 0.02509705005023056], [-0.8269888207201319, 0.5478288315916587, 0.1263845784929613], [0.09135771933856257, -0.09086633435615034, 0.9916637920172001]], "T": [-0.04974951486995052, -0.050886218738102555, -0.002365896787316529], "aligned_model": [[-0.44451690940110533, 0.40235192307743617, 0.42226569524170987, 0.26086464143831134, 0.28077841360258504, -0.22064017001057012, -0.6339515856390034, -0.6140378134747297, -0.1540044235677251, -0.1141768792391778, 0.5712910224447834, -0.13409065140345144], [-0.5441691851105307, 0.22695697001950504, 0.32723942138926154, -0.6587410229093245, -0.558458571539568, 0.6490089674313327, -0.04334525985848443, 0.056937191511272085, -0.1547249470806607, 0.04583995565885229, -0.16901451688532457, -0.054442495710904176], [-0.3295780646230776, -0.4492883580827411, 0.33756773768413, -0.3328280397502381, 0.454028056016633, 0.3128298497345517, -0.3886123558946128, 0.3982437398722583, -0.7866342482886978, 0.7870779432450442, -0.0030281073914229135, 0.00022184747817354834]], "inverted": false, "swapped": false, "error_lsq": 0.052967639553765815, "error_max": 0.3590639538421194, "target": "98.xyz", "model": "5.xyz", "model_rescale": 4.509807743048502, "target_rescale": 4.156650603218003},
{"mapping": [11, 4, 5, 2, 3, 7, 9, 10, 0, 1, 8, 13], "R": [[0.5547461800873643, 0.8316410365098909, 0.025097053038797897], [-0.8269887813155589, 0.5478288912637248, 0.1263845776784697], [0.09135771043915578, -0.09086634299625325, 0.9916637920453701]], "T": [-0.049749532485931516, -0.05088622938907877, -0.0023658949107312837], "aligned_model": [[-0.4445170016459188, 0.4023519880942062, 0.4222657633214753, 0.2608647662488311, 0.2807785414761002, -0.22064033196281135, -0.6339513521558283, -0.6140375769285592, -0.15400453909416834, -0.11417698863963001, 0.5712907582222652, -0.13409076386689917], [-0.5441693009833845, 0.2269570632409661, 0.32723951744750723, -0.6587409708680161, -0.558458516661475, 0.6490089073103313, -0.043345128769127175, 0.05693732543741397, -0.15472502746367284, 0.04583988094940942, -0.16901466946739443, -0.054442573257131706], [-0.329578060549165, -0.44928838655269643, 0.337567736566003, -0.33282806478953547, 0.4540280583291639, 0.31282987654516103, -0.38861239055490576, 0.39824373256379364, -0.7866342625867556, 0.7870779836506429, -0.0030280831536491095, 0.00022186053194353647]], "inverted": false, "swapped": false, "error_lsq": 0.05296763222641687, "error_max": 0.359063891915776, "target": "98.xyz", "model": "6.xyz", "model_rescale": 4.509807586411629, "target_rescale": 4.156650603218003},
{"mapping": [12, 4, 5, 2, 3, 7, 9, 10, 0, 1, 8, 13], "R": [[0.5511933965776951, 0.8306472433515587, -0.07880987680234362], [-0.8326371496602459, 0.5536820204320015, 0.012312483746110877], [0.053862942500436606, 0.05883347144945199, 0.9968136265432981]], "T": [-0.0444336704260599, -0.0515547481448829, -0.06762318545742262], "aligned_model": [[-0.46051070983133063, 0.4483964742305723, 0.38586314930575016, 0.30515768067153376, 0.24262435574671165, -0.2544684888433263, -0.5856691723829209, -0.648202497307743, -0.06601476206157184, -0.1910814119112162, 0.5745867324389976, -0.128548086986394], [-0.4940394716383703, 0.2749861211934901, 0.28475571579212355, -0.6180565483928241, -0.6082869537941907, 0.6079708279566368, 0.0006937499303517128, 0.010463344528985154, -0.06505768618141544, -0.04551849698414856, -0.16953600391242998, -0.055288091582782], [0.30295003473654236, -0.43069604711924164, 0.36024631857506323, -0.43099004221725756, 0.3599523234770473, 0.3056282466702951, -0.5090631197315786, 0.2818792459627263, -0.8651696744308723, 0.716715056957738, -0.017225034143894466, -0.07422730873656733]], "inverted": false, "swapped": false, "error_lsq": 0.0521995645331526, "error_max": 0.34834733799995393, "target": "98.xyz", "model": "7.xyz", "model_rescale": 4.509807586411629, "target_rescale": 4.156650603218003},
{"mapping": [11, 4, 5, 2, 3, 7, 9, 10, 0, 1, 8, 13], "R": [[0.5547461800873643, 0.8316410365098909, 0.02509705303879793], [-0.8269887813155589, 0.5478288912637248, 0.12638457767846967], [0.09135771043915575, -0.09086634299625325, 0.9916637920453701]], "T": [-0.049749532485931516, -0.050886229389078774, -0.0023658949107313505], "aligned_model": [[-0.44451700164591884, 0.40235198809420614, 0.42226576332147536, 0.26086476624883104, 0.28077854147610026, -0.22064033196281135, -0.6339513521558283, -0.6140375769285592, -0.15400453909416834, -0.11417698863962998, 0.5712907582222652, -0.13409076386689917], [-0.5441693009833843, 0.22695706324096615, 0.32723951744750723, -0.6587409708680161, -0.5584585166614751, 0.6490089073103311, -0.04334512876912716, 0.05693732543741395, -0.1547250274636728, 0.045839880949409384, -0.1690146694673944, -0.05444257325713168], [-0.329578060549165, -0.44928838655269643, 0.3375677365660029, -0.3328280647895355, 0.4540280583291638, 0.31282987654516103, -0.3886123905549057, 0.39824373256379364, -0.7866342625867557, 0.7870779836506427, -0.0030280831536488905, 0.00022186053194376458]], "inverted": false, "swapped": false, "error_lsq": 0.05296763222641687, "error_max": 0.35906389191577603, "target": "98.xyz", "model": "8.xyz", "model_rescale": 4.509807586411629, "target_rescale": 4.156650603218003},
{"mapping": [9, 6, 7, 2, 3, 5, 11, 12, 0, 1, 8, 13], "R": [[-0.5547460647547233, -0.8316411133492183, 0.025097056130576063], [0.8269888567767985, -0.547828775597063, 0.12638458527378757], [-0.09135772767616765, 0.09086633708417963, 0.9916637909991227]], "T": [-0.0497495451092539, -0.05088617052796866, -0.0023659022084521275], "aligned_model": [[-0.44451690031162105, 0.40235184404178154, 0.42226562208409973, 0.2608646802436049, 0.28077845828592307, -0.22064025575586318, -0.6339515531788215, -0.6140377751365033, -0.15400443358381674, -0.11417687749918043, 0.5712911094209582, -0.13409065554149857], [-0.5441690788332342, 0.22695693836414604, 0.32723940041938265, -0.6587409695577365, -0.5584585075024998, 0.64900900596147, -0.043345115011342854, 0.05693734704389379, -0.15472514823501915, 0.045839775875454083, -0.16901445542930504, -0.05444268617978255], [-0.32957809414680594, -0.4492883783853593, 0.33756775819957474, -0.33282806682572363, 0.4540280697592104, 0.31282986470181595, -0.3886123932490625, 0.39824374333587154, -0.786634264225433, 0.7870780089444348, -0.0030281204680233246, 0.00022187235950087494]], "inverted": false, "swapped": false, "error_lsq": 0.05296763693210941, "error_max": 0.3590640125180353, "target": "98.xyz", "model": "9.xyz", "model_rescale": 4.509807504472865, "target_rescale": 4.156650603218003},
{"mapping": [10, 6, 7, 2, 3, 5, 11, 12, 0, 1, 8, 13], "R": [[-0.5511932812385468, -0.8306473202057479, -0.07880987344548875], [0.8326372267532943, -0.5536819045354503, 0.012312482064132012], [-0.05386293105714861, -0.058833477077310174, 0.9968136268294724]], "T": [-0.04443368299603315, -0.05155468871595582, -0.0676231882911851], "aligned_model": [[-0.46051060650230824, 0.44839633109527555, 0.3858630076978503, 0.3051575953178066, 0.24262427192038136, -0.25446841318171554, -0.5856693724609701, -0.6482026958583953, -0.06601465599467964, -0.19108130278953014, 0.5745870832174529, -0.12854797939210488], [-0.49403924448232706, 0.2749860000535884, 0.2847555934951249, -0.6180565431246966, -0.6082869496831601, 0.6079709237648052, 0.0006937681502802578, 0.010463361591816711, -0.0650577985470411, -0.045518611663968186, -0.16953578753349124, -0.05528820510550465], [0.3029500467737144, -0.43069606628113044, 0.3602463140108898, -0.4309900593966306, 0.35995232089538964, 0.3056282593072692, -0.50906314207484, 0.2818792382171802, -0.865169679946818, 0.716715080637223, -0.017225012487448836, -0.07422729965479767]], "inverted": false, "swapped": false, "error_lsq": 0.05219956958828936, "error_max": 0.34834747093790025, "target": "98.xyz", "model": "10.xyz", "model_rescale": 4.509807504472865, "target_rescale": 4.156650603218003},
{"mapping": [9, 7, 6, 3, 2, 4, 12, 11, 1, 0, 8, 13], "R": [[0.5511932812385469, 0.8306473202057479, -0.07880987344548854], [-0.8326372267532943, 0.5536819045354504, 0.01231248206413197], [0.053862931057148455, 0.05883347707731001, 0.9968136268294723]], "T": [-0.04443368299603317, -0.05155468871595581, -0.067623188291185], "aligned_model": [[-0.4605106065023082, 0.44839633109527544, 0.38586300769785037, 0.30515759531780656, 0.24262427192038144, -0.25446841318171554, -0.5856693724609702, -0.6482026958583952, -0.06601465599467984, -0.19108130278953, 0.5745870832174529, -0.12854797939210488], [-0.49403924448232717, 0.27498600005358853, 0.2847555934951249, -0.6180565431246966, -0.6082869496831601, 0.6079709237648052, 0.0006937681502802232, 0.010463361591816649, -0.06505779854704107, -0.04551861166396823, -0.1695357875334912, -0.055288205105504654], [0.3029500467737145, -0.43069606628113055, 0.3602463140108898, -0.4309900593966307, 0.35995232089538953, 0.30562825930726933, -0.5090631420748399, 0.2818792382171804, -0.8651696799468177, 0.7167150806372228, -0.017225012487449065, -0.07422729965479774]], "inverted": true, "swapped": false, "error_lsq": 0.05219956958828936, "error_max": 0.3483474709379003, "target": "98.xyz", "model": "11.xyz", "model_rescale": 4.509807504472865, "target_rescale": 4.156650603218003},
{"mapping": [9, 6, 7, 2, 3, 5, 11, 12, 0, 1, 8, 13], "R": [[-0.554746174178889, -0.8316410405721743, 0.02509704902806654], [0.8269887851854819, -0.5478288859757514, 0.12638457527723948], [-0.0913577112855112, 0.09086633769773361, 0.9916637924529033]], "T": [-0.04974965455434771, -0.05088624504292799, -0.0023658898455359376], "aligned_model": [[-0.444517109607742, 0.4023518519891005, 0.42226562323867733, 0.26086462937539495, 0.2807784006249718, -0.22064025971662726, -0.6339514489559384, -0.6140376777063614, -0.15400434643666328, -0.11417680393750952, 0.5712909793888465, -0.1340905751870864], [-0.5441692935920539, 0.22695703451236005, 0.3272394828086237, -0.6587409635526142, -0.5584585152563506, 0.6490089855979897, -0.04334513999491727, 0.05693730830134636, -0.1547250984146134, 0.04583979817791381, -0.1690144415539078, -0.0544426501183498], [-0.3295780454570294, -0.44928836080340245, 0.33756773121405614, -0.3328280463792383, 0.4540280456382203, 0.3128298496165429, -0.3886123729017478, 0.3982437191157108, -0.7866342268348355, 0.7870779572000813, -0.003028115590980403, 0.00022186518262295313]], "inverted": false, "swapped": false, "error_lsq": 0.05296762123501838, "error_max": 0.3590638489220397, "target": "98.xyz", "model": "12.xyz", "model_rescale": 4.509807766519439, "target_rescale": 4.156650603218003},
{"mapping": [10, 6, 7, 2, 3, 5, 11, 12, 0, 1, 8, 13], "R": [[-0.551193391293401, -0.8306472471461173, -0.0788098737662807], [0.8326371531977781, -0.5536820150734468, 0.01231248548861992], [-0.05386294189124692, -0.058833468304909, 0.9968136267618113]], "T": [-0.044433792617556964, -0.05155476423241015, -0.06762319225358934], "aligned_model": [[-0.46051081720032155, 0.4483963334154545, 0.3858630133970472, 0.3051575397371149, 0.24262421971870762, -0.2544684130409961, -0.5856692739264001, -0.6482025939448074, -0.06601457943632374, -0.1910812194731384, 0.5745869532774568, -0.12854789945473105], [-0.494039466877771, 0.2749860883956784, 0.2847556839867741, -0.6180565445890959, -0.6082869489980002, 0.6079709101353481, 0.0006937347514389056, 0.010463330342534612, -0.06505776442569246, -0.045518573243501025, -0.16953577372769016, -0.05528816883459674], [0.3029500149192623, -0.43069604127866523, 0.36024629300122524, -0.4309900348407639, 0.35995229943912654, 0.3056282378240669, -0.5090631073575542, 0.28187922692233625, -0.8651696243056974, 0.716715044254084, -0.017225018551613555, -0.07422729002580679]], "inverted": false, "swapped": false, "error_lsq": 0.05219955350228944, "error_max": 0.3483472957801784, "target": "98.xyz", "model": "13.xyz", "model_rescale": 4.509807766519439, "target_rescale": 4.156650603218003},
{"mapping": [9, 7, 6, 3, 2, 4, 12, 11, 1, 0, 8, 13], "R": [[0.551193391293401, 0.8306472471461173, -0.07880987376628099], [-0.8326371531977781, 0.5536820150734468, 0.012312485488620045], [0.053862941891247185, 0.05883346830490918, 0.9968136267618113]], "T": [-0.04443379261755696, -0.05155476423241016, -0.06762319225358923], "aligned_model": [[-0.46051081720032166, 0.44839633341545465, 0.3858630133970471, 0.30515753973711507, 0.24262421971870754, -0.2544684130409962, -0.5856692739264, -0.6482025939448075, -0.06601457943632352, -0.19108121947313858, 0.5745869532774568, -0.12854789945473102], [-0.49403946687777095, 0.2749860883956783, 0.2847556839867741, -0.618056544589096, -0.6082869489980001, 0.6079709101353482, 0.0006937347514388431, 0.010463330342534653, -0.06505776442569255, -0.045518573243500934, -0.16953577372769016, -0.05528816883459675], [0.3029500149192623, -0.43069604127866523, 0.36024629300122546, -0.4309900348407639, 0.35995229943912677, 0.3056282378240669, -0.5090631073575544, 0.28187922692233625, -0.8651696243056972, 0.7167150442540839, -0.017225018551613444, -0.0742272900258069]], "inverted": true, "swapped": false, "error_lsq": 0.05219955350228944, "error_max": 0.3483472957801784, "target": "98.xyz", "model": "14.xyz", "model_rescale": 4.509807766519439, "target_rescale": 4.156650603218003},
{"mapping": [10, 8, 6, 1, 5, 2, 3, 9, 3, 4, 7, 11], "R": [[0.08168951479396974, -0.9683649381653683, 0.2357884002759862], [-0.6067019617145498, -0.2360110790005414, -0.7590859636699374], [0.7907209070363848, -0.08104392093786622, -0.606788538170073]], "T": [-0.062169371171916656, -0.011534921256362796, 0.07450915099771513], "aligned_model": [[-0.43032183321176903, 0.28000467361274634, 0.33745948470257514, -0.0007288777529468951, 0.2307544967257922, -0.3107326504903289, -0.12368555536947107, -0.6173689283326268, -0.12368555536947107, 0.04370740160493441, 0.524506579823433, -0.18777597287380465], [-0.6541797970896933, 0.348851196195347, 0.3973371143864024, -0.6716387035209168, -0.6679727611068886, 0.655714535127424, 0.053544011533862734, -0.05200927349613216, 0.053544011533862734, -0.06580223751332748, -0.20483340920715876, -0.06946817992735574], [0.08171886802817332, -0.24336661706647475, 0.3719779810970024, -0.3831811536996801, 0.3558574932909523, -0.20312658678880682, -0.6844820448371944, 0.563074326076561, -0.6844820448371944, 0.83721295133934, -0.10937747695138525, 0.09817430434870755]], "inverted": false, "swapped": false, "error_lsq": 0.06104548985373129, "error_max": 0.4726836365521142, "target": "98.xyz", "model": "15.xyz", "model_rescale": 4.510870436145588, "target_rescale": 4.156650603218003},
{"mapping": [9, 7, 8, 4, 0, 3, 10, 2, 5, 2, 6, 11], "R": [[0.08168951479396919, -0.9683649381653681, -0.23578840027598597], [-0.6067019617145498, -0.2360110790005409, 0.7590859636699374], [-0.7907209070363845, 0.0810439209378665, -0.6067885381700728]], "T": [-0.062169371171916635, -0.011534921256362789, -0.07450915099771502], "aligned_model": [[-0.43032183321176914, 0.33745948470257514, 0.28000467361274656, 0.23075449672579174, -0.0007288777529470408, -0.31073265049032833, -0.6173689283326268, -0.12368555536947079, 0.04370740160493414, -0.12368555536947079, 0.5245065798234326, -0.1877759728738046], [-0.654179797089693, 0.3973371143864021, 0.3488511961953467, -0.6679727611068885, -0.6716387035209168, 0.655714535127424, -0.05200927349613193, 0.05354401153386291, -0.06580223751332753, 0.05354401153386291, -0.20483340920715892, -0.06946817992735574], [-0.08171886802817316, -0.3719779810970023, 0.2433666170664747, -0.3558574932909522, 0.3831811536996801, 0.20312658678880705, -0.5630743260765605, 0.6844820448371944, -0.8372129513393396, 0.6844820448371944, 0.10937747695138503, -0.09817430434870733]], "inverted": false, "swapped": false, "error_lsq": 0.06104548985373128, "error_max": 0.4726836365521144, "target": "98.xyz", "model": "16.xyz", "model_rescale": 4.510870436145588, "target_rescale": 4.156650603218003},
{"mapping": [10, 6, 8, 5, 1, 2, 9, 3, 4, 3, 7, 11], "R": [[-0.08168951479396919, 0.9683649381653683, -0.2357884002759856], [0.6067019617145494, 0.2360110790005407, 0.7590859636699376], [0.790720907036385, -0.08104392093786622, -0.6067885381700725]], "T": [-0.06216937117191663, -0.01153492125636267, -0.07450915099771505], "aligned_model": [[-0.43032183321176937, 0.3374594847025754, 0.2800046736127467, 0.23075449672579168, -0.000728877752947367, -0.3107326504903282, -0.6173689283326268, -0.1236855553694709, 0.04370740160493434, -0.1236855553694709, 0.5245065798234327, -0.18777597287380457], [-0.6541797970896928, 0.39733711438640223, 0.34885119619534644, -0.6679727611068884, -0.6716387035209168, 0.655714535127424, -0.05200927349613137, 0.05354401153386258, -0.06580223751332707, 0.05354401153386258, -0.20483340920715915, -0.06946817992735572], [-0.08171886802817352, -0.37197798109700214, 0.2433666170664751, -0.35585749329095256, 0.38318115369967964, 0.20312658678880735, -0.5630743260765607, 0.6844820448371945, -0.8372129513393398, 0.6844820448371945, 0.10937747695138511, -0.09817430434870729]], "inverted": true, "swapped": false, "error_lsq": 0.06104548985373128, "error_max": 0.4726836365521143, "target": "98.xyz", "model": "17.xyz", "model_rescale": 4.510870436145588, "target_rescale": 4.156650603218003},
{"mapping": [0, 6, 2, 3, 11, 8, 7, 10, 5, 1, 4, 12], "R": [[-0.19178396974433018, 0.8486026959749897, 0.49304398721927967], [-0.60536464601075, -0.49770350236792954, 0.6211480251043031], [0.7724976079635363, -0.17934516473737386, 0.6091656240924459]], "T": [-0.009015712831458293, -0.01059707123023837, 0.08251878228115965], "aligned_model": [[-0.4684469000187169, 0.39686075551895805, 0.23374258644208773, 0.18595474588052663, 0.19377577516126823, -0.222165840769876, -0.6172187682163446, -0.428480278751696, 0.0018078280724894216, -0.07339397257224828, 0.5810076733269953, -0.161310341004381], [-0.7556018562350137, 0.40112029109715086, 0.42568394989289116, -0.6576386633893788, -0.6323908236669329, 0.5617867595650532, 0.06409009951854747, 0.30247302876745985, -0.09657636894935487, -0.25790519618850805, -0.1599420033428731, -0.07201271015361468], [0.22753411545031949, -0.33697165222191994, 0.427669684710072, -0.4020129655711161, 0.22357666159321, 0.00022676068217600265, -0.487868965735123, 0.4316271787250269, -0.8250673786392191, 0.7156298418676185, 0.08608276084618298, -0.06042604170722719]], "inverted": false, "swapped": false, "error_lsq": 0.04909874957158993, "error_max": 0.2665126779795315, "target": "98.xyz", "model": "18.xyz", "model_rescale": 4.466005644533647, "target_rescale": 4.156650603218003},
{"mapping": [10, 4, 5, 0, 1, 7, 8, 9, 2, 3, 12, 13], "R": [[0.5547461995851848, 0.8316410235813796, 0.025097050470311993], [-0.8269887685573802, 0.5478289111280132, 0.12638457505662265], [0.09135770753331156, -0.09086634156171569, 0.9916637924445197]], "T": [-0.04974959398898035, -0.05088620482893348, -0.0023658964720040397], "aligned_model": [[-0.4445170407181438, 0.4023519073220846, 0.42226567995862474, 0.260864710293331, 0.2807784829298712, -0.22064022065637154, -0.6339513977796559, -0.6140376251431158, -0.15400447257199873, -0.11417692729891836, 0.5712908666688137, -0.13409069993545852], [-0.5441692709616405, 0.22695709217600862, 0.32723954151883144, -0.6587409210569473, -0.5584584717141244, 0.6490090288773441, -0.043345116914335236, 0.0569373324284876, -0.15472518330979462, 0.04583971537585106, -0.1690145055372828, -0.05444273396697175], [-0.329578054465106, -0.44928837499438745, 0.33756772660167567, -0.33282805927489734, 0.4540280423211658, 0.31282984842410827, -0.3886123811324806, 0.39824372046358253, -0.786634222416682, 0.7870779807754442, -0.0030281054818035377, 0.00022187917938118213]], "inverted": false, "swapped": false, "error_lsq": 0.05296762767036337, "error_max": 0.3590638832352055, "target": "98.xyz", "model": "19.xyz", "model_rescale": 4.509807711582247, "target_rescale": 4.156650603218003},
{"mapping": [11, 4, 5, 0, 1, 7, 8, 9, 2, 3, 12, 13], "R": [[0.5511934163910303, 0.8306472302963079, -0.07880987582947487], [-0.8326371364255991, 0.5536820403086716, 0.012312484907805368], [0.05386294433247031, 0.05883346871211474, 0.9968136266058657]], "T": [-0.04443373191600294, -0.05155472355990036, -0.06762318878968936], "aligned_model": [[-0.460510748809763, 0.44839639085780686, 0.38586306844055246, 0.3051576224514497, 0.24262430003419524, -0.25446837548311285, -0.5856692206499118, -0.6482025430671662, -0.0660147014232722, -0.19108134625778098, 0.5745868408165918, -0.12854802384052658], [-0.49403944351226176, 0.27498614729830223, 0.28475574254754904, -0.6180565008990625, -0.6082869056498156, 0.6079709531632849, 0.000693758888323702, 0.010463354137570553, -0.06505784878625664, -0.045518658287762956, -0.1695358384474348, -0.0552882535370098], [0.3029500229921668, -0.4306960419924647, 0.36024630179872197, -0.43099003418548193, 0.35995230960570473, 0.30562824428541047, -0.5090631102836736, 0.28187923350751304, -0.8651696436151272, 0.7167150439672457, -0.017225026256074062, -0.07422729982394081]], "inverted": false, "swapped": false, "error_lsq": 0.052199559939432455, "error_max": 0.3483473299275083, "target": "98.xyz", "model": "20.xyz", "model_rescale": 4.509807711582248, "target_rescale": 4.156650603218003},
{"mapping": [1, 5, 2, 4, 11, 7, 8, 9, 6, 0, 3, 12], "R": [[0.19178396974433046, -0.8486026959749896, 0.49304398721927967], [0.6053646460107499, 0.4977035023679297, 0.6211480251043029], [-0.7724976079635363, 0.1793451647373737, 0.609165624092446]], "T": [-0.00901571283145823, -0.0105970712302383, 0.0825187822811597], "aligned_model": [[-0.4684469000187171, 0.39686075551895833, 0.23374258644208779, 0.18595474588052668, 0.19377577516126815, -0.22216584076987594, -0.6172187682163445, -0.428480278751696, 0.0018078280724897616, -0.07339397257224851, 0.5810076733269953, -0.16131034100438096], [-0.7556018562350136, 0.40112029109715075, 0.4256839498928911, -0.6576386633893788, -0.632390823666933, 0.5617867595650532, 0.06409009951854781, 0.3024730287674599, -0.09657636894935469, -0.25790519618850816, -0.15994200334287334, -0.07201271015361461], [0.2275341154503197, -0.33697165222192, 0.4276696847100721, -0.402012965571116, 0.2235766615932101, 0.00022676068217586387, -0.4878689657351232, 0.4316271787250268, -0.8250673786392191, 0.7156298418676188, 0.08608276084618302, -0.06042604170722722]], "inverted": true, "swapped": false, "error_lsq": 0.04909874957158993, "error_max": 0.26651267797953154, "target": "98.xyz", "model": "21.xyz", "model_rescale": 4.466005644533646, "target_rescale": 4.156650603218003},
{"mapping": [0, 6, 2, 3, 11, 8, 7, 10, 5, 1, 4, 12], "R": [[-0.19178404969683957, 0.8486027028989774, 0.49304394420216735], [-0.6053646046496409, -0.49770352663225415, 0.6211480459722956], [0.7724976205266033, -0.17934506463899913, 0.6091656376309887]], "T": [-0.009015703038380757, -0.010597076379629283, 0.08251877854089955], "aligned_model": [[-0.4684470154498416, 0.3968607185001144, 0.23374267035950752, 0.1859546936615826, 0.19377604768471315, -0.222165909920121, -0.6172188060770095, -0.42848020276124565, 0.0018078223432258234, -0.0733941192929531, 0.5810075898184711, -0.16131022579738108], [-0.7556017961709095, 0.4011203170188947, 0.4256839050229122, -0.6576386453271053, -0.6323909977661312, 0.5617868145946329, 0.06409013382386272, 0.30247299517547777, -0.09657636375187537, -0.2579051154001394, -0.15994196455633516, -0.072012775747858], [0.2275341284864334, -0.3369716232302139, 0.42766966393944067, -0.40201290402225864, 0.22357664731916183, 0.00022672928836653394, -0.48786901190321924, 0.4316271049488885, -0.8250673644217997, 0.7156298696780192, 0.08608283716932719, -0.060426077252145285]], "inverted": false, "swapped": false, "error_lsq": 0.04909874361681008, "error_max": 0.2665126289914149, "target": "98.xyz", "model": "22.xyz", "model_rescale": 4.46600560860683, "target_rescale": 4.156650603218003},
{"mapping": [10, 4, 5, 0, 1, 7, 8, 9, 2, 3, 12, 13], "R": [[0.5547461395675152, 0.8316410636012064, 0.025097050966069893], [-0.8269888078307401, 0.5478288511099342, 0.12638457822954768], [0.09135771646462135, -0.09086633713220765, 0.9916637920275934]], "T": [-0.049749592529972644, -0.050886203349870596, -0.0023658967602953143], "aligned_model": [[-0.4445169828186527, 0.40235184406287894, 0.4222656172570878, 0.2608645814277361, 0.28077835462194495, -0.220640265403463, -0.6339514894716369, -0.614037716277428, -0.1540043804399604, -0.11417683405154262, 0.5712911414078502, -0.1340906072457515], [-0.5441691861814892, 0.22695700059009166, 0.32723945327792164, -0.6587410092332289, -0.5584585565453989, 0.6490089892125298, -0.04334513620559339, 0.0569373164822366, -0.15472511841405395, 0.04583978696160601, -0.1690143673029713, -0.05444266572622395], [-0.3295780684609735, -0.4492883663876362, 0.3375677413695951, -0.332828046488752, 0.4540280612684793, 0.31282985582823, -0.38861237961144685, 0.39824372814578446, -0.7866342396289551, 0.7870779758855074, -0.003028130048108169, 0.00022186812827623432]], "inverted": false, "swapped": false, "error_lsq": 0.05296762781737029, "error_max": 0.35906393588692614, "target": "98.xyz", "model": "23.xyz", "model_rescale": 4.509807674373902, "target_rescale": 4.156650603218003},
{"mapping": [11, 4, 5, 0, 1, 7, 8, 9, 2, 3, 12, 13], "R": [[0.5511933565279616, 0.8306472702439122, -0.07880987346631375], [-0.8326371764331834, 0.55368198015265, 0.012312484542772912], [0.0538629384717831, 0.05883347083571831, 0.9968136267972101]], "T": [-0.04443373057362803, -0.05155472204075785, -0.06762318919806323], "aligned_model": [[-0.4605106901129974, 0.44839632714317595, 0.3858630060850869, 0.3051574932630336, 0.24262417220494453, -0.2544684199337976, -0.5856693127589809, -0.6482026338170701, -0.06601461031919201, -0.19108125243537008, 0.5745871151275111, -0.12854793137728102], [-0.4940393565483097, 0.27498605684502164, 0.28475565188523033, -0.6180565884066574, -0.6082869933664486, 0.607970911597014, 0.0006937410907497527, 0.010463336130958498, -0.06505777960692169, -0.04551858952650422, -0.16953569861199314, -0.05528818456671296], [0.3029500300999052, -0.43069605067116346, 0.3602462997975502, -0.4309900480644371, 0.35995230240427656, 0.30562824474028505, -0.5090631197386472, 0.2818792307300665, -0.8651696441306829, 0.7167150568067437, -0.017225008311926485, -0.0742272936619697]], "inverted": false, "swapped": false, "error_lsq": 0.05219956021738428, "error_max": 0.34834738780890917, "target": "98.xyz", "model": "24.xyz", "model_rescale": 4.509807674373903, "target_rescale": 4.156650603218003},
{"mapping": [1, 5, 2, 4, 11, 7, 8, 9, 6, 0, 3, 12], "R": [[0.19178404969683988, -0.8486027028989771, 0.493043944202168], [0.6053646046496406, 0.497703526632255, 0.6211480459722956], [-0.7724976205266039, 0.1793450646389991, 0.6091656376309884]], "T": [-0.009015703038380632, -0.010597076379629228, 0.08251877854089956], "aligned_model": [[-0.4684470154498421, 0.39686071850011473, 0.23374267035950808, 0.1859546936615823, 0.19377604768471285, -0.2221659099201207, -0.6172188060770096, -0.42848020276124543, 0.0018078223432257262, -0.07339411929295313, 0.5810075898184712, -0.16131022579738108], [-0.7556017961709093, 0.4011203170188943, 0.4256839050229123, -0.6576386453271058, -0.6323909977661315, 0.5617868145946331, 0.06409013382386311, 0.3024729951754783, -0.0965763637518757, -0.2579051154001392, -0.15994196455633575, -0.07201277574785794], [0.227534128486434, -0.3369716232302145, 0.42766966393944045, -0.4020129040222585, 0.2235766473191622, 0.00022672928836615924, -0.48786901190321935, 0.43162710494888845, -0.8250673644218001, 0.7156298696780194, 0.08608283716932703, -0.0604260772521453]], "inverted": true, "swapped": false, "error_lsq": 0.04909874361681008, "error_max": 0.2665126289914152, "target": "98.xyz", "model": "25.xyz", "model_rescale": 4.466005608606829, "target_rescale": 4.156650603218003},
{"mapping": [0, 6, 2, 3, 11, 8, 7, 10, 5, 1, 4, 12], "R": [[-0.19178393927839044, 0.848602706242724, 0.49304398139759076], [-0.6053646792080115, -0.4977034728144383, 0.621148016430729], [0.7724975895122549, -0.1793451981681497, 0.6091656376485652]], "T": [-0.009015721162784106, -0.01059709890893746, 0.08251880938889834], "aligned_model": [[-0.4684468870345731, 0.39686073226781265, 0.23374258346988636, 0.18595471641361, 0.19377579896502561, -0.22216583543536916, -0.6172187410936165, -0.4284802496004489, 0.001807826609565289, -0.07339398137632577, 0.5810076220718573, -0.16131032218836105], [-0.7556019371323952, 0.4011203395723155, 0.4256839651695386, -0.6576387079455772, -0.6323907562198594, 0.5617867720412651, 0.06409014051715639, 0.30247303124910063, -0.09657629195179324, -0.2579053056082865, -0.15994207642146838, -0.07201266635457026], [0.22753420410550823, -0.3369716858672216, 0.427669621771396, -0.40201285795455705, 0.22357656989353086, 0.00022672947523320885, -0.48786898664742717, 0.43162712316841245, -0.8250674019898819, 0.7156299202281686, 0.08608285816810338, -0.06042609435126446]], "inverted": false, "swapped": false, "error_lsq": 0.04909875893748489, "error_max": 0.2665127920362574, "target": "98.xyz", "model": "26.xyz", "model_rescale": 4.466005838112752, "target_rescale": 4.156650603218003},
{"mapping": [10, 4, 5, 0, 1, 7, 8, 9, 2, 3, 12, 13], "R": [[0.5547462468522728, 0.8316409919634125, 0.025097053401314955], [-0.8269887376448986, 0.5478289579079412, 0.1263845745571677], [0.09135770034219451, -0.09086634890657011, 0.9916637924339959]], "T": [-0.04974957402008513, -0.05088623730327525, -0.002365892773496949], "aligned_model": [[-0.44451704202808723, 0.4023519505188367, 0.422265724679681, 0.2608648099943865, 0.28077858415523077, -0.22064029135445212, -0.63395142012885, -0.6140376459680056, -0.15400451201237458, -0.11417696369068593, 0.5712908067549134, -0.13409073785153025], [-0.5441692133916709, 0.22695698302781303, 0.3272394279388145, -0.6587410027160948, -0.5584585578050935, 0.6490090497434343, -0.04334509000076437, 0.05693735491023706, -0.15472512425285578, 0.04583976556914708, -0.16901440676568621, -0.05444267934185435], [-0.32957804468963375, -0.4492883472134932, 0.33756772270993096, -0.33282803645407566, 0.4540280334693485, 0.3128298323806386, -0.388612366105965, 0.39824370381745916, -0.7866341964336281, 0.7870779434132202, -0.0030281183835974626, 0.00022187348979613945]], "inverted": false, "swapped": false, "error_lsq": 0.05296763427399501, "error_max": 0.35906388956854535, "target": "98.xyz", "model": "27.xyz", "model_rescale": 4.509807893063789, "target_rescale": 4.156650603218003},
{"mapping": [11, 4, 5, 0, 1, 7, 8, 9, 2, 3, 12, 13], "R": [[0.5511934634760605, 0.8306471993584923, -0.07880987259955613], [-0.8326371052908015, 0.5536820871849712, 0.01231248242429393], [0.05386294379459433, 0.058833464358196585, 0.9968136268919046]], "T": [-0.044433712502585154, -0.0515547560585187, -0.06762318406906542], "aligned_model": [[-0.4605107473953352, 0.4483964317380939, 0.3858631144001213, 0.3051577193682826, 0.24262440203031, -0.2544684443869347, -0.5856692452455148, -0.6482025625834875, -0.06601474463058761, -0.19108137930653285, 0.574586781049208, -0.12854806196856022], [-0.49403938858744556, 0.27498603637749386, 0.284755629263004, -0.6180565839466299, -0.6082869910611197, 0.60797097534586, 0.0006937852675795858, 0.010463378153089717, -0.06505779120499014, -0.04551860543396989, -0.16953573893796567, -0.055288198319480016], [0.30295000933307525, -0.4306960192688498, 0.3602462929205752, -0.4309900091365615, 0.3599523030528635, 0.305628227548467, -0.5090630917428823, 0.2818792204465427, -0.8651696126603836, 0.7167150117184657, -0.017225031740352337, -0.07422730047095909]], "inverted": false, "swapped": false, "error_lsq": 0.05219956689114893, "error_max": 0.3483473417321505, "target": "98.xyz", "model": "28.xyz", "model_rescale": 4.5098078930637895, "target_rescale": 4.156650603218003},
{"mapping": [1, 5, 2, 4, 11, 7, 8, 9, 6, 0, 3, 12], "R": [[0.19178393927839082, -0.848602706242724, 0.49304398139759054], [0.6053646792080115, 0.4977034728144384, 0.6211480164307288], [-0.7724975895122547, 0.17934519816814948, 0.6091656376485656]], "T": [-0.0090157211627841, -0.010597098908937432, 0.08251880938889841], "aligned_model": [[-0.4684468870345731, 0.3968607322678127, 0.23374258346988613, 0.18595471641361022, 0.19377579896502545, -0.22216583543536922, -0.6172187410936163, -0.42848024960044906, 0.0018078266095657401, -0.07339398137632615, 0.5810076220718572, -0.16131032218836105], [-0.755601937132395, 0.4011203395723154, 0.4256839651695384, -0.657638707945577, -0.6323907562198594, 0.5617867720412651, 0.06409014051715675, 0.3024730312491005, -0.09657629195179299, -0.2579053056082866, -0.15994207642146857, -0.07201266635457024], [0.22753420410550804, -0.3369716858672215, 0.4276696217713962, -0.402012857954557, 0.22357656989353084, 0.00022672947523319498, -0.4878689866474273, 0.43162712316841234, -0.8250674019898819, 0.7156299202281686, 0.08608285816810352, -0.0604260943512645]], "inverted": true, "swapped": false, "error_lsq": 0.04909875893748487, "error_max": 0.26651279203625716, "target": "98.xyz", "model": "29.xyz", "model_rescale": 4.466005838112752, "target_rescale": 4.156650603218003},
