[{"mapping": [9, 8, 5, 0, 6, 3, 2, 10, 2, 7, 4, 11], "R": [[0.0816895447075573, -0.9683649335774797, 0.2357884087544495], [-0.6067019890538948, -0.2360111008388474, -0.7590859350290211], [0.7907208829691548, -0.08104391216074613, -0.6067885707049546]], "T": [-0.062169485258949365, -0.01153488880936001, 0.07450905106490494], "aligned_model": [[-0.4303219985632127, 0.2800046507639986, 0.33745944891720636, -0.0007288537689886312, 0.23075471147406565, -0.31073266793769255, -0.12368558153222567, -0.6173690849686796, -0.12368558153222567, 0.043707625068598786, 0.5245065353226732, -0.18777594017445545], [-0.6541798147177216, 0.34885104392139826, 0.39733707117490474, -0.6716387735516185, -0.6679726661925192, 0.655714609855979, 0.05354415869350835, -0.052009363555250786, 0.05354415869350835, -0.06580221503004843, -0.20483337998756598, -0.06946832238914794], [0.08171882891659271, -0.24336641162610503, 0.3719779612097376, -0.38318096961532433, 0.3558574549779313, -0.20312671311725647, -0.6844821572379064, 0.5630742730372427, -0.6844821572379064, 0.8372128990985812, -0.10937748291091229, 0.0981744745053255]], "inverted": true, "swapped": false, "error_lsq": 0.06104550315960076, "error_max": 0.47268367487627083, "target": "99.xyz", "model": "0.xyz", "model_rescale": 4.5108708085295355, "target_rescale": 4.156650603218003},
{"mapping": [10, 8, 4, 1, 7, 2, 3, 9, 3, 6, 5, 11], "R": [[-0.0816895447075574, 0.9683649335774798, 0.23578840875445004], [0.6067019890538947, 0.23601110083884794, -0.7590859350290211], [-0.790720882969155, 0.08104391216074638, -0.6067885707049543]], "T": [-0.06216948525894941, -0.01153488880936001, 0.07450905106490491], "aligned_model": [[-0.4303219985632124, 0.2800046507639985, 0.3374594489172062, -0.000728853768988201, 0.23075471147406587, -0.3107326679376928, -0.12368558153222559, -0.6173690849686796, -0.12368558153222559, 0.04370762506859866, 0.5245065353226734, -0.1877759401744555], [-0.6541798147177216, 0.3488510439213984, 0.39733707117490474, -0.6716387735516187, -0.6679726661925188, 0.6557146098559785, 0.05354415869350824, -0.052009363555251174, 0.05354415869350824, -0.06580221503004843, -0.20483337998756565, -0.06946832238914791], [0.08171882891659282, -0.243366411626105, 0.3719779612097375, -0.38318096961532416, 0.3558574549779316, -0.20312671311725689, -0.6844821572379063, 0.5630742730372422, -0.6844821572379063, 0.837212899098581, -0.10937748291091201, 0.0981744745053255]], "inverted": false, "swapped": false, "error_lsq": 0.06104550315960076, "error_max": 0.47268367487627083, "target": "99.xyz", "model": "1.xyz", "model_rescale": 4.510870808529536, "target_rescale": 4.156650603218003},
{"mapping": [9, 8, 5, 0, 6, 3, 2, 10, 2, 7, 4, 11], "R": [[0.08168954470755752, -0.9683649335774797, 0.23578840875444973], [-0.6067019890538948, -0.2360111008388478, -0.7590859350290211], [0.7907208829691548, -0.08104391216074613, -0.6067885707049544]], "T": [-0.062169485258949365, -0.011534888809360037, 0.07450905106490488], "aligned_model": [[-0.43032199856321257, 0.28000465076399844, 0.3374594489172063, -0.0007288537689884647, 0.23075471147406587, -0.3107326679376928, -0.12368558153222572, -0.6173690849686796, -0.12368558153222572, 0.04370762506859884, 0.5245065353226733, -0.18777594017445554], [-0.6541798147177217, 0.3488510439213986, 0.3973370711749049, -0.6716387735516186, -0.6679726661925192, 0.655714609855979, 0.053544158693508266, -0.05200936355525098, 0.053544158693508266, -0.0658022150300484, -0.20483337998756582, -0.0694683223891478], [0.08171882891659274, -0.24336641162610492, 0.3719779612097375, -0.3831809696153242, 0.3558574549779313, -0.20312671311725664, -0.6844821572379063, 0.5630742730372426, -0.6844821572379063, 0.8372128990985811, -0.10937748291091226, 0.09817447450532563]], "inverted": true, "swapped": false, "error_lsq": 0.06104550315960077, "error_max": 0.47268367487627067, "target": "99.xyz", "model": "2.xyz", "model_rescale": 4.5108708085295355, "target_rescale": 4.156650603218003},
{"mapping": [12, 5, 4, 3, 2, 6, 10, 9, 1, 0, 8, 13], "R": [[-0.5547461198793394, -0.831641076761841, 0.025097050050230413], [0.8269888207201317, -0.5478288315916592, 0.1263845784929613], [-0.09135771933856263, 0.09086633435615026, 0.9916637920172002]], "T": [-0.04974951486995054, -0.05088621873810254, -0.0023658967873164175], "aligned_model": [[-0.44451690940110516, 0.40235192307743606, 0.4222656952417096, 0.2608646414383116, 0.28077841360258515, -0.2206401700105705, -0.6339515856390033, -0.6140378134747299, -0.154004423567725, -0.11417687923917794, 0.5712910224447835, -0.13409065140345147], [-0.544169185110531, 0.2269569700195053, 0.3272394213892618, -0.6587410229093243, -0.5584585715395679, 0.6490089674313326, -0.0433452598584847, 0.05693719151127182, -0.15472494708066073, 0.04583995565885226, -0.1690145168853243, -0.05444249571090424], [-0.32957806462307776, -0.4492883580827412, 0.33756773768413006, -0.3328280397502383, 0.45402805601663304, 0.3128298497345517, -0.388612355894613, 0.39824373987225825, -0.7866342482886978, 0.7870779432450444, -0.003028107391423026, 0.00022184747817335796]], "inverted": true, "swapped": false, "error_lsq": 0.0529676395537658, "error_max": 0.3590639538421194, "target": "99.xyz", "model": "3.xyz", "model_rescale": 4.509807743048502, "target_rescale": 4.156650603218003},
{"mapping": [12, 4, 5, 2, 3, 7, 9, 10, 0, 1, 8, 13], "R": [[0.5511933370379516, 0.8306472832980912, -0.07880987218913464], [-0.8326371894495775, 0.553681960569713, 0.01231248493146228], [0.05386293670489638, 0.0588334708238393, 0.9968136268933852]], "T": [-0.04443365333643066, -0.05155473742933338, -0.06762318187663463], "aligned_model": [[-0.4605106165583488, 0.4483964041801753, 0.3858630850877373, 0.3051575515197335, 0.24262423242729556, -0.25446832364802185, -0.5856694106780473, -0.6482027297704853, -0.06601465608197404, -0.19108129426684997, 0.57458699603226, -0.128547975174412], [-0.4940393559759512, 0.2749860254485665, 0.28475562064841903, -0.6180566028415191, -0.6082870076416664, 0.6079708905480571, 0.0006936154844623399, 0.01046321068431491, -0.06505760848621546, -0.045518418086510304, -0.16953584958016804, -0.05528801328636288], [0.3029500315421952, -0.43069603783084753, 0.36024630066983965, -0.4309900363866517, 0.3599523021140355, 0.30562824755284046, -0.5090631181275813, 0.2818792203731058, -0.8651696366062592, 0.7167150403951157, -0.017225015590221035, -0.07422729810557195]], "inverted": false, "swapped": false, "error_lsq": 0.05219957222084906, "error_max": 0.34834740780791984, "target": "99.xyz", "model": "4.xyz", "model_rescale": 4.509807743048502, "target_rescale": 4.156650603218003},
{"mapping": [11, 4, 5, 2, 3, 7, 9, 10, 0, 1, 8, 13], "R": [[0.554746119879339, 0.8316410767618412, 0.02509705005023055], [-0.8269888207201319, 0.5478288315916587, 0.1263845784929613], [0.09135771933856258, -0.09086633435615034, 0.9916637920172001]], "T": [-0.04974951486995052, -0.050886218738102555, -0.0023658967873166027], "aligned_model": [[-0.44451690940110533, 0.40235192307743617, 0.42226569524170987, 0.26086464143831134, 0.28077841360258504, -0.22064017001057012, -0.6339515856390034, -0.6140378134747297, -0.1540044235677251, -0.1141768792391778, 0.5712910224447834, -0.13409065140345144], [-0.5441691851105307, 0.22695697001950504, 0.32723942138926154, -0.6587410229093245, -0.558458571539568, 0.6490089674313327, -0.04334525985848443, 0.056937191511272085, -0.1547249470806607, 0.04583995565885229, -0.16901451688532457, -0.054442495710904176], [-0.32957806462307765, -0.44928835808274115, 0.33756773768412995, -0.33282803975023817, 0.45402805601663293, 0.31282984973455163, -0.38861235589461285, 0.39824373987225825, -0.7866342482886978, 0.7870779432450442, -0.0030281073914229803, 0.00022184747817347375]], "inverted": false, "swapped": false, "error_lsq": 0.0529676395537658, "error_max": 0.35906395384211937, "target": "99.xyz", "model": "5.xyz", "model_rescale": 4.509807743048502, "target_rescale": 4.156650603218003},
{"mapping": [12, 5, 4, 3, 2, 6, 10, 9, 1, 0, 8, 13], "R": [[-0.5547461800873641, -0.8316410365098907, 0.025097053038797962], [0.8269887813155588, -0.5478288912637246, 0.1263845776784696], [-0.09135771043915569, 0.09086634299625324, 0.9916637920453699]], "T": [-0.04974953248593151, -0.05088622938907876, -0.0023658949107312447], "aligned_model": [[-0.44451700164591884, 0.4023519880942061, 0.4222657633214753, 0.26086476624883087, 0.2807785414761001, -0.22064033196281116, -0.6339513521558282, -0.6140375769285591, -0.15400453909416834, -0.11417698863962994, 0.571290758222265, -0.13409076386689914], [-0.5441693009833843, 0.22695706324096598, 0.32723951744750707, -0.6587409708680159, -0.5584585166614748, 0.6490089073103311, -0.04334512876912713, 0.05693732543741395, -0.15472502746367273, 0.04583988094940937, -0.16901466946739446, -0.054442573257131685], [-0.329578060549165, -0.44928838655269643, 0.33756773656600275, -0.3328280647895355, 0.4540280583291636, 0.31282987654516087, -0.3886123905549057, 0.3982437325637935, -0.7866342625867554, 0.7870779836506426, -0.003028083153649098, 0.00022186053194357897]], "inverted": true, "swapped": false, "error_lsq": 0.052967632226416865, "error_max": 0.3590638919157759, "target": "99.xyz", "model": "6.xyz", "model_rescale": 4.509807586411629, "target_rescale": 4.156650603218003},
{"mapping": [12, 4, 5, 2, 3, 7, 9, 10, 0, 1, 8, 13], "R": [[0.5511933965776953, 0.8306472433515583, -0.07880987680234362], [-0.8326371496602455, 0.5536820204320018, 0.012312483746110856], [0.053862942500436606, 0.05883347144945199, 0.9968136265432979]], "T": [-0.044433670426059904, -0.05155474814488291, -0.06762318545742267], "aligned_model": [[-0.46051070983133036, 0.448396474230572, 0.3858631493057499, 0.305157680671534, 0.24262435574671187, -0.25446848884332657, -0.5856691723829208, -0.6482024973077429, -0.06601476206157181, -0.19108141191121614, 0.5745867324389975, -0.12854808698639397], [-0.49403947163837036, 0.27498612119349014, 0.2847557157921236, -0.6180565483928238, -0.6082869537941904, 0.6079708279566366, 0.0006937499303514352, 0.010463344528984862, -0.06505768618141547, -0.045518496984148615, -0.1695360039124298, -0.05528809158278204], [0.30295003473654225, -0.43069604711924164, 0.3602463185750631, -0.43099004221725756, 0.3599523234770472, 0.305628246670295, -0.5090631197315786, 0.2818792459627261, -0.8651696744308722, 0.7167150569577379, -0.01722503414389452, -0.07422730873656738]], "inverted": false, "swapped": false, "error_lsq": 0.0521995645331526, "error_max": 0.348347337999954, "target": "99.xyz", "model": "7.xyz", "model_rescale": 4.509807586411629, "target_rescale": 4.156650603218003},
{"mapping": [12, 5, 4, 3, 2, 6, 10, 9, 1, 0, 8, 13], "R": [[-0.5547461800873639, -0.831641036509891, 0.02509705303879793], [0.826988781315559, -0.5478288912637244, 0.12638457767846953], [-0.09135771043915568, 0.09086634299625312, 0.9916637920453699]], "T": [-0.0497495324859315, -0.050886229389078746, -0.002365894910731177], "aligned_model": [[-0.44451700164591895, 0.40235198809420625, 0.4222657633214755, 0.26086476624883076, 0.2807785414761, -0.22064033196281102, -0.6339513521558282, -0.6140375769285591, -0.15400453909416834, -0.11417698863962995, 0.571290758222265, -0.13409076386689917], [-0.5441693009833841, 0.2269570632409659, 0.3272395174475069, -0.6587409708680161, -0.5584585166614751, 0.6490089073103311, -0.04334512876912686, 0.056937325437414144, -0.15472502746367264, 0.045839880949409356, -0.16901466946739468, -0.054442573257131685], [-0.329578060549165, -0.4492883865526963, 0.3375677365660028, -0.3328280647895355, 0.4540280583291636, 0.31282987654516087, -0.3886123905549057, 0.3982437325637934, -0.7866342625867553, 0.7870779836506427, -0.0030280831536492817, 0.00022186053194334478]], "inverted": true, "swapped": false, "error_lsq": 0.052967632226416865, "error_max": 0.359063891915776, "target": "99.xyz", "model": "8.xyz", "model_rescale": 4.509807586411629, "target_rescale": 4.156650603218003},
{"mapping": [9, 6, 7, 2, 3, 5, 11, 12, 0, 1, 8, 13], "R": [[-0.5547460647547233, -0.8316411133492183, 0.02509705613057605], [0.8269888567767985, -0.547828775597063, 0.12638458527378754], [-0.09135772767616765, 0.0908663370841796, 0.9916637909991227]], "T": [-0.0497495451092539, -0.05088617052796866, -0.002365902208452201], "aligned_model": [[-0.44451690031162105, 0.40235184404178154, 0.42226562208409973, 0.2608646802436049, 0.28077845828592307, -0.22064025575586318, -0.6339515531788215, -0.6140377751365033, -0.1540044335838167, -0.11417687749918043, 0.5712911094209582, -0.13409065554149857], [-0.5441690788332342, 0.22695693836414604, 0.32723940041938265, -0.6587409695577364, -0.5584585075024998, 0.64900900596147, -0.04334511501134284, 0.05693734704389376, -0.15472514823501915, 0.045839775875454056, -0.16901445542930504, -0.05444268617978255], [-0.32957809414680606, -0.44928837838535934, 0.3375677581995747, -0.3328280668257237, 0.45402806975921034, 0.3128298647018159, -0.38861239324906255, 0.3982437433358715, -0.7866342642254331, 0.7870780089444347, -0.003028120468023384, 0.00022187235950079992]], "inverted": false, "swapped": false, "error_lsq": 0.05296763693210941, "error_max": 0.3590640125180353, "target": "99.xyz", "model": "9.xyz", "model_rescale": 4.509807504472865, "target_rescale": 4.156650603218003},
{"mapping": [10, 6, 7, 2, 3, 5, 11, 12, 0, 1, 8, 13], "R": [[-0.5511932812385468, -0.8306473202057479, -0.07880987344548875], [0.8326372267532943, -0.5536819045354503, 0.012312482064132012], [-0.05386293105714861, -0.058833477077310174, 0.9968136268294724]], "T": [-0.04443368299603315, -0.05155468871595582, -0.06762318829118517], "aligned_model": [[-0.46051060650230824, 0.44839633109527555, 0.3858630076978503, 0.3051575953178066, 0.24262427192038136, -0.25446841318171554, -0.5856693724609701, -0.6482026958583953, -0.06601465599467964, -0.19108130278953014, 0.5745870832174529, -0.12854797939210488], [-0.49403924448232706, 0.2749860000535884, 0.2847555934951249, -0.6180565431246966, -0.6082869496831601, 0.6079709237648052, 0.0006937681502802578, 0.010463361591816711, -0.0650577985470411, -0.045518611663968186, -0.16953578753349124, -0.05528820510550465], [0.30295004677371434, -0.43069606628113055, 0.3602463140108897, -0.4309900593966307, 0.35995232089538953, 0.30562825930726917, -0.50906314207484, 0.28187923821718014, -0.8651696799468181, 0.7167150806372229, -0.017225012487448906, -0.07422729965479774]], "inverted": false, "swapped": false, "error_lsq": 0.05219956958828936, "error_max": 0.3483474709379003, "target": "99.xyz", "model": "10.xyz", "model_rescale": 4.509807504472865, "target_rescale": 4.156650603218003},
{"mapping": [9, 7, 6, 3, 2, 4, 12, 11, 1, 0, 8, 13], "R": [[0.5511932812385469, 0.8306473202057479, -0.07880987344548854], [-0.8326372267532943, 0.5536819045354504, 0.01231248206413197], [0.053862931057148455, 0.05883347707731001, 0.9968136268294723]], "T": [-0.04443368299603317, -0.05155468871595581, -0.06762318829118506], "aligned_model": [[-0.4605106065023082, 0.44839633109527544, 0.38586300769785037, 0.30515759531780656, 0.24262427192038144, -0.25446841318171554, -0.5856693724609702, -0.6482026958583952, -0.06601465599467984, -0.19108130278953, 0.5745870832174529, -0.12854797939210488], [-0.49403924448232717, 0.27498600005358853, 0.2847555934951249, -0.6180565431246966, -0.6082869496831601, 0.6079709237648052, 0.0006937681502802232, 0.010463361591816649, -0.06505779854704107, -0.04551861166396823, -0.1695357875334912, -0.055288205105504654], [0.30295004677371445, -0.4306960662811306, 0.3602463140108897, -0.4309900593966308, 0.3599523208953895, 0.3056282593072693, -0.5090631420748399, 0.2818792382171803, -0.8651696799468178, 0.7167150806372227, -0.017225012487449134, -0.07422729965479781]], "inverted": true, "swapped": false, "error_lsq": 0.05219956958828936, "error_max": 0.34834747093790036, "target": "99.xyz", "model": "11.xyz", "model_rescale": 4.509807504472865, "target_rescale": 4.156650603218003},
{"mapping": [9, 6, 7, 2, 3, 5, 11, 12, 0, 1, 8, 13], "R": [[-0.5547461741788885, -0.8316410405721747, 0.02509704902806662], [0.8269887851854824, -0.5478288859757509, 0.1263845752772394], [-0.09135771128551115, 0.09086633769773358, 0.9916637924529034]], "T": [-0.0497496545543477, -0.05088624504292798, -0.0023658898455360096], "aligned_model": [[-0.4445171096077424, 0.40235185198910073, 0.42226562323867767, 0.2608646293753945, 0.28077840062497145, -0.22064025971662676, -0.6339514489559384, -0.6140376777063614, -0.15400434643666333, -0.11417680393750944, 0.5712909793888465, -0.1340905751870864], [-0.5441692935920536, 0.22695703451235977, 0.3272394828086233, -0.6587409635526145, -0.5584585152563509, 0.6490089855979899, -0.043345139994916806, 0.05693730830134676, -0.15472509841461327, 0.04583979817791381, -0.1690144415539082, -0.05444265011834973], [-0.3295780454570295, -0.44928836080340256, 0.33756773121405614, -0.33282804637923846, 0.45402804563822025, 0.3128298496165429, -0.3886123729017479, 0.3982437191157108, -0.7866342268348356, 0.7870779572000814, -0.003028115590980489, 0.000221865182622882]], "inverted": false, "swapped": false, "error_lsq": 0.05296762123501838, "error_max": 0.3590638489220397, "target": "99.xyz", "model": "12.xyz", "model_rescale": 4.509807766519439, "target_rescale": 4.156650603218003},
{"mapping": [10, 6, 7, 2, 3, 5, 11, 12, 0, 1, 8, 13], "R": [[-0.5511933912934006, -0.8306472471461175, -0.07880987376628072], [0.8326371531977783, -0.5536820150734465, 0.012312485488619893], [-0.05386294189124689, -0.058833468304909056, 0.9968136267618113]], "T": [-0.04443379261755696, -0.05155476423241014, -0.06762319225358941], "aligned_model": [[-0.4605108172003217, 0.4483963334154546, 0.3858630133970473, 0.3051575397371147, 0.24262421971870743, -0.2544684130409958, -0.5856692739264001, -0.6482025939448074, -0.06601457943632372, -0.1910812194731384, 0.5745869532774567, -0.12854789945473102], [-0.4940394668777708, 0.27498608839567823, 0.2847556839867739, -0.618056544589096, -0.6082869489980003, 0.6079709101353481, 0.0006937347514391415, 0.010463330342534834, -0.06505776442569239, -0.045518573243501004, -0.16953577372769044, -0.055288168834596696], [0.30295001491926216, -0.43069604127866523, 0.36024629300122524, -0.4309900348407641, 0.3599522994391264, 0.30562823782406684, -0.5090631073575542, 0.2818792269223362, -0.8651696243056974, 0.716715044254084, -0.01722501855161361, -0.07422729002580686]], "inverted": false, "swapped": false, "error_lsq": 0.05219955350228944, "error_max": 0.3483472957801784, "target": "99.xyz", "model": "13.xyz", "model_rescale": 4.509807766519439, "target_rescale": 4.156650603218003},
{"mapping": [9, 7, 6, 3, 2, 4, 12, 11, 1, 0, 8, 13], "R": [[0.551193391293401, 0.8306472471461173, -0.07880987376628096], [-0.8326371531977781, 0.5536820150734468, 0.012312485488620028], [0.05386294189124716, 0.05883346830490915, 0.9968136267618113]], "T": [-0.04443379261755696, -0.05155476423241016, -0.0676231922535893], "aligned_model": [[-0.46051081720032166, 0.4483963334154546, 0.3858630133970471, 0.305157539737115, 0.24262421971870754, -0.2544684130409962, -0.5856692739264, -0.6482025939448075, -0.06601457943632355, -0.19108121947313858, 0.5745869532774568, -0.12854789945473102], [-0.49403946687777095, 0.2749860883956783, 0.2847556839867741, -0.6180565445890959, -0.6082869489980002, 0.6079709101353481, 0.00069373475143885, 0.010463330342534653, -0.06505776442569254, -0.04551857324350095, -0.16953577372769016, -0.05528816883459675], [0.30295001491926227, -0.4306960412786653, 0.3602462930012254, -0.43099003484076404, 0.35995229943912666, 0.3056282378240668, -0.5090631073575544, 0.2818792269223362, -0.8651696243056972, 0.7167150442540839, -0.017225018551613534, -0.07422729002580696]], "inverted": true, "swapped": false, "error_lsq": 0.05219955350228944, "error_max": 0.3483472957801785, "target": "99.xyz", "model": "14.xyz", "model_rescale": 4.509807766519439, "target_rescale": 4.156650603218003},
{"mapping": [9, 8, 7, 0, 4, 3, 2, 10, 2, 5, 6, 11], "R": [[-0.08168951479396908, 0.9683649381653684, 0.23578840027598527], [0.6067019617145494, 0.23601107900054027, -0.7590859636699379], [-0.790720907036385, 0.081043920937866, -0.6067885381700724]], "T": [-0.06216937117191656, -0.011534921256362796, 0.07450915099771495], "aligned_model": [[-0.4303218332117696, 0.28000467361274683, 0.3374594847025756, -0.0007288777529475474, 0.2307544967257915, -0.310732650490328, -0.12368555536947096, -0.6173689283326267, -0.12368555536947096, 0.04370740160493442, 0.5245065798234326, -0.1877759728738046], [-0.6541797970896926, 0.3488511961953463, 0.3973371143864022, -0.6716387035209169, -0.6679727611068885, 0.6557145351274241, 0.05354401153386251, -0.0520092734961311, 0.05354401153386251, -0.06580223751332703, -0.2048334092071594, -0.06946817992735557], [0.08171886802817367, -0.24336661706647517, 0.371977981097002, -0.38318115369967964, 0.3558574932909525, -0.20312658678880746, -0.6844820448371945, 0.5630743260765608, -0.6844820448371945, 0.8372129513393396, -0.10937747695138515, 0.0981743043487074]], "inverted": true, "swapped": false, "error_lsq": 0.06104548985373128, "error_max": 0.4726836365521144, "target": "99.xyz", "model": "15.xyz", "model_rescale": 4.510870436145588, "target_rescale": 4.156650603218003},
{"mapping": [9, 8, 7, 0, 4, 3, 2, 10, 2, 5, 6, 11], "R": [[-0.08168951479396913, 0.9683649381653683, 0.23578840027598577], [0.6067019617145493, 0.23601107900054075, -0.7590859636699381], [-0.7907209070363852, 0.08104392093786625, -0.6067885381700725]], "T": [-0.06216937117191663, -0.011534921256362705, 0.074509150997715], "aligned_model": [[-0.43032183321176937, 0.28000467361274667, 0.3374594847025753, -0.0007288777529472004, 0.23075449672579168, -0.3107326504903283, -0.12368555536947085, -0.6173689283326269, -0.12368555536947085, 0.043707401604934214, 0.5245065798234327, -0.18777597287380463], [-0.6541797970896928, 0.34885119619534655, 0.39733711438640246, -0.6716387035209173, -0.6679727611068884, 0.655714535127424, 0.053544011533862325, -0.052009273496131235, 0.053544011533862325, -0.06580223751332678, -0.20483340920715917, -0.06946817992735561], [0.08171886802817367, -0.24336661706647517, 0.3719779810970021, -0.38318115369967976, 0.3558574932909527, -0.20312658678880752, -0.6844820448371947, 0.5630743260765608, -0.6844820448371947, 0.8372129513393399, -0.10937747695138504, 0.09817430434870737]], "inverted": true, "swapped": false, "error_lsq": 0.06104548985373129, "error_max": 0.47268363655211454, "target": "99.xyz", "model": "16.xyz", "model_rescale": 4.510870436145588, "target_rescale": 4.156650603218003},
{"mapping": [10, 8, 6, 1, 5, 2, 3, 9, 3, 4, 7, 11], "R": [[0.08168951479396958, -0.9683649381653683, 0.2357884002759863], [-0.6067019617145494, -0.2360110790005414, -0.7590859636699376], [0.7907209070363852, -0.08104392093786622, -0.6067885381700724]], "T": [-0.06216937117191668, -0.011534921256362726, 0.07450915099771503], "aligned_model": [[-0.43032183321176903, 0.2800046736127465, 0.3374594847025751, -0.0007288777529468674, 0.23075449672579212, -0.31073265049032883, -0.12368555536947096, -0.6173689283326269, -0.12368555536947096, 0.04370740160493423, 0.524506579823433, -0.18777597287380463], [-0.6541797970896932, 0.3488511961953466, 0.39733711438640257, -0.6716387035209169, -0.6679727611068884, 0.6557145351274238, 0.053544011533862415, -0.05200927349613181, 0.053544011533862415, -0.06580223751332702, -0.2048334092071588, -0.06946817992735588], [0.08171886802817364, -0.24336661706647522, 0.3719779810970021, -0.38318115369967953, 0.35585749329095273, -0.20312658678880757, -0.6844820448371947, 0.5630743260765608, -0.6844820448371947, 0.8372129513393398, -0.10937747695138507, 0.09817430434870729]], "inverted": false, "swapped": false, "error_lsq": 0.06104548985373129, "error_max": 0.47268363655211443, "target": "99.xyz", "model": "17.xyz", "model_rescale": 4.510870436145588, "target_rescale": 4.156650603218003},
{"mapping": [0, 6, 2, 3, 11, 8, 7, 10, 5, 1, 4, 12], "R": [[-0.19178396974432985, 0.8486026959749897, 0.4930439872192799], [-0.60536464601075, -0.49770350236792943, 0.6211480251043031], [0.7724976079635363, -0.17934516473737422, 0.6091656240924457]], "T": [-0.009015712831458265, -0.01059707123023837, 0.08251878228115958], "aligned_model": [[-0.4684469000187168, 0.396860755518958, 0.2337425864420879, 0.1859547458805265, 0.1937757751612684, -0.22216584076987608, -0.617218768216345, -0.42848027875169575, 0.0018078280724891163, -0.07339397257224797, 0.5810076733269953, -0.16131034100438102], [-0.7556018562350137, 0.40112029109715097, 0.42568394989289116, -0.6576386633893787, -0.6323908236669328, 0.5617867595650532, 0.06409009951854741, 0.30247302876745974, -0.09657636894935481, -0.25790519618850805, -0.15994200334287303, -0.0720127101536147], [0.2275341154503195, -0.33697165222192005, 0.42766968471007183, -0.4020129655711162, 0.22357666159320985, 0.00022676068217605816, -0.48786896573512284, 0.431627178725027, -0.825067378639219, 0.7156298418676185, 0.08608276084618266, -0.06042604170722718]], "inverted": false, "swapped": false, "error_lsq": 0.04909874957158993, "error_max": 0.2665126779795316, "target": "99.xyz", "model": "18.xyz", "model_rescale": 4.466005644533647, "target_rescale": 4.156650603218003},
{"mapping": [10, 4, 5, 0, 1, 7, 8, 9, 2, 3, 12, 13], "R": [[0.5547461995851848, 0.8316410235813796, 0.025097050470311973], [-0.8269887685573802, 0.5478289111280132, 0.12638457505662265], [0.09135770753331157, -0.09086634156171568, 0.9916637924445197]], "T": [-0.04974959398898035, -0.05088620482893348, -0.0023658964720041135], "aligned_model": [[-0.4445170407181438, 0.4023519073220846, 0.42226567995862474, 0.260864710293331, 0.2807784829298712, -0.22064022065637157, -0.6339513977796559, -0.6140376251431158, -0.1540044725719987, -0.11417692729891837, 0.5712908666688137, -0.13409069993545852], [-0.5441692709616405, 0.22695709217600862, 0.32723954151883144, -0.6587409210569473, -0.5584584717141244, 0.6490090288773441, -0.043345116914335236, 0.0569373324284876, -0.15472518330979462, 0.04583971537585106, -0.1690145055372828, -0.05444273396697175], [-0.32957805446510613, -0.44928837499438756, 0.33756772660167556, -0.33282805927489745, 0.45402804232116567, 0.31282984842410816, -0.3886123811324807, 0.3982437204635824, -0.7866342224166821, 0.7870779807754441, -0.0030281054818035976, 0.00022187917938110667]], "inverted": false, "swapped": false, "error_lsq": 0.05296762767036337, "error_max": 0.3590638832352055, "target": "99.xyz", "model": "19.xyz", "model_rescale": 4.509807711582247, "target_rescale": 4.156650603218003},
{"mapping": [11, 4, 5, 0, 1, 7, 8, 9, 2, 3, 12, 13], "R": [[0.5511934163910304, 0.8306472302963077, -0.07880987582947482], [-0.8326371364255989, 0.5536820403086717, 0.01231248490780534], [0.05386294433247029, 0.058833468712114714, 0.9968136266058656]], "T": [-0.044433731916002944, -0.05155472355990036, -0.06762318878968941], "aligned_model": [[-0.46051074880976284, 0.4483963908578067, 0.3858630684405523, 0.30515762245144973, 0.24262430003419536, -0.25446837548311296, -0.5856692206499118, -0.6482025430671662, -0.06601470142327223, -0.19108134625778092, 0.5745868408165918, -0.12854802384052655], [-0.49403944351226176, 0.2749861472983023, 0.2847557425475491, -0.6180565008990624, -0.6082869056498155, 0.6079709531632848, 0.0006937588883236048, 0.010463354137570428, -0.06505784878625664, -0.045518658287763, -0.1695358384474347, -0.05528825353700982], [0.30295002299216667, -0.4306960419924647, 0.36024630179872186, -0.43099003418548193, 0.3599523096057046, 0.30562824428541036, -0.5090631102836736, 0.2818792335075129, -0.8651696436151272, 0.7167150439672455, -0.01722502625607414, -0.07422729982394086]], "inverted": false, "swapped": false, "error_lsq": 0.052199559939432455, "error_max": 0.34834732992750833, "target": "99.xyz", "model": "20.xyz", "model_rescale": 4.509807711582248, "target_rescale": 4.156650603218003},
{"mapping": [1, 5, 2, 4, 11, 7, 8, 9, 6, 0, 3, 12], "R": [[0.19178396974433037, -0.8486026959749896, 0.4930439872192798], [0.6053646460107499, 0.4977035023679298, 0.621148025104303], [-0.7724976079635364, 0.1793451647373738, 0.6091656240924459]], "T": [-0.009015712831458217, -0.010597071230238286, 0.08251878228115964], "aligned_model": [[-0.468446900018717, 0.3968607555189583, 0.23374258644208787, 0.18595474588052666, 0.19377577516126818, -0.22216584076987597, -0.6172187682163446, -0.4284802787516959, 0.001807828072489609, -0.07339397257224842, 0.5810076733269953, -0.161310341004381], [-0.7556018562350137, 0.4011202910971508, 0.4256839498928912, -0.6576386633893789, -0.6323908236669331, 0.5617867595650534, 0.06409009951854777, 0.30247302876746, -0.09657636894935478, -0.25790519618850816, -0.15994200334287337, -0.0720127101536146], [0.22753411545031968, -0.33697165222192016, 0.42766968471007194, -0.4020129655711161, 0.2235766615932101, 0.0002267606821757806, -0.4878689657351233, 0.43162717872502676, -0.8250673786392192, 0.7156298418676187, 0.08608276084618288, -0.06042604170722726]], "inverted": true, "swapped": false, "error_lsq": 0.04909874957158994, "error_max": 0.26651267797953165, "target": "99.xyz", "model": "21.xyz", "model_rescale": 4.466005644533646, "target_rescale": 4.156650603218003},
{"mapping": [0, 6, 2, 3, 11, 8, 7, 10, 5, 1, 4, 12], "R": [[-0.19178404969683974, 0.8486027028989775, 0.49304394420216757], [-0.605364604649641, -0.4977035266322545, 0.6211480459722956], [0.7724976205266035, -0.17934506463899919, 0.6091656376309889]], "T": [-0.009015703038380746, -0.010597076379629283, 0.0825187785408995], "aligned_model": [[-0.4684470154498418, 0.3968607185001145, 0.23374267035950763, 0.1859546936615826, 0.19377604768471304, -0.22216590992012097, -0.6172188060770096, -0.42848020276124565, 0.0018078223432258338, -0.07339411929295313, 0.5810075898184713, -0.16131022579738113], [-0.7556017961709095, 0.4011203170188947, 0.4256839050229122, -0.6576386453271055, -0.6323909977661314, 0.5617868145946331, 0.06409013382386294, 0.302472995175478, -0.09657636375187542, -0.2579051154001394, -0.15994196455633533, -0.07201277574785797], [0.22753412848643334, -0.336971623230214, 0.4276696639394407, -0.40201290402225887, 0.22357664731916183, 0.00022672928836652007, -0.4878690119032195, 0.43162710494888856, -0.8250673644218, 0.7156298696780193, 0.08608283716932714, -0.060426077252145355]], "inverted": false, "swapped": false, "error_lsq": 0.04909874361681008, "error_max": 0.2665126289914149, "target": "99.xyz", "model": "22.xyz", "model_rescale": 4.46600560860683, "target_rescale": 4.156650603218003},
{"mapping": [10, 4, 5, 0, 1, 7, 8, 9, 2, 3, 12, 13], "R": [[0.5547461395675152, 0.8316410636012064, 0.025097050966069893], [-0.8269888078307401, 0.5478288511099342, 0.12638457822954768], [0.09135771646462135, -0.09086633713220765, 0.9916637920275934]], "T": [-0.049749592529972644, -0.050886203349870596, -0.0023658967602953876], "aligned_model": [[-0.4445169828186527, 0.40235184406287894, 0.4222656172570878, 0.2608645814277361, 0.28077835462194495, -0.220640265403463, -0.6339514894716369, -0.614037716277428, -0.1540043804399604, -0.11417683405154262, 0.5712911414078502, -0.1340906072457515], [-0.5441691861814892, 0.22695700059009166, 0.32723945327792164, -0.6587410092332289, -0.5584585565453989, 0.6490089892125298, -0.04334513620559339, 0.0569373164822366, -0.15472511841405395, 0.04583978696160601, -0.1690143673029713, -0.05444266572622395], [-0.32957806846097354, -0.44928836638763625, 0.33756774136959505, -0.3328280464887521, 0.4540280612684792, 0.3128298558282299, -0.3886123796114469, 0.3982437281457844, -0.7866342396289552, 0.7870779758855073, -0.003028130048108242, 0.00022186812827616103]], "inverted": false, "swapped": false, "error_lsq": 0.05296762781737028, "error_max": 0.35906393588692603, "target": "99.xyz", "model": "23.xyz", "model_rescale": 4.509807674373902, "target_rescale": 4.156650603218003},
{"mapping": [11, 4, 5, 0, 1, 7, 8, 9, 2, 3, 12, 13], "R": [[0.5511933565279616, 0.8306472702439122, -0.07880987346631375], [-0.8326371764331834, 0.55368198015265, 0.012312484542772895], [0.05386293847178307, 0.05883347083571831, 0.9968136267972101]], "T": [-0.04443373057362803, -0.05155472204075785, -0.0676231891980633], "aligned_model": [[-0.4605106901129974, 0.44839632714317595, 0.3858630060850869, 0.3051574932630336, 0.24262417220494453, -0.2544684199337976, -0.5856693127589809, -0.6482026338170701, -0.06601461031919201, -0.19108125243537008, 0.5745871151275111, -0.12854793137728102], [-0.4940393565483097, 0.27498605684502164, 0.28475565188523033, -0.6180565884066574, -0.6082869933664486, 0.607970911597014, 0.0006937410907497596, 0.01046333613095849, -0.06505777960692169, -0.045518589526504234, -0.16953569861199314, -0.05528818456671296], [0.3029500300999051, -0.4306960506711635, 0.36024629979755013, -0.43099004806443714, 0.3599523024042765, 0.305628244740285, -0.5090631197386472, 0.28187923073006643, -0.865169644130683, 0.7167150568067436, -0.017225008311926568, -0.07422729366196977]], "inverted": false, "swapped": false, "error_lsq": 0.05219956021738429, "error_max": 0.3483473878089092, "target": "99.xyz", "model": "24.xyz", "model_rescale": 4.509807674373903, "target_rescale": 4.156650603218003},
{"mapping": [1, 5, 2, 4, 11, 7, 8, 9, 6, 0, 3, 12], "R": [[0.19178404969683988, -0.8486027028989771, 0.493043944202168], [0.6053646046496406, 0.497703526632255, 0.6211480459722956], [-0.7724976205266039, 0.1793450646389991, 0.6091656376309884]], "T": [-0.009015703038380632, -0.010597076379629228, 0.08251877854089949], "aligned_model": [[-0.4684470154498421, 0.39686071850011473, 0.23374267035950808, 0.1859546936615823, 0.19377604768471285, -0.2221659099201207, -0.6172188060770096, -0.42848020276124543, 0.0018078223432257262, -0.07339411929295313, 0.5810075898184712, -0.16131022579738108], [-0.7556017961709093, 0.4011203170188943, 0.4256839050229123, -0.6576386453271058, -0.6323909977661315, 0.5617868145946331, 0.06409013382386311, 0.3024729951754783, -0.0965763637518757, -0.2579051154001392, -0.15994196455633575, -0.07201277574785794], [0.22753412848643395, -0.33697162323021457, 0.4276696639394404, -0.40201290402225853, 0.2235766473191621, 0.00022672928836608985, -0.4878690119032194, 0.4316271049488884, -0.8250673644218001, 0.7156298696780194, 0.08608283716932696, -0.06042607725214537]], "inverted": true, "swapped": false, "error_lsq": 0.04909874361681008, "error_max": 0.26651262899141526, "target": "99.xyz", "model": "25.xyz", "model_rescale": 4.466005608606829, "target_rescale": 4.156650603218003},
{"mapping": [0, 6, 2, 3, 11, 8, 7, 10, 5, 1, 4, 12], "R": [[-0.19178393927839013, 0.8486027062427243, 0.49304398139759054], [-0.6053646792080117, -0.49770347281443794, 0.621148016430729], [0.7724975895122547, -0.17934519816814995, 0.6091656376485655]], "T": [-0.009015721162784124, -0.01059709890893748, 0.0825188093888983], "aligned_model": [[-0.4684468870345728, 0.3968607322678124, 0.2337425834698861, 0.18595471641361025, 0.19377579896502586, -0.22216583543536947, -0.6172187410936166, -0.42848024960044895, 0.0018078266095652162, -0.07339398137632563, 0.5810076220718574, -0.16131032218836108], [-0.7556019371323954, 0.40112033957231574, 0.42568396516953855, -0.657638707945577, -0.6323907562198594, 0.5617867720412651, 0.06409014051715636, 0.3024730312491004, -0.0965762919517931, -0.2579053056082866, -0.15994207642146824, -0.07201266635457032], [0.22753420410550793, -0.3369716858672216, 0.4276696217713962, -0.4020128579545573, 0.22357656989353056, 0.0002267294752333754, -0.48786898664742717, 0.43162712316841256, -0.8250674019898822, 0.7156299202281685, 0.08608285816810322, -0.06042609435126453]], "inverted": false, "swapped": false, "error_lsq": 0.04909875893748488, "error_max": 0.2665127920362574, "target": "99.xyz", "model": "26.xyz", "model_rescale": 4.466005838112752, "target_rescale": 4.156650603218003},
{"mapping": [10, 4, 5, 0, 1, 7, 8, 9, 2, 3, 12, 13], "R": [[0.5547462468522728, 0.8316409919634125, 0.02509705340131494], [-0.8269887376448986, 0.5478289579079412, 0.12638457455716773], [0.09135770034219451, -0.0908663489065701, 0.9916637924339959]], "T": [-0.04974957402008513, -0.05088623730327525, -0.002365892773497022], "aligned_model": [[-0.44451704202808723, 0.4023519505188367, 0.422265724679681, 0.2608648099943865, 0.28077858415523077, -0.22064029135445218, -0.63395142012885, -0.6140376459680056, -0.15400451201237456, -0.11417696369068595, 0.5712908067549134, -0.13409073785153025], [-0.5441692133916709, 0.22695698302781303, 0.3272394279388145, -0.6587410027160949, -0.5584585578050935, 0.6490090497434343, -0.043345090000764384, 0.05693735491023709, -0.15472512425285584, 0.04583976556914711, -0.16901440676568621, -0.05444267934185435], [-0.32957804468963386, -0.44928834721349326, 0.3375677227099309, -0.3328280364540757, 0.45402803346934845, 0.31282983238063855, -0.38861236610596506, 0.3982437038174591, -0.7866341964336282, 0.7870779434132201, -0.003028118383597529, 0.0002218734897960653]], "inverted": false, "swapped": false, "error_lsq": 0.05296763427399501, "error_max": 0.35906388956854535, "target": "99.xyz", "model": "27.xyz", "model_rescale": 4.509807893063789, "target_rescale": 4.156650603218003},
{"mapping": [11, 4, 5, 0, 1, 7, 8, 9, 2, 3, 12, 13], "R": [[0.5511934634760605, 0.8306471993584922, -0.07880987259955609], [-0.8326371052908014, 0.5536820871849712, 0.012312482424293902], [0.05386294379459429, 0.05883346435819656, 0.9968136268919046]], "T": [-0.044433712502585154, -0.0515547560585187, -0.06762318406906549], "aligned_model": [[-0.46051074739533515, 0.44839643173809385, 0.3858631144001212, 0.3051577193682826, 0.24262440203031, -0.2544684443869347, -0.5856692452455148, -0.6482025625834873, -0.06601474463058765, -0.19108137930653282, 0.5745867810492078, -0.12854806196856022], [-0.49403938858744556, 0.27498603637749386, 0.284755629263004, -0.6180565839466298, -0.6082869910611196, 0.60797097534586, 0.0006937852675795997, 0.010463378153089703, -0.06505779120499013, -0.04551860543396992, -0.1695357389379656, -0.05528819831948002], [0.3029500093330752, -0.4306960192688499, 0.36024629292057514, -0.43099000913656155, 0.35995230305286346, 0.30562822754846697, -0.5090630917428824, 0.2818792204465426, -0.8651696126603837, 0.7167150117184656, -0.017225031740352434, -0.07422730047095914]], "inverted": false, "swapped": false, "error_lsq": 0.052199566891148935, "error_max": 0.34834734173215054, "target": "99.xyz", "model": "28.xyz", "model_rescale": 4.5098078930637895, "target_rescale": 4.156650603218003},
{"mapping": [1, 5, 2, 4, 11, 7, 8, 9, 6, 0, 3, 12], "R": [[0.19178393927839124, -0.8486027062427237, 0.49304398139759087], [0.6053646792080116, 0.49770347281443883, 0.6211480164307286], [-0.7724975895122546, 0.1793451981681494, 0.6091656376485656]], "T": [-0.009015721162784068, -0.010597098908937438, 0.08251880938889834], "aligned_model": [[-0.4684468870345736, 0.39686073226781304, 0.23374258346988644, 0.18595471641360986, 0.1937757989650251, -0.22216583543536877, -0.617218741093616, -0.42848024960044884, 0.0018078266095657713, -0.0733939813763263, 0.5810076220718572, -0.16131032218836103], [-0.755601937132395, 0.4011203395723153, 0.4256839651695383, -0.6576387079455772, -0.6323907562198596, 0.5617867720412653, 0.06409014051715707, 0.30247303124910074, -0.09657629195179294, -0.25790530560828673, -0.1599420764214689, -0.07201266635457015], [0.22753420410550773, -0.3369716858672214, 0.42766962177139617, -0.402012857954557, 0.22357656989353075, 0.0002267294752331256, -0.4878689866474274, 0.4316271231684121, -0.8250674019898819, 0.7156299202281683, 0.0860828581681035, -0.06042609435126457]], "inverted": true, "swapped": false, "error_lsq": 0.04909875893748489, "error_max": 0.26651279203625683, "target": "99.xyz", "model": "29.xyz", "model_rescale": 4.466005838112752, "target_rescale": 4.156650603218003},
